Name X Y BlueF GreenF RedF Size RadialVelocity
DG0009 -7.7659 43.1639 9.402e-16 7.334e-16 2.255e-16 169.9407 1061.52
DG0010 -7.7769 42.5364 5.839e-26 1.650e-27 7.215e-33 87.7151 1062.65
DG0011 -6.6414 43.1711 3.135e-16 2.389e-16 1.268e-16 65.0737 1061.13
DG0012 -7.9454 43.6591 2.274e-16 1.885e-16 8.887e-17 81.3814 1067.11
DG0013 -8.1078 43.2136 2.911e-16 2.751e-16 1.154e-16 69.0895 1063.41
DG0014 -6.7611 43.4079 3.735e-16 2.905e-16 1.324e-16 79.3667 1064.71
DG0015 -8.5104 43.7570 3.298e-16 2.746e-16 1.142e-16 63.6649 1061.33
DG0016 -8.3145 42.6675 2.998e-16 2.391e-16 1.128e-16 70.7759 1064.25
DG0017 -7.1320 42.6656 2.362e-16 1.850e-16 8.337e-17 100.8668 1057.93
DG0018 -8.1324 43.1031 6.388e-26 1.683e-27 7.922e-33 78.6932 1064.31
DG0019 -8.7825 43.3867 3.625e-16 2.963e-16 1.408e-16 75.5209 1064.62
DG0020 -8.5823 43.6178 6.674e-26 1.651e-27 8.054e-33 81.8573 1059.75
DG0021 -7.7649 43.7311 3.241e-16 2.626e-16 1.160e-16 68.0553 1064.98
DG0022 -8.7445 44.0640 4.767e-16 3.818e-16 1.586e-16 71.6597 1061.27
DG0023 -7.5277 42.3236 3.528e-16 2.563e-16 1.180e-16 64.9427 1067.4
DG0024 -7.9299 43.9443 3.321e-16 2.884e-16 1.158e-16 74.1258 1064.24
DG0025 -7.7454 41.7137 3.352e-16 2.650e-16 1.227e-16 57.2867 1061.42
DG0026 -7.5302 42.3232 2.229e-16 1.944e-16 7.851e-17 120.5373 1064.65
DG0027 -7.2896 42.2268 3.194e-16 2.413e-16 1.190e-16 69.6385 1059.28
DG0028 -7.5029 43.7072 6.547e-26 1.621e-27 8.111e-33 78.777 1059.56
DG0029 -8.1272 44.4608 3.069e-16 2.543e-16 1.138e-16 70.0978 1057.52
DG0030 -7.7644 42.0919 4.366e-16 3.781e-16 1.409e-16 80.4073 1062.74
DG0031 -7.9546 43.5579 2.169e-16 2.176e-16 8.809e-17 105.3688 1063.79
DG0032 -7.0896 42.5617 3.253e-16 2.801e-16 1.279e-16 72.478 1063.09
DG0033 -7.0393 42.7614 3.388e-16 2.921e-16 1.384e-16 87.0877 1060.31
DG0034 -8.0363 43.5413 3.376e-16 2.715e-16 1.187e-16 64.0006 1064.52
DG0035 -7.6356 43.5987 3.510e-16 2.664e-16 1.205e-16 60.8107 1064.35
DG0036 -8.7716 42.9700 3.430e-16 2.830e-16 1.254e-16 75.0403 1060.7
DG0037 -7.4332 42.7658 2.296e-16 1.987e-16 8.509e-17 118.1726 1067.12
DG0038 -6.8753 43.9160 3.223e-16 2.645e-16 1.172e-16 67.3555 1055.07
DG0039 -8.3957 42.2474 2.269e-16 1.922e-16 8.338e-17 76.4234 1059.47
DG0040 -8.4456 43.9179 6.518e-26 1.692e-27 7.174e-33 91.4866 1066.15
DG0041 -6.8182 42.2184 2.366e-16 1.847e-16 8.739e-17 102.0524 1064.03
DG0042 -7.9626 43.0257 2.347e-16 1.914e-16 8.967e-17 113.706 1062.13
DG0043 -7.5231 42.1702 3.488e-16 3.116e-16 1.293e-16 82.5855 1061.97
DG0044 -7.5631 42.3004 3.374e-16 2.364e-16 1.191e-16 64.8233 1064.21
DG0045 -7.0381 43.0487 2.221e-16 1.726e-16 8.226e-17 96.7727 1062.27
DG0046 -7.2253 42.8067 2.290e-16 1.957e-16 8.051e-17 102.9261 1055.78
DG0047 -8.6687 43.0570 3.801e-16 3.176e-16 1.342e-16 80.7426 1067.28
DG0089 -15.0173 -35.0896 6.732e-15 5.261e-15 2.493e-15 336.75 215.64
DG0090 -15.3683 -35.5671 5.046e-15 3.942e-15 1.701e-15 341.9979 214.84
DG0091 -14.6683 -35.4026 4.629e-15 3.929e-15 1.695e-15 319.229 214.99
DG0220 8.4072 28.8072 1.295e-16 1.143e-16 4.995e-17 65.7563 1515.11
DG0221 -31.8176 -19.0919 5.410e-15 3.685e-15 1.277e-15 460.8659 408.39
DG0222 -31.9079 -20.2083 1.972e-15 1.673e-15 7.733e-16 188.7615 411.72
DG0223 -32.4550 -18.5240 1.261e-15 9.686e-16 3.959e-16 226.3487 409.27
DG0224 -31.7744 -19.7488 1.629e-15 1.200e-15 6.046e-16 352.5078 411.44
DG0225 -30.3500 -19.1265 6.876e-26 1.882e-27 7.995e-33 227.9074 409.52
DG0226 -31.4053 -19.2866 1.916e-15 1.485e-15 6.665e-16 183.5297 415.51
DG0227 -33.4842 -19.2780 1.946e-15 1.681e-15 7.010e-16 191.2265 410.07
DG0228 -31.6540 -20.3994 1.875e-15 1.571e-15 6.853e-16 179.4653 416.08
DG0229 -32.9101 -19.7881 6.927e-26 1.762e-27 8.601e-33 189.7334 411.71
DG0230 -30.6277 -17.5993 6.540e-26 1.774e-27 7.931e-33 245.5498 410.26
DG0231 -32.0382 -19.4160 1.389e-15 1.121e-15 5.264e-16 445.3975 412.22
DG0232 -33.6698 -19.4704 2.315e-15 1.650e-15 7.312e-16 195.2761 409.98
DG0233 -33.3641 -19.2996 1.888e-15 1.588e-15 6.924e-16 182.9678 410.71
DG0234 -31.5589 -19.2182 2.169e-15 1.533e-15 7.315e-16 175.3471 411.59
DG0235 -31.1238 -18.7151 6.916e-26 1.715e-27 9.158e-33 245.4477 414.82
DG0236 -31.6957 -20.3472 2.832e-15 2.062e-15 9.144e-16 182.2148 410.74
DG0237 -30.7121 -18.8747 1.761e-15 1.548e-15 7.036e-16 192.0715 408.64
DG0238 -32.7140 -18.7022 2.598e-15 1.952e-15 7.911e-16 199.6311 413.32
DG0239 -31.1105 -20.0638 7.026e-26 1.817e-27 8.914e-33 164.2731 412.52
DG0240 -31.9946 -18.7816 1.366e-15 1.228e-15 4.910e-16 358.4972 413.27
DG0241 -31.2315 -18.5363 1.487e-15 1.245e-15 5.380e-16 354.581 409.86
DG0256 -24.2659 42.9404 1.605e-15 1.186e-15 3.645e-16 263.848 770.89
DG0257 -23.5805 42.8739 6.401e-16 5.180e-16 2.281e-16 85.9412 772.71
DG0258 -24.5259 42.2323 5.633e-26 1.422e-27 6.797e-33 118.716 773.07
DG0259 -24.4224 42.7222 3.937e-16 3.085e-16 1.345e-16 161.3844 775.05
DG0260 -24.6631 43.8191 5.253e-26 1.422e-27 6.827e-33 116.0639 774.01
DG0261 -24.4086 43.3078 8.825e-16 6.236e-16 2.654e-16 94.6192 772.96
DG0262 -24.3381 42.7088 5.413e-16 4.563e-16 2.005e-16 84.0134 774.76
DG0263 -24.8463 43.0862 5.496e-16 3.963e-16 1.845e-16 89.7449 770.84
DG0264 -24.2471 43.0718 4.735e-16 3.755e-16 1.513e-16 183.8539 773.06
DG0265 -24.4630 42.4978 5.177e-26 1.482e-27 6.234e-33 116.8668 772.95
DG0266 -23.7894 43.0514 5.782e-16 5.056e-16 1.946e-16 98.5202 774.62
DG0267 -24.5200 42.3138 5.486e-26 1.347e-27 6.959e-33 93.1807 773.27
DG0268 -23.8811 43.3592 5.473e-16 4.064e-16 2.029e-16 92.2899 772.96
DG0269 -23.7991 43.2249 8.729e-16 6.320e-16 2.525e-16 105.4464 773.41
DG0352 3.1579 15.7427 2.448e-15 2.002e-15 8.126e-16 478.313 319.73
DG0353 3.4440 16.1669 3.060e-15 2.584e-15 1.169e-15 243.634 319.05
DG0354 3.1481 15.7950 3.411e-15 2.692e-15 1.187e-15 278.6668 319.06
DG0355 2.8570 15.9924 8.338e-26 2.298e-27 1.043e-32 241.0245 319.32
DG0356 3.4489 15.7130 2.922e-15 2.403e-15 1.001e-15 231.3413 319.04
DG0357 3.5406 15.8675 2.610e-15 2.415e-15 9.734e-16 231.5015 318.51
DG0358 11.5953 -11.4184 5.446e-16 3.939e-16 1.358e-16 128.0268 1432.71
DG0359 11.6857 -11.5489 1.783e-16 1.344e-16 6.397e-17 49.2718 1431.15
DG0360 11.6815 -11.6049 1.001e-25 2.702e-27 1.408e-32 59.1019 1433.38
DG0361 11.5316 -11.2852 1.816e-16 1.457e-16 7.130e-17 49.7294 1434.35
DG0362 11.7301 -11.3091 2.684e-16 2.170e-16 8.374e-17 56.9415 1431.28
DG0363 11.7245 -11.5009 1.338e-16 1.029e-16 4.792e-17 55.9604 1429.13
DG0364 11.7005 -11.3814 1.661e-16 1.552e-16 6.829e-17 46.0062 1431.92
DG0365 11.5499 -11.5225 1.581e-16 1.466e-16 6.189e-17 49.9776 1431.1
DG0366 11.7325 -11.2591 1.059e-25 2.801e-27 1.382e-32 62.9614 1430.76
DG0367 11.7160 -11.4588 2.063e-16 1.678e-16 6.925e-17 53.863 1434.43
DG0368 11.4765 -11.4463 1.996e-16 1.577e-16 7.538e-17 51.0236 1432.21
DG0369 11.4109 -11.5327 1.913e-16 1.456e-16 6.742e-17 48.3908 1433.9
DG0425 42.4540 23.6689 2.845e-15 2.335e-15 1.081e-15 215.9202 374.73
DG0426 42.2698 23.7090 2.990e-15 2.370e-15 1.044e-15 230.0626 375.15
DG0427 43.3331 23.5296 3.014e-15 2.256e-15 1.089e-15 256.3534 374.6
DG0428 42.7185 23.2386 3.640e-15 2.864e-15 1.295e-15 266.6382 376.35
DG0449 24.5339 41.5801 1.160e-15 8.729e-16 3.116e-16 270.9694 885.25
DG0450 24.9130 41.3402 4.306e-16 3.640e-16 1.511e-16 84.2909 885.92
DG0451 24.7853 41.2716 5.959e-16 5.035e-16 2.118e-16 89.8254 885.21
DG0452 24.5385 41.7006 3.845e-16 3.251e-16 1.582e-16 80.2982 881.72
DG0453 24.3367 40.9899 4.695e-16 3.578e-16 1.841e-16 105.0275 885.64
DG0454 24.5929 42.0766 5.840e-26 1.505e-27 6.866e-33 101.2997 884.38
DG0455 24.5166 41.9790 4.526e-16 3.440e-16 1.461e-16 78.1094 883.7
DG0456 24.3990 41.3792 5.990e-16 5.099e-16 1.899e-16 104.1173 883.0
DG0457 24.8236 41.9011 5.672e-26 1.624e-27 6.905e-33 86.2087 885.08
DG0458 24.4359 41.7644 3.944e-16 3.887e-16 1.587e-16 81.8092 884.75
DG0459 24.2970 40.7560 6.426e-16 4.800e-16 1.935e-16 79.9315 885.46
DG0460 24.2462 41.3705 3.040e-16 2.515e-16 1.101e-16 101.3108 884.87
DG0542 -9.7482 -43.1050 9.178e-17 7.342e-17 3.517e-17 32.497 2180.74
DG0543 -9.7560 -43.0892 9.492e-17 8.489e-17 4.276e-17 39.544 2180.81
DG0544 -9.7821 -43.1136 9.776e-17 8.723e-17 3.732e-17 36.1932 2180.95
DG0545 15.3563 41.0086 2.108e-16 1.959e-16 8.645e-17 200.1391 1018.5
DG0546 15.0023 40.8683 3.537e-16 2.943e-16 1.267e-16 71.8844 1018.3
DG0547 15.2442 40.8548 6.021e-26 1.605e-27 7.581e-33 101.3395 1018.53
DG0548 15.3384 41.4133 4.042e-16 3.254e-16 1.515e-16 93.9142 1016.91
DG0549 15.4655 41.5109 4.502e-16 3.088e-16 1.459e-16 82.988 1017.28
DG0550 15.3276 40.9777 2.691e-16 2.053e-16 9.559e-17 167.6941 1016.81
DG0551 15.4049 40.9136 6.230e-26 1.582e-27 7.578e-33 82.911 1017.04
DG0552 15.5966 40.9663 2.534e-16 2.229e-16 1.015e-16 97.5979 1016.79
DG0553 15.3210 40.9502 2.606e-16 1.987e-16 8.926e-17 149.0027 1018.61
DG0559 2.0161 -17.8015 2.055e-16 1.789e-16 7.619e-17 80.1156 1184.41
DG0560 1.9582 -17.8391 6.848e-26 1.769e-27 9.186e-33 78.157 1183.39
DG0561 2.0546 -17.8701 3.157e-16 2.650e-16 1.206e-16 70.8948 1183.98
DG0562 35.5651 -11.6699 1.551e-15 1.115e-15 3.546e-16 208.8749 839.61
DG0563 35.4493 -11.4499 5.231e-26 1.527e-27 6.565e-33 93.1232 838.07
DG0564 35.3597 -12.0331 6.858e-16 6.231e-16 2.327e-16 89.7182 840.14
DG0565 35.5915 -11.6611 5.243e-26 1.370e-27 7.150e-33 86.828 841.01
DG0566 35.6199 -11.8078 5.197e-16 4.037e-16 1.772e-16 98.2002 839.63
DG0567 35.9236 -11.6460 4.959e-16 4.364e-16 1.895e-16 84.1711 839.9
DG0568 35.2699 -11.6157 5.815e-16 3.900e-16 1.987e-16 92.917 842.76
DG0569 35.7847 -11.6372 5.678e-16 4.741e-16 2.227e-16 107.3198 842.26
DG0570 35.3352 -11.3986 5.690e-16 4.471e-16 2.253e-16 112.7132 840.69
DG0571 35.2570 -11.7427 5.800e-26 1.520e-27 6.736e-33 94.6758 841.41
DG0572 35.9456 -12.1331 5.775e-16 4.351e-16 1.780e-16 84.0168 841.73
DG0605 -30.8120 41.0194 3.662e-15 3.213e-15 1.232e-15 568.7015 271.9
DG0606 -31.2455 42.2025 5.342e-15 4.459e-15 1.733e-15 365.6278 273.18
DG0607 -30.8588 39.7741 4.745e-15 3.323e-15 1.556e-15 248.3326 273.18
DG0608 -31.8555 42.3149 4.731e-15 3.376e-15 1.605e-15 266.8273 272.06
DG0609 -31.5497 42.0705 5.653e-15 4.297e-15 2.004e-15 314.38 272.04
DG0610 -30.1199 40.4192 1.229e-25 3.067e-27 1.448e-32 320.7137 273.16
DG0655 -0.6686 -23.0387 1.442e-15 1.427e-15 6.520e-16 259.2199 395.04
DG0662 -3.3947 -7.8495 6.093e-15 4.729e-15 1.895e-15 803.3497 199.62
DG0663 -4.1004 -7.5404 1.602e-25 4.424e-27 1.924e-32 463.1076 199.56
DG0664 -3.3526 -7.7362 7.828e-15 6.252e-15 2.731e-15 382.893 200.76
DG0665 -3.4398 -6.6384 1.677e-25 4.358e-27 2.076e-32 449.9881 200.71
DG0666 -3.9919 -8.4806 1.773e-25 4.406e-27 1.990e-32 397.0452 200.04
DG0667 -4.2515 -8.3707 7.925e-15 6.638e-15 2.672e-15 387.9754 198.95
DG0668 -3.6063 -8.6525 1.601e-25 4.221e-27 1.906e-32 579.4839 199.81
DG0669 -2.7236 -6.9326 1.000e-14 9.126e-15 3.458e-15 455.2817 201.16
DG0680 -32.3193 -42.5542 1.588e-14 1.224e-14 3.845e-15 855.9075 222.6
DG0681 -32.2405 -43.5845 6.136e-15 4.627e-15 1.815e-15 295.2698 222.09
DG0682 -30.6842 -42.9997 1.466e-25 3.519e-27 1.582e-32 365.9251 223.28
DG0683 -30.1650 -41.6209 5.792e-15 4.609e-15 2.302e-15 276.0817 223.98
DG0684 -31.7446 -42.5569 6.302e-15 5.483e-15 2.507e-15 357.4443 223.57
DG0685 -33.1493 -44.5011 1.265e-25 3.282e-27 1.502e-32 366.0992 224.23
DG0686 -34.1319 -43.5540 6.146e-15 4.538e-15 2.085e-15 309.1225 222.77
DG0687 -30.7756 -41.8495 1.390e-25 3.372e-27 1.599e-32 435.5427 221.79
DG0689 -29.9000 -41.2342 4.361e-15 3.740e-15 1.603e-15 352.0404 223.19
DG0702 5.4366 -36.3909 3.930e-15 2.770e-15 8.937e-16 477.2264 505.59
DG0703 5.3127 -36.1219 5.936e-26 1.651e-27 7.250e-33 159.4019 505.51
DG0704 5.0930 -36.8108 1.408e-15 1.203e-15 4.760e-16 138.1796 506.19
DG0705 5.0016 -37.2742 1.232e-15 1.067e-15 4.992e-16 149.9537 503.87
DG0706 5.6614 -36.4508 1.455e-15 1.122e-15 5.152e-16 132.1676 503.8
DG0707 4.8182 -35.6870 1.292e-15 1.091e-15 4.529e-16 149.1445 505.41
DG0708 5.3675 -35.6600 1.268e-15 1.120e-15 4.605e-16 173.8879 503.56
DG0709 5.4140 -36.8368 1.535e-15 1.214e-15 5.366e-16 166.8279 507.21
DG0710 6.1988 -35.9161 1.572e-15 1.085e-15 4.952e-16 135.6304 508.35
DG0711 4.8068 -36.4656 2.081e-15 1.615e-15 6.099e-16 152.1339 503.12
DG0712 5.9411 -37.3005 8.779e-16 7.777e-16 3.796e-16 174.3812 503.85
DG0713 5.2588 -36.4637 5.821e-26 1.596e-27 7.308e-33 197.7661 507.69
DG0714 6.0608 -35.8739 1.577e-15 1.191e-15 5.778e-16 197.5888 505.76
DG0715 4.6806 -36.0653 1.363e-15 1.050e-15 5.079e-16 179.4931 504.4
DG0910 -20.4147 41.2808 5.637e-16 4.306e-16 1.893e-16 111.6849 672.86
DG0913 -18.5160 31.2070 2.445e-15 2.133e-15 8.892e-16 227.8165 393.71
DG0914 -19.2091 31.3774 2.613e-15 1.710e-15 7.691e-16 191.1846 393.83
DG0915 -18.5344 31.7699 2.449e-15 1.956e-15 9.112e-16 227.0264 392.38
DG0916 -19.2775 31.6397 2.180e-15 1.815e-15 8.327e-16 186.0837 393.87
DG0974 2.2612 33.4882 6.939e-16 5.406e-16 2.628e-16 208.2081 585.97
DG0975 2.3588 33.5699 1.215e-15 9.261e-16 4.020e-16 135.2414 586.37
DG0976 2.0199 33.2319 1.008e-15 8.284e-16 3.522e-16 135.9731 585.01
DG0977 2.3955 33.3977 9.874e-16 7.855e-16 3.509e-16 117.47 586.25
DG0978 2.0288 33.4718 5.598e-26 1.548e-27 6.973e-33 190.3947 585.38
DG1116 -6.3389 8.8590 4.176e-16 3.211e-16 1.379e-16 320.4615 765.71
DG1117 -6.4532 8.6530 5.853e-26 1.211e-27 7.025e-33 119.0106 764.23
DG1118 -6.3165 8.9294 4.486e-16 3.546e-16 1.466e-16 130.0152 766.89
DG1119 -6.2604 8.5742 5.543e-26 1.510e-27 6.952e-33 112.5237 764.91
DG1120 -6.2197 8.9806 7.471e-16 6.312e-16 2.478e-16 124.071 765.08
DG1121 -6.3081 8.8697 5.936e-16 4.477e-16 2.210e-16 96.6391 765.92
DG1122 -6.2060 8.8931 7.045e-16 5.365e-16 2.610e-16 117.5787 764.4
DG1123 -6.5556 9.0997 6.724e-16 4.281e-16 2.140e-16 92.5479 766.57
DG1124 -6.5714 8.9451 6.363e-16 4.812e-16 2.104e-16 92.6822 766.17
DG1131 -1.1428 15.3590 1.285e-16 1.127e-16 5.050e-17 68.5299 1423.81
DG1162 4.3578 -33.5885 2.130e-16 1.658e-16 7.842e-17 124.5474 1205.41
DG1163 4.2992 -33.5846 2.380e-16 2.156e-16 9.509e-17 65.3312 1204.55
DG1164 4.3461 -33.4736 6.718e-26 1.751e-27 8.853e-33 79.0933 1204.48
DG1165 4.2073 -33.5532 2.797e-16 2.396e-16 1.086e-16 84.6764 1206.2
DG1166 4.3203 -33.6323 2.980e-16 2.117e-16 9.499e-17 64.6449 1205.61
DG1167 4.3750 -33.4778 7.470e-26 1.978e-27 8.559e-33 83.595 1205.26
DG1168 -1.2370 30.1382 2.461e-16 1.618e-16 7.928e-17 104.9382 1086.24
DG1226 14.3260 -20.5421 2.885e-15 2.611e-15 1.119e-15 218.9504 284.78
DG1227 14.2539 -20.8746 4.381e-15 3.254e-15 1.174e-15 222.348 285.06
DG1250 -19.0940 -20.3676 1.144e-14 9.254e-15 3.087e-15 885.9879 270.58
DG1251 -19.4847 -20.7749 1.153e-25 2.933e-27 1.409e-32 310.0533 271.33
DG1252 -20.0134 -21.2958 1.177e-25 2.857e-27 1.339e-32 302.234 270.46
DG1253 -19.4936 -19.2260 4.758e-15 4.031e-15 1.902e-15 334.0846 271.69
DG1254 -20.1504 -20.3550 6.057e-15 4.858e-15 1.918e-15 237.1917 274.72
DG1255 -17.7912 -19.8167 4.264e-15 3.291e-15 1.329e-15 227.0546 271.87
DG1256 -17.8362 -20.1458 4.477e-15 3.946e-15 1.793e-15 335.6084 273.64
DG1257 -19.3820 -21.3337 2.990e-15 2.444e-15 1.028e-15 298.0211 272.57
DG1258 -18.8075 -21.4314 9.985e-26 2.690e-27 1.387e-32 308.5697 273.94
DG1259 -19.8544 -19.9055 4.827e-15 3.661e-15 1.677e-15 310.9028 274.63
DG1260 -18.3899 -18.9832 1.063e-25 2.763e-27 1.317e-32 351.6988 271.14
DG1261 -19.3117 -21.1367 2.811e-15 2.164e-15 1.092e-15 338.3001 275.47
DG1274 -4.7702 -9.8151 1.352e-16 1.165e-16 4.706e-17 149.3305 1497.57
DG1275 -4.8085 -9.8740 1.032e-25 2.939e-27 1.339e-32 64.8444 1497.59
DG1276 -4.7934 -9.7714 1.784e-16 1.470e-16 6.459e-17 50.5742 1498.2
DG1277 -4.8934 -9.7000 2.167e-16 1.685e-16 7.772e-17 67.2106 1495.93
DG1278 -4.7207 -9.7441 1.776e-16 1.407e-16 6.493e-17 54.8921 1496.07
DG1279 -4.6643 -9.7141 1.068e-25 2.783e-27 1.318e-32 63.0734 1496.72
DG1280 -4.6515 -9.9265 2.542e-16 2.279e-16 8.478e-17 53.9082 1496.79
DG1281 -4.9641 -9.8378 1.844e-16 1.468e-16 6.638e-17 44.173 1497.52
DG1340 -2.6212 -39.6197 1.196e-15 9.489e-16 4.154e-16 339.9926 479.0
DG1341 -2.4715 -40.0253 6.702e-26 1.700e-27 7.918e-33 199.7806 477.7
DG1342 -2.5288 -39.3681 7.359e-26 1.751e-27 8.186e-33 203.9913 478.71
DG1343 -2.9331 -39.9960 1.364e-15 9.998e-16 4.310e-16 186.4659 479.04
DG1344 -2.7906 -39.6663 1.615e-15 1.422e-15 6.282e-16 140.9306 478.85
DG1345 -3.1209 -40.0974 1.918e-15 1.558e-15 6.551e-16 187.7846 477.92
DG1346 -2.6370 -39.2125 1.870e-15 1.446e-15 7.154e-16 202.4619 479.29
DG1411 18.2728 25.2083 8.634e-16 7.039e-16 3.333e-16 105.3066 682.02
DG1412 18.3237 25.1965 5.512e-26 1.510e-27 7.340e-33 148.4117 682.63
DG1413 18.3935 25.1676 8.730e-16 7.346e-16 2.913e-16 116.8602 682.93
DG1432 15.9355 -12.5090 1.917e-16 1.541e-16 6.982e-17 51.9838 1363.74
DG1433 15.9191 -12.5040 2.111e-16 1.781e-16 8.337e-17 60.6829 1363.85
DG1434 15.9078 -12.5879 2.176e-16 1.971e-16 7.899e-17 58.7914 1364.39
DG1435 7.8008 40.3045 2.737e-15 2.373e-15 9.634e-16 630.05 288.39
DG1436 7.2159 39.1094 4.274e-15 3.680e-15 1.426e-15 267.0418 289.3
DG1437 7.0737 40.7715 1.129e-25 2.629e-27 1.324e-32 376.9568 290.36
DG1438 8.2782 41.4158 4.836e-15 3.772e-15 1.615e-15 348.8493 291.47
DG1439 8.3044 40.4023 3.353e-15 2.685e-15 1.219e-15 314.5592 290.68
DG1440 7.1576 40.3935 6.039e-15 4.914e-15 2.090e-15 304.8474 290.13
DG1441 7.2505 39.6281 4.415e-15 3.333e-15 1.434e-15 293.491 291.57
DG1442 6.8521 40.9632 4.295e-15 3.390e-15 1.500e-15 245.4452 291.21
DG1443 6.8835 40.8443 4.522e-15 3.939e-15 1.711e-15 344.6873 291.61
DG1494 -0.1155 -20.1819 1.681e-16 1.347e-16 6.408e-17 64.0438 1301.7
DG1504 -2.0323 -4.2937 1.575e-14 1.199e-14 4.964e-15 469.7725 131.5
DG1505 -2.1269 -3.1997 1.475e-14 1.071e-14 4.739e-15 417.5641 131.19
DG1506 -2.2634 -4.1752 1.089e-14 8.894e-15 3.935e-15 371.2239 130.21
DG1507 -1.3131 -3.4830 8.103e-15 6.141e-15 2.672e-15 411.5238 131.73
DG1515 25.1765 9.2136 2.350e-15 1.714e-15 5.965e-16 306.1099 652.45
DG1516 24.9164 9.5716 9.068e-16 7.289e-16 3.366e-16 136.9486 652.69
DG1517 25.2127 8.7876 5.266e-26 1.328e-27 6.590e-33 124.9112 653.81
DG1518 25.3969 9.2361 8.462e-16 6.675e-16 2.877e-16 99.9882 652.01
DG1519 25.3746 8.8722 8.347e-16 6.966e-16 3.230e-16 126.1023 650.79
DG1520 25.5755 9.5459 8.057e-16 6.578e-16 2.864e-16 122.2729 651.11
DG1521 24.8606 9.0703 7.793e-16 6.227e-16 2.990e-16 100.5468 653.67
DG1522 25.6071 9.3563 8.619e-16 6.840e-16 2.954e-16 120.9504 652.54
DG1523 24.9182 9.4126 7.562e-16 6.690e-16 2.915e-16 121.684 652.95
DG1524 25.3682 9.5444 7.555e-16 6.373e-16 2.824e-16 113.9014 650.39
DG1632 3.4003 -38.0060 3.108e-15 2.535e-15 1.180e-15 380.5842 303.96
DG1672 -22.5382 7.7696 2.945e-16 2.405e-16 1.091e-16 66.2708 1127.05
DG1673 -22.5569 7.7840 6.776e-26 1.822e-27 9.145e-33 83.4209 1128.37
DG1674 -22.5966 7.7664 7.400e-26 1.987e-27 8.510e-33 69.8007 1127.72
DG1675 -22.5513 7.9340 2.589e-16 2.186e-16 9.492e-17 57.9934 1126.75
DG1676 20.0496 42.8005 1.304e-15 1.006e-15 4.092e-16 210.4008 490.0
DG1677 19.9587 42.7382 1.675e-15 1.203e-15 5.743e-16 154.7662 489.72
DG1678 20.4748 42.9124 1.697e-15 1.338e-15 5.399e-16 167.7147 489.87
DG1699 7.9047 13.1394 2.935e-16 2.103e-16 9.951e-17 83.6348 1012.32
DG1701 2.6942 22.7391 1.068e-16 9.016e-17 3.959e-17 119.3072 1687.22
DG1702 2.7209 22.7214 1.618e-16 1.230e-16 5.856e-17 49.5504 1687.34
DG1703 2.6141 22.8124 1.373e-16 1.170e-16 5.263e-17 42.0122 1687.84
DG1704 2.7048 22.8477 1.457e-16 1.271e-16 5.597e-17 38.0609 1687.07
DG1705 2.8474 22.7843 1.614e-16 1.372e-16 6.123e-17 53.6625 1687.8
DG1706 2.7065 22.6408 1.522e-16 1.410e-16 6.093e-17 49.9505 1687.12
DG1707 2.7882 22.7003 1.558e-16 1.185e-16 4.706e-17 43.4058 1687.26
DG1708 2.7521 22.6426 1.521e-16 1.241e-16 5.128e-17 41.37 1685.74
DG1852 -14.5919 -28.1433 3.406e-16 2.758e-16 1.286e-16 118.9239 881.93
DG1931 26.7591 -36.0153 2.372e-15 1.644e-15 5.495e-16 334.6073 667.93
DG1932 26.2067 -36.4867 5.835e-26 1.387e-27 6.712e-33 151.261 667.19
DG1933 27.2174 -35.7572 8.739e-16 7.127e-16 3.355e-16 119.4187 666.54
DG1934 26.2984 -35.5820 8.879e-16 7.601e-16 3.466e-16 140.2079 665.97
DG1935 26.4191 -35.2503 8.402e-16 6.567e-16 2.866e-16 100.5593 666.37
DG1936 27.2033 -35.7506 6.044e-26 1.381e-27 7.123e-33 138.5234 671.16
DG1937 27.0483 -35.1444 5.202e-26 1.456e-27 7.206e-33 128.7312 670.56
DG1938 26.5875 -35.3523 9.154e-16 7.433e-16 3.303e-16 124.3017 669.29
DG1939 27.1176 -35.9917 5.578e-16 4.107e-16 2.043e-16 287.9173 668.95
DG1940 27.4530 -36.1041 8.251e-16 6.300e-16 2.710e-16 112.8715 667.21
DG1941 27.1574 -35.6020 7.846e-16 6.794e-16 2.959e-16 115.6046 668.09
DG1942 26.7226 -35.3819 7.998e-16 8.135e-16 3.306e-16 155.9563 670.34
DG1943 27.4637 -36.2663 5.665e-26 1.541e-27 6.651e-33 149.7429 666.27
DG1947 -17.3502 -9.4025 4.941e-16 4.238e-16 1.892e-16 117.6295 795.47
DG1956 3.7926 13.0565 6.796e-16 4.889e-16 1.634e-16 194.4204 1333.99
DG1957 3.3825 13.1530 2.448e-16 1.952e-16 1.038e-16 78.2278 1332.21
DG1958 4.0602 12.7804 2.329e-16 1.810e-16 8.805e-17 59.1835 1335.83
DG1959 3.8048 13.4098 2.534e-16 2.025e-16 9.847e-17 69.8319 1337.31
DG1960 4.1180 12.8541 2.339e-16 1.940e-16 9.060e-17 70.1864 1333.87
DG1961 3.6350 13.3261 1.668e-16 1.375e-16 5.531e-17 100.14 1331.2
DG1962 3.5974 13.3271 1.663e-16 1.293e-16 5.336e-17 99.0782 1329.49
DG1963 3.8688 12.7736 1.550e-16 1.197e-16 5.189e-17 108.463 1334.42
DG1964 3.8391 13.3240 1.582e-16 1.267e-16 6.194e-17 74.0397 1333.0
DG1965 3.7101 13.2062 7.956e-26 1.940e-27 1.061e-32 70.0819 1332.27
DG1966 4.0193 13.0544 8.316e-26 2.069e-27 1.038e-32 71.2808 1333.75
DG1967 4.2131 13.0053 7.532e-26 2.120e-27 1.064e-32 74.8379 1335.54
DG1968 3.9920 12.9848 1.606e-16 1.256e-16 5.927e-17 60.669 1335.37
DG1969 3.9586 13.1111 1.571e-16 1.262e-16 6.053e-17 104.5699 1331.21
DG1970 3.9537 13.1876 2.385e-16 1.714e-16 8.489e-17 64.7659 1332.54
DG1971 3.8787 12.7842 1.596e-16 1.211e-16 6.286e-17 86.1693 1332.72
DG1972 3.9836 12.9615 1.714e-16 1.324e-16 6.968e-17 116.9978 1333.98
DG1973 3.9833 12.8517 2.271e-16 1.680e-16 8.825e-17 62.6585 1331.9
DG1974 3.6722 12.9242 1.722e-16 1.333e-16 6.110e-17 68.2995 1328.8
DG1975 3.8083 12.7562 1.622e-16 1.363e-16 6.415e-17 79.6274 1333.49
DG1976 3.8266 13.2529 2.114e-16 1.871e-16 8.563e-17 54.5791 1331.61
DG1977 4.0287 13.2480 1.642e-16 1.419e-16 5.784e-17 65.7762 1337.48
DG1989 -23.5855 13.5668 3.732e-16 3.292e-16 1.271e-16 70.9691 978.49
DG1990 -23.6242 13.6379 3.984e-16 3.300e-16 1.517e-16 92.3471 978.54
DG2056 -42.9468 -12.5298 1.524e-25 4.123e-27 2.070e-32 52.0478 1782.24
DG2057 -42.9169 -12.5315 1.380e-16 1.230e-16 5.739e-17 52.4476 1781.44
DG2058 -9.6485 19.4216 2.484e-16 2.102e-16 1.034e-16 174.1051 1015.67
DG2059 -9.5544 19.5178 3.539e-16 2.932e-16 1.242e-16 73.0332 1016.75
DG2060 -9.5202 19.5518 4.492e-16 3.325e-16 1.535e-16 81.3935 1015.53
DG2061 -9.5805 19.5561 6.539e-26 1.700e-27 7.148e-33 82.9487 1016.13
DG2062 -9.5929 19.3901 3.815e-16 3.151e-16 1.279e-16 90.2297 1016.8
DG2063 -9.7871 19.3744 3.595e-16 3.045e-16 1.320e-16 74.7462 1016.34
DG2064 -9.7383 19.4989 6.135e-26 1.522e-27 7.735e-33 109.0351 1013.82
DG2065 -9.5603 19.4690 3.913e-16 3.385e-16 1.428e-16 92.6361 1016.07
DG2157 16.7073 18.8551 2.602e-15 2.067e-15 9.325e-16 208.0138 294.16
DG2158 16.3704 18.9465 3.809e-15 3.185e-15 1.145e-15 232.3168 293.68
DG2159 16.8625 18.7698 2.684e-15 2.290e-15 8.744e-16 196.8662 294.84
DG2258 18.9732 -19.3730 4.747e-16 3.710e-16 1.371e-16 120.0031 1549.03
DG2259 19.0240 -19.2990 1.452e-16 1.325e-16 6.112e-17 42.119 1551.89
DG2260 19.1005 -19.6763 1.693e-16 1.465e-16 7.079e-17 51.7738 1552.26
DG2261 18.7818 -19.4006 1.577e-16 1.439e-16 5.900e-17 46.8027 1550.15
DG2262 18.9211 -19.2535 1.697e-16 1.491e-16 6.207e-17 58.0743 1551.85
DG2263 19.1133 -19.2000 1.187e-25 3.086e-27 1.543e-32 70.938 1550.17
DG2264 18.8979 -19.3623 1.651e-16 1.288e-16 5.676e-17 43.8718 1552.01
DG2265 18.8934 -19.3556 1.688e-16 1.402e-16 5.534e-17 43.5384 1551.36
DG2266 19.0779 -19.5677 1.486e-16 1.339e-16 6.327e-17 46.8977 1548.6
DG2267 19.1070 -19.5079 1.163e-25 3.108e-27 1.513e-32 56.921 1550.87
DG2268 18.8678 -19.4266 1.227e-16 1.164e-16 4.977e-17 86.026 1551.77
DG2269 18.6529 -19.4151 1.523e-16 1.353e-16 5.275e-17 46.6163 1552.44
DG2270 19.1708 -19.4322 1.557e-16 1.326e-16 5.679e-17 45.7477 1551.49
DG2271 19.0412 -19.1666 1.155e-16 1.041e-16 4.404e-17 62.8163 1548.61
DG2297 2.6342 -28.9822 5.311e-26 1.470e-27 6.311e-33 133.6849 708.77
DG2298 2.5043 -29.1908 4.953e-26 1.323e-27 6.570e-33 123.7691 708.35
DG2338 -27.1511 26.2241 5.056e-16 3.631e-16 1.350e-16 136.3556 1480.57
DG2339 -27.0853 26.1671 1.311e-16 1.070e-16 4.767e-17 139.6708 1480.33
DG2340 -27.1264 26.5902 1.926e-16 1.648e-16 7.353e-17 64.3102 1483.64
DG2341 -26.7304 25.9441 2.017e-16 1.461e-16 8.101e-17 68.1521 1479.85
DG2342 -27.3362 26.4607 1.013e-25 2.817e-27 1.221e-32 59.6523 1481.88
DG2343 -27.1550 26.4613 1.922e-16 1.523e-16 7.628e-17 59.5492 1483.42
DG2344 -27.2159 25.9461 1.889e-16 1.451e-16 6.686e-17 46.6825 1483.92
DG2345 -26.7882 26.2957 1.758e-16 1.554e-16 7.086e-17 45.0298 1482.88
DG2346 -27.1238 26.2609 1.450e-16 1.130e-16 4.337e-17 111.8058 1482.19
DG2347 -27.4117 26.3903 1.300e-16 9.811e-17 4.982e-17 82.1408 1483.14
DG2348 -27.4092 26.2933 1.702e-16 1.366e-16 6.734e-17 53.4335 1483.86
DG2349 -27.3022 26.3587 1.433e-16 1.117e-16 5.599e-17 92.9278 1480.89
DG2350 -27.3817 26.2385 2.679e-16 2.132e-16 7.904e-17 52.045 1478.94
DG2351 -26.9204 26.0709 1.250e-16 1.098e-16 4.816e-17 65.0826 1482.61
DG2352 -27.4979 26.5311 1.080e-25 2.619e-27 1.345e-32 56.107 1481.15
DG2353 26.2858 -39.2860 1.123e-16 1.023e-16 4.899e-17 42.3924 1514.39
DG2354 26.2863 -39.2212 1.555e-16 1.433e-16 6.137e-17 51.6303 1514.01
DG2391 -38.2376 23.0161 7.534e-17 6.513e-17 2.791e-17 42.4479 1990.77
DG2631 43.4008 42.2205 2.220e-16 1.710e-16 8.074e-17 83.9798 1089.39
DG2642 -27.9170 -10.1273 1.417e-16 1.085e-16 4.872e-17 123.0247 1357.37
DG2643 -27.7919 -10.2645 1.921e-16 1.644e-16 7.365e-17 57.2277 1357.9
DG2644 -27.8759 -9.9955 1.415e-16 1.209e-16 5.760e-17 70.1885 1358.1
DG2645 -27.7813 -9.9473 9.598e-26 2.299e-27 1.274e-32 73.8844 1360.58
DG2646 -27.9300 -10.1378 1.935e-16 1.823e-16 7.296e-17 57.2673 1358.68
DG2647 -28.1519 -10.2012 2.411e-16 1.814e-16 8.848e-17 74.656 1361.12
DG2648 -27.8940 -9.9168 2.220e-16 1.948e-16 8.022e-17 51.5321 1357.97
DG2649 -28.0286 -10.1308 1.793e-16 1.524e-16 7.250e-17 52.2893 1359.2
DG2650 -28.0010 -10.2966 1.536e-16 1.246e-16 5.859e-17 68.7068 1360.97
DG2651 -24.8717 40.4650 7.117e-15 5.550e-15 1.909e-15 411.4564 363.28
DG2652 -25.3892 41.6731 8.187e-26 2.195e-27 8.903e-33 242.0814 359.44
DG2653 -25.7900 40.6052 2.777e-15 2.097e-15 8.844e-16 187.2459 363.06
DG2654 -26.3376 40.8888 3.942e-15 2.958e-15 1.191e-15 208.5752 362.96
DG2655 -25.1348 39.6892 8.618e-26 2.244e-27 9.793e-33 303.8086 360.0
DG2656 -26.0734 40.7216 4.023e-15 3.198e-15 1.160e-15 218.6674 360.41
DG2657 -23.7228 40.9164 8.664e-26 2.020e-27 9.742e-33 277.8593 362.42
DG2658 -24.7066 40.8760 1.714e-15 1.467e-15 6.503e-16 495.5259 360.97
DG2659 -24.4407 39.9674 2.654e-15 2.318e-15 9.221e-16 230.6982 362.52
DG2660 -24.0383 39.6317 2.754e-15 2.276e-15 9.756e-16 220.9677 358.84
DG2661 -24.6551 41.9415 8.929e-26 2.211e-27 1.069e-32 240.5909 362.32
DG2673 -5.2747 -15.1758 1.732e-15 1.411e-15 5.679e-16 344.0218 414.59
DG2674 -5.7616 -15.4012 2.121e-15 1.728e-15 8.038e-16 177.1898 414.74
DG2675 -4.8399 -15.0045 2.185e-15 1.695e-15 8.065e-16 188.1082 415.47
DG2676 -5.5443 -14.8301 2.378e-15 1.913e-15 9.133e-16 226.209 415.57
DG2677 -5.0615 -15.1409 2.304e-15 1.917e-15 8.489e-16 242.375 414.04
DG2678 -5.1340 -15.6052 2.576e-15 2.010e-15 8.987e-16 190.4655 415.1
DG2679 16.0853 -19.9037 1.420e-16 1.123e-16 4.940e-17 108.2901 1427.67
DG2680 16.0221 -19.8463 2.158e-16 1.625e-16 7.323e-17 58.27 1428.27
DG2681 16.1080 -19.9539 9.169e-26 2.257e-27 1.146e-32 73.5081 1426.49
DG2682 16.1401 -19.8524 2.045e-16 1.889e-16 8.983e-17 70.7135 1428.06
DG2683 16.1564 -19.8510 1.802e-16 1.596e-16 7.874e-17 53.4037 1428.72
DG2684 15.8829 -19.8610 2.801e-16 2.522e-16 9.555e-17 58.0989 1426.71
DG2685 16.1300 -19.9896 1.737e-16 1.187e-16 5.327e-17 61.8379 1426.71
DG2686 17.1767 -40.4082 1.324e-15 1.116e-15 4.688e-16 278.0758 381.49
DG2687 17.3905 -40.3695 1.992e-15 1.608e-15 7.385e-16 204.8675 380.57
DG2688 17.1615 -40.5415 2.149e-15 1.579e-15 7.786e-16 210.073 380.87
DG2689 16.8963 -40.4350 2.133e-15 1.779e-15 7.574e-16 196.8691 379.5
DG2690 17.0588 -40.1150 1.850e-15 1.433e-15 6.834e-16 201.7223 381.44
DG2691 27.1244 42.2136 8.474e-16 6.877e-16 2.106e-16 147.8557 1129.94
DG2692 27.4012 41.7650 6.506e-26 1.883e-27 8.115e-33 83.0785 1129.41
DG2693 26.9842 41.6774 3.397e-16 2.798e-16 1.266e-16 72.8979 1131.08
DG2694 26.8858 41.9041 3.474e-16 2.732e-16 1.301e-16 67.5585 1128.36
DG2695 27.0853 42.7425 3.122e-16 2.613e-16 1.307e-16 76.0827 1129.97
DG2696 27.3513 42.7998 1.899e-16 1.470e-16 7.007e-17 92.8401 1128.93
DG2697 27.0277 42.3635 1.901e-16 1.838e-16 7.451e-17 120.1866 1132.96
DG2698 26.7893 41.5462 2.393e-16 1.910e-16 8.530e-17 87.0656 1134.51
DG2699 28.0278 42.5791 3.189e-16 2.658e-16 1.290e-16 82.66 1130.81
DG2700 26.8943 41.5637 3.044e-16 2.328e-16 1.212e-16 71.7315 1133.26
DG2701 27.1495 42.9638 6.864e-26 1.762e-27 8.336e-33 88.936 1132.16
DG2702 26.7456 42.4192 2.777e-16 2.323e-16 1.083e-16 63.8639 1132.99
DG2703 27.7087 42.4202 3.049e-16 2.613e-16 1.289e-16 73.7978 1129.42
DG2704 27.8227 42.9671 2.181e-16 1.701e-16 8.160e-17 80.1117 1134.27
DG2705 27.1398 41.3996 1.986e-16 1.821e-16 7.082e-17 80.1597 1128.55
DG2706 27.6017 42.6768 6.451e-26 1.646e-27 8.036e-33 74.454 1129.43
DG2707 27.1497 41.7386 2.182e-16 1.745e-16 7.569e-17 103.0512 1133.41
DG2708 26.6901 42.8361 6.519e-26 1.650e-27 8.794e-33 88.5795 1129.27
DG2709 27.1217 42.7403 3.085e-16 2.794e-16 1.124e-16 68.8533 1133.74
DG2710 27.3630 42.1579 2.135e-16 1.543e-16 7.818e-17 152.4632 1132.11
DG2720 25.1821 16.2049 1.607e-16 1.442e-16 6.857e-17 48.1505 1463.56
DG2721 25.1829 16.1644 2.494e-16 2.000e-16 8.267e-17 58.9347 1464.52
DG2722 25.2005 16.2355 1.223e-16 9.340e-17 4.519e-17 60.9302 1463.44
DG2796 16.3739 28.3433 1.472e-14 1.170e-14 3.758e-15 1020.0238 195.33
DG2797 17.4375 29.5642 1.254e-25 3.403e-27 1.689e-32 413.3403 197.71
DG2798 15.8797 28.5661 6.431e-15 4.856e-15 1.971e-15 306.306 196.6
DG2799 16.0074 28.9561 6.428e-15 5.746e-15 2.402e-15 343.682 195.83
DG2800 16.1676 26.9758 8.700e-15 6.486e-15 2.374e-15 386.6921 194.42
DG2801 15.9074 27.3036 1.320e-25 3.603e-27 1.634e-32 389.7312 197.43
DG2802 15.3165 28.9178 1.287e-25 3.409e-27 1.675e-32 373.2046 196.88
DG2803 16.2770 28.8153 1.348e-25 3.301e-27 1.594e-32 435.4124 197.79
DG2804 16.3587 27.1654 4.488e-15 3.276e-15 1.478e-15 457.0536 196.12
DG2805 15.0748 27.5004 1.334e-25 3.233e-27 1.530e-32 382.2595 198.26
DG2885 -4.2449 -28.2038 7.401e-17 6.228e-17 2.891e-17 90.6886 1930.8
DG2886 -4.2649 -28.1596 1.912e-25 5.109e-27 2.699e-32 42.695 1932.06
DG2887 -4.1213 -28.2033 1.891e-25 5.514e-27 2.664e-32 55.3197 1931.39
DG2888 -4.1576 -28.1681 1.045e-16 9.265e-17 4.585e-17 46.9579 1931.59
DG2889 -4.3219 -28.3248 1.878e-25 5.353e-27 2.511e-32 61.0327 1930.72
DG2890 -4.2593 -28.1642 1.198e-16 8.997e-17 3.867e-17 40.7616 1930.52
DG2891 -4.2611 -28.2589 1.256e-16 1.059e-16 5.082e-17 50.5579 1930.76
DG2945 -0.2688 44.8139 1.492e-15 1.075e-15 4.832e-16 193.6035 397.92
DG3084 44.5734 20.4097 1.317e-15 9.588e-16 4.820e-16 218.856 428.73
DG3118 27.4421 -29.0201 4.777e-15 3.431e-15 1.134e-15 519.9923 459.6
DG3119 30.9502 -32.6415 6.134e-26 1.614e-27 7.972e-33 216.6591 456.44
DG3120 31.3814 -30.9198 1.707e-15 1.349e-15 6.852e-16 166.9322 458.43
DG3121 24.7950 -31.7817 5.983e-26 1.628e-27 7.869e-33 149.2282 464.89
DG3122 30.8499 -30.0216 1.727e-15 1.448e-15 6.680e-16 198.4289 457.1
DG3123 27.3583 -31.0678 1.691e-15 1.547e-15 6.373e-16 192.1746 466.21
DG3124 30.6449 -31.3310 6.683e-26 1.723e-27 8.203e-33 166.0913 467.06
DG3125 32.4333 -29.6347 1.569e-15 1.307e-15 6.053e-16 180.8701 465.02
DG3126 27.9378 -32.7762 1.215e-15 9.198e-16 4.305e-16 286.3199 460.97
DG3127 28.6760 -29.0838 1.493e-15 1.041e-15 5.217e-16 321.7773 459.03
DG3128 30.4731 -34.5235 1.560e-15 1.362e-15 5.660e-16 160.3997 457.07
DG3129 30.5118 -30.4434 1.383e-15 1.052e-15 4.812e-16 288.222 462.38
DG3130 28.6515 -29.1843 1.147e-15 9.127e-16 3.946e-16 230.8946 456.63
DG3131 24.8268 -31.0694 1.369e-15 1.077e-15 5.122e-16 218.3121 455.08
DG3132 28.1476 -27.7153 1.049e-15 8.268e-16 3.596e-16 169.7638 459.65
DG3133 27.1581 -25.8943 1.399e-15 1.231e-15 5.200e-16 153.2916 470.04
DG3134 25.7791 -27.3075 1.121e-15 9.501e-16 3.828e-16 351.8102 463.88
DG3135 26.8802 -29.3125 1.219e-15 9.241e-16 4.112e-16 365.9118 462.79
DG3136 28.4306 -26.3640 2.622e-15 1.916e-15 8.775e-16 194.5396 467.0
DG3137 30.1619 -33.5314 1.449e-15 1.078e-15 4.514e-16 227.9824 454.26
DG3138 28.3040 -32.7739 2.076e-15 1.742e-15 7.259e-16 163.6514 475.15
DG3139 28.7271 -28.9142 1.113e-15 9.014e-16 3.893e-16 371.3086 465.11
DG3140 29.1073 -31.9777 1.838e-15 1.377e-15 6.388e-16 181.2981 470.92
DG3141 29.2493 -28.3287 1.785e-15 1.387e-15 6.000e-16 181.5019 462.95
DG3142 26.7037 -28.1889 1.268e-15 9.258e-16 3.921e-16 450.86 470.12
DG3143 26.0330 -25.9367 1.078e-15 8.692e-16 4.076e-16 252.4453 466.34
DG3144 22.3275 -28.4005 1.559e-15 1.226e-15 5.106e-16 160.5179 457.15
DG3145 29.1451 -28.9783 2.016e-15 1.732e-15 7.137e-16 230.5832 457.55
DG3146 27.0251 -33.0359 1.169e-15 8.474e-16 4.080e-16 237.7543 453.61
DG3147 26.7680 -29.3208 2.263e-15 1.914e-15 7.983e-16 187.5782 466.64
DG3148 23.8261 -24.8319 6.705e-26 1.807e-27 7.829e-33 219.9415 455.9
DG3149 28.8446 -31.3150 1.376e-15 1.096e-15 5.368e-16 320.5483 461.46
DG3150 29.0848 -28.6435 1.160e-15 1.013e-15 3.735e-16 339.7238 459.15
DG3151 27.9989 -26.8991 1.460e-15 1.129e-15 4.717e-16 338.268 464.6
DG3152 26.5993 -29.1899 1.266e-15 1.025e-15 4.688e-16 388.1083 456.56
DG3153 27.1926 -31.1694 7.335e-26 1.789e-27 8.374e-33 181.6551 466.84
DG3154 27.2084 -30.0854 1.154e-15 9.341e-16 4.356e-16 378.8404 455.78
DG3155 25.0714 -28.4152 1.380e-15 1.006e-15 4.479e-16 271.8121 454.56
DG3156 24.2588 -27.4633 6.413e-26 1.674e-27 7.615e-33 203.3793 469.13
DG3157 25.1650 -32.5530 1.537e-15 1.399e-15 6.223e-16 179.7761 454.79
DG3158 24.3505 -30.4563 1.824e-15 1.408e-15 6.234e-16 180.9156 468.9
DG3159 26.4334 -27.1402 1.525e-15 1.159e-15 5.566e-16 149.2632 476.73
DG3160 26.5467 -25.4557 1.705e-15 1.266e-15 5.401e-16 167.6777 456.03
DG3161 27.3976 -29.9715 1.642e-15 1.400e-15 6.694e-16 183.7759 456.01
DG3162 30.4195 -29.7619 1.665e-15 1.440e-15 6.791e-16 171.2655 468.18
DG3163 27.6711 -25.8173 1.500e-15 1.243e-15 5.638e-16 144.7795 459.56
DG3164 24.2205 -25.3742 1.948e-15 1.426e-15 6.681e-16 192.4725 462.35
DG3165 26.7475 -28.8172 1.342e-15 1.226e-15 5.248e-16 316.1806 462.83
DG3166 26.4595 -27.8974 1.233e-15 1.077e-15 4.752e-16 277.1744 473.84
DG3167 25.4882 -25.8152 1.621e-15 1.366e-15 5.413e-16 143.5704 472.52
DG3168 24.8663 -29.7397 1.591e-15 1.308e-15 5.905e-16 197.9658 461.2
DG3169 26.3380 -27.1654 2.256e-15 1.844e-15 6.494e-16 194.0419 467.82
DG3170 26.7584 -24.0734 1.548e-15 1.316e-15 5.540e-16 168.2574 458.99
DG3171 31.1462 -27.3923 1.998e-15 1.628e-15 6.894e-16 180.8247 460.85
DG3172 24.7578 -24.9196 6.921e-26 1.769e-27 7.783e-33 221.9032 472.36
DG3173 24.6008 -26.2786 1.104e-15 1.122e-15 4.253e-16 276.3068 460.87
DG3174 28.5105 -27.5650 1.365e-15 1.075e-15 4.870e-16 277.0128 467.76
DG3175 23.3528 -27.0577 1.623e-15 1.284e-15 5.631e-16 113.7839 455.4
DG3176 23.7540 -27.9102 1.452e-15 1.147e-15 5.291e-16 163.2283 461.86
DG3177 27.2269 -29.9444 7.167e-26 1.608e-27 8.373e-33 268.2532 463.26
DG3178 27.7490 -31.2640 1.927e-15 1.470e-15 6.223e-16 182.1497 462.21
DG3179 26.1660 -24.2397 1.728e-15 1.474e-15 7.004e-16 197.9712 456.88
DG3180 29.9535 -32.6529 1.787e-15 1.411e-15 6.258e-16 176.0969 470.4
DG3181 27.7226 -33.2517 1.346e-15 9.876e-16 5.057e-16 243.7841 469.18
DG3182 31.2636 -27.7428 6.454e-26 1.653e-27 8.068e-33 161.8552 463.19
DG3183 26.9674 -27.5201 1.458e-15 1.108e-15 4.884e-16 213.2756 467.88
DG3184 27.0231 -30.6781 1.069e-15 8.868e-16 3.707e-16 337.0701 458.34
DG3185 29.3517 -31.3484 1.199e-15 1.096e-15 4.886e-16 241.4748 475.85
DG3186 31.1663 -29.6244 1.826e-15 1.498e-15 6.956e-16 155.5319 468.35
DG3187 29.5216 -29.0620 1.964e-15 1.753e-15 7.073e-16 195.7766 460.45
DG3188 24.3381 -27.8250 1.678e-15 1.248e-15 6.127e-16 164.2939 457.24
DG3189 23.0070 -29.9342 1.780e-15 1.543e-15 6.980e-16 180.0087 460.97
DG3190 30.2567 -26.4205 1.668e-15 1.389e-15 5.859e-16 158.9686 475.43
DG3191 13.8598 19.9149 1.844e-15 1.388e-15 4.020e-16 371.4168 693.02
DG3192 14.0650 19.5997 6.438e-16 6.698e-16 2.570e-16 109.9891 693.31
DG3193 13.7698 19.5648 5.272e-26 1.455e-27 6.006e-33 130.9486 696.36
DG3194 13.8823 19.5043 9.387e-16 7.661e-16 2.680e-16 99.4562 694.96
DG3195 13.6229 19.3042 6.546e-16 5.159e-16 2.199e-16 104.6614 695.36
DG3196 14.1852 20.1325 4.413e-16 3.683e-16 1.653e-16 119.795 693.92
DG3197 13.8812 19.5550 4.826e-26 1.383e-27 6.248e-33 118.083 694.14
DG3198 14.2669 19.8522 6.493e-16 4.939e-16 2.324e-16 96.5599 694.13
DG3199 14.3463 20.2686 7.326e-16 5.419e-16 2.676e-16 116.3676 695.87
DG3200 14.0901 20.1567 5.923e-26 1.408e-27 6.662e-33 113.3137 694.82
DG3201 13.8129 19.9235 5.422e-26 1.328e-27 6.657e-33 117.1044 692.67
DG3202 14.0976 20.0225 5.964e-16 5.129e-16 2.329e-16 104.8434 694.9
DG3203 13.5295 20.1704 5.774e-16 5.252e-16 2.153e-16 91.1294 697.32
DG3204 13.9874 19.9592 5.299e-26 1.443e-27 6.352e-33 127.2505 693.24
DG3205 13.8912 19.9902 6.039e-16 5.405e-16 2.250e-16 96.4381 694.82
DG3268 26.7352 15.1928 7.554e-26 1.981e-27 9.156e-33 270.6068 330.77
DG3269 26.8048 14.8207 7.628e-26 2.141e-27 1.047e-32 238.9002 331.03
DG3339 2.2287 -4.9881 2.600e-16 2.180e-16 9.289e-17 109.9137 952.0
DG3340 2.3838 -5.0154 4.340e-16 3.610e-16 1.769e-16 99.6308 951.45
DG3341 2.3767 -4.8413 4.753e-16 3.827e-16 1.567e-16 105.0291 951.93
DG3595 -14.7648 -10.6756 9.986e-16 8.409e-16 3.699e-16 351.7538 464.59
DG3596 -15.0962 -10.4361 5.810e-26 1.856e-27 8.044e-33 201.7015 462.87
DG3597 -14.9011 -10.7003 1.874e-15 1.323e-15 6.490e-16 180.0369 465.02
DG3598 -14.7858 -11.0035 6.502e-26 1.636e-27 7.770e-33 229.5976 464.79
DG3599 -14.5931 -11.0901 1.646e-15 1.258e-15 4.995e-16 136.9182 463.97
DG3600 -14.7163 -10.4303 2.450e-15 1.717e-15 6.909e-16 167.2369 464.13
DG3601 -14.7616 -10.6749 1.182e-15 9.106e-16 4.229e-16 174.8666 462.75
DG3722 23.9708 18.3813 1.930e-14 1.713e-14 5.562e-15 1077.2627 197.81
DG3723 24.3629 15.0842 1.808e-25 4.373e-27 2.083e-32 425.8783 200.52
DG3724 23.3220 21.2864 5.515e-15 3.932e-15 1.957e-15 329.7355 192.97
DG3725 22.9097 16.2209 8.057e-15 6.273e-15 2.905e-15 366.537 195.97
DG3726 24.8278 16.3919 6.928e-15 5.534e-15 2.217e-15 754.2966 192.39
DG3727 20.0587 16.9972 1.594e-25 4.728e-27 2.014e-32 409.0657 199.13
DG3728 23.2315 20.4638 6.926e-15 5.001e-15 2.360e-15 802.2016 190.92
DG3729 24.7441 17.5610 6.421e-15 5.608e-15 2.400e-15 478.2796 198.8
DG3730 21.1850 17.5357 1.567e-25 4.160e-27 1.996e-32 485.5092 197.71
DG3731 25.7567 21.6521 7.801e-15 5.994e-15 2.778e-15 297.0843 195.42
DG3732 25.4277 17.3419 7.983e-15 6.327e-15 2.750e-15 381.4373 193.82
DG3733 21.2307 20.5026 8.319e-15 7.417e-15 2.883e-15 385.8364 199.95
DG3734 24.4285 19.5310 7.055e-15 5.841e-15 2.296e-15 811.5078 196.91
DG3735 27.2177 17.3289 7.825e-15 5.884e-15 2.572e-15 334.6533 197.01
DG3736 22.4637 17.5773 5.913e-15 4.787e-15 2.279e-15 671.522 194.92
DG3737 22.4523 20.3411 1.803e-25 4.802e-27 2.107e-32 471.1361 191.91
DG3738 27.9647 19.0113 8.163e-15 6.370e-15 2.662e-15 410.3593 193.89
DG3739 24.8584 17.9106 1.543e-25 4.121e-27 1.742e-32 392.7521 194.21
DG3740 26.2369 22.2674 8.168e-15 6.161e-15 2.995e-15 387.9318 191.35
DG3741 20.6796 19.9605 7.487e-15 6.106e-15 2.678e-15 374.7807 191.85
DG3742 26.6676 18.4852 9.211e-15 7.486e-15 3.072e-15 382.3063 194.37
DG3743 22.1514 19.1609 9.835e-15 7.182e-15 3.907e-15 432.9602 194.04
DG3744 26.6811 19.8763 5.830e-15 4.685e-15 2.031e-15 602.5347 191.98
DG3745 27.8316 16.5199 1.554e-25 3.998e-27 2.032e-32 461.8238 198.42
DG3746 22.7069 17.3612 7.308e-15 5.764e-15 2.811e-15 378.5033 199.35
DG3747 24.9787 21.8031 1.450e-25 4.260e-27 1.755e-32 506.489 200.04
DG3748 24.6760 15.9693 7.491e-15 5.825e-15 2.782e-15 388.9729 199.3
DG3770 -8.0201 26.8578 2.251e-15 1.649e-15 8.175e-16 272.2659 347.41
DG3771 -8.3025 26.2378 2.369e-15 1.716e-15 8.164e-16 259.7684 348.0
DG3772 -8.1860 26.9817 3.180e-15 2.607e-15 1.118e-15 243.5766 346.89
DG3773 -8.0821 27.0909 4.301e-15 3.377e-15 1.318e-15 225.5777 347.6
DG3922 -24.5107 -31.2647 7.404e-16 5.745e-16 2.639e-16 415.1687 565.36
DG3923 -24.1960 -30.8442 1.443e-15 1.020e-15 4.469e-16 159.9989 564.72
DG3924 -24.9969 -31.9214 6.730e-16 5.959e-16 2.461e-16 148.9774 567.02
DG3925 -24.4290 -31.1277 5.292e-26 1.424e-27 7.157e-33 129.2934 564.84
DG3926 -24.3582 -30.8687 5.620e-26 1.453e-27 6.666e-33 154.1885 565.88
DG3927 -24.5597 -31.3402 6.322e-16 5.467e-16 2.388e-16 275.693 564.33
DG3928 -24.5789 -31.5691 5.816e-26 1.418e-27 7.083e-33 154.0168 567.47
DG3929 -24.9453 -31.0020 9.555e-16 7.990e-16 3.706e-16 120.5778 565.64
DG4024 -1.1722 -22.0893 4.570e-15 3.994e-15 1.812e-15 335.546 253.47
DG4025 -0.8870 -22.5637 4.625e-15 4.225e-15 1.843e-15 357.6351 253.53
DG4026 -1.8372 -22.4681 4.453e-15 3.628e-15 1.184e-15 237.3939 253.53
DG4027 -1.6885 -22.6707 4.245e-15 3.464e-15 1.501e-15 252.745 252.89
DG4097 -25.7653 15.5509 1.164e-16 1.004e-16 4.156e-17 89.2511 1550.95
DG4098 -25.7889 15.5378 1.877e-16 1.451e-16 6.100e-17 50.8125 1549.74
DG4099 -25.8402 15.6575 1.146e-25 2.789e-27 1.394e-32 59.6679 1548.65
DG4100 -25.7542 15.4956 1.998e-16 1.601e-16 7.913e-17 52.997 1548.96
DG4101 -25.7722 15.4983 1.773e-16 1.551e-16 7.252e-17 63.2159 1550.8
DG4102 -25.9116 15.5496 1.897e-16 1.360e-16 6.878e-17 42.4648 1549.81
DG4103 -25.8319 15.6074 1.734e-16 1.558e-16 7.667e-17 60.1118 1551.3
DG4105 -30.5705 -8.6227 6.230e-16 4.419e-16 1.508e-16 127.4633 1420.94
DG4106 -30.5428 -8.7475 8.994e-26 2.483e-27 1.286e-32 60.1396 1418.42
DG4107 -30.9363 -8.5253 2.727e-16 2.258e-16 9.362e-17 50.0775 1419.48
DG4108 -30.4397 -8.7220 1.182e-16 1.006e-16 5.034e-17 73.6466 1421.03
DG4109 -30.5091 -8.5975 1.970e-16 1.645e-16 6.846e-17 51.4883 1418.49
DG4110 -30.3657 -8.6896 9.360e-26 2.618e-27 1.097e-32 64.2552 1422.37
DG4111 -30.7688 -8.4464 8.792e-26 2.431e-27 1.161e-32 72.1011 1417.8
DG4112 -30.7668 -8.7646 2.072e-16 1.838e-16 8.740e-17 64.8097 1424.12
DG4113 -30.9932 -8.9265 9.343e-26 2.334e-27 1.142e-32 67.5466 1421.1
DG4114 -30.5870 -8.8479 2.161e-16 1.804e-16 8.066e-17 66.0884 1419.69
DG4115 -30.8921 -8.8205 8.834e-26 2.516e-27 1.252e-32 77.2329 1418.38
DG4116 -30.6409 -8.7879 2.001e-16 1.549e-16 6.586e-17 55.7625 1418.2
DG4117 -30.8743 -8.6628 8.611e-26 2.470e-27 1.154e-32 65.9493 1420.39
DG4118 -30.6151 -8.2972 8.190e-26 2.422e-27 1.165e-32 71.8972 1421.73
DG4119 -30.3616 -8.6748 1.973e-16 1.614e-16 7.355e-17 58.5072 1422.44
DG4120 -30.8864 -8.8317 2.127e-16 1.607e-16 7.323e-17 50.3128 1419.03
DG4121 -30.4611 -8.7484 1.550e-16 1.318e-16 5.576e-17 111.7115 1419.21
DG4204 -30.3171 23.0375 7.299e-16 6.205e-16 2.609e-16 126.6116 694.48
DG4205 -30.1057 22.6898 5.612e-26 1.443e-27 6.253e-33 135.0823 694.85
DG4206 -30.3660 22.6904 4.967e-16 3.867e-16 1.704e-16 115.6918 693.51
DG4207 -30.1147 22.8237 5.659e-16 4.586e-16 2.043e-16 213.4275 694.36
DG4208 -25.5931 -37.9288 1.814e-15 1.593e-15 6.900e-16 263.6018 353.62
DG4361 16.7476 8.6106 8.017e-16 6.445e-16 2.686e-16 139.3248 729.58
DG4362 16.7326 8.7475 8.268e-16 6.160e-16 2.712e-16 112.6589 729.94
DG4363 16.6747 8.7512 7.691e-16 6.675e-16 2.838e-16 106.2255 730.88
DG4364 16.7211 8.6392 5.527e-26 1.429e-27 6.331e-33 150.7438 731.4
DG4414 10.9977 -9.4248 1.035e-15 7.055e-16 2.393e-16 190.5805 1056.47
DG4415 10.8087 -9.3168 6.387e-26 1.761e-27 7.882e-33 88.4169 1058.0
DG4416 10.9463 -9.5367 3.313e-16 2.779e-16 1.234e-16 71.9064 1056.17
DG4417 11.0130 -9.1449 3.947e-16 3.071e-16 1.393e-16 72.2498 1057.66
DG4418 10.9835 -9.6527 3.448e-16 2.657e-16 1.195e-16 71.7527 1058.99
DG4419 10.6991 -9.4270 6.423e-26 1.671e-27 7.945e-33 86.9591 1057.58
DG4420 11.0368 -9.5280 3.254e-16 2.635e-16 1.190e-16 61.8513 1055.7
DG4421 10.9102 -9.5647 3.634e-16 3.015e-16 1.435e-16 78.6622 1055.5
DG4422 10.9143 -9.5870 3.310e-16 2.855e-16 1.228e-16 65.3049 1055.43
DG4423 11.0365 -9.2056 6.368e-26 1.521e-27 7.406e-33 90.142 1056.5
DG4427 -4.7290 9.0288 5.609e-16 5.165e-16 2.213e-16 104.6492 853.13
DG4428 -4.6947 8.9555 5.229e-16 3.727e-16 1.940e-16 70.2045 853.75
DG4469 -17.5212 -26.6270 6.090e-16 4.591e-16 1.619e-16 95.5805 1351.78
DG4470 -17.3132 -26.5642 1.973e-16 1.812e-16 7.077e-17 50.6223 1349.65
DG4471 -17.5510 -26.5216 9.245e-26 2.299e-27 1.109e-32 66.9939 1352.21
DG4472 -17.7192 -26.4237 2.201e-16 1.883e-16 7.978e-17 53.1176 1350.27
DG4473 -17.3988 -26.6042 1.499e-16 1.219e-16 5.507e-17 122.2597 1352.19
DG4474 -17.4300 -26.7182 2.349e-16 1.750e-16 7.491e-17 55.8572 1353.38
DG4475 -17.4452 -26.6850 1.548e-16 1.308e-16 5.598e-17 97.1309 1350.69
DG4476 -17.6155 -26.8599 2.357e-16 1.800e-16 8.429e-17 46.7545 1350.42
DG4477 -17.2547 -26.4753 1.897e-16 1.696e-16 8.892e-17 55.6471 1353.4
DG4478 -17.5835 -26.9202 2.073e-16 1.819e-16 8.265e-17 61.2701 1350.72
DG4479 -17.5545 -26.7791 2.140e-16 1.663e-16 8.617e-17 53.7382 1351.93
DG4493 26.0516 -19.9250 1.045e-15 8.765e-16 4.156e-16 155.2908 624.06
DG4494 26.0829 -19.8733 9.249e-16 8.178e-16 3.557e-16 119.7507 624.63
DG4495 26.1772 -19.8891 9.458e-16 7.585e-16 2.984e-16 106.9384 624.27
DG4496 -23.1538 15.4079 1.476e-15 1.140e-15 5.441e-16 285.1233 428.91
DG4497 -23.1536 15.7589 1.780e-15 1.503e-15 5.789e-16 160.2095 429.01
DG4498 -23.2638 14.9517 6.257e-26 1.973e-27 7.873e-33 208.4166 430.57
DG4499 -23.6481 15.3508 1.801e-15 1.649e-15 6.620e-16 179.8397 428.81
DG4500 -23.3041 15.5824 6.683e-26 1.806e-27 7.226e-33 202.2153 431.04
DG4501 -23.4918 15.3726 1.689e-15 1.463e-15 5.569e-16 170.6852 429.06
DG4558 5.8886 -35.5980 4.121e-16 3.502e-16 1.464e-16 162.6835 794.42
DG4559 6.0950 -35.7179 6.019e-16 4.863e-16 2.212e-16 96.2066 795.25
DG4560 5.8042 -35.4682 5.539e-26 1.477e-27 6.542e-33 131.4293 794.64
DG4561 6.0540 -35.6254 5.691e-26 1.372e-27 6.523e-33 126.5443 796.07
DG4562 6.1138 -35.3692 5.310e-26 1.309e-27 6.786e-33 133.5766 795.17
DG4563 -15.6219 22.3504 1.265e-16 1.031e-16 4.595e-17 123.3552 1548.96
DG4564 -15.4093 22.4070 1.741e-16 1.336e-16 7.299e-17 55.1389 1547.5
DG4565 -15.6243 22.3606 1.122e-25 2.823e-27 1.360e-32 59.1709 1548.21
DG4566 -15.5106 22.2771 1.253e-16 9.384e-17 4.369e-17 56.2493 1547.87
DG4567 -15.5529 22.4403 1.580e-16 1.300e-16 6.617e-17 47.7812 1547.07
DG4568 -15.7023 22.4560 1.637e-16 1.329e-16 6.219e-17 46.2407 1548.25
DG4569 -15.6939 22.3964 1.261e-16 9.770e-17 4.832e-17 49.8683 1546.44
DG4570 -15.4604 22.2688 1.046e-25 3.060e-27 1.515e-32 65.8251 1547.08
DG4583 4.3341 24.7067 9.255e-16 7.119e-16 2.636e-16 241.3141 1015.49
DG4584 5.0204 24.8775 3.279e-16 2.913e-16 1.154e-16 80.5632 1014.63
DG4585 4.3636 24.7132 2.387e-16 1.939e-16 9.029e-17 166.9244 1011.51
DG4586 4.1085 25.1582 3.878e-16 3.183e-16 1.475e-16 98.1552 1012.68
DG4587 3.9518 24.8903 2.280e-16 1.854e-16 8.525e-17 97.071 1015.92
DG4588 4.0822 24.9620 6.022e-26 1.547e-27 8.269e-33 85.28 1014.0
DG4589 3.7572 24.7042 3.771e-16 2.877e-16 1.353e-16 75.7747 1012.54
DG4590 4.7503 24.6300 3.561e-16 2.970e-16 1.410e-16 87.3704 1014.21
DG4591 4.6209 24.8521 2.668e-16 2.406e-16 9.819e-17 143.7199 1013.55
DG4592 4.1917 24.0218 3.437e-16 2.799e-16 1.227e-16 69.2625 1011.37
DG4593 4.6320 24.2196 3.995e-16 3.195e-16 1.400e-16 97.943 1014.99
DG4594 5.0042 24.7642 3.336e-16 2.765e-16 1.324e-16 64.8078 1008.18
DG4595 3.9835 24.5138 3.736e-16 2.940e-16 1.267e-16 71.8156 1008.05
DG4596 4.5361 24.1144 3.504e-16 3.093e-16 1.435e-16 78.2543 1010.74
DG4597 4.2537 24.7039 2.307e-16 1.851e-16 7.049e-17 179.5396 1011.43
DG4598 3.8312 25.1035 2.440e-16 1.993e-16 9.191e-17 71.6212 1011.4
DG4599 3.9569 25.0172 3.550e-16 2.729e-16 1.194e-16 69.6509 1009.15
DG4600 3.9163 24.3576 2.471e-16 1.783e-16 7.637e-17 90.5674 1012.24
DG4601 4.2286 24.9716 2.253e-16 2.087e-16 8.953e-17 88.3991 1013.4
DG4602 4.2244 24.0846 3.653e-16 2.806e-16 1.483e-16 85.323 1015.85
DG4603 4.6948 25.0755 2.539e-16 2.061e-16 8.814e-17 117.1745 1012.94
DG4604 4.1716 25.3029 3.661e-16 2.776e-16 1.379e-16 69.1433 1012.31
DG4605 4.4876 24.5001 2.376e-16 2.162e-16 9.131e-17 136.3249 1012.83
DG4606 4.0751 24.5713 3.874e-16 3.115e-16 1.327e-16 88.5664 1010.66
DG4692 -21.8519 27.7495 1.109e-15 9.749e-16 4.070e-16 210.1477 496.44
DG4734 13.1297 19.2319 6.862e-26 1.902e-27 8.437e-33 74.108 1132.55
DG4735 13.1411 19.2739 7.287e-26 1.698e-27 9.108e-33 74.065 1132.38
DG4736 13.1064 19.3360 4.223e-16 3.245e-16 1.554e-16 69.1981 1131.15
DG4845 -8.4232 12.8515 1.909e-16 1.626e-16 7.460e-17 75.4976 1169.71
DG4888 -16.4457 38.6221 2.687e-16 2.509e-16 1.025e-16 189.1303 1007.61
DG4889 -16.5157 38.8180 3.682e-16 3.266e-16 1.334e-16 77.23 1008.6
DG4890 -16.7383 38.6084 3.731e-16 2.998e-16 1.337e-16 66.6729 1006.12
DG4891 -16.6057 38.5425 6.013e-26 1.615e-27 7.600e-33 104.8837 1008.09
DG4892 -16.2161 38.6283 5.568e-16 4.670e-16 1.760e-16 86.0571 1008.96
DG4893 -16.3203 38.7233 2.894e-16 2.347e-16 1.018e-16 89.4681 1008.5
DG4894 -16.1223 38.5245 4.106e-16 3.517e-16 1.467e-16 85.5945 1008.53
DG4895 -16.4510 38.6108 3.937e-16 3.450e-16 1.703e-16 79.9259 1007.03
DG4896 16.5080 25.1353 5.009e-16 3.838e-16 1.377e-16 121.0788 1507.12
DG4897 16.5898 25.2164 2.005e-16 1.580e-16 7.687e-17 58.5058 1508.18
DG4898 16.3577 24.9150 1.253e-16 1.017e-16 4.495e-17 63.4764 1508.0
DG4899 16.2640 25.0601 1.962e-16 1.513e-16 7.854e-17 54.8503 1504.69
DG4900 16.6656 25.3420 1.689e-16 1.340e-16 6.373e-17 52.6102 1505.06
DG4901 16.5112 25.3535 1.788e-16 1.602e-16 6.264e-17 45.2518 1506.51
DG4902 16.5655 25.1524 1.003e-25 2.572e-27 1.355e-32 73.0373 1508.43
DG4903 16.5792 25.3159 1.816e-16 1.553e-16 8.299e-17 58.1604 1505.14
DG4904 16.4914 25.1076 1.030e-25 2.758e-27 1.266e-32 58.8279 1506.34
DG4905 16.5960 25.3097 1.647e-16 1.506e-16 6.243e-17 53.1138 1508.34
DG4906 16.5292 25.0580 1.841e-16 1.668e-16 7.185e-17 58.1658 1508.41
DG4907 24.0515 -20.6968 3.737e-15 3.121e-15 1.278e-15 741.997 238.69
DG4908 23.9532 -20.4870 7.350e-15 5.830e-15 2.027e-15 289.9028 239.86
DG4909 24.2216 -21.1870 4.889e-15 3.993e-15 1.831e-15 307.6115 237.5
DG4910 23.5683 -20.9406 1.250e-25 3.237e-27 1.415e-32 355.0525 239.48
DG4911 23.1235 -20.0576 5.079e-15 4.090e-15 1.626e-15 325.7669 238.66
DG4912 23.6309 -21.4483 3.503e-15 2.831e-15 1.215e-15 343.7867 238.81
DG4913 23.8023 -21.1464 4.873e-15 3.715e-15 1.811e-15 292.7519 238.36
DG4914 24.9155 -20.2638 4.930e-15 3.868e-15 2.056e-15 298.7856 238.32
DG4916 30.5983 42.8056 5.039e-16 3.747e-16 1.332e-16 182.755 1561.99
DG4917 30.4066 43.1175 1.734e-16 1.385e-16 6.244e-17 41.7928 1556.92
DG4918 30.7159 43.0644 1.708e-16 1.470e-16 6.081e-17 50.6932 1561.97
DG4919 30.5902 43.0164 1.646e-16 1.368e-16 6.290e-17 55.7311 1560.37
DG4920 30.3971 42.2188 1.785e-16 1.753e-16 6.966e-17 58.3641 1562.01
DG4921 31.0485 42.6831 2.038e-16 1.367e-16 7.233e-17 59.4384 1560.52
DG4922 30.2769 42.3460 1.916e-16 1.468e-16 6.738e-17 61.7015 1558.45
DG4923 30.4969 42.5717 1.807e-16 1.266e-16 6.262e-17 45.5413 1560.27
DG4924 30.3171 42.5275 1.735e-16 1.319e-16 6.378e-17 53.9397 1561.39
DG4925 30.5055 42.9294 1.533e-16 1.517e-16 6.397e-17 46.8073 1562.35
DG4926 30.9214 42.7191 1.812e-16 1.559e-16 7.137e-17 51.946 1560.65
DG4927 30.3373 42.7234 1.261e-16 8.595e-17 4.131e-17 72.0998 1560.72
DG4928 30.7043 42.7825 1.788e-16 1.320e-16 6.891e-17 48.8097 1559.87
DG4929 30.6564 43.0376 1.087e-16 1.007e-16 4.568e-17 115.2567 1559.68
DG4930 30.9323 43.0192 1.718e-16 1.444e-16 5.955e-17 46.0622 1557.87
DG4931 30.8249 43.0125 1.910e-16 1.597e-16 7.608e-17 64.3443 1562.26
DG4939 14.4250 -18.3819 1.438e-16 1.325e-16 6.037e-17 67.3319 1341.62
DG5006 -7.9174 -39.8837 4.185e-16 3.431e-16 1.505e-16 123.0001 825.49
DG5056 14.7479 10.2345 5.292e-16 4.108e-16 1.699e-16 134.7512 687.22
DG5065 -20.8653 43.8421 1.147e-16 1.019e-16 4.314e-17 77.0005 1630.98
DG5066 -20.9049 43.9268 1.543e-16 1.221e-16 5.404e-17 49.0046 1632.16
DG5067 -20.7975 44.0310 1.026e-16 8.761e-17 4.100e-17 59.7566 1630.52
DG5068 -20.7954 43.9728 1.647e-16 1.326e-16 6.062e-17 51.6311 1631.79
DG5069 -20.9559 43.7783 1.484e-16 1.230e-16 6.021e-17 46.6139 1631.09
DG5070 -20.7388 43.9374 1.587e-16 1.345e-16 6.267e-17 47.3037 1630.18
DG5071 16.2065 -12.1816 5.682e-16 4.667e-16 1.948e-16 96.5494 813.25
DG5072 16.0720 -12.1628 4.890e-16 4.216e-16 1.803e-16 81.6071 812.92
DG5079 7.8811 -21.7009 8.809e-16 6.399e-16 2.189e-16 217.6799 1080.38
DG5080 7.9630 -21.4272 3.333e-16 2.762e-16 1.124e-16 70.5691 1076.95
DG5081 8.0362 -21.6869 7.000e-26 1.796e-27 7.962e-33 77.2529 1079.89
DG5082 7.6824 -21.7203 2.919e-16 2.687e-16 1.072e-16 68.1014 1081.32
DG5083 8.2132 -21.4812 3.006e-16 2.554e-16 1.282e-16 84.3291 1079.88
DG5084 7.8711 -21.7119 1.930e-16 1.788e-16 7.273e-17 217.0407 1078.59
DG5085 7.9632 -21.4036 6.548e-26 1.759e-27 8.530e-33 96.0202 1077.21
DG5086 8.0748 -22.1004 3.039e-16 2.824e-16 1.173e-16 72.9501 1079.47
DG5087 8.1040 -21.6864 6.055e-26 1.693e-27 8.144e-33 77.0987 1077.39
DG5088 8.2101 -21.9499 3.320e-16 2.720e-16 1.290e-16 78.0733 1078.73
DG5089 7.9830 -21.5154 4.298e-16 3.598e-16 1.450e-16 66.0509 1080.05
DG5090 7.9649 -21.3741 2.945e-16 2.407e-16 1.086e-16 58.1065 1080.9
DG5091 7.8886 -22.1471 6.830e-26 1.740e-27 7.849e-33 71.9236 1078.07
DG5092 8.1435 -21.8883 6.554e-26 1.650e-27 7.520e-33 81.3361 1077.67
DG5093 7.6895 -21.8602 2.210e-16 1.693e-16 8.657e-17 80.6245 1078.78
DG5202 2.1763 14.3093 3.712e-15 3.265e-15 1.375e-15 279.4528 303.74
DG5203 1.9919 14.2856 4.090e-15 3.489e-15 1.773e-15 278.1073 304.46
DG5204 2.2001 14.5669 9.302e-26 2.884e-27 1.213e-32 304.5214 304.61
DG5312 11.0487 -16.0756 3.456e-15 2.717e-15 8.683e-16 352.4777 529.76
DG5313 10.5661 -15.9709 1.339e-15 1.056e-15 4.371e-16 141.2918 527.65
DG5314 10.8272 -16.0608 1.527e-15 1.129e-15 4.959e-16 161.8492 527.55
DG5315 11.3695 -15.8993 1.272e-15 1.153e-15 4.526e-16 148.4594 530.14
DG5316 10.8922 -16.5909 1.358e-15 1.019e-15 4.555e-16 155.0663 532.08
DG5317 11.1635 -16.7837 1.427e-15 1.182e-15 5.275e-16 122.4255 528.91
DG5318 11.0709 -15.5515 1.424e-15 1.214e-15 5.724e-16 184.2864 527.64
DG5319 11.7543 -16.3472 1.025e-15 8.456e-16 3.279e-16 194.5419 527.51
DG5320 11.4528 -15.9369 1.715e-15 1.507e-15 6.311e-16 147.7234 531.09
DG5321 11.4031 -15.8538 6.017e-26 1.556e-27 7.704e-33 187.2191 529.5
DG5322 11.3026 -16.1844 1.360e-15 1.242e-15 5.458e-16 170.18 531.75
DG5323 11.4019 -15.5747 1.292e-15 1.002e-15 4.391e-16 152.5739 529.39
DG5324 11.5182 -16.5973 1.382e-15 1.108e-15 5.069e-16 147.2671 530.39
DG5413 15.2182 -26.2081 5.473e-16 4.646e-16 1.919e-16 259.8719 688.93
DG5414 15.4108 -26.3388 7.836e-16 6.571e-16 2.859e-16 131.6982 689.62
DG5415 15.2720 -26.4174 8.298e-16 6.755e-16 3.056e-16 121.5207 688.45
DG5416 15.4611 -26.0720 5.781e-26 1.360e-27 6.256e-33 152.5767 688.63
DG5417 15.1626 -26.4622 7.636e-16 6.213e-16 2.525e-16 118.1084 690.0
DG5418 15.2061 -26.1040 5.232e-16 4.155e-16 1.847e-16 133.9571 689.44
DG5419 15.0073 -26.3856 5.188e-16 4.387e-16 1.889e-16 112.7958 687.83
DG5420 15.3426 -26.1611 5.125e-26 1.318e-27 6.186e-33 111.9856 688.16
DG5481 -11.6887 26.1700 1.781e-16 1.562e-16 6.770e-17 151.3458 1202.33
DG5482 -11.6681 26.4252 2.789e-16 2.265e-16 1.113e-16 77.2395 1202.34
DG5483 -11.6112 26.1232 7.660e-26 1.945e-27 9.320e-33 81.4072 1202.62
DG5484 -11.6493 26.0887 2.477e-16 1.902e-16 8.623e-17 58.4564 1202.66
DG5485 -11.7006 26.2779 2.455e-16 1.955e-16 9.213e-17 68.4411 1202.58
DG5486 -11.6069 26.1066 2.417e-16 2.114e-16 9.059e-17 64.6237 1202.51
DG5487 -11.7011 26.2785 2.662e-16 2.096e-16 8.766e-17 64.1455 1201.86
DG5488 -11.7043 26.1725 2.389e-16 2.023e-16 8.992e-17 61.6353 1202.25
DG5497 -23.1954 34.8786 4.690e-16 3.306e-16 1.194e-16 132.0807 1667.24
DG5498 -23.5268 34.8758 1.360e-25 3.572e-27 1.554e-32 63.0104 1665.17
DG5499 -23.3238 35.2868 1.256e-25 3.386e-27 1.915e-32 59.7117 1664.6
DG5500 -23.2675 34.9767 1.645e-16 1.486e-16 5.789e-17 42.8599 1661.23
DG5501 -23.4224 34.8677 1.304e-25 3.244e-27 1.718e-32 46.1215 1666.38
DG5502 -23.4055 35.2433 1.097e-16 9.087e-17 3.861e-17 75.9354 1660.49
DG5503 -23.1972 34.9551 1.075e-16 8.894e-17 4.415e-17 74.2686 1666.85
DG5504 -22.9093 34.5472 1.265e-25 3.660e-27 1.534e-32 52.0316 1661.49
DG5505 -23.4172 34.8668 1.762e-16 1.456e-16 6.502e-17 55.3068 1662.54
DG5506 -23.3520 34.9770 1.429e-16 1.245e-16 5.973e-17 44.7598 1661.72
DG5507 -23.3603 34.7145 1.172e-16 9.860e-17 3.835e-17 53.7408 1666.33
DG5508 -23.1857 34.7729 1.303e-25 3.462e-27 1.640e-32 60.3182 1663.72
DG5509 -23.2260 34.7981 1.503e-16 1.357e-16 5.835e-17 45.0752 1662.19
DG5510 -23.1934 34.8068 1.078e-16 9.020e-17 3.794e-17 69.4763 1665.7
DG5511 -23.4881 34.5943 1.343e-25 3.103e-27 1.712e-32 49.6939 1665.72
DG5512 -22.8540 34.9318 1.233e-25 2.861e-27 1.673e-32 56.0398 1667.47
DG5513 -23.1481 35.2900 1.553e-16 1.380e-16 6.362e-17 48.0516 1667.34
DG5514 -23.3829 35.2957 1.580e-16 1.421e-16 6.296e-17 55.4481 1664.63
DG5515 -23.2434 34.9795 1.073e-16 9.595e-17 4.352e-17 125.4576 1666.33
DG5524 -3.5211 22.0001 5.940e-15 4.587e-15 1.468e-15 342.1075 390.14
DG5525 -3.0082 22.3570 2.268e-15 1.552e-15 7.338e-16 196.9655 387.67
DG5526 -3.8369 21.8251 2.183e-15 1.788e-15 7.682e-16 163.5681 390.07
DG5527 -4.0372 22.5878 7.443e-26 1.959e-27 9.266e-33 216.3873 388.59
DG5528 -3.5252 22.5658 2.327e-15 1.691e-15 7.228e-16 202.193 389.41
DG5529 -3.5392 21.9046 6.826e-26 2.100e-27 9.598e-33 226.5761 389.06
DG5530 -3.9432 22.5479 2.451e-15 1.859e-15 8.630e-16 269.6189 390.82
DG5531 -3.2314 22.7194 2.920e-15 2.410e-15 9.855e-16 237.5445 390.8
DG5532 -4.0293 21.5789 2.551e-15 1.901e-15 8.497e-16 220.7395 387.8
DG5533 -3.2337 22.5465 2.157e-15 1.697e-15 7.851e-16 187.4153 386.96
DG5554 -9.2114 12.0108 8.850e-16 7.685e-16 3.145e-16 117.916 614.58
DG5555 -9.1520 12.0501 9.032e-16 7.473e-16 3.088e-16 137.8816 614.99
DG5576 -27.8504 -12.2286 1.509e-16 1.149e-16 5.576e-17 39.6306 1801.0
DG5577 -27.7760 -12.1403 1.502e-16 1.124e-16 5.474e-17 51.1204 1801.14
DG5578 -27.8623 -12.1449 1.288e-16 1.040e-16 4.660e-17 42.4035 1801.22
DG5675 15.3897 10.5496 8.761e-16 8.099e-16 3.355e-16 107.0321 550.03
DG5676 15.3189 10.3094 6.535e-16 5.255e-16 2.171e-16 167.1391 550.73
DG5677 15.1625 10.3727 6.985e-16 5.939e-16 2.622e-16 128.4178 550.07
DG5678 15.1351 10.3155 5.384e-26 1.368e-27 6.598e-33 166.7318 550.7
DG5683 -4.5381 -35.6753 2.495e-16 2.096e-16 8.762e-17 171.3551 936.78
DG5684 -4.6373 -35.8353 4.204e-16 3.475e-16 1.485e-16 85.0522 934.94
DG5685 -4.3454 -35.4863 5.622e-16 4.216e-16 1.744e-16 86.7439 934.91
DG5686 -4.4732 -35.5347 6.097e-26 1.507e-27 6.986e-33 96.7619 936.09
DG5687 -4.6268 -35.6305 3.785e-16 2.974e-16 1.171e-16 70.1542 935.7
DG5688 -4.6243 -35.6991 3.634e-16 3.033e-16 1.328e-16 71.2943 935.67
DG5689 -4.4306 -35.6388 3.933e-16 3.306e-16 1.433e-16 92.1707 935.16
DG5710 -14.3593 12.2561 9.659e-15 7.414e-15 2.832e-15 338.2596 174.77
DG5711 -14.4834 12.5316 1.007e-14 8.112e-15 3.670e-15 483.5457 174.62
DG5712 -15.0030 12.1719 8.238e-15 7.650e-15 3.199e-15 337.919 174.43
