Name Equatorial Polar BlueF GreenF RedF Parallax RadialVelocity Variable?
S137433 57.3316 127.1799 3.37e-21 7.199e-21 2.4580000000000003e-20 0.0 108.26 0.0
S137434 57.3004 127.1706 5.847e-14 2.381e-13 3.143e-12 0.0 108.59 0.0
S137435 57.2983 127.1808 1.8869999999999998e-23 5.633e-23 3.845e-22 0.0 108.13 0.0
S137436 57.3215 127.1557 3.311e-20 5.437000000000001e-20 1.05e-19 0.0 109.86 0.0
S137437 57.3134 127.2003 1.116e-18 1.328e-18 1.391e-18 0.0 109.89 0.0
S137438 57.3096 127.2052 3.617e-21 2.479e-21 8.747999999999999e-22 0.0 108.65 0.0
S137439 57.3575 127.2039 2.88e-17 2.603e-17 1.592e-17 0.0 107.02 0.0
S137440 57.319 127.1693 9.866e-20 1.486e-19 2.495e-19 0.0 105.83 0.0
S137441 57.327 127.1825 5.338e-13 3.815e-13 1.413e-13 0.0 109.82 0.0
S137442 57.3437 127.1865 8.056e-13 5.802e-13 2.121e-13 0.0 109.39 0.0
S137443 57.3114 127.1988 2.517e-19 3.308e-19 4.218e-19 0.0 108.0 0.0
S137444 57.3349 127.1775 2.309e-22 5.272e-22 2.12e-21 0.0 108.91 0.0
S137445 57.3344 127.1947 3.693e-20 6.197000000000001e-20 1.259e-19 0.0 107.78 0.0
S137446 57.314 127.2015 2.987e-18 3.263e-18 2.848e-18 0.0 107.52 0.0
S137447 57.3062 127.2023 7.352e-17 6.121e-17 2.964e-17 0.001 106.75 0.0
S137448 57.2911 127.232 3.776e-17 7.594e-17 2.222e-16 0.0 107.27 0.0
S137449 57.3331 127.1924 1.203e-21 2.401e-21 7.37e-21 0.0 107.06 0.0
S137450 57.2961 127.1815 3.472e-20 5.808e-20 1.23e-19 0.0 109.2 0.0
S137451 57.3362 127.1816 1.3120000000000001e-20 2.1710000000000003e-20 4.603e-20 0.0 107.83 0.0
S137452 57.2917 127.2042 2.518e-21 5.04e-21 1.5510000000000002e-20 0.0 107.7 0.0
S137453 57.3367 127.1849 1.906e-18 2.06e-18 1.709e-18 0.0 107.76 0.0
S137454 57.3457 127.2143 7.975e-19 9.716e-19 1.031e-18 0.0 108.83 0.0
S137455 57.3 127.1951 9.459e-19 1.128e-18 1.155e-18 0.001 105.63 0.0
S137456 57.3108 127.2099 3.252e-20 5.2150000000000004e-20 1.024e-19 0.0 109.57 0.0
S137457 57.3273 127.1883 1.485e-21 3.096e-21 1.035e-20 0.0 106.91 0.0
S137458 57.2997 127.1759 1.967e-16 1.541e-16 6.822e-17 0.0 109.93 1.0
S137459 57.3636 127.2035 3.8069999999999997e-22 9.049e-22 4.108e-21 0.0 106.59 0.0
S137460 57.299 127.1861 2.2960000000000003e-20 3.603e-20 6.406e-20 0.0 108.67 0.0
S137461 57.3147 127.1819 6.31e-22 1.424e-21 5.404e-21 0.0 109.38 0.0
S137462 57.3591 127.1956 4.13e-16 3.069e-16 1.222e-16 0.0 109.07 0.0
S137463 57.2857 127.1737 1.804e-17 1.7e-17 1.13e-17 0.0 106.52 0.0
S137464 57.3117 127.1693 1.3239999999999999e-22 2.8169999999999996e-22 9.8e-22 0.0 107.16 0.0
S137465 57.2934 127.1916 4.257e-17 1.078e-16 5.536e-16 0.0 105.7 1.0
S137466 57.3128 127.1481 3.397e-16 5.582e-16 1.139e-15 0.0 107.49 0.0
S137467 57.3457 127.2223 9.296e-18 9.08e-18 6.412e-18 0.0 108.22 0.0
S137468 57.3194 127.198 2.279e-17 3.859e-17 8.169e-17 0.0 108.43 0.0
S137469 57.3039 127.1694 1.396e-17 1.31e-17 8.512e-18 0.0 107.41 0.0
S137470 57.286 127.1681 2.389e-21 4.783e-21 1.4860000000000002e-20 0.0 106.44 0.0
S137471 57.3128 127.179 3.873e-18 4.16e-18 3.532e-18 0.0 107.58 0.0
S137472 57.3172 127.1747 2.586e-17 2.413e-17 1.506e-17 0.0 106.71 0.0
S137473 57.2894 127.1941 2.64e-17 4.645e-17 1.042e-16 0.0 105.71 0.0
S137474 57.3579 127.1911 3.898e-16 2.984e-16 1.235e-16 0.0 106.43 1.0
S137475 57.2975 127.1819 4.088e-17 3.407e-17 1.761e-17 0.0 106.62 0.0
S137476 57.3216 127.1845 5.207e-13 3.715e-13 1.347e-13 0.0 109.2 0.0
S137477 57.3142 127.1773 2.366e-19 3.052e-19 3.675e-19 0.0 106.37 0.0
S137478 57.2937 127.1974 1.6780000000000003e-20 3.051e-20 7.604e-20 0.0 108.32 0.0
S137479 57.3052 127.1942 1.155e-16 2.102e-16 5.05e-16 0.0 109.38 0.0
S137480 57.3202 127.1925 2.147e-21 4.457e-21 1.45e-20 0.0 108.79 0.0
S137481 57.3137 127.183 7.888e-19 9.602e-19 1.071e-18 0.0 107.71 0.0
S137482 57.338 127.1746 4.274e-17 3.893e-17 2.309e-17 0.0 109.93 0.0
S137483 57.3241 127.1876 2.253e-16 1.79e-16 7.925e-17 0.0 110.17 0.0
S137484 57.2833 127.1575 3.426e-18 3.62e-18 2.802e-18 0.0 108.58 0.0
S137485 57.2985 127.2016 7.033e-19 8.748e-19 1.006e-18 0.0 108.88 0.0
S137486 57.274 127.1685 5.424e-18 5.395e-18 3.744e-18 0.0 106.8 0.0
S137487 57.3174 127.1958 1.004e-17 9.872e-18 6.807e-18 0.0 109.67 0.0
S137488 57.3199 127.1888 1.188e-19 1.848e-19 3.388e-19 0.0 106.57 0.0
S137489 57.3313 127.1721 2.6840000000000002e-21 5.318e-21 1.636e-20 0.0 105.75 0.0
S137490 57.3191 127.1921 1.284e-22 3.296e-22 1.756e-21 0.0 107.41 0.0
S137491 57.297 127.1649 5.376e-17 1.17e-16 4.243e-16 0.0 110.15 1.0
S137492 57.3211 127.2004 4.312e-21 8.592e-21 2.5540000000000003e-20 0.0 108.51 0.0
S137493 57.3128 127.1861 2.773e-18 3.084e-18 2.705e-18 0.0 109.41 0.0
S137494 57.3457 127.2305 4.548e-17 3.931e-17 2.17e-17 0.0 110.21 0.0
S137495 57.3283 127.1674 2.969e-19 3.846e-19 4.966e-19 0.0 107.52 0.0
S137496 57.308 127.1726 1.207e-17 2.334e-17 6.853e-17 0.0 107.91 0.0
S137497 57.2969 127.1531 2.102e-19 3.01e-19 4.361e-19 0.0 108.54 0.0
S137498 57.3143 127.2148 1.921e-19 2.712e-19 3.911e-19 0.0 107.01 0.0
S137499 57.2825 127.1749 4.744e-18 5.027e-18 4.004e-18 0.0 108.7 0.0
S137500 57.2827 127.205 5.926e-17 1e-16 2.193e-16 0.0 107.2 0.0
S137501 57.3024 127.1889 7.759999999999999e-22 1.756e-21 7.025e-21 0.0 105.97 0.0
S137502 57.3422 127.177 1.4229999999999998e-22 3.6409999999999996e-22 1.79e-21 0.0 108.47 0.0
S137503 57.289 127.1997 3.544e-17 3.174e-17 1.793e-17 0.0 106.51 0.0
S137504 57.3439 127.1973 3.48e-21 2.426e-21 8.398999999999999e-22 0.0 105.66 0.0
S137505 57.2852 127.2073 2.829e-21 5.297e-21 1.393e-20 0.0 109.39 0.0
S137506 57.3517 127.167 1.6059999999999998e-23 4.767e-23 3.223e-22 0.0 108.72 0.0
S137507 57.309 127.1721 7.077e-24 2.2399999999999998e-23 1.7919999999999999e-22 0.0 105.93 0.0
S137508 57.2733 127.1717 1.373e-18 1.659e-18 1.827e-18 0.0 108.26 0.0
S137509 57.2923 127.1915 3.576e-17 3.101e-17 1.691e-17 0.0 107.82 0.0
S137510 57.3313 127.1854 3.445e-17 6.159e-17 1.463e-16 0.0 109.35 0.0
S137511 57.28 127.1804 1.672e-16 1.346e-16 6.333e-17 0.0 106.77 0.0
S137512 57.312 127.1572 8.597999999999999e-22 1.82e-21 6.18e-21 0.0 105.9 0.0
S137513 57.3084 127.1804 2.161e-21 4.6e-21 1.6130000000000002e-20 0.0 109.38 0.0
S137514 57.285 127.1836 8.994e-22 1.992e-21 7.678e-21 0.0 105.81 0.0
S137515 57.3112 127.2227 2.121e-17 1.887e-17 1.056e-17 0.0 109.37 0.0
S137516 57.2975 127.1852 1.383e-21 3.157e-21 1.2760000000000001e-20 0.0 106.03 0.0
S137517 57.2712 127.1908 2.947e-18 3.212e-18 2.659e-18 0.0 107.45 0.0
S137518 57.3287 127.189 3.532e-25 1.63e-24 2.763e-23 0.0 107.35 0.0
S137519 57.2716 127.202 3.926e-21 2.6480000000000002e-21 9.095e-22 0.0 107.94 0.0
S137520 57.3379 127.1899 1.457e-23 4.648e-23 3.8409999999999995e-22 0.0 105.82 0.0
S137521 57.3436 127.1897 1.642e-17 3.343e-17 1.016e-16 0.0 108.39 0.0
S137522 57.3008 127.1678 1.273e-24 5.04e-24 6.327e-23 0.0 110.32 0.0
S137523 57.3164 127.1816 7.742999999999999e-22 1.862e-21 8.623e-21 0.0 106.93 0.0
S137524 57.3362 127.1823 1.135e-17 1.084e-17 7.12e-18 0.0 107.91 0.0
S137525 57.2972 127.1769 5.271e-17 4.465e-17 2.347e-17 0.0 110.04 0.0
S137526 57.2928 127.1754 1.219e-19 1.7e-19 2.462e-19 0.0 107.82 0.0
S137527 57.3433 127.1801 7.986000000000001e-20 1.173e-19 1.881e-19 0.0 106.13 0.0
S137528 57.3308 127.1717 5.13e-19 6.526e-19 7.613e-19 0.0 105.94 0.0
S137529 57.3092 127.1652 4.541e-17 7.695e-17 1.598e-16 0.0 109.77 0.0
S137530 57.3247 127.1847 6.356e-19 7.644e-19 7.797e-19 0.0 109.55 0.0
S137531 57.3257 127.1592 1.583e-17 1.433e-17 8.246e-18 0.0 105.83 0.0
S137532 57.2982 127.1953 6.312e-17 1.265e-16 3.763e-16 0.0 107.27 0.0
S137533 57.3335 127.1887 1.631e-21 3.5010000000000004e-21 1.2210000000000001e-20 0.0 106.53 0.0
S137534 57.3135 127.186 1.0929999999999999e-23 3.399e-23 2.658e-22 0.0 108.53 0.0
S137535 57.3001 127.1743 8.59e-24 2.807e-23 2.456e-22 0.0 107.21 0.0
S137536 57.2951 127.1859 6.774999999999999e-22 1.631e-21 7.427e-21 0.0 106.25 0.0
S137537 57.3323 127.1911 3.107e-17 6.199e-17 1.901e-16 0.0 109.39 0.0
S137538 57.3218 127.1924 4.106e-21 2.789e-21 9.459999999999999e-22 0.0 109.59 0.0
S137539 57.2846 127.1582 5.816e-17 1.536e-16 8.587e-16 0.0 107.2 1.0
S137540 57.3042 127.1961 5.59e-19 7.12e-19 8.372e-19 0.0 109.26 0.0
S137541 57.3096 127.1921 2.113e-17 1.961e-17 1.211e-17 0.0 108.3 0.0
S137542 57.3196 127.1868 3.38e-17 3.104e-17 1.86e-17 0.0 107.89 0.0
S137543 57.3045 127.1778 3.5130000000000004e-21 2.429e-21 8.496e-22 0.0 106.07 0.0
S137544 57.3355 127.1593 1.261e-18 1.419e-18 1.297e-18 0.0 106.67 0.0
S137545 57.3465 127.1922 2.005e-12 1.665e-12 8.427e-13 0.0 109.41 1.0
S137546 57.3012 127.178 4.697e-18 4.94e-18 3.857e-18 0.0 107.4 0.0
S137547 57.3125 127.1947 1.251e-17 2.297e-17 5.735e-17 0.0 110.13 0.0
S137548 57.321 127.1975 4.94e-17 9.087e-17 2.412e-16 0.0 105.68 0.0
S137549 57.3314 127.177 3.263e-18 3.431e-18 2.809e-18 0.0 107.93 0.0
S137550 57.3258 127.2069 8.19e-17 6.83e-17 3.445e-17 0.0 106.67 0.0
S137551 57.3434 127.1858 8.369e-24 2.724e-23 2.3429999999999997e-22 0.0 107.94 0.0
S137552 57.3417 127.1969 3.0580000000000002e-21 6.1530000000000005e-21 1.928e-20 0.0 108.13 0.0
S137553 57.2927 127.1707 9.627e-23 2.643e-22 1.629e-21 0.0 107.38 0.0
S137554 57.3218 127.1823 5.1e-18 5.309e-18 4.032e-18 0.0 106.66 0.0
S137555 57.3259 127.1624 4.892e-17 4.403e-17 2.593e-17 0.0 105.64 0.0
S137556 57.3252 127.1977 4.756e-21 3.125e-21 9.928999999999998e-22 0.0 108.39 0.0
S137557 57.351 127.1947 4.257e-23 1.2299999999999998e-22 8.264999999999999e-22 0.0 107.17 0.0
S137558 57.3006 127.2039 1.4410000000000002e-20 2.4650000000000003e-20 5.648e-20 0.0 107.95 0.0
S137559 57.3355 127.2037 3.185e-18 3.305e-18 2.655e-18 0.0 108.84 0.0
S137560 57.3255 127.1648 6.583e-17 5.739e-17 3.027e-17 0.0 109.77 0.0
S137561 57.3253 127.1706 3.289e-18 3.71e-18 3.544e-18 0.0 107.64 0.0
S137562 57.3293 127.1709 2.53e-22 6.299999999999999e-22 3.14e-21 0.0 107.86 0.0
S137563 57.3229 127.2098 1.828e-16 1.498e-16 7.1e-17 0.0 107.81 0.0
S137564 57.2846 127.1706 3.074e-21 2.1430000000000002e-21 7.635999999999999e-22 0.0 107.88 0.0
S137565 57.3237 127.1788 2.074e-17 4.123e-17 1.261e-16 0.0 109.2 0.0
S137566 57.2996 127.195 1.838e-18 1.999e-18 1.773e-18 0.0 106.48 0.0
S137567 57.3052 127.1892 2.371e-12 1.95e-12 9.445e-13 0.0 106.53 1.0
S137568 57.3141 127.2173 2.246e-19 2.981e-19 3.875e-19 0.0 107.06 0.0
S137569 57.347 127.195 1.746e-17 3.508e-17 1.13e-16 0.0 109.02 0.0
S137570 57.299 127.1796 1.015e-16 2.505e-16 1.212e-15 0.0 108.41 1.0
S137571 57.3066 127.1772 1.063e-17 1.688e-17 3.139e-17 0.0 106.89 0.0
S137572 57.3079 127.1628 1.83e-17 3.865e-17 1.308e-16 0.0 105.92 0.0
S137573 57.305 127.2013 2.706e-13 1.814e-13 5.865e-14 0.0 106.25 0.0
S137574 57.2774 127.1611 8.107e-20 1.162e-19 1.734e-19 0.0 105.53 0.0
S137575 57.3492 127.1779 3.649e-17 3.197e-17 1.791e-17 0.0 105.6 0.0
S137576 57.3282 127.217 1.897e-20 3.169e-20 6.853e-20 0.0 110.15 0.0
S137577 57.3199 127.1904 1.44e-24 5.923e-24 7.841e-23 0.0 106.15 0.0
S137578 57.2866 127.1735 3.756e-22 8.269e-22 3.184e-21 0.0 106.94 0.0
S137579 57.3269 127.1767 4.224e-18 4.431e-18 3.579e-18 0.0 110.13 0.0
S137580 57.3195 127.2042 1.435e-17 1.336e-17 8.508e-18 0.0 109.55 0.0
S137581 57.2854 127.1743 8.783e-13 6.547e-13 2.623e-13 0.0 106.88 0.0
S137582 57.3469 127.1874 2.352e-16 6.771e-16 4.221e-15 0.0 110.08 1.0
S137583 57.3211 127.21 1.368e-12 1.028e-12 4.243e-13 0.0 107.73 1.0
S137584 57.3302 127.1652 1.815e-20 3.168e-20 6.968e-20 0.0 106.79 0.0
S137585 57.3247 127.1856 6.254e-21 1.2050000000000001e-20 3.4180000000000006e-20 0.0 109.65 0.0
S137586 57.2959 127.1889 8.129e-17 6.801e-17 3.325e-17 0.0 107.38 0.0
S137587 57.3121 127.1919 2.676e-17 2.309e-17 1.257e-17 0.0 107.85 0.0
S137588 57.3286 127.1901 1.626e-20 2.754e-20 6.016e-20 0.0 106.79 0.0
S137589 57.3355 127.1641 1.383e-21 2.876e-21 9.101e-21 0.0 107.29 0.0
S137590 57.2934 127.1984 6.589e-21 4.296e-21 1.291e-21 0.0 109.52 0.0
S137591 57.3465 127.2005 1.898e-20 3.18e-20 6.649e-20 0.0 108.2 0.0
S137592 57.308 127.1734 3.6280000000000003e-25 1.679e-24 3.0889999999999997e-23 0.0 106.13 0.0
S137593 57.271 127.1827 1.86e-18 2.061e-18 1.786e-18 0.0 106.24 0.0
S137594 57.3374 127.1918 4.049e-17 3.617e-17 2.121e-17 0.0 106.05 0.0
S137595 57.3176 127.216 7.434e-18 7.355e-18 5.391e-18 0.0 107.45 0.0
S137596 57.3137 127.1764 1.463e-21 3.333e-21 1.3780000000000002e-20 0.0 108.48 0.0
S137597 57.3303 127.1968 2.946e-18 3.285e-18 2.896e-18 0.0 105.87 0.0
S137598 57.3337 127.2124 7.136e-13 5.183e-13 1.876e-13 0.0 109.22 0.0
S137599 57.3452 127.1848 7.818e-24 2.54e-23 2.169e-22 0.0 106.61 0.0
S137600 57.3058 127.2237 1.446e-17 2.337e-17 4.45e-17 0.0 106.36 0.0
S137601 57.305 127.1761 3.355e-21 2.358e-21 8.269e-22 0.0 106.23 0.0
S137602 57.3386 127.1821 5.808e-19 7.007e-19 7.647e-19 0.0 109.19 0.0
S137603 57.2786 127.1675 1.3420000000000001e-21 3.028e-21 1.192e-20 0.0 106.44 0.0
S137604 57.3121 127.1832 2.871e-17 5.065e-17 1.178e-16 0.0 108.8 0.0
S137605 57.3156 127.2035 1.754e-17 3.884e-17 1.438e-16 0.0 108.9 0.0
S137606 57.3275 127.1839 1.651e-18 1.895e-18 1.775e-18 0.0 105.39 0.0
S137607 57.309 127.2136 1.757e-23 6.326e-23 6.463999999999999e-22 0.0 109.34 0.0
S137608 57.3057 127.1803 7.133000000000001e-20 1.098e-19 1.916e-19 0.0 107.13 0.0
S137609 57.3 127.1715 6.584e-21 1.163e-20 2.815e-20 0.0 107.18 0.0
S137610 57.3375 127.1838 3.514e-17 3.093e-17 1.751e-17 0.0 107.23 0.0
S137611 57.3035 127.1931 6.168e-18 6.504e-18 5.119e-18 0.0 105.86 0.0
S137612 57.3554 127.1707 1.925e-17 1.737e-17 1.046e-17 0.0 108.14 0.0
S137613 57.3401 127.1999 7.015e-20 1.038e-19 1.741e-19 0.0 109.79 0.0
S137614 57.2912 127.2015 2.723e-21 5.338e-21 1.595e-20 0.0 110.02 0.0
S137615 57.3312 127.1856 4.798e-21 9.714000000000001e-21 2.94e-20 0.0 108.23 0.0
S137616 57.3312 127.1924 2.948e-18 2.959e-18 2.219e-18 0.0 108.38 0.0
S137617 57.3381 127.1833 4.309e-23 1.161e-22 6.471e-22 0.0 105.68 0.0
S137618 57.2912 127.1989 1.854e-12 1.611e-12 8.892e-13 0.0 105.77 1.0
S137619 57.3316 127.2087 9.929e-20 1.382e-19 2.003e-19 0.0 108.94 0.0
S137620 57.3045 127.1826 5.588e-18 5.797e-18 4.37e-18 0.0 106.78 0.0
S137621 57.3266 127.1699 5.41e-20 8.283000000000001e-20 1.452e-19 0.0 109.37 0.0
S137622 57.3024 127.1662 2.537e-18 2.622e-18 1.999e-18 0.0 108.68 0.0
S137623 57.2992 127.1627 1.593e-18 1.861e-18 1.8e-18 0.0 108.96 0.0
S137624 57.3345 127.1943 2.723e-23 8.939999999999999e-23 7.921999999999999e-22 0.0 106.12 0.0
S137625 57.2945 127.1781 3.689e-19 4.496e-19 5.027e-19 0.0 106.62 0.0
S137626 57.3512 127.2024 8.434e-20 1.263e-19 2.176e-19 0.0 109.89 0.0
S137627 57.3147 127.188 1.645e-15 1.249e-15 5.186e-16 0.0 106.04 0.0
S137628 57.3146 127.1882 1.894e-16 1.478e-16 6.566e-17 0.0 116.56 1.0
S137629 57.3143 127.1882 5.056e-19 6.637e-19 8.528e-19 0.0 113.84 0.0
S137630 57.3142 127.1879 5.473e-17 4.906e-17 2.775e-17 0.0 106.64 0.0
S137631 57.3143 127.1881 5.011e-17 8.035e-17 1.545e-16 0.0 116.03 0.0
S137632 57.3145 127.1881 1.398e-15 9.875e-16 3.7e-16 0.0 106.7 0.0
S137633 57.3145 127.1879 6.158e-17 5.08e-17 2.457e-17 0.0 112.87 0.0
S137634 57.3145 127.1882 2.454e-16 1.892e-16 8.053e-17 0.0 98.32 1.0
S137635 57.3145 127.1882 2.576e-17 4.104e-17 7.749e-17 0.0 108.07 0.0
S137636 57.3145 127.1883 1.855e-16 1.499e-16 7.093e-17 0.0 107.9 0.0
S137637 57.3146 127.188 6.234e-13 6.387e-13 4.857e-13 0.0 96.27 1.0
S137638 57.3146 127.188 1.087e-15 8.063e-16 3.104e-16 0.0 96.42 0.0
S137639 57.3144 127.188 3.698e-17 8.651e-17 3.574e-16 0.0 99.78 0.0
S137640 57.3143 127.1881 1.051e-15 7.63e-16 2.957e-16 0.001 102.04 0.0
S137641 57.3145 127.1882 5.248e-16 4.045e-16 1.713e-16 0.0 112.9 1.0
S137642 57.3144 127.1882 4.474e-17 4.13e-17 2.562e-17 0.0 105.03 0.0
S137643 57.3145 127.1883 6.123e-16 4.658e-16 1.956e-16 0.0 115.96 1.0
S137644 57.3143 127.1881 9.241e-13 6.537e-13 2.349e-13 0.0 104.38 0.0
S137645 57.3143 127.1883 4.764e-16 3.494e-16 1.423e-16 0.0 104.87 0.0
S137646 57.3145 127.1882 5.877e-13 3.964e-13 1.323e-13 0.0 100.58 0.0
S137647 57.3148 127.1882 1.851e-19 2.486e-19 3.262e-19 0.0 100.1 0.0
S137648 57.3143 127.1881 9.136e-15 6.242e-15 2.04e-15 0.0 96.63 1.0
S137649 57.3144 127.1882 3.223e-21 2.242e-21 7.862999999999999e-22 0.0 110.0 0.0
S137650 57.3142 127.1881 5.074e-18 5.308e-18 4.434e-18 0.0 102.31 0.0
S137651 57.3142 127.1881 1.993e-17 3.596e-17 8.457e-17 0.0 102.54 0.0
S137652 57.3143 127.1879 1.299e-16 1.116e-16 5.862e-17 0.001 114.95 0.0
S137653 57.3145 127.1881 1.73e-12 1.404e-12 6.552e-13 0.0 98.8 1.0
S137654 57.3146 127.188 2.817e-16 2.16e-16 9.041e-17 0.0 117.41 1.0
S137655 57.3144 127.1881 1.396e-14 9.387e-15 3.119e-15 0.0 98.81 0.0
S137656 57.3146 127.1882 1.087e-15 8.009e-16 3.15e-16 0.0 99.58 0.0
S137657 57.2561 127.3653 7.199e-19 8.48e-19 8.265e-19 0.0 105.85 0.0
S137658 57.2515 127.2313 7.202e-19 8.757e-19 8.931e-19 0.0 108.99 0.0
S137659 57.2883 127.3871 1.0360000000000001e-20 1.853e-20 4.4420000000000004e-20 0.001 105.0 0.0
S137660 57.2959 127.1798 4.404e-18 4.605e-18 3.628e-18 0.0 109.16 0.0
S137661 57.141 127.1833 7.101e-23 1.8529999999999997e-22 9.549999999999999e-22 0.0 109.33 0.0
S137662 57.306 127.1058 6.56e-21 1.1830000000000001e-20 2.913e-20 0.0 107.08 0.0
S137663 57.4961 127.1384 5.689e-19 7.115e-19 7.983e-19 0.0 108.55 0.0
S137664 56.9376 127.0202 3.3749999999999997e-23 8.996e-23 5.035e-22 0.0 110.27 0.0
S137665 57.3278 127.2601 3.604e-23 9.199e-23 4.541e-22 0.0 108.13 0.0
S137666 57.1616 126.9678 5.049e-24 1.763e-23 1.7099999999999998e-22 0.0 110.05 0.0
S137667 57.3802 127.1553 4.489999999999999e-22 1.111e-21 5.155e-21 0.0 109.21 0.0
S137668 57.371 127.1331 2.162e-22 5.616999999999999e-22 2.921e-21 0.0 109.41 0.0
S137669 56.9526 127.0016 6.84e-26 3.693e-25 9.17e-24 0.0 108.82 0.0
S137670 57.1326 127.1044 1.173e-21 2.379e-21 7.458e-21 0.0 109.07 0.0
S137671 57.358 127.2579 1.4370000000000001e-21 2.997e-21 1.025e-20 0.0 110.33 0.0
S137672 57.1533 127.1806 1.23e-18 1.44e-18 1.399e-18 0.0 106.94 0.0
S137673 57.2597 127.3774 1.635e-17 1.546e-17 1.005e-17 0.0 107.8 0.0
S137674 57.4005 127.1177 1.321e-18 1.539e-18 1.517e-18 0.0 105.18 0.0
S137675 57.1474 127.109 2.6550000000000003e-20 4.4480000000000004e-20 8.989000000000001e-20 0.0 110.36 0.0
S137676 57.4386 127.1395 5.0420000000000004e-20 7.572000000000001e-20 1.287e-19 0.0 108.66 0.0
S137677 57.284 127.453 3.067e-19 4.057e-19 5.159e-19 0.0 107.1 0.0
S137678 57.3456 127.0417 1.701e-21 3.46e-21 1.1120000000000001e-20 0.0 110.77 0.0
S137679 57.3155 127.1093 1.5550000000000002e-20 2.691e-20 6.036000000000001e-20 0.0 107.28 0.0
S137680 57.096 127.1918 2.691e-21 5.323e-21 1.549e-20 0.0 105.88 0.0
S137681 57.3834 127.072 2.695e-21 5.06e-21 1.3350000000000001e-20 0.0 108.1 0.0
S137682 57.3298 127.1305 1.946e-17 3.113e-17 5.921e-17 0.0 110.23 0.0
S137683 57.5687 127.3623 2.18e-20 3.725e-20 8.239000000000001e-20 0.0 104.59 0.0
S137684 57.3424 127.2902 4.501e-22 9.854e-22 3.721e-21 0.001 105.28 0.0
S137685 57.3882 127.1034 1.646e-27 1.485e-26 1.032e-24 0.0 105.43 0.0
S137686 57.404 126.9673 7.515999999999999e-22 1.6540000000000001e-21 6.201e-21 0.0 109.69 0.0
S137687 57.2114 127.2073 2.822e-17 2.551e-17 1.523e-17 0.0 110.2 0.0
S137688 57.5801 127.1568 3.361e-20 5.579e-20 1.129e-19 0.0 109.05 0.0
S137689 57.3156 127.3676 7.507e-24 2.275e-23 1.697e-22 0.0 109.84 0.0
S137690 57.4909 127.0392 8.523e-21 1.576e-20 4.1250000000000003e-20 0.0 108.61 0.0
S137691 57.4757 127.3094 3.0329999999999996e-22 7.501999999999999e-22 3.437e-21 0.0 106.0 0.0
S137692 57.376 127.3744 8.824e-18 8.836e-18 6.672e-18 0.0 109.43 0.0
S137693 57.4925 127.0325 8.904000000000001e-21 1.515e-20 3.3580000000000004e-20 0.0 108.25 0.0
S137694 57.4529 127.2048 3.304e-19 4.425e-19 5.972e-19 0.0 107.4 0.0
S137695 57.1104 127.3537 1.0009999999999999e-22 2.266e-22 8.915e-22 0.0 105.13 0.0
S137696 56.9521 126.9825 1.2349999999999999e-22 3.2839999999999995e-22 1.846e-21 0.0 106.13 1.0
S137697 57.344 127.0931 1.5370000000000002e-20 2.8410000000000003e-20 7.173e-20 0.0 105.75 0.0
S137698 57.4324 127.3144 1.594e-23 5.617e-23 5.536e-22 0.0 110.16 0.0
S137699 57.1058 127.3494 3.2559999999999997e-22 7.981999999999999e-22 3.643e-21 0.0 108.7 0.0
S137700 57.2393 127.0829 2.506e-19 3.566e-19 5.422e-19 0.0 111.01 0.0
S137701 57.3261 127.0253 8.211e-23 2.191e-22 1.261e-21 0.0 108.0 0.0
S137702 57.1808 127.1716 6.633e-21 1.2190000000000001e-20 3.1780000000000004e-20 0.0 104.71 0.0
S137703 57.1635 127.293 3.121e-18 3.432e-18 2.966e-18 0.0 108.89 0.0
S137704 57.5371 127.2833 3.901e-18 4.201e-18 3.434e-18 0.0 106.23 0.0
S137705 57.4199 127.2455 2.383e-21 4.873e-21 1.598e-20 0.0 108.69 0.0
S137706 57.0117 127.0714 2.9870000000000002e-21 2.126e-21 7.713999999999999e-22 0.0 109.08 0.0
S137707 57.2384 127.2136 1.186e-21 2.507e-21 8.528e-21 0.0 107.94 0.0
S137708 57.1524 127.0823 1.651e-17 2.542e-17 4.422e-17 0.0 109.81 0.0
S137709 57.445 127.3268 2.286e-24 9.154e-24 1.1819999999999998e-22 0.0 106.84 0.0
S137710 57.2806 127.1098 8.454999999999999e-22 1.9050000000000002e-21 7.618e-21 0.0 109.62 0.0
S137711 57.4922 127.2226 1.897e-22 4.967999999999999e-22 2.6660000000000002e-21 0.0 111.0 0.0
S137712 57.1441 127.0115 9.179e-22 1.901e-21 6.411e-21 0.0 105.55 0.0
S137713 57.1689 127.2509 7.635999999999999e-22 1.695e-21 6.536e-21 0.0 104.9 0.0
S137714 57.2402 127.4774 6.196e-23 1.6499999999999998e-22 9.267e-22 0.0 108.52 0.0
S137715 57.4064 127.1591 1.2e-18 1.435e-18 1.497e-18 0.0 108.87 0.0
S137716 57.5145 127.0754 1.674e-20 2.8190000000000004e-20 5.815e-20 0.0 108.65 0.0
S137717 57.1423 127.173 5.299e-24 1.908e-23 2.0069999999999998e-22 0.0 108.93 0.0
S137718 57.1995 127.2577 9.265000000000001e-20 1.355e-19 2.248e-19 0.0 106.64 0.0
S137719 57.3622 127.1891 2.04e-21 4.469e-21 1.6160000000000003e-20 0.0 109.59 1.0
S137720 57.4384 127.2433 3.6739999999999997e-23 1.0279999999999999e-22 6.167999999999999e-22 0.0 109.62 0.0
S137721 57.2992 127.0766 3.431e-17 3.065e-17 1.795e-17 0.0 107.88 0.0
S137722 57.291 127.1622 6.666e-18 6.622e-18 4.53e-18 0.0 105.64 0.0
S137723 57.5886 127.2293 1.984e-21 3.914e-21 1.211e-20 0.0 109.52 0.0
S137724 57.2349 127.0888 2.4580000000000003e-20 4.0180000000000006e-20 7.989000000000001e-20 0.0 107.65 0.0
S137725 57.2354 127.3102 1.198e-19 1.741e-19 2.761e-19 0.0 106.45 0.0
S137726 57.3593 127.0015 4.259e-22 1.001e-21 4.199e-21 0.0 106.69 0.0
S137727 57.4695 127.2046 5.383999999999999e-22 1.242e-21 5.161e-21 0.0 104.65 0.0
S137728 57.2828 127.011 7.225e-20 1.063e-19 1.737e-19 0.0 109.93 0.0
S137729 57.2443 127.0815 3.281e-23 9.557999999999999e-23 6.28e-22 0.001 105.2 0.0
S137730 57.5571 127.2094 3.045e-21 6.35e-21 2.0520000000000002e-20 0.0 107.25 0.0
S137731 57.407 127.0652 2.5119999999999996e-22 5.931999999999999e-22 2.649e-21 0.0 104.95 0.0
S137732 57.3537 127.3842 1.278e-19 1.883e-19 2.915e-19 0.0 104.82 0.0
S137733 57.2761 127.0634 3.2929999999999996e-22 6.799e-22 2.252e-21 0.0 107.5 0.0
S137734 57.4599 127.3096 2.0989999999999998e-22 5.183e-22 2.38e-21 0.0 108.15 0.0
S137735 57.4146 127.3158 2.7060000000000003e-20 4.23e-20 7.963000000000001e-20 0.0 107.72 0.0
S137736 57.1726 127.0625 3.415e-13 3.847e-13 3.712e-13 0.0 106.2 0.0
S137737 57.1895 127.1801 1.2589999999999999e-23 4.0249999999999997e-23 3.124e-22 0.0 105.12 0.0
S137738 57.4132 127.0318 1.359e-22 3.2939999999999997e-22 1.491e-21 0.0 109.81 0.0
S137739 57.2569 127.1517 4.946e-17 1.157e-16 5.001e-16 0.0 105.69 1.0
S137740 56.9444 127.3009 3.983e-21 2.699e-21 9.295e-22 0.0 107.36 0.0
S137741 57.5023 127.0622 9.937e-19 1.147e-18 1.091e-18 0.0 106.19 0.0
S137742 57.3555 127.0664 2.844e-22 6.893999999999999e-22 3.09e-21 0.0 106.45 0.0
S137743 57.0338 127.2401 5.759e-20 8.861000000000001e-20 1.573e-19 0.0 111.14 0.0
S137744 57.4657 127.1623 1.908e-18 2.251e-18 2.307e-18 0.0 105.61 0.0
S137745 57.1849 127.2321 6.953e-18 6.829e-18 4.73e-18 0.0 107.02 0.0
S137746 57.4375 127.3321 1.2369999999999999e-23 4.234e-23 3.9109999999999997e-22 0.0 105.08 0.0
S137747 57.4129 126.9931 3.133e-21 2.191e-21 7.783999999999999e-22 0.0 109.04 0.0
S137748 57.4211 127.2189 4.692e-17 3.988e-17 2.101e-17 0.0 108.64 0.0
S137749 57.3432 127.104 2.815e-20 4.7790000000000005e-20 1.017e-19 0.0 109.07 0.0
S137750 57.0119 126.9682 5.954e-21 1.1020000000000001e-20 2.7500000000000004e-20 0.0 106.82 0.0
S137751 57.2419 127.3379 2.6359999999999997e-23 8.714e-23 7.430999999999999e-22 0.0 109.81 0.0
S137752 57.3683 127.2594 5.231e-21 1.016e-20 2.953e-20 0.0 110.49 0.0
S137753 57.6396 127.4105 2.134e-17 2.012e-17 1.303e-17 0.0 105.11 0.0
S137754 57.3911 127.2358 4.2199999999999997e-23 1.0859999999999998e-22 5.749e-22 0.0 110.44 0.0
S137755 57.5303 127.2937 1.32e-23 4.2389999999999996e-23 3.3649999999999995e-22 0.0 108.14 0.0
S137756 57.1189 127.1865 8.608e-22 1.771e-21 5.722e-21 0.0 108.2 0.0
S137757 57.5234 127.3573 5.354e-21 1.0170000000000001e-20 2.7490000000000005e-20 0.0 109.09 0.0
S137758 57.6262 127.1614 9.419e-21 1.7300000000000003e-20 4.34e-20 0.0 105.76 0.0
S137759 57.4709 127.2446 4.371e-19 5.412e-19 6.031e-19 0.0 110.41 0.0
S137760 57.136 126.8684 3.713e-20 5.983e-20 1.17e-19 0.0 109.43 0.0
S137761 57.0829 127.0908 3.073e-18 3.377e-18 2.955e-18 0.0 109.64 0.0
S137762 57.1407 127.169 8.326e-21 1.466e-20 3.451e-20 0.0 106.04 0.0
S137763 57.1598 126.9622 2.1730000000000002e-20 3.5450000000000003e-20 6.749000000000001e-20 0.0 104.57 0.0
S137764 57.2412 127.2143 7.702e-19 9.313e-19 1.015e-18 0.0 109.1 0.0
S137765 57.3872 127.2382 7.659e-13 5.415e-13 1.94e-13 0.0 107.47 0.0
S137766 57.2866 127.0095 1.316e-17 1.208e-17 7.37e-18 0.0 109.22 0.0
S137767 57.46 127.3741 3.892e-20 6.080000000000001e-20 1.135e-19 0.0 106.69 0.0
S137768 57.0906 127.1857 1.977e-21 4.115e-21 1.359e-20 0.0 108.06 0.0
S137769 57.1355 127.1494 2.888e-19 4.076e-19 5.989e-19 0.0 106.11 0.0
S137770 57.5396 127.1722 2.312e-17 2.123e-17 1.281e-17 0.0 109.82 0.0
S137771 57.1885 127.2317 3.4270000000000004e-20 5.3310000000000005e-20 9.862000000000001e-20 0.0 111.0 0.0
S137772 57.1854 127.1525 7.401e-18 7.973e-18 6.907e-18 0.0 104.64 0.0
S137773 57.2437 127.2452 9.629999999999999e-23 2.435e-22 1.202e-21 0.0 106.12 1.0
S137774 57.3985 127.0638 1.474e-20 2.4780000000000004e-20 5.1740000000000004e-20 0.0 109.95 0.0
S137775 57.3422 127.428 3.9010000000000006e-20 5.867000000000001e-20 9.833e-20 0.0 107.03 0.0
S137776 57.3998 127.2827 1.117e-22 3.1969999999999997e-22 2.014e-21 0.0 110.01 0.0
S137777 57.3145 127.0908 3.242e-23 9.589e-23 6.569999999999999e-22 0.0 108.72 0.0
S137778 57.479 127.2923 1.0239999999999999e-22 2.6479999999999997e-22 1.4340000000000001e-21 0.0 110.66 0.0
S137779 57.2437 126.9274 2.359e-19 3.091e-19 3.903e-19 0.0 106.86 0.0
S137780 57.2206 127.1825 3.7449999999999996e-23 1.017e-22 6.062999999999999e-22 0.0 106.25 0.0
S137781 57.685 127.1509 7.14e-18 7.03e-18 5.05e-18 0.001 106.41 0.0
S137782 57.2219 127.1774 6.079e-20 9.251000000000001e-20 1.553e-19 0.0 107.5 0.0
S137783 57.4415 127.3466 2.58e-23 7.737e-23 5.571999999999999e-22 0.0 105.05 0.0
S137784 57.3309 127.4091 5.942e-23 1.8319999999999998e-22 1.382e-21 0.0 106.87 0.0
S137785 57.0484 127.1406 1.1559999999999998e-22 3.082e-22 1.742e-21 0.0 105.81 0.0
S137786 57.3267 127.3061 1.94e-17 1.76e-17 1.041e-17 0.0 104.78 0.0
S137787 57.2128 127.0563 1.049e-23 3.129e-23 2.25e-22 0.0 107.1 0.0
S137788 57.0216 127.1523 5.162e-25 2.351e-24 3.941e-23 0.0 108.76 0.0
S137789 57.4044 127.302 2.887e-22 6.922999999999999e-22 3.042e-21 0.0 104.88 0.0
S137790 57.5795 127.3426 1.044e-19 1.465e-19 2.228e-19 0.0 104.42 0.0
S137791 57.1829 127.0383 1.177e-19 1.707e-19 2.652e-19 0.0 105.8 0.0
S137792 57.3602 127.0161 1.524e-21 3.119e-21 1.011e-20 0.0 105.64 0.0
S137793 57.1088 127.003 1.391e-19 1.994e-19 2.89e-19 0.0 106.39 0.0
S137794 57.4106 127.277 4.689e-22 1.24e-21 6.554e-21 0.0 109.41 0.0
S137795 57.2458 127.1937 2.281e-21 1.671e-21 6.503e-22 0.0 105.91 0.0
S137796 57.3639 127.0668 3.9010000000000006e-20 6.116e-20 1.119e-19 0.0 108.34 0.0
S137797 57.2964 127.3541 3.5960000000000004e-21 7.353e-21 2.384e-20 0.0 105.76 0.0
S137798 57.1247 126.9598 6.876e-19 8.069e-19 8.424e-19 0.0 108.96 0.0
S137799 57.2658 127.2157 1.355e-22 3.0409999999999997e-22 1.194e-21 0.0 106.4 0.0
S137800 57.0149 127.111 2.619e-22 6.903e-22 3.643e-21 0.0 106.17 0.0
S137801 57.2027 127.1462 1.495e-21 3.214e-21 1.1240000000000001e-20 0.0 107.2 0.0
S137802 57.5726 127.0785 3.4459999999999995e-22 8.398999999999999e-22 3.827e-21 0.0 107.88 0.0
S137803 57.1017 127.0353 1.198e-21 2.468e-21 8.151e-21 0.0 110.46 0.0
S137804 57.5104 127.3389 2.358e-21 5.022e-21 1.728e-20 0.0 107.36 0.0
S137805 57.0689 127.215 4.014e-25 1.736e-24 2.6359999999999997e-23 0.0 107.32 0.0
S137806 57.1799 127.3858 1.6799999999999998e-22 3.9289999999999995e-22 1.64e-21 0.0 105.17 0.0
S137807 57.4422 127.1244 7.258e-21 1.2590000000000001e-20 2.871e-20 0.0 106.26 0.0
S137808 57.144 126.9553 3.119e-18 3.243e-18 2.574e-18 0.0 105.98 0.0
S137809 57.3593 127.2399 2.058e-21 3.988e-21 1.1290000000000001e-20 0.0 107.42 0.0
S137810 57.1774 127.0191 4.292e-23 1.232e-22 7.752999999999999e-22 0.0 105.92 0.0
S137811 57.4542 127.2428 5.591e-21 1.025e-20 2.515e-20 0.0 110.91 0.0
S137812 57.529 127.2303 4.545e-18 4.688e-18 3.69e-18 0.0 104.89 0.0
S137813 57.3722 127.1657 5.809999999999999e-22 1.221e-21 4.0720000000000004e-21 0.0 107.2 0.0
S137814 57.1449 127.0889 1.092e-20 1.843e-20 3.953e-20 0.0 108.46 0.0
S137815 57.3149 127.2917 1.281e-18 1.447e-18 1.326e-18 0.0 110.93 0.0
S137816 57.6023 127.1392 1.064e-18 1.213e-18 1.176e-18 0.0 107.63 0.0
S137817 57.2068 127.0601 1.905e-18 2.182e-18 2.137e-18 0.0 108.79 0.0
S137818 57.4115 127.1611 3.4789999999999997e-22 7.839e-22 3.135e-21 0.0 106.52 0.0
S137819 57.6383 127.286 1.223e-19 1.701e-19 2.485e-19 0.0 106.12 0.0
S137820 57.2615 127.169 4.156e-23 1.1229999999999998e-22 6.660999999999999e-22 0.0 106.25 0.0
S137821 57.3756 127.1053 5.87e-23 1.5089999999999998e-22 7.6289999999999995e-22 0.0 109.93 0.0
S137822 57.4578 127.1475 2.4720000000000003e-20 4.1790000000000004e-20 8.829000000000001e-20 0.0 110.68 0.0
S137823 57.3613 127.226 3.252e-21 6.2950000000000004e-21 1.7550000000000002e-20 0.0 105.23 0.0
S137824 57.1365 127.2037 4.972e-21 8.935e-21 2.1750000000000003e-20 0.0 108.86 0.0
S137825 57.3778 127.3567 1.625e-19 2.117e-19 2.651e-19 0.0 105.38 0.0
S137826 57.5682 127.1555 4.785e-18 4.887e-18 3.647e-18 0.0 108.51 0.0
S137827 57.4835 127.0442 1.0360000000000001e-20 1.8140000000000002e-20 4.188e-20 0.0 104.54 0.0
S137828 57.4502 127.2441 1.121e-22 2.998e-22 1.616e-21 0.0 106.4 0.0
S137829 57.2961 127.349 1.302e-19 1.874e-19 2.874e-19 0.0 107.11 0.0
S137830 57.0866 127.0671 3.708e-24 1.2979999999999999e-23 1.262e-22 0.0 106.22 0.0
S137831 57.3609 127.208 5.996e-19 7.105e-19 7.338e-19 0.0 108.09 0.0
S137832 57.3428 127.1262 2.9879999999999996e-22 6.832999999999999e-22 2.7610000000000002e-21 0.0 106.75 0.0
S137833 57.1837 127.0479 9.199e-22 1.812e-21 5.333e-21 0.0 110.9 0.0
S137834 57.1517 127.0681 3.094e-16 7.97e-16 4.002e-15 0.0 104.74 1.0
S137835 57.6681 127.2966 3.0189999999999997e-22 7.868e-22 4.141e-21 0.0 107.68 0.0
S137836 57.2156 127.3997 4.3949999999999996e-23 1.2929999999999998e-22 8.659999999999999e-22 0.0 106.57 0.0
S137837 57.2717 127.2147 5.4749999999999995e-22 1.258e-21 5.051e-21 0.0 107.06 0.0
S137838 57.3772 127.0668 1.163e-21 2.402e-21 7.602e-21 0.0 109.98 0.0
S137839 57.2568 127.198 2.074e-18 2.236e-18 1.874e-18 0.0 108.96 0.0
S137840 57.2204 127.1048 1.055e-19 1.603e-19 2.682e-19 0.0 106.16 0.0
S137841 57.4312 127.3321 2.357e-18 2.573e-18 2.178e-18 0.0 107.44 0.0
S137842 57.0829 127.131 3.692e-21 6.961e-21 1.8440000000000002e-20 0.0 106.02 0.0
S137843 57.634 127.2628 9.15e-21 1.5620000000000002e-20 3.4540000000000004e-20 0.0 109.76 0.0
S137844 57.3955 127.237 3.876e-23 1.0149999999999999e-22 5.377e-22 0.0 110.17 0.0
S137845 57.4441 127.4458 1.897e-27 1.544e-26 9.307e-25 0.0 111.04 0.0
S137846 57.0435 127.1243 5.065e-18 5.272e-18 4.077e-18 0.0 105.57 0.0
S137847 57.0992 127.1558 4.561e-21 8.301e-21 2.0750000000000003e-20 0.0 110.09 0.0
S137848 57.4084 127.2733 9.499000000000001e-20 1.351e-19 1.967e-19 0.0 110.72 0.0
S137849 57.3451 127.3217 1.319e-17 1.293e-17 9.059e-18 0.0 105.21 0.0
S137850 57.4374 127.2202 4.561e-24 1.504e-23 1.2779999999999998e-22 0.0 106.81 0.0
S137851 57.1597 127.1478 3.495e-21 2.417e-21 8.434999999999999e-22 0.0 109.04 0.0
S137852 57.2817 127.0937 2.902e-22 7.721e-22 4.327e-21 0.0 107.75 0.0
S137853 57.2296 127.1467 7.096999999999999e-24 2.164e-23 1.54e-22 0.0 110.81 0.0
S137854 57.481 127.1821 1.6570000000000001e-21 3.585e-21 1.287e-20 0.0 109.15 0.0
S137855 57.3723 127.4188 4.041e-19 4.989e-19 5.681e-19 0.0 106.83 0.0
S137856 57.2953 127.0605 7.557e-19 9.418e-19 1.033e-18 0.0 106.82 0.0
S137857 57.2195 127.0367 7.573e-18 6.897e-18 4.168e-18 0.0 106.13 0.0
S137858 57.1144 127.0042 4.3720000000000005e-20 7.061e-20 1.346e-19 0.0 104.56 0.0
S137859 57.336 127.3187 2.741e-19 3.689e-19 5.071e-19 0.0 107.45 0.0
S137860 57.3037 127.336 1.359e-21 2.595e-21 6.876e-21 0.001 107.13 0.0
S137861 57.1805 127.1666 8.425e-19 1.016e-18 1.05e-18 0.0 105.33 0.0
S137862 57.3827 127.1566 1.084e-23 3.171e-23 2.1409999999999996e-22 0.0 109.92 0.0
S137863 57.3826 127.2897 7.033e-20 1.028e-19 1.62e-19 0.0 105.9 0.0
S137864 57.3878 127.3484 8.368e-19 9.907e-19 1.044e-18 0.0 105.11 0.0
S137865 57.0111 127.2092 7.093e-25 2.9319999999999998e-24 4.162e-23 0.0 108.79 0.0
S137866 57.2545 127.0631 4.551e-19 5.588e-19 6.07e-19 0.0 108.39 0.0
S137867 57.4057 127.3729 3.9979999999999996e-22 9.812999999999999e-22 4.664e-21 0.0 110.7 0.0
S137868 57.1704 127.2253 5.357e-19 6.132e-19 5.983e-19 0.0 109.92 0.0
S137869 57.3811 127.1783 5.1689999999999997e-23 1.4949999999999999e-22 1.002e-21 0.0 106.35 0.0
S137870 57.456 127.2003 3.712e-19 4.782e-19 5.986e-19 0.0 105.9 0.0
S137871 57.5135 127.138 2.5699999999999998e-23 7.214e-23 4.458999999999999e-22 0.0 109.84 0.0
S137872 57.0952 127.1861 1.9419999999999997e-22 4.9399999999999995e-22 2.494e-21 0.0 106.01 0.0
S137873 57.0667 127.2435 9.014e-19 1.099e-18 1.208e-18 0.0 109.95 0.0
S137874 57.1722 127.2322 3.417e-17 8.174e-17 3.501e-16 0.0 107.57 1.0
S137875 57.4023 127.1183 1.9580000000000002e-20 3.1020000000000004e-20 5.903e-20 0.0 108.08 0.0
S137876 57.1441 127.0773 1.99e-23 6.241999999999999e-23 4.748e-22 0.0 104.75 0.0
S137877 57.292 127.1852 8.559e-19 1.063e-18 1.182e-18 0.0 108.55 0.0
S137878 57.1835 127.1451 8.985999999999999e-23 2.5869999999999996e-22 1.683e-21 0.0 105.57 0.0
S137879 57.2663 127.2645 1.313e-19 1.847e-19 2.658e-19 0.0 107.23 0.0
S137880 57.4663 127.0426 5.711e-23 1.5449999999999997e-22 8.847e-22 0.0 109.16 0.0
S137881 57.1237 127.2041 1.114e-22 2.5709999999999996e-22 1.052e-21 0.0 109.64 0.0
S137882 57.2835 127.2725 1.228e-21 2.527e-21 8.273e-21 0.0 105.72 0.0
S137883 57.2667 127.0962 1.109e-20 1.9650000000000002e-20 4.6120000000000006e-20 0.0 107.2 0.0
S137884 57.3016 127.3052 1.375e-21 3.047e-21 1.104e-20 0.0 105.63 0.0
S137885 57.0732 127.0882 7.752e-22 1.6630000000000001e-21 5.935e-21 0.0 106.95 0.0
S137886 57.1944 127.138 3.111e-19 3.976e-19 4.743e-19 0.0 105.73 0.0
S137887 57.423 127.0738 1.3189999999999999e-23 3.7939999999999996e-23 2.5809999999999997e-22 0.0 108.05 0.0
S137888 57.2421 127.2259 7.271000000000001e-20 1.031e-19 1.565e-19 0.0 109.45 0.0
S137889 57.3267 127.213 1.522e-17 2.757e-17 6.671e-17 0.0 109.7 0.0
S137890 57.2117 127.3338 1.2599999999999998e-22 3.4389999999999995e-22 2.017e-21 0.0 110.14 0.0
S137891 57.3046 127.1537 3.023e-22 7.951999999999999e-22 4.184e-21 0.0 108.07 0.0
S137892 57.3457 127.2285 4.490999999999999e-22 1.058e-21 4.576e-21 0.0 110.38 0.0
S137893 57.4184 127.145 3.767e-23 1.092e-22 7.128e-22 0.0 108.11 0.0
S137894 57.3332 127.2127 3.39e-23 9.294999999999999e-23 5.4599999999999995e-22 0.0 105.55 0.0
S137895 57.1973 127.3292 1.066e-18 1.234e-18 1.21e-18 0.0 105.97 0.0
S137896 57.2515 127.2007 9.975000000000001e-20 1.487e-19 2.404e-19 0.0 106.18 0.0
S137897 57.1518 127.284 2.5449999999999997e-23 8.087e-23 6.713e-22 0.0 110.88 0.0
S137898 57.4781 127.0674 2.069e-12 1.493e-12 5.566e-13 0.0 105.84 0.0
S137899 57.4394 127.2597 1.212e-17 1.146e-17 7.712e-18 0.0 109.14 0.0
S137900 57.1554 127.0996 3.57e-22 8.833999999999999e-22 4.148e-21 0.001 108.49 0.0
S137901 57.5347 127.1978 1.441e-17 1.432e-17 9.883e-18 0.0 108.53 0.0
S137902 57.5958 127.1916 4.7169999999999995e-22 1.078e-21 4.2500000000000004e-21 0.0 111.18 0.0
S137903 57.1421 127.1541 8.087999999999999e-23 2.316e-22 1.524e-21 0.0 105.13 0.0
S137904 57.0984 127.0516 1.167e-21 2.61e-21 9.656e-21 0.0 106.03 0.0
S137905 57.3439 127.2586 4.754e-24 1.709e-23 1.7539999999999998e-22 0.0 105.44 0.0
S137906 57.504 127.148 1.263e-18 1.43e-18 1.367e-18 0.0 105.77 0.0
S137907 57.4482 127.3424 3.679e-27 2.848e-26 1.437e-24 0.0 107.17 0.0
S137908 57.3374 127.0383 3.104e-22 8.027999999999999e-22 4.184e-21 0.0 105.44 0.0
S137909 57.1994 127.3125 1.1890000000000002e-20 2.067e-20 4.616e-20 0.0 107.99 0.0
S137910 57.2035 127.0204 8.144999999999999e-22 1.758e-21 6.368e-21 0.0 104.65 0.0
S137911 57.417 127.3782 5.962e-23 1.5859999999999998e-22 8.894999999999999e-22 0.0 107.93 0.0
S137912 57.2719 127.074 1.352e-19 2.005e-19 3.114e-19 0.0 106.39 0.0
S137913 57.2689 127.1231 1.486e-17 2.472e-17 4.962e-17 0.0 109.62 0.0
S137914 57.1845 127.2018 1.6169999999999998e-22 3.6539999999999995e-22 1.451e-21 0.0 107.34 0.0
S137915 57.1492 127.1589 4.967e-21 9.241e-21 2.37e-20 0.0 111.06 0.0
S137916 57.3937 127.2458 3.2130000000000004e-20 5.2610000000000006e-20 1.027e-19 0.0 107.28 0.0
S137917 56.967 127.0868 4.295e-22 9.384e-22 3.436e-21 0.0 109.86 0.0
S137918 57.2135 127.022 3.113e-21 2.141e-21 7.581999999999999e-22 0.0 109.2 0.0
S137919 57.1899 127.2253 3.07e-24 1.099e-23 1.1259999999999998e-22 0.0 108.31 0.0
S137920 57.3739 127.1265 5.959e-17 1.183e-16 3.533e-16 0.0 109.52 0.0
S137921 57.3397 127.1505 1.475e-17 2.071e-17 3.024e-17 0.0 106.76 0.0
S137922 57.1653 127.0208 1.904e-19 2.648e-19 3.628e-19 0.0 108.8 0.0
S137923 57.2847 127.0943 1.209e-16 2.191e-16 5.549e-16 0.0 109.32 0.0
S137924 57.4688 127.2832 2.949e-16 2.241e-16 9.301e-17 0.0 108.25 1.0
S137925 57.2995 127.3701 2.0930000000000002e-20 3.6740000000000005e-20 8.463000000000001e-20 0.0 106.96 0.0
S137926 57.5112 127.1824 9.396999999999999e-23 2.451e-22 1.303e-21 0.0 110.52 0.0
S137927 57.1882 127.227 2.637e-17 4.212e-17 7.705e-17 0.0 110.42 0.0
S137928 57.3416 127.0497 2.437e-12 2.006e-12 1.02e-12 0.0 110.2 1.0
S137929 57.4084 127.2696 7.044e-18 6.877e-18 4.664e-18 0.0 105.01 0.0
S137930 57.3139 127.1683 3.134e-18 3.393e-18 2.939e-18 0.0 105.33 0.0
S137931 57.3582 127.145 2.543e-19 3.356e-19 4.335e-19 0.0 106.78 0.0
S137932 57.4448 127.3574 1.395e-17 1.339e-17 8.795e-18 0.0 110.16 0.0
S137933 57.246 127.0221 4.75e-19 5.853e-19 6.531e-19 0.0 109.29 0.0
S137934 57.165 127.368 2.988e-19 3.891e-19 4.918e-19 0.0 110.91 0.0
S137935 57.4258 127.3017 3.961e-19 4.891e-19 5.561e-19 0.0 109.75 0.0
S137936 57.1766 126.967 9.876000000000001e-20 1.435e-19 2.209e-19 0.0 105.69 0.0
S137937 57.4641 127.2162 4.9079999999999995e-23 1.262e-22 6.446e-22 0.0 106.37 0.0
S137938 57.435 126.9779 2.374e-23 6.356999999999999e-23 3.6719999999999997e-22 0.0 108.47 0.0
S137939 57.2675 126.9381 2.0869999999999997e-22 5.703e-22 3.286e-21 0.0 106.87 0.0
S137940 57.1405 127.1135 1.456e-17 1.416e-17 9.763e-18 0.0 111.06 0.0
S137941 57.6403 127.1436 2.627e-19 3.481e-19 4.655e-19 0.0 107.81 0.0
S137942 57.1679 127.2081 7.207e-17 1.25e-16 2.838e-16 0.0 106.0 0.0
S137943 57.4569 127.3037 6.647e-20 1.001e-19 1.73e-19 0.0 106.0 0.0
S137944 57.5674 127.3371 2.007e-24 7.376e-24 7.980999999999999e-23 0.0 108.23 0.0
S137945 57.482 127.1483 2.598e-22 6.714999999999999e-22 3.402e-21 0.0 104.67 0.0
S137946 57.3393 127.181 5.574e-13 4.021e-13 1.492e-13 0.0 108.88 0.0
S137947 57.3622 127.3056 4.108e-19 5.009e-19 5.574e-19 0.0 104.93 0.0
S137948 57.3543 127.1011 1.254e-24 4.978e-24 6.277e-23 0.0 105.31 0.0
S137949 57.2038 127.0864 1.269e-21 2.304e-21 5.628e-21 0.0 110.36 0.0
S137950 57.5041 127.2532 1.086e-19 1.558e-19 2.327e-19 0.0 105.27 0.0
S137951 57.4851 127.2109 6.753e-20 9.639e-20 1.396e-19 0.0 106.93 0.0
S137952 57.1809 127.0305 1.719e-20 2.7000000000000003e-20 5.128e-20 0.0 109.49 0.0
S137953 57.601 127.4271 2.468e-19 3.204e-19 3.966e-19 0.0 104.4 0.0
S137954 57.14 127.3002 3.8359999999999997e-22 8.679e-22 3.422e-21 0.0 108.98 0.0
S137955 57.342 127.2273 3.2989999999999996e-22 8.465999999999999e-22 4.389e-21 0.0 109.47 0.0
S137956 57.4761 127.2926 3.445e-21 7.217e-21 2.4620000000000002e-20 0.0 108.93 0.0
S137957 57.3124 127.2307 6.151e-19 7.155e-19 7e-19 0.0 104.79 0.0
S137958 57.3365 127.2908 1.336e-23 3.9299999999999995e-23 2.6029999999999997e-22 0.0 105.79 0.0
S137959 57.3605 126.9984 3.0179999999999996e-22 7.162999999999999e-22 3.192e-21 0.0 109.81 0.0
S137960 57.3447 127.1744 6.157e-24 2.283e-23 2.569e-22 0.0 105.49 0.0
S137961 57.1173 127.1713 4.548e-14 3.028e-14 9.698e-15 0.0 104.96 0.0
S137962 57.2219 127.1999 3.789e-19 4.945e-19 6.014e-19 0.0 107.42 0.0
S137963 57.3618 126.9234 4.049e-23 1.076e-22 5.795999999999999e-22 0.0 109.41 1.0
S137964 57.3181 127.1398 3.3139999999999996e-22 8.522e-22 4.427e-21 0.0 107.89 0.0
S137965 57.24 127.1968 2.0300000000000002e-21 4.456e-21 1.598e-20 0.0 108.92 0.0
S137966 57.4605 127.2223 3.314e-20 5.1430000000000007e-20 9.203000000000001e-20 0.0 106.14 0.0
S137967 57.2869 127.0721 7.168000000000001e-20 1.104e-19 2.021e-19 0.001 110.45 0.0
S137968 56.986 127.0798 1.13e-24 4.206e-24 4.8309999999999997e-23 0.0 106.05 0.0
S137969 57.338 127.0328 4.029e-21 7.604e-21 2.0440000000000003e-20 0.0 109.72 0.0
S137970 57.5545 127.1384 1.7469999999999998e-22 4.6129999999999995e-22 2.497e-21 0.0 107.6 0.0
S137971 57.156 127.0616 1.075e-20 1.977e-20 4.9100000000000005e-20 0.0 104.86 0.0
S137972 57.3477 127.1996 1.0310000000000001e-20 1.859e-20 4.6270000000000005e-20 0.0 110.64 0.0
S137973 57.3084 127.1982 1.524e-21 2.976e-21 8.374e-21 0.0 105.7 0.0
S137974 57.4753 127.3311 1.7279999999999998e-22 4.503e-22 2.443e-21 0.0 104.99 0.0
S137975 57.3046 127.2764 3.125e-22 7.695999999999999e-22 3.617e-21 0.0 109.57 0.0
S137976 57.3446 127.0831 2.0180000000000002e-21 4.412e-21 1.6020000000000003e-20 0.0 108.54 0.0
S137977 57.365 127.0497 7.063999999999999e-22 1.492e-21 5.195e-21 0.0 105.97 0.0
S137978 57.4932 127.407 1.11e-19 1.584e-19 2.404e-19 0.0 110.66 0.0
S137979 57.6022 127.3967 1.092e-19 1.589e-19 2.459e-19 0.0 106.3 0.0
S137980 57.3777 127.0663 1.017e-19 1.487e-19 2.252e-19 0.0 104.92 0.0
S137981 57.6108 127.4099 1.218e-23 4.134e-23 3.816e-22 0.0 105.07 0.0
S137982 57.3288 127.2679 2.325e-22 5.169e-22 1.993e-21 0.0 109.67 0.0
S137983 57.0772 127.0319 2.0419999999999997e-22 4.565999999999999e-22 1.781e-21 0.0 104.8 0.0
S137984 57.1437 127.1864 4.585e-23 1.2449999999999998e-22 6.9159999999999995e-22 0.0 110.51 0.0
S137985 57.1137 127.219 2.429e-21 1.749e-21 6.684999999999999e-22 0.0 107.69 0.0
S137986 57.1886 127.1596 4.6189999999999995e-23 1.3609999999999999e-22 9.155999999999998e-22 0.0 106.69 0.0
S137987 57.1435 127.3543 1.905e-18 2.075e-18 1.772e-18 0.0 107.18 0.0
S137988 57.1674 127.1335 3.393e-22 7.812999999999999e-22 3.116e-21 0.0 109.46 0.0
S137989 57.4733 127.231 8.927999999999999e-22 1.901e-21 6.6640000000000005e-21 0.0 107.52 0.0
S137990 57.3879 127.3585 2.2679999999999997e-22 5.041999999999999e-22 1.954e-21 0.0 110.14 0.0
S137991 57.4352 127.2445 4.159e-23 1.258e-22 8.906e-22 0.0 104.74 0.0
S137992 57.4254 127.2907 5.953e-21 1.004e-20 2.125e-20 0.0 107.4 0.0
S137993 57.426 127.0617 2.3729999999999997e-22 6.011e-22 2.996e-21 0.0 107.76 0.0
S137994 57.504 127.1706 1.3229999999999998e-22 3.407e-22 1.726e-21 0.0 106.19 0.0
S137995 57.3589 127.1424 5.859e-18 6.027e-18 4.447e-18 0.0 106.57 0.0
S137996 57.4723 127.2474 3.973e-17 3.363e-17 1.741e-17 0.0 106.49 0.0
S137997 57.3833 127.2915 9.155e-19 1.06e-18 1.083e-18 0.0 110.42 0.0
S137998 57.3114 127.2566 9.480999999999998e-22 1.874e-21 5.436e-21 0.0 109.27 0.0
S137999 57.3921 127.2475 5.929e-23 1.466e-22 6.786e-22 0.0 106.45 0.0
S138000 57.5129 127.1564 1.371e-18 1.552e-18 1.515e-18 0.0 105.99 0.0
S138001 57.3275 127.1447 1.677e-19 2.382e-19 3.51e-19 0.0 106.01 0.0
S138002 57.0807 127.2328 1.563e-22 3.6509999999999997e-22 1.576e-21 0.0 109.57 0.0
S138003 57.2091 127.0444 1.145e-18 1.353e-18 1.344e-18 0.0 109.45 0.0
S138004 57.499 127.12 1.879e-13 1.272e-13 4.139e-14 0.0 107.75 0.0
S138005 57.2289 126.8865 2.934e-17 2.569e-17 1.478e-17 0.0 107.34 0.0
S138006 57.3984 127.0361 6.669000000000001e-20 9.44e-20 1.447e-19 0.0 108.44 0.0
S138007 57.3223 127.2183 2.3049999999999997e-22 5.674e-22 2.622e-21 0.0 106.38 0.0
S138008 57.3578 127.1625 3.991e-19 5.076e-19 6.035e-19 0.0 109.63 0.0
S138009 57.1265 127.3257 3.518e-21 2.408e-21 8.406999999999999e-22 0.0 109.91 0.0
S138010 57.4626 127.158 2.459e-21 4.8800000000000004e-21 1.4540000000000002e-20 0.001 109.94 0.0
S138011 57.423 127.0935 2.333e-19 3.125e-19 4.066e-19 0.0 107.07 0.0
S138012 57.5192 127.2906 4.309e-18 4.551e-18 3.629e-18 0.0 109.44 0.0
S138013 57.3654 127.0477 5.464e-21 1.0620000000000001e-20 3.057e-20 0.0 105.77 0.0
S138014 57.3057 127.2869 7.179e-21 1.3150000000000002e-20 3.196e-20 0.0 109.01 0.0
S138015 57.088 127.255 9.671999999999999e-22 2.19e-21 8.54e-21 0.0 108.01 0.0
S138016 57.2582 127.1037 2.7879999999999997e-22 6.765999999999999e-22 3.173e-21 0.0 110.55 0.0
S138017 57.2326 127.0328 8.896e-19 1.037e-18 9.933e-19 0.0 109.11 0.0
S138018 57.4978 127.1309 2.4280000000000002e-21 4.96e-21 1.5340000000000002e-20 0.0 104.86 0.0
S138019 57.1427 126.9851 9.253999999999999e-22 1.787e-21 5.184e-21 0.0 110.64 0.0
S138020 57.3808 127.0656 3.247e-19 4.253e-19 5.282e-19 0.0 108.06 0.0
S138021 57.099 127.04 2.655e-24 9.252e-24 9.196999999999999e-23 0.0 104.72 0.0
S138022 57.5112 127.382 3.919e-19 5.29e-19 7.056e-19 0.0 109.95 0.0
S138023 57.3438 127.109 2.629e-18 2.886e-18 2.569e-18 0.0 105.11 0.0
S138024 57.2898 127.0886 8.795e-21 1.626e-20 4.2050000000000006e-20 0.0 106.14 0.0
S138025 57.0886 127.0031 9.572e-23 2.464e-22 1.304e-21 0.0 106.85 0.0
S138026 57.3703 126.9823 6.174e-22 1.353e-21 5.056e-21 0.0 106.76 0.0
S138027 57.1347 127.1963 1.127e-18 1.315e-18 1.336e-18 0.0 107.67 0.0
S138028 57.0796 127.2198 2.327e-19 2.976e-19 3.528e-19 0.0 109.47 0.0
S138029 57.2066 127.2443 1.118e-19 1.594e-19 2.375e-19 0.0 108.27 0.0
S138030 57.4034 127.2252 2.686e-21 5.293e-21 1.5240000000000002e-20 0.0 107.64 0.0
S138031 57.3176 127.0111 1.858e-21 3.952e-21 1.3470000000000001e-20 0.0 110.85 0.0
S138032 57.3912 127.1477 7.476000000000001e-20 1.159e-19 2.045e-19 0.0 106.88 0.0
S138033 57.6418 127.2511 4.682e-23 1.4089999999999998e-22 9.606999999999999e-22 0.0 108.78 0.0
S138034 57.3169 127.182 9.840999999999998e-22 1.914e-21 5.585e-21 0.0 107.06 0.0
S138035 57.3995 127.1698 1.666e-17 3.635e-17 1.278e-16 0.0 109.29 0.0
S138036 57.0184 127.2432 1.3390000000000002e-20 2.3060000000000003e-20 5.176e-20 0.0 104.57 0.0
S138037 57.189 127.1626 1.6869999999999998e-22 4.2269999999999995e-22 1.986e-21 0.0 106.95 0.0
S138038 57.4342 127.278 1.068e-19 1.548e-19 2.408e-19 0.0 105.72 0.0
S138039 57.2427 127.0304 2.401e-21 5.012e-21 1.66e-20 0.0 104.73 0.0
S138040 57.1573 127.1857 7.65e-19 9.56e-19 1.099e-18 0.0 109.53 0.0
S138041 57.1468 127.307 3.1819999999999997e-22 7.457999999999999e-22 3.255e-21 0.0 106.28 0.0
S138042 57.2814 127.0043 3.613e-21 7.383e-21 2.3160000000000003e-20 0.0 108.25 0.0
S138043 57.2275 127.1766 6.868999999999999e-23 2.016e-22 1.343e-21 0.0 104.77 0.0
S138044 57.3952 127.0096 2.3e-18 2.645e-18 2.501e-18 0.0 106.78 0.0
S138045 57.3849 127.3064 8.189e-21 1.5650000000000002e-20 4.236e-20 0.0 109.32 0.0
S138046 57.2996 127.4227 2.212e-21 4.615e-21 1.4960000000000002e-20 0.0 108.49 0.0
S138047 57.2525 127.0546 1.325e-22 3.4989999999999995e-22 1.926e-21 0.0 108.19 0.0
S138048 57.1954 127.0604 8.069e-24 2.772e-23 2.621e-22 0.0 110.91 0.0
S138049 56.9729 127.131 5.826e-21 1.104e-20 2.993e-20 0.0 109.38 0.0
S138050 57.2942 127.105 8.832e-23 2.465e-22 1.5590000000000001e-21 0.0 110.05 0.0
S138051 57.3488 127.0946 6.486e-22 1.4220000000000001e-21 5.186e-21 0.0 109.62 0.0
S138052 57.5148 127.158 3.527e-19 4.592e-19 5.658e-19 0.0 108.67 0.0
S138053 57.0351 127.1433 2.13e-18 2.311e-18 1.979e-18 0.0 109.01 0.0
S138054 57.4591 127.2118 9.341e-13 6.35e-13 2.2e-13 0.0 107.18 0.0
S138055 57.0996 127.3792 1.244e-20 2.2270000000000003e-20 5.3380000000000005e-20 0.0 106.51 0.0
S138056 57.3962 127.0551 5.324e-19 6.7e-19 7.721e-19 0.0 109.11 0.0
S138057 57.4522 127.3477 3.173e-21 6.502e-21 2.0690000000000002e-20 0.0 109.52 0.0
S138058 57.3782 127.2276 1.08e-24 4.344e-24 5.714e-23 0.0 109.23 0.0
S138059 57.2276 126.9737 9.012e-21 1.615e-20 4.029e-20 0.0 109.21 0.0
S138060 57.4834 127.3245 3.1899999999999997e-22 7.862999999999999e-22 3.657e-21 0.0 107.34 0.0
S138061 57.1988 126.9286 1.115e-19 1.542e-19 2.152e-19 0.0 104.96 0.0
S138062 57.2473 127.23 9.552999999999999e-22 1.967e-21 6.388e-21 0.0 108.15 0.0
S138063 57.3609 127.2469 8.571e-18 8.703e-18 6.72e-18 0.0 110.91 0.0
S138064 57.4229 127.1399 4.517999999999999e-22 1.09e-21 4.9e-21 0.0 106.86 0.0
S138065 57.3958 127.1328 8.392e-18 8.468e-18 6.139e-18 0.0 107.44 0.0
S138066 57.4725 127.1942 5.0020000000000003e-20 7.571e-20 1.235e-19 0.0 109.84 0.0
S138067 57.2218 127.2708 1.022e-18 1.154e-18 1.052e-18 0.0 107.26 0.0
S138068 57.4579 127.3216 2.639e-24 9.105e-24 8.792e-23 0.0 104.95 0.0
S138069 57.1167 127.1453 9.204e-19 1.092e-18 1.11e-18 0.0 105.0 0.0
S138070 57.6349 127.1625 1.5989999999999999e-22 3.883e-22 1.756e-21 0.0 104.55 0.0
S138071 57.4789 127.251 5.297e-13 6.182e-13 5.886e-13 0.0 108.65 0.0
S138072 57.1074 127.1276 2.6999999999999997e-22 6.327e-22 2.739e-21 0.0 111.02 0.0
S138073 57.2099 127.1687 5.637e-18 5.624e-18 3.985e-18 0.0 105.79 0.0
S138074 57.4143 127.4898 2.279e-22 5.648999999999999e-22 2.6900000000000002e-21 0.0 106.19 0.0
S138075 57.1771 127.0623 2.6969999999999995e-22 6.240999999999999e-22 2.506e-21 0.0 107.26 0.0
S138076 57.227 127.223 1.547e-19 2.162e-19 3.048e-19 0.0 106.07 0.0
S138077 57.3108 127.1968 8.582e-22 1.852e-21 6.612e-21 0.0 108.32 0.0
S138078 57.3369 127.3049 2.576e-22 7.037e-22 4.014e-21 0.0 107.51 0.0
S138079 57.3959 127.0942 6.1879999999999995e-22 1.341e-21 4.883e-21 0.0 110.0 1.0
S138080 57.4345 127.1212 5.934e-24 1.823e-23 1.358e-22 0.0 106.38 0.0
S138081 57.3612 127.2273 1.676e-21 3.558e-21 1.2170000000000001e-20 0.0 111.02 0.0
S138082 57.4155 127.0715 1.378e-19 1.96e-19 3e-19 0.0 107.02 0.0
S138083 57.2324 127.1861 2.881e-17 5.013e-17 1.126e-16 0.0 105.27 0.0
S138084 57.2243 127.283 2.394e-21 4.72e-21 1.357e-20 0.0 108.01 0.0
S138085 56.9906 127.2334 1.5539999999999998e-23 4.657e-23 3.3449999999999996e-22 0.0 109.29 0.0
S138086 57.3443 127.3769 1.316e-19 1.888e-19 2.829e-19 0.0 111.15 0.0
S138087 57.1302 127.2712 1.505e-17 3.203e-17 1.139e-16 0.001 108.47 0.0
S138088 57.5126 127.1387 5.785999999999999e-22 1.267e-21 4.652e-21 0.0 104.73 0.0
S138089 57.533 127.1951 2.4009999999999999e-23 7.832e-23 6.775999999999999e-22 0.0 110.11 0.0
S138090 57.0244 127.3059 4.954e-21 9.854e-21 2.9980000000000005e-20 0.0 104.49 0.0
S138091 57.3252 127.2964 2.009e-19 2.753e-19 3.802e-19 0.0 110.84 0.0
S138092 57.0751 127.2207 4.428999999999999e-22 1.126e-21 5.578e-21 0.0 104.76 1.0
S138093 57.3288 127.2495 1.588e-17 2.325e-17 3.609e-17 0.0 105.22 0.0
S138094 57.3799 127.0531 9.867000000000001e-21 1.753e-20 4.1590000000000004e-20 0.0 108.47 0.0
S138095 57.1369 127.2174 3.531e-21 6.397e-21 1.6030000000000002e-20 0.0 108.21 0.0
S138096 57.2765 127.3084 3.018e-17 2.646e-17 1.502e-17 0.0 107.73 0.0
S138097 57.0563 127.1493 6.239e-19 7.441e-19 7.774e-19 0.0 111.09 0.0
S138098 57.4311 127.1502 5.1e-20 7.646e-20 1.245e-19 0.0 105.79 0.0
S138099 57.3701 127.1453 1.453e-21 3.055e-21 9.868e-21 0.0 110.07 0.0
S138100 57.6821 127.2955 4.9319999999999997e-23 1.3859999999999998e-22 8.712999999999998e-22 0.0 108.17 0.0
S138101 57.3578 127.1151 2.556e-17 5.441e-17 1.896e-16 0.0 109.45 0.0
S138102 57.1452 127.0636 1.579e-18 1.774e-18 1.693e-18 0.0 109.83 0.0
S138103 57.2064 126.9392 6.958e-20 1.015e-19 1.619e-19 0.0 108.97 0.0
S138104 57.5344 127.0143 2.982e-18 3.315e-18 3.015e-18 0.0 108.55 0.0
S138105 57.2318 127.3602 8.063e-13 6.688e-13 3.436e-13 0.0 107.7 1.0
S138106 56.907 126.9545 2.07e-23 5.654999999999999e-23 3.274e-22 0.0 109.04 0.0
S138107 57.378 127.1304 5.773999999999999e-23 1.441e-22 6.936e-22 0.0 110.08 0.0
S138108 57.2505 127.3475 2.708e-21 5.4990000000000005e-21 1.656e-20 0.0 104.57 0.0
S138109 57.1843 127.1752 2.873e-18 3.26e-18 3.053e-18 0.0 105.31 0.0
S138110 57.2119 127.2595 9.55e-19 1.092e-18 1.014e-18 0.0 107.84 0.0
S138111 56.9144 127.2529 6.183e-17 9.133e-17 1.423e-16 0.0 108.66 0.0
S138112 57.481 127.3383 4.35e-21 8.653e-21 2.4860000000000003e-20 0.0 108.52 0.0
S138113 57.3957 127.0889 1.101e-18 1.269e-18 1.253e-18 0.0 109.38 0.0
S138114 57.2891 127.2572 2.298e-21 4.722e-21 1.4650000000000002e-20 0.001 107.76 0.0
S138115 57.3427 127.2533 1.505e-21 3.194e-21 1.1020000000000001e-20 0.0 107.1 0.0
S138116 57.223 127.282 3.056e-20 4.8470000000000006e-20 8.773e-20 0.0 105.39 0.0
S138117 57.3295 127.429 7.264000000000001e-21 1.261e-20 2.933e-20 0.0 107.07 0.0
S138118 57.1473 127.2884 7.093e-18 7.058e-18 4.848e-18 0.0 107.59 0.0
S138119 57.2897 127.1131 1.234e-21 2.498e-21 7.858000000000001e-21 0.0 106.67 0.0
S138120 57.4182 127.0775 1.161e-17 2.105e-17 5.232e-17 0.0 106.06 0.0
S138121 57.5718 127.2727 1.025e-21 2.135e-21 7.035e-21 0.0 108.82 0.0
S138122 57.4738 127.227 1.495e-18 1.756e-18 1.757e-18 0.0 105.65 0.0
S138123 57.1317 126.9481 1.462e-20 2.64e-20 6.571000000000001e-20 0.0 111.05 0.0
S138124 57.1427 127.0834 9.315999999999999e-22 1.9290000000000002e-21 6.325e-21 0.0 109.92 0.0
S138125 57.2882 127.4057 1.529e-26 9.790000000000001e-26 3.341e-24 0.0 111.04 0.0
S138126 57.4552 127.2443 1.042e-25 6.004e-25 1.6369999999999998e-23 0.0 109.74 0.0
S138127 57.4181 127.2663 1.704e-23 5.536e-23 4.883e-22 0.0 106.1 0.0
S138128 57.2286 127.1113 3.948e-19 5.02e-19 5.828e-19 0.0 107.83 0.0
S138129 57.2391 127.3371 1.981e-18 2.174e-18 1.837e-18 0.0 109.87 0.0
S138130 57.3168 127.1705 9.889e-22 2.141e-21 7.669e-21 0.0 108.37 0.0
S138131 57.4222 127.0604 2.241e-23 7.125999999999999e-23 5.9209999999999995e-22 0.0 107.82 0.0
S138132 57.5701 127.4515 1.766e-20 3.021e-20 6.786000000000001e-20 0.0 104.77 0.0
S138133 57.1187 126.9854 9.92e-22 2.263e-21 8.842e-21 0.0 106.13 0.0
S138134 57.3937 127.0966 2.966e-20 4.7440000000000005e-20 9.032000000000001e-20 0.0 105.87 0.0
S138135 57.2002 127.3348 1.674e-23 5.072e-23 3.7729999999999995e-22 0.0 109.29 0.0
S138136 57.445 127.1518 4.01e-21 7.653e-21 2.0850000000000003e-20 0.0 107.4 0.0
S138137 57.4844 127.1654 1.806e-19 2.512e-19 3.492e-19 0.0 109.27 0.0
S138138 57.2217 127.2396 2.982e-21 5.942e-21 1.7760000000000002e-20 0.0 110.45 0.0
S138139 57.398 127.227 3.887e-18 4.282e-18 3.791e-18 0.0 107.88 0.0
S138140 57.2611 127.2827 7.478e-19 9.331e-19 1.068e-18 0.0 105.06 0.0
S138141 57.3861 127.3221 1.109e-22 2.911e-22 1.575e-21 0.0 105.16 0.0
S138142 57.4576 127.1284 1.287e-18 1.614e-18 1.778e-18 0.0 105.45 0.0
S138143 57.378 127.2651 1.794e-18 2.089e-18 2.137e-18 0.0 108.29 0.0
S138144 57.0931 127.1693 1.763e-17 3.064e-17 6.611e-17 0.0 106.88 0.0
S138145 57.4306 127.0586 3.473e-23 1.0999999999999998e-22 8.922999999999999e-22 0.0 108.3 0.0
S138146 57.1364 127.3435 1.635e-17 1.503e-17 9.267e-18 0.0 104.87 0.0
S138147 57.4423 127.2438 1.004e-21 2.163e-21 7.845e-21 0.0 108.32 0.0
S138148 57.4238 127.3168 1.225e-20 2.157e-20 4.9390000000000004e-20 0.0 107.71 0.0
S138149 57.4004 126.9981 1.373e-23 4.368e-23 3.5749999999999996e-22 0.0 108.69 0.0
S138150 57.1572 127.3247 1.9679999999999997e-22 4.956e-22 2.408e-21 0.0 104.77 0.0
S138151 57.2957 127.306 6.515e-21 1.2400000000000001e-20 3.354e-20 0.0 104.53 0.0
S138152 57.4505 126.9939 3.392e-19 4.432e-19 5.659e-19 0.0 108.37 0.0
S138153 57.308 126.9703 1.998e-20 3.2680000000000004e-20 6.454000000000001e-20 0.0 105.52 0.0
S138154 57.3049 127.2605 3.154e-21 6.344e-21 2.0270000000000002e-20 0.0 110.4 0.0
S138155 57.2059 127.2933 3.787e-19 4.736e-19 5.452e-19 0.0 106.45 0.0
S138156 57.1759 127.0203 2.8839999999999996e-22 7.47e-22 3.955e-21 0.0 106.29 0.0
S138157 57.4642 127.1089 1.663e-19 2.221e-19 2.948e-19 0.0 109.03 0.0
S138158 57.1979 127.1772 1.774e-24 6.549e-24 7.208e-23 0.0 107.04 0.0
S138159 57.2888 127.2305 5.756e-21 3.753e-21 1.16e-21 0.0 108.63 0.0
S138160 57.5695 127.0865 1.094e-19 1.609e-19 2.572e-19 0.0 107.2 0.0
S138161 57.0869 127.1675 3.046e-23 8.093999999999999e-23 4.422e-22 0.0 106.75 0.0
S138162 57.461 127.2634 6.914e-24 2.158e-23 1.645e-22 0.0 104.68 0.0
S138163 57.3745 127.2844 2.192e-12 1.76e-12 8.521e-13 0.0 107.74 1.0
S138164 57.1474 127.3085 3.08e-19 4.15e-19 5.37e-19 0.0 104.82 0.0
S138165 57.3791 127.1546 3.838e-17 7.137e-17 1.865e-16 0.0 107.61 0.0
S138166 57.3373 127.0775 3.485e-21 2.389e-21 8.393999999999999e-22 0.0 108.37 0.0
S138167 57.4465 127.1739 3.6440000000000004e-21 2.556e-21 8.834999999999999e-22 0.0 107.26 0.0
S138168 57.1532 127.2127 5.155e-21 9.916e-21 2.768e-20 0.0 110.47 0.0
S138169 57.1213 127.2557 5.85e-23 1.563e-22 8.476999999999999e-22 0.0 109.59 0.0
S138170 57.4309 127.2543 5.607e-20 8.714000000000001e-20 1.522e-19 0.0 108.12 0.0
S138171 57.2436 127.1213 7.595999999999999e-22 1.635e-21 5.936e-21 0.0 105.1 0.0
S138172 57.2308 127.0976 3.009e-17 5.011e-17 1.016e-16 0.0 108.8 0.0
S138173 57.2258 126.9608 5.584e-19 6.976e-19 7.985e-19 0.0 106.19 0.0
S138174 57.3336 127.2695 5.0460000000000007e-20 7.855000000000001e-20 1.439e-19 0.0 105.24 0.0
S138175 57.5072 127.2284 3.307e-23 9.081999999999999e-23 5.423999999999999e-22 0.0 108.84 0.0
S138176 57.5307 127.2003 1.087e-20 1.9230000000000003e-20 4.4320000000000006e-20 0.0 109.21 0.0
S138177 57.3453 127.2098 5.4130000000000006e-20 8.453e-20 1.526e-19 0.0 109.13 0.0
S138178 57.3531 127.0257 5.579e-23 1.5689999999999999e-22 9.392999999999998e-22 0.0 107.57 0.0
S138179 57.1784 127.2806 3.594e-21 2.515e-21 8.759e-22 0.0 106.65 0.0
S138180 57.3774 127.0571 6.294e-19 7.609e-19 8.248e-19 0.0 109.07 0.0
S138181 57.5257 127.3605 9.903e-23 2.6449999999999995e-22 1.505e-21 0.0 105.33 0.0
S138182 57.0137 127.2661 3.6499999999999997e-22 8.512999999999999e-22 3.455e-21 0.0 105.86 0.0
S138183 57.264 127.1519 6.423999999999999e-23 1.6379999999999998e-22 8.351999999999999e-22 0.0 104.59 0.0
S138184 57.0492 127.2097 1.875e-18 2.043e-18 1.752e-18 0.0 108.43 0.0
S138185 57.1459 127.1146 1.8359999999999998e-22 4.5829999999999995e-22 2.204e-21 0.0 110.28 0.0
S138186 57.3667 127.3057 5.776e-17 1.058e-16 2.601e-16 0.0 108.12 0.0
S138187 57.0625 127.2329 1.0529999999999999e-22 2.8189999999999997e-22 1.625e-21 0.0 105.38 0.0
S138188 57.4513 127.0927 1.83e-12 1.736e-12 1.106e-12 0.0 106.44 1.0
S138189 57.4249 127.1294 1.9230000000000002e-21 3.974e-21 1.337e-20 0.0 108.4 0.0
S138190 57.6367 127.3043 1.7790000000000002e-20 2.9970000000000005e-20 6.221e-20 0.0 110.43 0.0
S138191 57.287 127.1473 4.4199999999999995e-22 1.041e-21 4.384e-21 0.0 106.14 0.0
S138192 57.2607 127.1369 1.9909999999999998e-22 4.665e-22 2.001e-21 0.0 107.97 0.0
S138193 57.1284 127.0677 7.403e-24 2.785e-23 3.0839999999999996e-22 0.0 108.32 0.0
S138194 57.1762 127.0206 1.197e-16 9.377e-17 4.199e-17 0.001 109.46 0.0
S138195 57.3635 127.2531 1.1160000000000001e-21 2.594e-21 1.1070000000000001e-20 0.0 109.0 0.0
S138196 57.2818 127.2739 3.1830000000000002e-21 6.316e-21 1.8030000000000002e-20 0.0 108.85 0.0
S138197 57.3019 127.0902 2.9040000000000002e-21 5.364e-21 1.426e-20 0.0 110.36 0.0
S138198 57.3613 127.0706 3.714e-25 1.718e-24 3.0169999999999996e-23 0.0 106.05 0.0
S138199 57.4864 127.2755 2.6420000000000002e-21 1.853e-21 6.785e-22 0.0 107.17 0.0
S138200 57.1398 127.1255 7.673e-21 1.512e-20 4.54e-20 0.0 108.09 0.0
S138201 57.3156 127.2618 6.415000000000001e-20 1.025e-19 1.962e-19 0.0 107.08 0.0
S138202 57.3515 127.199 6.025e-21 1.1330000000000001e-20 2.982e-20 0.0 108.94 0.0
S138203 57.4872 127.0927 1.306e-18 1.524e-18 1.535e-18 0.0 107.88 0.0
S138204 57.4039 127.3255 5.464e-23 1.4559999999999998e-22 8.136e-22 0.0 110.7 0.0
S138205 57.4411 127.3004 1.777e-23 5.591e-23 4.473e-22 0.0 106.09 0.0
S138206 57.2094 127.1609 1.384e-19 2.065e-19 3.374e-19 0.0 105.54 0.0
S138207 57.2028 127.1701 2.142e-18 2.292e-18 1.938e-18 0.0 108.39 0.0
S138208 57.3277 127.3068 3.16e-21 6.618e-21 2.2070000000000002e-20 0.0 107.41 0.0
S138209 57.353 127.1372 3.5370000000000004e-20 5.2850000000000003e-20 8.696e-20 0.0 108.84 1.0
S138210 57.2333 127.1347 3.72e-23 1.083e-22 7.031999999999999e-22 0.0 106.76 0.0
S138211 57.2809 127.1245 1.9469999999999998e-22 5.031e-22 2.609e-21 0.0 108.99 0.0
S138212 57.4851 127.0894 5.255e-19 6.23e-19 6.351e-19 0.0 110.4 0.0
S138213 57.0594 127.0521 2.688e-18 3.062e-18 2.895e-18 0.0 111.08 0.0
S138214 57.2476 127.1759 6.474e-23 1.6729999999999999e-22 8.843e-22 0.0 108.54 0.0
S138215 57.3609 127.039 2.587e-21 1.855e-21 7.023e-22 0.0 106.28 0.0
S138216 57.3113 127.1735 1.4819999999999998e-22 3.9849999999999997e-22 2.334e-21 0.0 109.91 0.0
S138217 57.1998 127.3501 3.283e-23 9.655e-23 6.777999999999999e-22 0.0 108.9 0.0
S138218 57.2347 127.2855 9.236e-22 1.928e-21 6.409e-21 0.0 105.95 0.0
S138219 57.4636 127.2845 1.813e-19 2.523e-19 3.584e-19 0.0 105.66 0.0
S138220 57.4573 127.1593 7.388999999999999e-22 1.702e-21 6.693e-21 0.0 108.63 0.0
S138221 57.2354 127.1488 6.623000000000001e-20 9.789000000000001e-20 1.546e-19 0.0 110.93 0.0
S138222 57.4994 127.1777 2.521e-21 4.6e-21 1.147e-20 0.0 108.95 0.0
S138223 57.4065 127.2682 2.572e-19 3.45e-19 4.424e-19 0.0 106.52 0.0
S138224 57.1342 126.9552 1.166e-21 9.29e-22 4.318e-22 0.0 109.48 0.0
S138225 57.1976 127.156 2.249e-19 2.942e-19 3.672e-19 0.0 108.74 0.0
S138226 57.3376 127.1251 3.7009999999999996e-22 8.655999999999999e-22 3.585e-21 0.0 108.49 0.0
S138227 57.2995 127.0634 4.142e-17 3.734e-17 2.193e-17 0.0 106.97 0.0
S138228 57.5018 127.2643 6.148e-22 1.3480000000000001e-21 4.949e-21 0.0 104.57 0.0
S138229 57.1671 127.1007 1.957e-20 3.2480000000000003e-20 6.576000000000001e-20 0.0 104.87 0.0
S138230 57.3713 127.0946 9.356000000000001e-25 3.946e-24 5.732999999999999e-23 0.0 107.08 0.0
S138231 57.4401 127.2661 2.034e-21 3.639e-21 8.668e-21 0.0 108.31 0.0
S138232 57.3922 127.0002 1.2600000000000002e-20 2.319e-20 5.648e-20 0.0 106.49 0.0
S138233 57.2719 127.0226 4.284999999999999e-22 1.047e-21 4.838e-21 0.0 108.36 0.0
S138234 57.2705 127.1669 9.454e-21 1.664e-20 3.8830000000000004e-20 0.0 110.24 0.0
S138235 57.3873 127.2864 5.614e-22 1.3390000000000001e-21 5.957e-21 0.001 109.48 0.0
S138236 57.0388 127.1547 1.941e-22 4.347e-22 1.667e-21 0.001 111.11 0.0
S138237 57.0961 127.3727 3.904e-21 7.676e-21 2.1960000000000003e-20 0.0 108.69 0.0
S138238 57.5643 127.3268 4.287e-22 1.019e-21 4.255e-21 0.0 107.4 0.0
S138239 57.0912 127.1827 8.86e-23 2.413e-22 1.393e-21 0.0 109.07 0.0
S138240 57.1497 127.2407 4.308e-19 5.404e-19 6.118e-19 0.0 109.93 1.0
S138241 57.5918 127.3907 1.431e-20 2.6160000000000004e-20 6.879e-20 0.0 108.99 0.0
S138242 57.4257 127.25 8.534e-18 8.739e-18 6.603e-18 0.0 106.54 0.0
S138243 57.0877 127.2244 8.604e-19 1.005e-18 9.865e-19 0.0 110.03 0.0
S138244 57.072 127.1567 2.2239999999999997e-22 5.362e-22 2.331e-21 0.0 105.0 0.0
S138245 57.3509 127.1553 7.737999999999999e-23 2.0109999999999999e-22 1.09e-21 0.0 109.52 0.0
S138246 57.3693 127.1959 2.023e-23 6.193e-23 4.666999999999999e-22 0.0 105.72 0.0
S138247 57.3247 127.3067 4.6800000000000007e-20 7.129e-20 1.211e-19 0.0 106.92 0.0
S138248 57.1706 127.3492 6.506000000000001e-20 9.832000000000001e-20 1.648e-19 0.0 105.78 0.0
S138249 57.3979 127.1642 9.092e-24 2.889e-23 2.322e-22 0.0 110.55 0.0
S138250 57.2121 127.3115 1.311e-16 1.087e-16 5.374e-17 0.0 109.52 0.0
S138251 57.3659 127.1677 1.568e-23 5.04e-23 4.002e-22 0.0 105.43 0.0
S138252 57.0932 127.2572 1.649e-27 1.427e-26 8.904e-25 0.0 109.06 0.0
S138253 57.5736 127.3581 2.298e-19 3.047e-19 3.756e-19 0.0 109.25 0.0
S138254 57.4184 127.1431 4.392e-17 9.717e-17 3.712e-16 0.0 110.01 0.0
S138255 57.307 127.1882 5.827e-19 7.215e-19 7.658e-19 0.0 108.35 0.0
S138256 57.018 127.026 1.6300000000000001e-21 3.306e-21 1.0430000000000001e-20 0.0 105.16 0.0
S138257 57.3239 126.9037 5.9059999999999995e-22 1.337e-21 5.11e-21 0.0 106.71 0.0
S138258 57.608 127.2508 1.596e-19 2.212e-19 3.108e-19 0.0 105.75 0.0
S138259 57.2741 127.246 4.0809999999999997e-22 9.751999999999998e-22 4.4170000000000004e-21 0.0 107.3 0.0
S138260 57.3584 127.0801 6.628e-19 7.817e-19 7.679e-19 0.0 106.27 0.0
S138261 57.1826 127.183 3.388e-20 5.608000000000001e-20 1.148e-19 0.0 108.5 0.0
S138262 57.3148 127.1175 9.430999999999999e-22 1.918e-21 6.0090000000000004e-21 0.0 109.71 0.0
S138263 57.3428 127.3564 5.364e-24 1.8789999999999998e-23 1.852e-22 0.0 108.39 0.0
S138264 57.3603 127.0969 9.184e-22 1.9410000000000002e-21 6.765e-21 0.0 108.16 1.0
S138265 57.4203 127.1309 3.099e-23 9.866e-23 7.9119999999999995e-22 0.0 108.24 0.0
S138266 57.0571 127.1726 5.037e-13 3.445e-13 1.147e-13 0.0 105.27 0.0
S138267 57.3795 127.059 3.3650000000000004e-20 5.511e-20 1.112e-19 0.0 106.62 0.0
S138268 57.3377 127.0948 5.048e-22 1.058e-21 3.493e-21 0.0 109.04 0.0
S138269 57.3499 127.2636 1.117e-18 1.26e-18 1.194e-18 0.0 108.04 0.0
S138270 57.5458 127.148 6.208e-20 9.257000000000001e-20 1.534e-19 0.0 110.66 0.0
S138271 57.1985 127.0607 2.4930000000000002e-20 4.0800000000000006e-20 8.386000000000001e-20 0.0 107.61 0.0
S138272 57.4238 127.2873 1.497e-21 2.8800000000000002e-21 8.209e-21 0.0 105.66 0.0
S138273 57.3932 127.2205 4.392e-22 1.014e-21 4.21e-21 0.0 108.1 0.0
S138274 57.3171 127.0888 4.2979999999999997e-23 1.3039999999999998e-22 9.596e-22 0.0 110.86 0.0
S138275 57.3105 127.0751 5.769999999999999e-22 1.413e-21 6.598e-21 0.0 110.64 0.0
S138276 57.3669 127.2452 2.505e-20 3.9790000000000004e-20 7.516000000000001e-20 0.0 105.14 0.0
S138277 57.2036 127.2389 2.543e-23 8.032e-23 6.301999999999999e-22 0.0 110.54 0.0
S138278 57.3593 127.124 3.643e-20 5.864e-20 1.091e-19 0.0 106.12 0.0
S138279 57.3105 127.0899 2.1789999999999997e-22 5.645e-22 2.9750000000000002e-21 0.0 108.92 0.0
S138280 57.2837 127.2275 2.0930000000000002e-20 3.4730000000000006e-20 7.152e-20 0.0 108.12 0.0
S138281 57.0836 127.2865 4.701e-21 8.254e-21 1.9140000000000002e-20 0.0 110.5 0.0
S138282 57.4882 127.1904 1.437e-17 2.411e-17 5.205e-17 0.0 104.83 0.0
S138283 57.192 127.0808 5.392e-23 1.4859999999999998e-22 8.600999999999999e-22 0.0 109.72 0.0
S138284 57.2662 127.1526 9.57e-24 2.899e-23 2.0879999999999998e-22 0.0 108.1 0.0
S138285 57.4819 127.1308 1.659e-21 3.483e-21 1.1700000000000002e-20 0.0 107.13 0.0
S138286 57.3481 127.2884 8.659e-19 1.029e-18 1.052e-18 0.0 109.42 0.0
S138287 57.4417 127.2237 3.623e-21 2.525e-21 8.701e-22 0.0 108.23 0.0
S138288 57.4369 127.2873 1.9149999999999998e-23 5.2269999999999996e-23 2.917e-22 0.0 110.88 0.0
S138289 57.3744 127.3087 3.023e-24 1.19e-23 1.448e-22 0.0 107.14 0.0
S138290 57.3807 127.3933 1.11e-23 3.824e-23 3.5949999999999995e-22 0.0 110.43 0.0
S138291 57.5199 127.4291 6.513999999999999e-22 1.433e-21 5.361e-21 0.0 104.95 0.0
S138292 57.0562 127.1509 1.551e-19 2.124e-19 3.004e-19 0.0 106.97 0.0
S138293 57.3474 127.0763 1.6e-19 2.225e-19 3.131e-19 0.0 107.58 0.0
S138294 57.4213 127.302 1.2960000000000002e-20 2.3870000000000002e-20 5.844000000000001e-20 0.0 106.97 0.0
S138295 57.5131 127.0562 4.938999999999999e-22 1.303e-21 7.262e-21 0.0 108.75 0.0
S138296 57.2403 127.2652 3.566e-21 2.49e-21 8.593999999999998e-22 0.0 110.42 0.0
S138297 57.4999 127.1827 1.8759999999999998e-23 5.628999999999999e-23 4.179e-22 0.001 106.89 0.0
S138298 57.3285 126.9927 5.199e-19 6.706e-19 8.145e-19 0.0 110.34 0.0
S138299 57.287 127.2846 6.832e-23 1.9369999999999999e-22 1.18e-21 0.0 106.57 0.0
S138300 57.3093 127.1479 2.528e-21 5.531e-21 1.96e-20 0.0 110.29 0.0
S138301 57.4688 127.0346 2.82e-19 3.813e-19 5.061e-19 0.0 107.34 0.0
S138302 57.4704 127.012 6.233e-24 2.1229999999999998e-23 1.9329999999999999e-22 0.0 105.53 0.0
S138303 57.3202 127.0641 4.777e-22 1.03e-21 3.72e-21 0.0 110.39 0.0
S138304 57.3683 127.0858 5.346e-18 5.304e-18 3.751e-18 0.0 107.45 0.0
S138305 57.2654 127.0318 2.369e-17 2.195e-17 1.352e-17 0.0 109.07 0.0
S138306 57.2411 127.2582 8.832e-24 2.893e-23 2.3999999999999996e-22 0.0 107.24 0.0
S138307 57.6025 127.3435 7.283e-20 1.065e-19 1.735e-19 0.0 107.67 0.0
S138308 57.2682 127.0594 3.0689999999999996e-22 6.939999999999999e-22 2.7610000000000002e-21 0.0 107.8 0.0
S138309 57.4535 127.1757 1.735e-19 2.302e-19 2.909e-19 0.0 105.32 0.0
S138310 57.2833 127.257 3.572e-23 1.0129999999999999e-22 6.52e-22 0.0 106.83 0.0
S138311 56.9772 126.9551 1.676e-21 3.594e-21 1.2770000000000002e-20 0.0 105.94 0.0
S138312 57.4968 127.38 1.51e-19 2.135e-19 3.189e-19 0.0 104.8 0.0
S138313 57.1335 127.1403 4.046e-17 3.485e-17 1.872e-17 0.0 107.99 0.0
S138314 57.1652 127.2987 1.938e-21 3.842e-21 1.154e-20 0.0 108.88 0.0
S138315 57.3846 127.2943 9.798e-21 1.698e-20 3.7780000000000005e-20 0.0 107.03 0.0
S138316 57.5229 127.3194 2.775e-19 3.567e-19 4.361e-19 0.0 108.91 0.0
S138317 57.425 127.0907 6.328e-22 1.389e-21 5.003e-21 0.0 108.67 0.0
S138318 57.385 127.3151 2.054e-18 2.121e-18 1.619e-18 0.0 107.53 0.0
S138319 57.2483 127.2537 2.408e-18 2.562e-18 2.037e-18 0.0 105.3 0.0
S138320 57.1222 127.0769 4.637e-17 4.128e-17 2.262e-17 0.0 111.04 0.0
S138321 57.0471 127.0532 3.3700000000000005e-20 5.314e-20 1.018e-19 0.0 107.2 0.0
S138322 57.1618 127.1929 4.969e-19 6.099e-19 6.671e-19 0.0 107.04 0.0
S138323 57.4243 127.0834 3.583e-17 7.844e-17 2.83e-16 0.0 107.83 0.0
S138324 57.5498 127.1086 4.783e-21 9.251e-21 2.745e-20 0.0 109.94 0.0
S138325 57.2852 127.1455 4.618e-23 1.421e-22 1.1e-21 0.0 106.59 0.0
S138326 57.1802 127.0858 8.249e-24 2.899e-23 2.8699999999999997e-22 0.0 104.6 0.0
S138327 57.3791 127.3519 1.1100000000000001e-20 2.0100000000000002e-20 4.9090000000000006e-20 0.0 104.85 0.0
S138328 57.478 127.0409 2.641e-17 4.984e-17 1.314e-16 0.0 108.53 0.0
S138329 57.5253 127.2172 1.547e-18 1.807e-18 1.742e-18 0.001 105.57 0.0
S138330 57.2643 127.1696 1.5470000000000003e-20 2.7100000000000003e-20 6.242e-20 0.0 107.82 0.0
S138331 57.2656 127.1462 1.251e-20 2.087e-20 4.423e-20 0.0 107.52 0.0
S138332 57.571 127.2566 3.641e-21 7.304e-21 2.27e-20 0.0 104.86 0.0
S138333 57.259 127.1516 2.3970000000000002e-20 3.9910000000000006e-20 7.908e-20 0.0 110.08 0.0
S138334 57.4793 127.2214 7.29e-19 9.046e-19 9.872e-19 0.0 108.82 0.0
S138335 57.4659 127.3358 4.376e-22 9.446e-22 3.368e-21 0.0 109.37 0.0
S138336 57.4646 127.118 3.629e-20 5.532e-20 9.606e-20 0.0 110.96 0.0
S138337 57.5046 127.1992 3.746e-21 2.551e-21 8.5e-22 0.0 111.07 0.0
S138338 57.0189 127.2581 2.769e-23 7.028e-23 3.542e-22 0.0 107.85 0.0
S138339 57.2059 127.0342 1.8220000000000002e-21 3.735e-21 1.1960000000000002e-20 0.0 110.4 0.0
S138340 57.3539 127.2689 9.771e-19 1.116e-18 1.063e-18 0.0 105.18 0.0
S138341 57.4795 127.2308 2.908e-19 3.735e-19 4.581e-19 0.0 104.77 0.0
S138342 57.1725 127.3193 3.107e-20 5.018000000000001e-20 9.793e-20 0.0 107.82 0.0
S138343 57.307 127.0871 8.04e-24 2.726e-23 2.4889999999999995e-22 0.0 105.51 0.0
S138344 57.2922 127.2258 1.152e-24 4.587e-24 5.845e-23 0.0 106.38 0.0
S138345 57.1642 127.2544 3.983e-23 1.1189999999999998e-22 6.808999999999999e-22 0.0 110.13 0.0
S138346 57.4214 127.0671 4.6229999999999997e-23 1.4939999999999998e-22 1.246e-21 0.0 105.54 0.0
S138347 57.6098 127.2048 2.49e-21 4.582e-21 1.2000000000000001e-20 0.0 107.39 0.0
S138348 57.3805 127.255 4.538e-24 1.612e-23 1.6159999999999998e-22 0.0 108.28 0.0
S138349 57.2779 127.2661 2.1999999999999996e-22 4.897e-22 1.871e-21 0.0 109.33 0.0
S138350 57.2272 127.212 3.197e-21 2.247e-21 8.063e-22 0.0 109.42 0.0
S138351 57.4372 127.2409 9.859e-22 2.0120000000000002e-21 6.361e-21 0.0 109.02 0.0
S138352 57.4128 127.4084 4.221e-21 2.843e-21 9.315999999999999e-22 0.0 110.07 0.0
S138353 57.1773 127.3076 2.667e-24 9.68e-24 1.0209999999999998e-22 0.0 110.3 0.0
S138354 57.3036 127.1956 2.243e-19 3.023e-19 4.024e-19 0.0 106.94 0.0
S138355 57.2221 127.1016 2.127e-21 4.112e-21 1.1360000000000001e-20 0.0 105.18 0.0
S138356 57.4862 127.2694 4.292e-22 9.465e-22 3.623e-21 0.0 108.68 0.0
S138357 57.1589 127.1553 1.382e-21 2.812e-21 9.015e-21 0.0 109.22 0.0
S138358 57.2365 127.03 1.299e-17 1.232e-17 8.114e-18 0.0 105.8 0.0
S138359 57.3875 127.1093 1.8899999999999997e-22 4.0369999999999997e-22 1.384e-21 0.0 109.01 0.0
S138360 57.3553 127.0873 1.109e-23 3.5369999999999996e-23 2.911e-22 0.0 107.59 0.0
S138361 57.4303 127.234 8.439e-18 8.416e-18 6.159e-18 0.0 106.49 0.0
S138362 57.2026 127.0956 1.36e-23 3.821e-23 2.3649999999999997e-22 0.0 110.63 0.0
S138363 57.2173 127.1418 3.7449999999999996e-23 1.0009999999999999e-22 5.467999999999999e-22 0.0 105.03 0.0
S138364 57.3232 127.2347 1.62e-21 3.38e-21 1.125e-20 0.0 105.21 0.0
S138365 57.333 127.3045 5.313e-20 8.272000000000001e-20 1.512e-19 0.0 104.85 0.0
S138366 57.3495 127.2446 2.5239999999999998e-23 6.59e-23 3.5599999999999996e-22 0.0 107.43 0.0
S138367 57.2173 127.3518 9.910000000000001e-25 4.038e-24 5.578e-23 0.0 106.47 0.0
S138368 57.3597 127.1044 1.192e-19 1.745e-19 2.743e-19 0.0 109.27 0.0
S138369 57.4907 127.1746 2.76e-25 1.246e-24 2.117e-23 0.0 107.17 0.0
S138370 57.1643 127.2466 5.539e-22 1.287e-21 5.119e-21 0.0 109.3 0.0
S138371 57.3071 127.3308 2.657e-20 4.376e-20 9.064000000000001e-20 0.0 107.3 0.0
S138372 57.405 127.2799 3.0379999999999995e-22 7.578999999999999e-22 3.626e-21 0.0 110.07 0.0
S138373 57.1227 127.2704 6.174000000000001e-20 9.664000000000001e-20 1.683e-19 0.0 109.8 0.0
S138374 57.2196 127.3429 3.589e-20 5.905000000000001e-20 1.234e-19 0.0 109.73 0.0
S138375 57.4975 127.2258 3.853e-21 2.655e-21 9.118e-22 0.0 110.11 0.0
S138376 57.4036 127.3 5.6089999999999995e-22 1.39e-21 6.502e-21 0.0 108.82 0.0
S138377 57.36 127.439 2.328e-23 6.536e-23 4.179e-22 0.0 108.99 0.0
S138378 57.3427 127.0717 6.623e-19 8.145e-19 8.844e-19 0.0 110.6 0.0
S138379 57.3186 127.424 1.007e-15 7.838e-16 3.377e-16 0.0 104.8 0.0
S138380 57.1319 127.2743 3.782e-24 1.3049999999999999e-23 1.251e-22 0.0 105.27 0.0
S138381 57.2486 127.1136 1.622e-23 5.734e-23 5.54e-22 0.0 109.62 0.0
S138382 57.0225 127.0866 3.285e-21 6.617e-21 2.0590000000000002e-20 0.001 108.87 0.0
S138383 57.4211 127.1168 6.844e-13 5.229e-13 2.182e-13 0.0 104.92 1.0
S138384 57.5312 127.3191 9.785e-18 2.029e-17 6.65e-17 0.0 105.9 0.0
S138385 57.1485 127.0766 4.596999999999999e-22 1.041e-21 4.042e-21 0.0 106.87 0.0
S138386 57.2448 127.1563 4.156e-21 7.191e-21 1.6380000000000002e-20 0.0 110.65 0.0
S138387 57.1892 127.2966 1.409e-17 1.352e-17 8.943e-18 0.0 108.64 0.0
S138388 57.3128 127.208 1.7649999999999998e-22 4.799e-22 2.796e-21 0.0 110.21 0.0
S138389 57.455 127.2665 5.46e-21 1.018e-20 2.691e-20 0.0 106.11 0.0
S138390 57.2973 127.1468 8.229000000000001e-25 3.543e-24 5.251e-23 0.0 106.58 0.0
S138391 57.5432 127.1375 1.0709999999999999e-24 4.293e-24 5.536e-23 0.0 105.27 0.0
S138392 56.9946 127.002 1.556e-22 4.4199999999999995e-22 2.867e-21 0.0 109.89 0.0
S138393 57.4568 127.2732 1.216e-21 2.549e-21 8.547e-21 0.0 104.73 0.0
S138394 57.1169 127.1156 5.546e-19 6.872e-19 7.602e-19 0.0 111.01 0.0
S138395 57.1302 127.3035 4.019e-21 7.525e-21 1.9300000000000003e-20 0.0 110.66 0.0
S138396 57.4118 127.0642 6.125999999999999e-23 1.5279999999999998e-22 7.691e-22 0.0 110.12 0.0
S138397 57.547 127.3108 1.287e-17 1.209e-17 7.536e-18 0.0 111.17 0.0
S138398 57.3653 127.0933 5.337e-19 6.451e-19 6.862e-19 0.0 106.7 0.0
S138399 57.426 127.262 1.4e-19 1.967e-19 2.863e-19 0.0 107.63 0.0
S138400 57.1957 127.1353 1.38e-23 4.1379999999999995e-23 2.8609999999999996e-22 0.0 110.09 0.0
S138401 57.4607 127.2442 2.5030000000000003e-20 4.1390000000000003e-20 8.580000000000001e-20 0.0 107.09 0.0
S138402 57.3304 127.3507 1.807e-21 3.77e-21 1.2450000000000001e-20 0.0 104.79 0.0
S138403 57.1949 127.3529 5.978e-20 8.486e-20 1.248e-19 0.0 108.62 0.0
S138404 57.4012 127.1846 3.316e-17 5.424e-17 1.122e-16 0.0 107.81 0.0
S138405 57.2694 127.2277 4.647e-19 5.595e-19 5.871e-19 0.0 105.4 0.0
S138406 57.5021 127.4511 6.966999999999999e-24 2.2739999999999998e-23 1.919e-22 0.0 107.06 0.0
S138407 57.1925 127.2383 2.203e-24 7.64e-24 7.593999999999999e-23 0.0 109.15 0.0
S138408 57.1788 127.2687 5.524e-17 9.178e-17 1.903e-16 0.0 104.87 0.0
S138409 57.3829 127.1315 1.059e-22 2.7299999999999997e-22 1.396e-21 0.0 105.34 0.0
S138410 57.1664 127.2775 6.673e-27 4.7930000000000004e-26 2.047e-24 0.0 109.91 0.0
S138411 57.3709 127.1147 5.631000000000001e-20 8.515000000000001e-20 1.401e-19 0.0 108.48 0.0
S138412 56.9097 126.9089 5.254e-19 6.662e-19 7.894e-19 0.0 109.42 0.0
S138413 57.2417 127.2022 5.306e-20 8.031000000000001e-20 1.376e-19 0.0 104.81 0.0
S138414 57.4018 127.2126 8.378e-24 2.6469999999999997e-23 2.1139999999999998e-22 0.0 110.64 0.0
S138415 57.3949 127.3848 1.892e-17 1.781e-17 1.13e-17 0.0 105.69 0.0
S138416 57.1426 127.2737 1.3789999999999998e-22 3.5359999999999995e-22 1.778e-21 0.0 111.05 0.0
S138417 57.2741 127.1096 3.503e-22 8.023999999999999e-22 3.2190000000000002e-21 0.0 109.19 0.0
S138418 57.494 127.2527 3.2959999999999996e-29 4.6830000000000005e-28 8.472000000000001e-26 0.0 105.08 0.0
S138419 57.3733 127.3284 1.615e-18 1.828e-18 1.696e-18 0.0 106.88 0.0
S138420 57.1824 127.0819 1.742e-17 3.083e-17 7.316e-17 0.0 109.63 0.0
S138421 57.3725 127.0273 3.2789999999999997e-22 8.014999999999999e-22 3.6e-21 0.0 106.08 0.0
S138422 57.4603 127.2619 2.072e-19 2.821e-19 3.836e-19 0.0 110.02 0.0
S138423 57.3124 127.1722 6.531e-19 7.867e-19 8.433e-19 0.0 109.62 0.0
S138424 57.099 127.2663 1.037e-21 2.227e-21 7.864e-21 0.0 110.07 0.0
S138425 57.5091 127.3375 2.1100000000000002e-20 3.8190000000000005e-20 9.137000000000001e-20 0.0 108.39 0.0
S138426 57.4958 127.229 5.841e-21 1.185e-20 3.601e-20 0.0 110.1 0.0
S138427 57.4617 127.0955 3.602e-21 7.201e-21 2.177e-20 0.0 107.57 0.0
S138428 57.2353 127.1207 6.075999999999999e-22 1.382e-21 5.607e-21 0.0 108.52 0.0
S138429 57.513 127.147 9.913e-23 2.487e-22 1.21e-21 0.0 104.6 0.0
S138430 57.4635 127.1957 8.55e-19 1.009e-18 1.043e-18 0.0 109.37 0.0
S138431 57.3327 127.2061 9.166e-18 8.889e-18 6.018e-18 0.0 107.38 0.0
S138432 57.0414 127.1294 3.03e-19 3.77e-19 4.373e-19 0.0 110.06 1.0
S138433 57.1589 126.9378 8.364e-23 2.0209999999999998e-22 9.353e-22 0.0 109.21 0.0
