Name Equatorial Polar BlueF GreenF RedF Parallax RadialVelocity Variable?
S124968 58.51 126.1224 1.937e-18 2.157e-18 1.92e-18 0.0 110.24 0.0
S124969 58.5214 126.0909 5.354e-21 1.042e-20 2.967e-20 0.0 110.42 0.0
S124970 58.4342 125.9884 4.97e-17 7.712e-17 1.368e-16 0.0 113.4 0.0
S124971 58.4288 126.0607 2.947e-24 1.0199999999999999e-23 9.760999999999999e-23 0.0 113.78 0.0
S124972 58.434 126.0709 1.659e-20 2.72e-20 5.473e-20 0.0 111.45 0.0
S124973 58.4429 126.0272 1.835e-18 2.165e-18 2.192e-18 0.0 113.02 0.0
S124974 58.4513 126.0727 1.482e-24 6.287e-24 9.179e-23 0.0 111.28 0.0
S124975 58.4275 126.0622 1.369e-19 1.981e-19 3e-19 0.0 112.69 0.0
S124976 58.4584 126.0704 7.505e-19 9.512e-19 1.107e-18 0.0 111.25 0.0
S124977 58.4051 126.0207 2.1359999999999998e-23 6.532e-23 4.799999999999999e-22 0.0 114.16 0.0
S124978 58.4437 126.0481 1.398e-18 1.591e-18 1.51e-18 0.0 112.59 0.0
S124979 58.4931 126.0717 2.604e-17 5.112e-17 1.487e-16 0.0 111.04 0.0
S124980 58.4518 126.0826 5.378e-18 5.401e-18 4.086e-18 0.0 111.25 0.0
S124981 58.433 126.102 1.779e-19 2.512e-19 3.777e-19 0.0 111.77 0.0
S124982 58.4893 126.0845 3.304e-22 8.643e-22 4.402e-21 0.0 110.7 0.0
S124983 58.4207 126.0235 1.199e-21 2.584e-21 9.226e-21 0.0 113.78 0.0
S124984 58.4405 126.0602 1.349e-23 4.118e-23 2.9499999999999996e-22 0.0 111.56 0.0
S124985 58.5423 126.146 1.69e-20 2.9700000000000005e-20 7.206e-20 0.001 110.11 0.0
S124986 58.4152 126.1672 2.0929999999999999e-22 4.665e-22 1.79e-21 0.0 111.8 0.0
S124987 58.4335 126.0622 1.432e-18 1.677e-18 1.666e-18 0.0 110.97 0.0
S124988 58.4418 126.0526 1.9839999999999998e-22 5.143999999999999e-22 2.6900000000000002e-21 0.0 112.71 0.0
S124989 58.4604 126.1159 1.975e-19 2.651e-19 3.434e-19 0.0 110.57 0.0
S124990 58.42 126.1281 8.859999999999999e-24 3.049e-23 2.896e-22 0.0 111.81 0.0
S124991 58.4205 126.0963 4.269999999999999e-22 9.297e-22 3.35e-21 0.0 112.11 0.0
S124992 58.4808 126.0828 1.642e-20 2.8200000000000003e-20 6.160000000000001e-20 0.0 110.62 0.0
S124993 58.5897 126.133 5.993e-20 8.61e-20 1.348e-19 0.0 110.17 0.0
S124994 58.4421 126.0652 2.748e-21 1.933e-21 7.136999999999999e-22 0.0 111.52 0.0
S124995 58.4868 126.0235 6.203e-19 7.577e-19 7.877e-19 0.0 112.36 0.0
S124996 58.4169 126.0023 2.438e-18 2.715e-18 2.451e-18 0.0 113.9 0.0
S124997 58.4781 126.0885 6.531000000000001e-20 1.016e-19 1.851e-19 0.0 110.61 0.0
S124998 58.4324 126.0544 8.788000000000001e-20 1.345e-19 2.277e-19 0.0 113.18 0.0
S124999 58.3837 125.9385 1.077e-22 3.23e-22 2.239e-21 0.0 114.14 1.0
S125000 58.4558 126.0423 6.572999999999999e-22 1.6510000000000001e-21 7.914e-21 0.0 112.45 0.0
S125001 58.4764 126.1111 1.781e-20 3.111e-20 7.366000000000001e-20 0.0 110.73 0.0
S125002 58.4388 126.0414 1.4929999999999997e-22 3.8499999999999996e-22 2.031e-21 0.0 113.12 0.0
S125003 58.4366 126.0315 7.493999999999999e-22 1.554e-21 5.127e-21 0.0 113.33 0.0
S125004 58.443 126.0725 5.801e-18 5.98e-18 4.579e-18 0.0 111.73 0.0
S125005 58.3838 126.0528 4.993e-21 1.0000000000000001e-20 3.085e-20 0.0 113.53 0.0
S125006 58.4324 126.0674 6.543e-17 1.199e-16 2.996e-16 0.0 112.2 0.0
S125007 58.4576 126.0541 2.039e-23 5.61e-23 3.3839999999999998e-22 0.0 112.07 0.0
S125008 58.4378 126.0552 9.328e-23 2.5959999999999997e-22 1.569e-21 0.0 113.09 0.0
S125009 58.4456 126.108 2.615e-13 1.745e-13 5.567e-14 0.0 111.41 0.0
S125010 58.4687 126.1204 3.093e-25 1.375e-24 2.2639999999999998e-23 0.0 110.83 0.0
S125011 58.4383 126.0563 9.268000000000001e-20 1.333e-19 2.103e-19 0.0 112.43 0.0
S125012 58.4494 126.0672 9.597e-21 1.763e-20 4.479e-20 0.0 111.28 0.0
S125013 58.4244 126.0692 2.145e-18 2.311e-18 1.972e-18 0.0 111.47 0.0
S125014 58.4424 126.0823 4.562e-23 1.2079999999999998e-22 6.585999999999999e-22 0.0 111.03 0.0
S125015 58.4377 126.0739 8.868e-17 1.413e-16 2.7e-16 0.0 111.51 0.0
S125016 58.4014 126.0346 9.166000000000001e-21 1.6330000000000003e-20 3.912e-20 0.0 114.15 0.0
S125017 58.4474 126.062 8.442e-23 2.436e-22 1.57e-21 0.0 111.61 0.0
S125018 58.39 126.0049 1.849e-21 3.737e-21 1.187e-20 0.0 114.28 0.0
S125019 58.4147 126.0429 2.117e-21 4.54e-21 1.583e-20 0.0 113.93 0.0
S125020 58.2438 125.9376 4.1009999999999995e-22 1.045e-21 5.185e-21 0.0 114.83 0.0
S125021 58.3738 126.043 8.008e-13 5.517e-13 1.901e-13 0.0 113.74 0.0
S125022 58.4105 126.1204 1.51e-17 1.408e-17 9.071e-18 0.0 111.93 0.0
S125023 58.4637 126.0672 1.496e-22 4.0409999999999995e-22 2.261e-21 0.0 110.91 0.0
S125024 58.456 126.0998 1.5239999999999998e-22 3.6929999999999996e-22 1.7030000000000002e-21 0.0 111.15 0.0
S125025 58.4543 126.09 1.827e-24 7.096999999999999e-24 8.717999999999999e-23 0.0 110.97 0.0
S125026 58.6425 126.2363 1.492e-18 1.623e-18 1.37e-18 0.0 109.94 0.0
S125027 58.3206 125.9616 2.313e-13 3.154e-13 4.324e-13 0.0 114.81 0.0
S125028 58.4303 126.0576 6.49e-19 8.57e-19 1.101e-18 0.0 114.09 0.0
S125029 58.5092 126.112 4.989e-17 8.566e-17 1.853e-16 0.0 110.24 0.0
S125030 58.4423 126.0618 3.6729999999999997e-22 8.754e-22 3.694e-21 0.0 111.53 1.0
S125031 58.4599 126.0642 2.1539999999999999e-23 7.07e-23 6.095999999999999e-22 0.0 111.34 0.0
S125032 58.4141 126.0451 1.537e-22 3.6489999999999996e-22 1.609e-21 0.0 113.95 0.0
S125033 58.5518 126.2013 3.278e-20 5.2600000000000007e-20 1.023e-19 0.001 110.24 0.0
S125034 58.4377 126.0604 2.4450000000000002e-20 4.3020000000000005e-20 9.653e-20 0.0 112.01 0.0
S125035 58.5743 126.2171 9.884e-23 2.413e-22 1.095e-21 0.0 110.26 0.0
S125036 58.455 126.0703 9.643e-27 7.032e-26 3.15e-24 0.0 111.09 0.0
S125037 58.4219 126.0342 2.97e-19 4.164e-19 6e-19 0.0 113.81 0.0
S125038 58.4138 126.0236 1.681e-20 2.9090000000000004e-20 6.482000000000001e-20 0.0 114.16 0.0
S125039 58.4458 126.055 3.3140000000000002e-21 6.7e-21 2.011e-20 0.0 112.22 0.0
S125040 58.5117 126.09 2.587e-21 4.842e-21 1.2570000000000001e-20 0.0 110.51 0.0
S125041 58.4374 126.0125 6.029e-25 2.819e-24 5.0319999999999996e-23 0.0 113.43 0.0
S125042 58.3714 126.0335 3.946e-19 5.213e-19 6.957e-19 0.0 114.2 0.0
S125043 58.3771 126.1293 2.8599999999999995e-22 6.258999999999999e-22 2.265e-21 0.0 112.22 0.0
S125044 58.3096 126.0105 3.5630000000000006e-20 5.866e-20 1.228e-19 0.0 114.56 0.0
S125045 58.4652 125.9987 1.06e-21 2.174e-21 7.3e-21 0.0 112.92 0.0
S125046 58.4943 126.0566 2.427e-22 6.391999999999999e-22 3.38e-21 0.0 111.46 0.0
S125047 58.3722 126.0135 4.729999999999999e-22 1.082e-21 4.275e-21 0.0 114.72 0.0
S125048 58.1544 125.8875 4.067e-21 2.776e-21 9.548999999999999e-22 0.0 114.92 0.0
S125049 58.5536 126.1499 7.783000000000001e-20 1.151e-19 1.763e-19 0.0 110.09 0.0
S125050 58.4778 126.1657 1.956e-12 1.376e-12 5.073e-13 0.0 110.98 0.0
S125051 58.4926 126.0112 6.567e-23 1.6099999999999999e-22 7.351999999999999e-22 0.0 112.42 0.0
S125052 58.5814 126.1493 1.782e-23 5.565999999999999e-23 4.1339999999999997e-22 0.0 110.1 0.0
S125053 58.4379 126.06 1.087e-17 2.127e-17 6.283e-17 0.0 111.13 0.0
S125054 58.43 126.048 5.856e-18 5.902e-18 4.229e-18 0.0 113.06 0.0
S125055 58.4395 126.0525 6.8719999999999995e-22 1.527e-21 5.937e-21 0.0 113.51 0.0
S125056 58.433 126.0557 1.639e-19 2.279e-19 3.328e-19 0.0 113.48 0.0
S125057 58.4143 126.0467 1.0259999999999999e-22 3.0609999999999995e-22 2.162e-21 0.0 113.96 0.0
S125058 58.4313 126.0706 3.299e-20 5.1930000000000005e-20 9.502000000000001e-20 0.0 111.94 0.0
S125059 58.3763 126.1028 5.941e-22 1.3300000000000001e-21 5.084e-21 0.0 112.49 0.0
S125060 58.4408 126.0527 4.904e-18 4.979e-18 3.722e-18 0.0 112.73 0.0
S125061 58.3926 126.0677 2.285e-22 6.252e-22 3.554e-21 0.0 113.01 0.0
S125062 58.4311 126.057 2.6730000000000002e-20 4.2050000000000006e-20 7.514000000000001e-20 0.0 114.17 0.0
S125063 58.4364 126.0534 6.116e-20 9.656000000000001e-20 1.78e-19 0.0 113.97 0.0
S125064 58.4066 126.085 2.075e-22 5.093e-22 2.309e-21 0.0 112.41 0.0
S125065 58.694 126.2884 3.679e-23 1.0199999999999999e-22 6.360999999999999e-22 0.0 109.93 0.0
S125066 58.4435 126.0621 6.999e-19 8.647e-19 9.318e-19 0.0 111.87 0.0
S125067 58.401 126.0383 1.3e-22 3.5809999999999995e-22 2.089e-21 0.0 114.23 0.0
S125068 58.4398 126.0496 1.07e-19 1.557e-19 2.459e-19 0.0 113.9 0.0
S125069 58.4325 126.0197 3.854e-21 2.676e-21 9.306999999999998e-22 0.0 113.32 0.0
S125070 58.4361 126.049 3.3519999999999996e-22 8.114999999999999e-22 3.695e-21 0.0 113.11 0.0
S125071 58.4363 126.0571 1.667e-22 4.249e-22 2.114e-21 0.0 112.79 0.0
S125072 58.3805 125.9642 4.736e-21 3.1950000000000002e-21 1.034e-21 0.0 113.98 0.0
S125073 58.5192 126.0781 4.257e-22 9.646e-22 3.66e-21 0.0 111.07 0.0
S125074 58.4401 126.1768 9.938999999999999e-22 1.98e-21 6.221e-21 0.0 111.3 0.0
S125075 58.4323 126.0776 4.473999999999999e-22 9.671999999999999e-22 3.425e-21 0.001 111.95 0.0
S125076 58.4122 126.0452 1.631e-17 1.55e-17 1.01e-17 0.0 113.95 0.0
S125077 58.4744 126.0573 6.472e-19 8.237e-19 9.812e-19 0.0 111.66 0.0
S125078 58.4329 126.0505 1.324e-23 4.6189999999999995e-23 4.332e-22 0.0 113.05 0.0
S125079 58.3592 125.9966 1.11e-19 1.559e-19 2.332e-19 0.0 114.83 0.0
S125080 58.4186 126.0095 4.825e-18 4.812e-18 3.556e-18 0.001 114.11 0.0
S125081 58.4494 126.0901 2.464e-19 3.177e-19 3.886e-19 0.0 111.16 0.0
S125082 58.4388 126.0682 2.603e-19 3.561e-19 4.888e-19 0.0 111.06 0.0
S125083 58.4384 126.0739 2.636e-19 3.366e-19 3.999e-19 0.0 111.58 0.0
S125084 58.4571 126.0764 2.0129999999999997e-22 5.283e-22 2.78e-21 0.0 110.99 0.0
S125085 58.3997 126.0344 4.035e-19 4.917e-19 5.542e-19 0.0 114.35 0.0
S125086 58.4267 126.051 2.429e-21 4.752e-21 1.359e-20 0.0 113.62 0.0
S125087 58.4317 126.0599 1.898e-21 3.991e-21 1.3190000000000001e-20 0.0 114.12 0.0
S125088 58.4289 126.0385 1.242e-18 1.431e-18 1.349e-18 0.0 113.38 0.0
S125089 58.3084 126.0331 3.569e-19 4.637e-19 5.546e-19 0.0 114.08 0.0
S125090 58.4617 126.0796 2.575e-17 3.953e-17 6.714e-17 0.0 110.72 0.0
S125091 58.3715 126.0281 6.45e-19 8.101e-19 9.519e-19 0.0 114.59 0.0
S125092 58.4242 125.955 3.208e-19 4.089e-19 4.811e-19 0.0 113.59 0.0
S125093 58.4451 126.0613 5.5340000000000004e-21 3.672e-21 1.14e-21 0.0 111.15 0.0
S125094 58.4134 126.035 2.703e-19 3.69e-19 5.115e-19 0.0 114.09 0.0
S125095 58.3224 126.0058 1.38e-20 2.357e-20 5.2750000000000006e-20 0.0 114.64 0.0
S125096 58.3982 126.0205 2.531e-25 1.185e-24 2.0999999999999998e-23 0.001 114.29 0.0
S125097 58.4297 126.063 2.8400000000000004e-20 4.5560000000000007e-20 8.515000000000001e-20 0.0 112.65 0.0
S125098 58.4551 126.089 6.922000000000001e-20 1.043e-19 1.716e-19 0.0 110.81 0.0
S125099 58.4201 126.0408 9.06e-13 6.214e-13 2.154e-13 0.0 113.97 0.0
S125100 58.4411 126.0642 6.253e-19 8.181e-19 1.031e-18 0.0 111.82 0.0
S125101 58.3908 125.9922 6.354000000000001e-20 9.829000000000001e-20 1.809e-19 0.0 114.44 0.0
S125102 58.3975 126.0434 4.2210000000000004e-20 7.334000000000001e-20 1.623e-19 0.0 114.32 0.0
S125103 58.4598 126.0218 5.967e-20 8.873000000000001e-20 1.411e-19 0.0 112.62 0.0
S125104 58.4437 126.0509 1.887e-20 3.2000000000000003e-20 6.786000000000001e-20 0.0 112.51 0.0
S125105 58.3985 126.0379 5.0619999999999997e-23 1.218e-22 5.380999999999999e-22 0.0 114.31 0.0
S125106 58.5297 126.0728 7.896999999999999e-23 2.1429999999999997e-22 1.2080000000000001e-21 0.0 111.17 0.0
S125107 58.5757 126.1808 1.41e-22 3.4319999999999995e-22 1.593e-21 0.0 109.88 0.0
S125108 58.4378 126.1603 6.84e-19 8.044e-19 8.17e-19 0.0 111.47 0.0
S125109 58.317 126.0166 1.1e-18 1.238e-18 1.163e-18 0.0 114.44 0.0
S125110 58.3606 125.9422 4.832999999999999e-22 1.098e-21 4.414e-21 0.0 114.31 0.0
S125111 58.3972 126.0389 2.772e-21 5.277e-21 1.415e-20 0.0 114.32 0.0
S125112 58.4397 126.0842 2.086e-12 1.65e-12 7.342e-13 0.0 111.33 1.0
S125113 58.4287 126.0769 3.255e-21 6.252e-21 1.722e-20 0.0 112.14 0.0
S125114 58.4372 126.0991 1.6729999999999999e-22 4.714999999999999e-22 2.952e-21 0.0 111.48 0.0
S125115 58.4236 126.1294 2.7080000000000002e-20 4.5220000000000006e-20 9.387000000000001e-20 0.0 111.81 0.0
S125116 58.4409 126.0574 2.839e-19 3.837e-19 5.009e-19 0.0 111.71 0.0
S125117 58.4297 126.0478 7.974e-21 1.508e-20 4.169e-20 0.0 113.85 0.0
S125118 58.6587 126.0854 6.616000000000001e-20 9.848000000000001e-20 1.574e-19 0.0 111.01 0.0
S125119 58.4615 126.038 6.427e-18 6.399e-18 4.553e-18 0.0 112.53 0.0
S125120 58.3836 126.0382 2.5569999999999996e-22 6.255999999999999e-22 2.805e-21 0.0 114.15 0.0
S125121 58.4516 126.0639 8.506e-21 1.6440000000000002e-20 4.7570000000000006e-20 0.0 111.4 0.0
S125122 58.3989 126.0562 2.352e-22 5.348e-22 2.1250000000000002e-21 0.0 113.45 0.0
S125123 58.4299 126.051 4.827e-18 4.905e-18 3.639e-18 0.0 113.78 0.0
S125124 58.4933 126.0778 1.4280000000000001e-21 3.366e-21 1.421e-20 0.0 110.74 0.0
S125125 58.4705 126.1545 1.74e-19 2.283e-19 2.754e-19 0.0 111.07 0.0
S125126 58.3856 126.0351 1.616e-19 2.182e-19 2.985e-19 0.0 114.45 0.0
S125127 58.4477 126.1054 3.844e-20 5.975000000000001e-20 1.093e-19 0.0 111.38 0.0
S125128 58.4677 126.0898 1.669e-19 2.285e-19 3.097e-19 0.0 110.6 0.0
S125129 58.4378 126.065 2.772e-21 5.543e-21 1.695e-20 0.0 111.24 0.0
S125130 58.4368 126.0518 8.674e-21 1.549e-20 3.747e-20 0.0 113.38 0.0
S125131 58.528 126.1433 4.698999999999999e-22 1.065e-21 4.2740000000000004e-21 0.0 110.2 0.0
S125132 58.3723 126.0447 1.444e-23 4.075e-23 2.464e-22 0.0 114.09 0.0
S125133 58.4435 126.0583 4.018e-24 1.445e-23 1.548e-22 0.0 111.76 0.0
S125134 58.3011 126.0341 1.1680000000000001e-26 8.665000000000001e-26 3.919e-24 0.0 113.92 0.0
S125135 58.5048 126.1071 6.876e-24 2.4669999999999997e-23 2.568e-22 0.0 110.24 0.0
S125136 58.4461 126.0509 1.589e-22 3.764e-22 1.5590000000000001e-21 0.0 112.22 0.0
S125137 58.3429 126.0317 7.904e-14 5.257e-14 1.671e-14 0.0 114.03 0.0
S125138 58.4222 126.0393 8.297000000000001e-21 1.483e-20 3.6270000000000004e-20 0.0 113.64 0.0
S125139 58.4267 126.0616 7.716e-23 1.9689999999999998e-22 9.834e-22 0.0 113.52 0.0
S125140 58.2297 125.9634 9.324000000000001e-20 1.335e-19 1.99e-19 0.0 114.6 0.0
S125141 58.1653 125.997 1.3230000000000001e-20 2.2660000000000002e-20 4.8530000000000007e-20 0.0 114.05 0.0
S125142 58.4234 126.0557 2.701e-21 5.167e-21 1.4130000000000002e-20 0.0 113.23 0.0
S125143 58.4478 126.074 1.764e-21 3.783e-21 1.2980000000000001e-20 0.0 111.11 0.0
S125144 58.4521 126.0872 1.0719999999999999e-23 3.3619999999999997e-23 2.6379999999999996e-22 0.0 111.08 0.0
S125145 58.437 126.0927 1.096e-17 9.895e-18 5.961e-18 0.0 111.49 0.0
S125146 58.5286 126.0768 3.427e-18 3.535e-18 2.756e-18 0.0 110.76 0.0
S125147 58.4055 126.0594 8.361e-23 2.443e-22 1.684e-21 0.0 113.23 0.0
S125148 58.438 126.0636 4.26e-21 2.893e-21 9.570999999999998e-22 0.0 111.32 0.0
S125149 58.3925 125.9538 1.669e-23 4.9539999999999996e-23 3.401e-22 0.0 113.94 0.0
S125150 58.4326 126.0681 2.848e-21 5.694e-21 1.676e-20 0.0 111.35 0.0
S125151 58.5128 126.0832 8.449999999999999e-22 1.938e-21 7.806e-21 0.0 110.49 0.0
S125152 58.2498 125.9367 2.226e-12 1.874e-12 9.698e-13 0.0 114.91 1.0
S125153 58.4249 126.0599 3.879e-17 3.546e-17 2.163e-17 0.0 113.79 0.0
S125154 58.5753 126.23 9.085e-19 1.079e-18 1.103e-18 0.0 110.29 0.0
S125155 58.5023 126.0603 2.1089999999999997e-22 6.0539999999999995e-22 3.915e-21 0.0 111.4 0.0
S125156 58.4303 126.0978 1.964e-17 1.834e-17 1.174e-17 0.0 111.57 0.0
S125157 58.5189 126.0537 1.5480000000000002e-20 2.802e-20 6.981000000000001e-20 0.0 111.42 0.0
S125158 58.4405 126.0603 9.7e-19 1.141e-18 1.129e-18 0.0 111.93 0.0
S125159 58.5069 126.0523 1.201e-23 3.662e-23 2.672e-22 0.0 111.66 0.0
S125160 58.4496 126.0736 2.8329999999999997e-22 7.069999999999999e-22 3.392e-21 0.0 111.1 0.0
S125161 58.4286 126.0876 8.398e-21 1.625e-20 4.4190000000000006e-20 0.0 111.67 0.0
S125162 58.6181 126.166 1.17e-21 2.6720000000000002e-21 1.044e-20 0.0 110.03 0.0
S125163 58.4432 126.0851 1.979e-19 2.685e-19 3.495e-19 0.001 111.39 0.0
S125164 58.4397 126.0568 1.857e-17 3.481e-17 9.583e-17 0.0 112.45 0.0
S125165 58.3939 126.0455 6.929e-24 2.5859999999999998e-23 2.947e-22 0.0 113.88 0.0
S125166 58.426 126.0223 1.114e-16 2.052e-16 5.293e-16 0.0 113.77 0.0
S125167 58.3946 126.0291 1.138e-18 1.455e-18 1.772e-18 0.0 114.27 0.0
S125168 58.4032 126.0352 2.135e-23 6.050999999999999e-23 3.8439999999999997e-22 0.0 114.32 0.0
S125169 58.4453 126.0466 1.001e-23 3.211e-23 2.6759999999999996e-22 0.0 112.9 0.0
S125170 58.4699 125.9515 2.1650000000000003e-20 3.43e-20 6.265000000000001e-20 0.0 113.02 0.0
S125171 58.3882 126.116 1.525e-20 2.5140000000000002e-20 5.0010000000000004e-20 0.0 112.24 0.0
S125172 58.4662 126.0558 1.65e-21 3.4770000000000004e-21 1.2170000000000001e-20 0.0 111.52 0.0
S125173 58.5705 126.0013 9.511000000000001e-20 1.407e-19 2.233e-19 0.0 112.14 0.0
S125174 58.4403 126.0617 2.3610000000000003e-20 3.8810000000000005e-20 7.605000000000001e-20 0.0 111.0 0.0
S125175 58.4059 126.0432 4.0299999999999997e-22 1.082e-21 5.8790000000000004e-21 0.0 114.08 0.0
S125176 58.4162 126.0455 4.125e-24 1.659e-23 2.1149999999999999e-22 0.0 113.95 0.0
S125177 58.5137 126.0673 6.459000000000001e-20 9.887e-20 1.652e-19 0.0 111.09 0.0
S125178 58.4374 126.0559 1.9750000000000003e-20 3.259e-20 6.893e-20 0.0 113.34 0.0
S125179 58.3985 126.0734 2.127e-24 8.241e-24 1.0049999999999999e-22 0.0 112.88 0.0
S125180 58.3627 126.0807 7.662999999999999e-23 1.9359999999999998e-22 9.705e-22 0.0 112.91 0.0
S125181 58.429 126.0662 1.408e-19 1.983e-19 2.918e-19 0.0 111.8 0.0
S125182 58.4561 126.1165 1.591e-23 4.6189999999999995e-23 3.052e-22 0.0 111.23 0.0
S125183 58.3503 126.0701 5.923e-21 1.066e-20 2.7000000000000003e-20 0.001 113.15 0.0
S125184 58.3695 126.0059 1.171e-17 1.237e-17 9.903e-18 0.0 114.6 0.0
S125185 58.4214 126.0447 3.136e-23 9.664e-23 7.280999999999999e-22 0.0 113.88 0.0
S125186 58.492 126.0883 8.0449999999999995e-22 1.9050000000000002e-21 8.296e-21 0.0 110.58 0.0
S125187 58.4565 126.0713 7.474e-21 1.2200000000000002e-20 2.3870000000000002e-20 0.0 110.99 0.0
S125188 58.4423 126.0978 2.4769999999999998e-23 6.677999999999999e-23 3.7539999999999997e-22 0.0 111.57 0.0
S125189 58.4609 126.0642 1.7049999999999998e-22 4.26e-22 2.129e-21 0.0 111.12 0.0
S125190 58.4294 125.9976 2.735e-19 3.628e-19 4.538e-19 0.0 113.6 0.0
S125191 58.3559 126.023 1.8539999999999998e-22 4.739e-22 2.478e-21 0.0 114.47 0.0
S125192 58.4803 126.0474 4.8270000000000005e-20 7.239e-20 1.244e-19 0.0 112.2 0.0
S125193 58.4324 126.0372 1.357e-21 2.995e-21 1.128e-20 0.0 113.58 0.0
S125194 58.4946 126.0982 1.5750000000000002e-20 2.6700000000000002e-20 5.77e-20 0.0 110.54 0.0
S125195 58.4655 126.058 1.831e-21 3.7e-21 1.1600000000000001e-20 0.0 111.69 0.0
S125196 58.419 126.0714 6.458e-21 1.2070000000000001e-20 3.09e-20 0.0 113.74 0.0
S125197 58.4328 126.0024 1.211e-22 3.3449999999999996e-22 1.969e-21 0.0 113.49 0.0
S125198 58.2988 126.0324 1.034e-12 7.762e-13 3.165e-13 0.0 113.88 0.0
S125199 58.4372 126.0457 2.947e-23 8.792e-23 5.803e-22 0.0 113.03 0.0
S125200 58.4572 126.0411 7.397999999999999e-22 1.742e-21 7.329e-21 0.0 112.39 0.0
S125201 58.4359 126.0878 1.266e-12 1.155e-12 6.778e-13 0.0 111.25 1.0
S125202 58.4399 126.0572 1.258e-19 1.738e-19 2.481e-19 0.0 111.43 0.0
S125203 58.386 126.0401 4.517e-16 3.302e-16 1.337e-16 0.0 114.35 0.0
S125204 58.4692 126.0868 6.232e-23 1.7399999999999999e-22 1.044e-21 0.0 110.75 0.0
S125205 58.3359 126.0236 3.2739999999999996e-23 9.822e-23 7.334e-22 0.0 114.01 0.0
S125206 58.4499 126.0864 1.337e-18 1.551e-18 1.539e-18 0.0 111.19 0.0
S125207 58.3671 125.9917 3.733e-23 1.0239999999999999e-22 6.105e-22 0.0 114.75 0.0
S125208 58.421 126.0705 4.734e-21 9.127e-21 2.588e-20 0.0 112.56 0.0
S125209 58.3236 126.0245 5.988e-21 1.1340000000000002e-20 3.092e-20 0.0 114.19 0.0
S125210 58.4372 126.0571 1.1459999999999999e-23 3.9729999999999997e-23 3.905e-22 0.0 111.42 0.0
S125211 58.4911 126.0655 3.2189999999999997e-23 9.195e-23 5.800999999999999e-22 0.0 111.1 0.0
S125212 58.4171 126.0419 6.822e-17 1.484e-16 5.354e-16 0.0 113.68 1.0
S125213 58.4187 126.0838 3.713e-22 9.259e-22 4.39e-21 0.0 111.91 0.0
S125214 58.3586 126.0596 6.839e-19 8.575e-19 9.884e-19 0.0 113.44 0.0
S125215 58.4455 126.0466 4.283e-19 5.336e-19 6.223e-19 0.0 112.61 0.0
S125216 58.3693 125.9813 9.527000000000001e-20 1.362e-19 2.101e-19 0.0 114.53 0.0
S125217 58.4651 126.0757 1.686e-12 1.224e-12 4.559e-13 0.0 110.86 0.0
S125218 58.4198 126.0408 5.462e-17 4.883e-17 2.815e-17 0.0 113.97 0.0
S125219 58.4393 126.0773 2.634e-19 3.43e-19 4.374e-19 0.0 111.36 0.0
S125220 58.3194 126.0718 1.062e-18 1.294e-18 1.38e-18 0.0 113.29 0.0
S125221 58.3406 126.0381 3.586e-18 5.482e-18 9.46e-18 0.0 114.21 0.0
S125222 58.3272 126.023 1.363e-21 2.849e-21 9.435e-21 0.0 114.18 0.0
S125223 58.3986 126.0164 6.329e-17 1.009e-16 1.964e-16 0.0 114.51 0.0
S125224 58.4424 126.0653 5.086e-21 9.938e-21 2.8340000000000003e-20 0.0 111.56 0.0
S125225 58.4432 126.0573 1.767e-21 3.724e-21 1.2850000000000001e-20 0.0 111.91 0.0
S125226 58.4283 126.072 3.11e-24 1.169e-23 1.34e-22 0.0 112.16 0.0
S125227 58.3701 125.9567 1.256e-21 2.6480000000000002e-21 8.999e-21 0.0 114.37 0.0
S125228 58.384 126.0702 8.043999999999999e-22 1.737e-21 6.173e-21 0.0 113.09 0.0
S125229 58.4032 126.088 3.054e-19 4.049e-19 5.26e-19 0.0 112.49 0.0
S125230 58.4599 126.0965 2.13e-22 5.016e-22 2.129e-21 0.0 111.16 0.0
S125231 58.5234 126.2164 8.949e-20 1.26e-19 1.88e-19 0.0 110.64 0.0
S125232 58.4449 126.0429 1.528e-19 2.351e-19 3.996e-19 0.0 112.79 0.0
S125233 58.4348 126.0614 1.997e-21 3.938e-21 1.187e-20 0.0 111.32 0.0
S125234 58.317 126.0487 1.609e-17 2.615e-17 5.119e-17 0.0 113.66 0.0
S125235 58.4394 126.057 2.231e-19 3.062e-19 4.318e-19 0.0 111.39 0.0
S125236 58.4497 126.0488 1.1100000000000001e-20 1.87e-20 3.9630000000000006e-20 0.0 112.24 0.0
S125237 58.6303 126.0885 9.086e-21 1.618e-20 3.801e-20 0.0 111.05 0.0
S125238 58.4083 126.023 4.677e-19 5.788e-19 6.595e-19 0.0 114.07 0.0
S125239 58.4183 126.0459 7.226999999999999e-22 1.705e-21 7.25e-21 0.0 113.81 0.0
S125240 58.4398 126.0456 1.675e-25 8.729e-25 1.948e-23 0.0 113.27 0.0
S125241 58.4943 126.0516 1.4499999999999998e-23 4.241e-23 2.9429999999999996e-22 0.0 111.71 0.0
S125242 58.4125 126.0205 5.744999999999999e-23 1.3869999999999999e-22 6.244999999999999e-22 0.0 114.12 0.0
S125243 58.3735 125.97 4.457e-18 4.467e-18 3.278e-18 0.0 114.46 0.0
S125244 58.4406 126.0536 1.366e-20 2.415e-20 5.569e-20 0.0 113.74 0.0
S125245 58.1853 126.0314 2.36e-19 3.307e-19 4.66e-19 0.0 113.77 0.0
S125246 58.3905 126.0556 1.225e-18 1.461e-18 1.49e-18 0.0 113.46 0.0
S125247 58.4086 126.0395 4.586e-23 1.377e-22 9.591e-22 0.0 113.71 0.0
S125248 58.4948 126.1006 1.7169999999999998e-22 4.2109999999999994e-22 1.973e-21 0.0 110.28 0.0
S125249 58.4287 126.0512 2.133e-19 2.818e-19 3.686e-19 0.0 113.38 0.0
S125250 58.5147 126.153 5.343e-19 6.583e-19 7.327e-19 0.0 110.17 0.0
S125251 58.3538 126.0291 1.205e-26 7.987e-26 2.881e-24 0.0 114.43 0.0
S125252 58.4163 126.0297 1.6720000000000001e-21 3.395e-21 1.023e-20 0.0 113.77 0.0
S125253 58.4842 126.1259 3.096e-24 1.3849999999999998e-23 2.2889999999999996e-22 0.0 110.64 0.0
S125254 58.4528 126.0054 4.609e-23 1.254e-22 7.294999999999999e-22 0.0 113.06 0.0
S125255 58.415 126.011 4.357999999999999e-22 9.092e-22 3.09e-21 0.0 113.74 0.0
S125256 58.4879 126.1097 9.114e-21 1.625e-20 3.8540000000000005e-20 0.0 110.45 0.0
S125257 58.4363 126.0226 1.0150000000000001e-21 2.266e-21 8.89e-21 0.0 113.45 0.0
S125258 58.4287 126.0399 3.4259999999999996e-22 7.9559999999999995e-22 3.306e-21 0.0 113.29 0.0
S125259 58.4055 126.0327 6.844e-20 1.129e-19 2.212e-19 0.0 114.24 0.0
S125260 58.4969 126.0729 1.1040000000000001e-21 2.259e-21 7.118e-21 0.0 111.18 0.0
S125261 58.5791 126.1314 1.194e-20 2.126e-20 5.2090000000000003e-20 0.0 110.3 0.0
S125262 58.4486 126.0464 4.076e-22 9.277999999999999e-22 3.647e-21 0.001 112.54 0.0
S125263 58.4697 126.1047 1.671e-21 3.6440000000000004e-21 1.306e-20 0.001 110.55 0.0
S125264 58.4112 126.0099 2.382e-17 2.259e-17 1.441e-17 0.0 113.92 0.0
S125265 58.6425 126.1887 1.9659999999999998e-22 5.168e-22 2.715e-21 0.0 110.01 0.0
S125266 58.3387 125.9433 2.1699999999999998e-23 7.119999999999999e-23 6.185999999999999e-22 0.0 114.61 0.0
S125267 58.465 126.0563 3.113e-23 9.702e-23 7.4509999999999995e-22 0.0 111.73 0.0
S125268 58.4513 125.9873 2.283e-21 4.514e-21 1.2710000000000001e-20 0.0 113.2 0.0
S125269 58.4335 126.0524 1.037e-21 2.361e-21 9.477e-21 0.0 113.25 0.0
S125270 58.4222 126.0393 1.8729999999999998e-22 5.384999999999999e-22 3.446e-21 0.0 113.95 0.0
S125271 58.4066 126.0557 1.115e-21 2.332e-21 7.816e-21 0.0 113.43 0.0
S125272 58.4438 126.0756 1.703e-23 5.391e-23 4.259e-22 0.0 111.63 0.0
S125273 58.4456 126.0534 1.1640000000000001e-20 2.0580000000000003e-20 4.7370000000000005e-20 0.0 111.37 0.0
S125274 58.4593 126.1998 1.509e-23 5.044e-23 4.572e-22 0.0 111.27 0.0
S125275 58.4076 126.0663 8.75e-20 1.367e-19 2.437e-19 0.0 112.91 0.0
S125276 58.4253 126.0476 1.224e-21 2.365e-21 6.458e-21 0.0 113.77 0.0
S125277 58.4324 126.0352 6.789e-19 7.936e-19 8.242e-19 0.0 113.19 0.0
S125278 58.5455 126.1846 8.401e-20 1.203e-19 1.834e-19 0.0 110.34 0.0
S125279 58.4197 125.9857 2.013e-23 6.404e-23 4.9699999999999995e-22 0.0 113.68 0.0
S125280 58.6727 126.2258 8.983e-18 8.819e-18 6.192e-18 0.0 109.91 0.0
S125281 58.4417 126.0633 6.441e-20 9.246e-20 1.432e-19 0.0 111.78 0.0
S125282 58.1151 126.0939 9.664e-23 2.3049999999999997e-22 1.019e-21 0.0 113.27 0.0
S125283 58.3382 125.9565 1.012e-18 1.208e-18 1.248e-18 0.0 114.79 0.0
S125284 58.4258 126.0712 7.411e-22 1.723e-21 7.47e-21 0.0 112.39 0.0
S125285 58.3524 126.0242 7.364e-22 1.626e-21 5.9500000000000004e-21 0.0 114.54 0.0
S125286 58.4581 126.1011 9.141e-21 1.636e-20 4.0180000000000006e-20 0.0 110.85 0.0
S125287 58.4432 126.0504 1.117e-18 1.29e-18 1.304e-18 0.0 112.57 0.0
S125288 58.3642 125.9548 1.275e-17 1.231e-17 8.182e-18 0.0 114.36 0.0
S125289 58.4039 126.0163 5.606999999999999e-22 1.429e-21 7.227e-21 0.0 114.2 0.0
S125290 58.3828 126.0187 1.811e-17 1.672e-17 1.064e-17 0.0 114.61 0.0
S125291 58.4186 126.0639 4.095e-23 1.2199999999999999e-22 8.704e-22 0.0 113.6 1.0
S125292 58.4255 126.0352 2.12e-17 3.636e-17 8.075e-17 0.0 113.54 0.0
S125293 58.4041 126.0333 1.847e-17 4.357e-17 1.902e-16 0.0 114.17 0.0
S125294 58.4734 126.062 1.081e-18 1.325e-18 1.455e-18 0.0 111.27 0.0
S125295 58.4739 126.1009 3.363e-21 2.338e-21 8.316e-22 0.0 110.44 0.0
S125296 58.4229 126.0847 1.194e-19 1.76e-19 2.81e-19 0.0 112.07 0.0
S125297 58.4093 126.0607 4.612e-18 4.796e-18 3.775e-18 0.0 113.1 0.0
S125298 58.4388 126.0582 7.29e-22 1.67e-21 6.805e-21 0.0 112.25 0.0
S125299 58.4115 126.0396 4.933e-22 1.193e-21 5.494e-21 0.0 114.05 0.0
S125300 58.2903 125.8962 1.2149999999999999e-23 3.792e-23 2.9889999999999997e-22 0.0 114.72 0.0
S125301 58.437 126.0564 5.115e-21 9.804e-21 2.753e-20 0.0 112.45 0.0
S125302 58.439 126.0368 2.946e-21 2.123e-21 7.741999999999999e-22 0.0 113.06 0.0
S125303 58.4495 126.0639 4.762e-25 2.157e-24 3.715e-23 0.0 111.1 0.0
S125304 58.4773 126.0106 9.106e-24 2.943e-23 2.3809999999999998e-22 0.0 112.53 0.0
S125305 58.4458 126.0612 2.373e-18 2.733e-18 2.527e-18 0.0 111.14 0.0
S125306 58.4719 126.0838 6.059e-21 1.0980000000000001e-20 2.786e-20 0.0 110.57 0.0
S125307 58.4523 126.0599 1.861e-13 2.393e-13 2.856e-13 0.0 111.88 0.0
S125308 58.4175 126.0573 1.157e-21 2.651e-21 1.061e-20 0.0 113.02 0.0
S125309 58.4676 126.0794 1.189e-21 2.567e-21 9.474000000000001e-21 0.0 110.79 0.0
S125310 58.3892 126.1236 5.684e-18 5.939e-18 4.801e-18 0.0 112.12 0.0
S125311 58.4227 126.0563 1.1719999999999999e-23 3.496e-23 2.518e-22 0.0 113.24 0.0
S125312 58.3599 125.9419 3.387e-21 2.372e-21 8.335999999999999e-22 0.001 114.27 0.0
S125313 58.5262 126.2962 1.251e-23 4.4379999999999997e-23 4.384999999999999e-22 0.0 111.09 0.0
S125314 58.5414 126.0616 9.605999999999999e-22 2.215e-21 9.279e-21 0.0 111.46 0.0
S125315 58.4571 126.1154 8.36e-21 1.4780000000000003e-20 3.532e-20 0.0 111.13 0.0
S125316 58.4357 126.0606 5.2699999999999997e-23 1.5909999999999998e-22 1.164e-21 0.0 110.97 0.0
S125317 58.4279 126.0796 4.901e-19 6.48e-19 8.421e-19 0.0 111.57 0.0
S125318 58.4064 126.1065 1.452e-19 2.055e-19 3.07e-19 0.0 112.2 0.0
S125319 58.4571 126.0544 1.7749999999999997e-22 4.0919999999999994e-22 1.668e-21 0.0 111.4 0.0
S125320 58.441 126.0563 5.509e-17 1.023e-16 2.547e-16 0.0 112.22 0.0
S125321 58.4684 126.0663 1.8379999999999997e-22 4.621e-22 2.192e-21 0.0 111.07 0.0
S125322 58.3696 126.0137 9.468e-21 1.6160000000000003e-20 3.5640000000000005e-20 0.0 114.71 0.0
S125323 58.4246 125.9926 2.666e-18 2.939e-18 2.562e-18 0.0 113.4 0.0
S125324 58.3897 125.9731 1.411e-20 2.4240000000000002e-20 5.39e-20 0.0 114.28 0.0
S125325 58.4423 126.0714 4.626e-21 8.859e-21 2.4160000000000003e-20 0.0 111.32 0.0
S125326 58.4064 126.0565 2.124e-17 4.083e-17 1.156e-16 0.0 113.2 0.0
S125327 58.4172 126.0791 3.328e-23 8.667999999999999e-23 4.469e-22 0.0 112.3 0.0
S125328 58.5161 126.0859 2.8089999999999996e-22 6.951999999999999e-22 3.315e-21 0.0 110.74 0.0
S125329 58.3575 126.1144 4.485e-22 1.056e-21 4.322e-21 0.0 112.63 0.0
S125330 58.3984 126.0377 6.922000000000001e-20 1.066e-19 1.895e-19 0.0 114.37 0.0
S125331 58.4329 126.0622 3.558e-24 1.331e-23 1.51e-22 0.0 111.8 0.0
S125332 58.4243 126.0397 9.634e-21 1.777e-20 4.4870000000000007e-20 0.0 113.81 0.0
S125333 58.4462 126.0565 4.888999999999999e-22 1.266e-21 6.542e-21 0.0 111.39 0.0
S125334 58.4588 126.2146 4.032e-22 9.06e-22 3.482e-21 0.0 111.43 0.0
S125335 58.4239 126.0465 7.654e-21 1.3650000000000002e-20 3.1720000000000003e-20 0.0 113.77 0.0
S125336 58.4451 126.0999 4.6870000000000005e-25 2.07e-24 3.324e-23 0.0 111.34 0.0
S125337 58.4439 126.0902 1.091e-17 1.078e-17 7.535e-18 0.0 111.58 0.0
S125338 58.4931 126.1064 8.429e-19 1.045e-18 1.172e-18 0.0 110.38 0.0
S125339 58.4307 126.1218 3.23e-22 7.323999999999999e-22 2.7910000000000002e-21 0.0 111.82 0.0
S125340 58.3926 126.0799 3.059e-19 3.905e-19 4.763e-19 0.0 112.72 0.0
S125341 58.4719 126.0771 2.606e-17 2.382e-17 1.491e-17 0.0 110.77 0.0
S125342 58.4911 126.0639 1.1720000000000001e-20 2.108e-20 5.0350000000000004e-20 0.0 111.0 0.0
S125343 58.0864 126.0029 1.0819999999999998e-22 2.7959999999999997e-22 1.441e-21 0.0 113.73 0.0
S125344 58.2863 125.9339 2.636e-22 6.3369999999999995e-22 2.8e-21 0.0 114.92 0.0
S125345 58.4672 126.1074 2.615e-21 5.23e-21 1.6090000000000003e-20 0.0 110.83 0.0
S125346 58.4004 126.0639 1.8839999999999998e-22 5.21e-22 3.142e-21 0.0 113.41 0.0
S125347 58.4309 126.0603 2.133e-18 2.23e-18 1.807e-18 0.0 113.01 0.0
S125348 58.4306 126.0569 3.235e-19 4.141e-19 5.136e-19 0.0 113.98 0.0
S125349 58.4706 126.1494 7.91e-17 6.539e-17 3.216e-17 0.0 111.12 0.0
S125350 58.4736 126.0555 6.213999999999999e-22 1.239e-21 3.766e-21 0.0 111.86 0.0
S125351 58.4631 126.0845 8.687999999999999e-22 1.873e-21 6.596e-21 0.0 110.83 0.0
S125352 58.439 126.0621 1.757e-21 3.702e-21 1.232e-20 0.0 112.04 0.0
S125353 58.3796 126.0188 2.156e-17 1.943e-17 1.161e-17 0.0 114.6 0.0
S125354 58.4496 126.0679 5.456e-18 5.815e-18 4.762e-18 0.0 111.13 1.0
S125355 58.4218 126.0529 5.754e-23 1.726e-22 1.234e-21 0.0 113.19 0.0
S125356 58.4203 125.988 3.615e-24 1.414e-23 1.671e-22 0.0 113.82 0.0
S125357 58.4387 126.0617 3.925e-21 7.416e-21 1.984e-20 0.0 111.63 0.0
S125358 58.4263 126.0416 4.733e-24 1.636e-23 1.622e-22 0.0 113.94 0.0
S125359 58.4547 126.1113 3.413e-21 2.397e-21 8.660999999999999e-22 0.0 111.11 0.0
S125360 58.5307 126.0558 8.838999999999999e-23 2.7729999999999996e-22 2.19e-21 0.0 111.69 0.0
S125361 58.6043 126.0987 8.818e-18 8.812e-18 6.275e-18 0.0 110.99 0.0
S125362 58.4559 126.0671 3.385e-23 9.338999999999999e-23 5.352999999999999e-22 0.0 111.25 0.0
S125363 58.1657 125.9413 6.433e-23 1.6649999999999998e-22 8.649e-22 0.0 114.62 0.0
S125364 58.6074 126.0888 6.697e-21 1.263e-20 3.4940000000000006e-20 0.0 111.11 0.0
S125365 58.4002 126.0738 2.429e-21 4.7e-21 1.2880000000000001e-20 0.0 112.84 0.0
S125366 58.4687 126.1755 4.407e-22 1.044e-21 4.554e-21 0.0 111.07 0.0
S125367 58.4159 126.0635 8.237e-24 2.5909999999999998e-23 2.053e-22 0.0 113.26 0.0
S125368 58.4415 126.0612 3.452e-19 4.351e-19 5.149e-19 0.0 111.71 0.0
S125369 58.4409 126.0918 8.118e-20 1.252e-19 2.277e-19 0.0 111.46 0.0
S125370 58.4552 126.0655 4.817e-19 5.959e-19 6.856e-19 0.0 111.31 0.0
S125371 58.6609 126.1721 5.1050000000000004e-20 7.847e-20 1.372e-19 0.0 110.23 0.0
S125372 58.317 125.966 2.176e-19 2.875e-19 3.647e-19 0.0 115.09 0.0
S125373 58.5103 126.0861 4.518999999999999e-22 1.091e-21 4.778e-21 0.0 110.79 0.0
S125374 58.4366 126.0596 6.423e-19 8.198e-19 9.745e-19 0.0 111.99 0.0
S125375 58.4345 126.0638 7.788999999999999e-22 1.722e-21 6.586e-21 0.0 111.82 0.0
S125376 58.4264 126.0427 3.3080000000000005e-20 5.448e-20 1.126e-19 0.0 113.42 0.0
S125377 58.4035 126.0558 3.1359999999999996e-22 7.582999999999999e-22 3.39e-21 0.0 113.52 0.0
S125378 58.416 126.044 6.634e-19 8.598e-19 1.039e-18 0.0 113.95 0.0
S125379 58.4346 125.9775 6.458e-24 2.0369999999999999e-23 1.6419999999999998e-22 0.0 113.58 0.0
S125380 58.4651 126.0494 2.497e-19 3.067e-19 3.504e-19 0.0 112.03 0.0
S125381 58.3381 125.9765 3.285e-23 9.04e-23 5.509e-22 0.0 114.73 0.0
S125382 58.4333 126.0934 1.6859999999999997e-22 4.0819999999999997e-22 1.8040000000000002e-21 0.0 111.69 0.0
S125383 58.4378 126.0602 5.2690000000000005e-20 8.384000000000001e-20 1.651e-19 0.0 110.89 0.0
S125384 58.3738 126.0377 6.732e-18 6.975e-18 5.591e-18 0.0 114.24 0.0
S125385 58.4126 125.9964 3.022e-22 7.352999999999999e-22 3.432e-21 0.0 113.67 0.0
S125386 58.356 126.0339 2.052e-23 5.734e-23 3.4879999999999998e-22 0.001 113.93 0.0
S125387 58.4464 126.0489 7.809e-21 1.419e-20 3.5230000000000004e-20 0.0 112.23 0.0
S125388 58.4205 126.0419 9.371e-21 1.7610000000000003e-20 4.6940000000000007e-20 0.0 114.0 0.0
S125389 58.4352 126.0995 1.5990000000000002e-20 2.883e-20 7.135000000000001e-20 0.0 111.48 0.0
S125390 58.4683 126.0816 2.1040000000000002e-20 3.5290000000000005e-20 7.380000000000001e-20 0.0 110.85 0.0
S125391 58.508 126.1081 1.315e-19 1.859e-19 2.857e-19 0.0 110.32 0.0
S125392 58.3659 126.0277 4.067e-21 2.794e-21 9.647e-22 0.0 114.39 0.0
S125393 58.4209 126.0998 5.4599999999999995e-22 1.338e-21 6.131e-21 0.0 111.99 0.0
S125394 58.41 126.0147 2.599e-21 4.958e-21 1.3850000000000002e-20 0.0 114.29 0.0
S125395 58.4338 126.0539 3.924e-21 2.692e-21 9.391e-22 0.0 113.86 0.0
S125396 58.4178 126.038 2.417e-19 3.196e-19 4.156e-19 0.0 113.73 0.0
S125397 58.4499 126.0435 2.481e-19 3.265e-19 4.147e-19 0.0 112.62 0.0
S125398 58.4528 126.0218 2.695e-12 2.209e-12 1.093e-12 0.0 112.74 1.0
S125399 58.4363 126.0821 1.477e-20 2.633e-20 6.147e-20 0.0 111.86 0.0
S125400 58.3604 126.0464 5.824e-24 2.018e-23 1.934e-22 0.0 113.91 0.0
S125401 58.3629 126.0379 1.106e-20 2.042e-20 5.016e-20 0.0 114.5 0.0
S125402 58.394 126.0164 4.898e-21 9.891000000000001e-21 3.0320000000000005e-20 0.0 114.53 0.0
S125403 58.5504 126.207 2.281e-17 5.291e-17 2.183e-16 0.0 110.33 0.0
S125404 58.3629 126.0842 6.083e-19 7.576e-19 8.598e-19 0.0 112.9 0.0
S125405 58.4438 126.0496 5.0799999999999996e-24 1.914e-23 2.153e-22 0.0 112.52 0.0
S125406 58.4326 126.0691 7.615000000000001e-20 1.11e-19 1.734e-19 0.0 111.83 0.0
S125407 58.3657 126.0237 2.516e-18 2.718e-18 2.298e-18 0.0 114.32 0.0
S125408 58.5839 126.1009 2.324e-21 5.107e-21 1.8450000000000002e-20 0.001 110.66 0.0
S125409 58.3825 126.0053 4.567e-19 6.027e-19 7.737e-19 0.0 114.67 0.0
S125410 58.4164 126.0112 1.726e-24 6.729e-24 8.436e-23 0.0 113.59 0.0
S125411 58.423 126.066 2.015e-19 2.606e-19 3.06e-19 0.0 112.94 0.0
S125412 58.4544 126.001 1.047e-19 1.497e-19 2.253e-19 0.0 112.94 0.0
S125413 58.4209 126.0332 3.269e-18 3.54e-18 2.95e-18 0.0 114.13 0.0
S125414 58.4292 126.0391 5.365e-23 1.671e-22 1.3420000000000001e-21 0.001 113.6 0.0
S125415 58.3684 126.1046 1.246e-21 2.801e-21 1.085e-20 0.0 112.63 0.0
S125416 58.3376 126.0101 2.9939999999999995e-22 6.289999999999999e-22 2.182e-21 0.0 114.55 0.0
S125417 58.4337 126.0549 1.564e-17 1.555e-17 1.081e-17 0.0 112.91 0.0
S125418 58.4179 126.0125 5.141999999999999e-22 1.141e-21 4.312e-21 0.0 114.02 0.0
S125419 58.4264 126.0489 3.995e-17 6.744e-17 1.474e-16 0.0 113.45 0.0
S125420 58.4004 126.0849 1.276e-12 1.177e-12 7.134e-13 0.0 112.65 1.0
S125421 58.4111 126.0523 2.854e-19 3.737e-19 4.686e-19 0.0 113.27 0.0
S125422 58.4284 126.1073 4.363e-22 9.515999999999999e-22 3.3850000000000002e-21 0.0 111.66 0.0
S125423 58.4407 126.0232 2.255e-18 2.59e-18 2.43e-18 0.0 113.67 0.0
S125424 58.4355 126.0556 1.647e-18 1.859e-18 1.743e-18 0.0 113.08 0.0
S125425 58.442 126.0808 3.287e-18 3.407e-18 2.653e-18 0.0 111.02 0.0
S125426 58.3964 126.0541 5.045e-13 3.448e-13 1.199e-13 0.0 114.24 0.0
S125427 58.4513 126.055 1.081e-18 1.277e-18 1.346e-18 0.0 111.78 0.0
S125428 58.4508 126.058 4.497e-17 3.834e-17 2.012e-17 0.0 112.0 0.0
S125429 58.3861 126.0188 2.09e-17 1.924e-17 1.201e-17 0.0 114.46 0.0
S125430 58.4083 126.0757 5.759e-20 8.857000000000001e-20 1.576e-19 0.0 112.69 0.0
S125431 58.4456 125.996 2.658e-17 4.157e-17 7.581e-17 0.0 113.72 0.0
S125432 58.4686 126.0413 5.462e-20 8.663e-20 1.59e-19 0.0 112.21 0.0
S125433 58.4596 126.087 1.197e-16 9.383e-17 4.319e-17 0.0 111.24 0.0
S125434 58.4047 126.048 4.799999999999999e-22 1.102e-21 4.422e-21 0.0 113.2 0.0
S125435 58.4681 126.0342 2.073e-19 2.951e-19 4.308e-19 0.001 110.73 0.0
S125436 58.3711 126.0888 2.827e-17 4.997e-17 1.167e-16 0.0 114.25 0.0
S125437 58.4761 126.0188 2.4839999999999997e-22 5.064e-22 1.585e-21 0.0 112.6 0.0
S125438 58.4131 126.0874 1.602e-17 1.492e-17 9.286e-18 0.0 111.37 0.0
S125439 58.4172 126.035 1.631e-17 1.615e-17 1.152e-17 0.0 113.77 0.0
S125440 58.4447 126.0851 1.0329999999999999e-22 2.4889999999999995e-22 1.147e-21 0.0 111.72 0.0
S125441 58.3764 126.1245 7.623e-20 1.13e-19 1.864e-19 0.0 111.69 0.0
S125442 58.4498 126.0205 1.273e-21 2.65e-21 8.66e-21 0.0 113.5 0.0
S125443 58.3825 126.0601 1.927e-17 3.409e-17 7.967e-17 0.0 114.45 0.0
S125444 58.4472 126.062 9.137e-19 1.134e-18 1.246e-18 0.0 112.02 0.0
S125445 58.4427 126.0046 2.349e-19 3.149e-19 4.157e-19 0.0 114.62 0.0
S125446 58.4491 125.9961 1.716e-17 3.031e-17 7.027e-17 0.0 114.1 0.0
S125447 58.4166 126.0852 1.233e-17 2.304e-17 5.869e-17 0.0 112.2 0.0
S125448 58.3646 126.0326 7.781e-13 5.478e-13 1.901e-13 0.0 114.66 0.0
S125449 58.4543 126.0544 8.194e-19 1.01e-18 1.118e-18 0.0 112.05 0.0
S125450 58.4787 126.0648 5.263e-17 1.075e-16 3.346e-16 0.0 110.65 0.0
S125451 58.3709 125.9915 2.447e-17 4.234e-17 9.57e-17 0.0 114.67 0.0
S125452 58.4368 125.9882 2.275e-17 2.149e-17 1.373e-17 0.0 114.12 0.0
S125453 58.4163 126.09 1.783e-17 2.664e-17 4.463e-17 0.0 110.79 0.0
S125454 58.3694 126.0565 4.6140000000000004e-20 7.253e-20 1.314e-19 0.0 113.7 0.0
S125455 58.4336 126.0685 2.453e-19 3.299e-19 4.31e-19 0.0 112.0 0.0
S125456 58.4324 126.0212 4.0720000000000004e-21 8.044e-21 2.384e-20 0.0 113.82 0.0
S125457 58.424 126.114 4.787e-18 4.942e-18 3.875e-18 0.0 111.53 0.0
S125458 58.4204 126.0712 5.731e-19 7.079e-19 8.253e-19 0.0 112.47 0.0
S125459 58.3767 126.0621 9.996999999999999e-22 2.077e-21 6.964e-21 0.0 113.79 0.0
S125460 58.3933 126.0629 5.358e-22 1.34e-21 6.475e-21 0.0 113.86 0.0
S125461 58.3535 126.0391 1.962e-17 1.771e-17 1.046e-17 0.0 114.52 0.0
S125462 58.4291 126.0979 6.043e-22 1.292e-21 4.4160000000000004e-21 0.0 110.5 0.0
S125463 58.4409 126.0392 8.814e-23 2.562e-22 1.702e-21 0.0 112.97 0.0
S125464 58.4742 126.072 7.63e-17 6.452e-17 3.451e-17 0.0 111.54 0.0
S125465 58.495 126.0918 9.366e-18 1.931e-17 6.121e-17 0.0 110.63 0.0
S125466 58.4532 126.09 7.63e-17 1.865e-16 8.816e-16 0.0 111.57 1.0
S125467 58.4538 126.1473 2.2529999999999997e-22 5.456999999999999e-22 2.534e-21 0.0 110.49 0.0
S125468 58.4925 126.0307 9.656e-17 7.943e-17 3.978e-17 0.0 111.63 0.0
S125469 58.4317 126.0379 1.321e-18 1.512e-18 1.378e-18 0.0 114.0 0.0
S125470 58.533 126.0854 5.295e-21 9.73e-21 2.491e-20 0.0 110.47 0.0
S125471 58.3816 126.0312 1.2639999999999998e-22 3.103e-22 1.484e-21 0.0 114.33 0.0
S125472 58.3908 126.0305 2.0369999999999999e-22 5.026999999999999e-22 2.348e-21 0.0 114.34 0.0
S125473 58.3578 126.0337 1.06e-21 2.336e-21 8.854e-21 0.0 114.63 0.0
S125474 58.3537 126.0048 1.191e-17 1.159e-17 7.696e-18 0.0 114.71 0.0
S125475 58.4196 126.0621 8.199e-17 1.504e-16 3.891e-16 0.0 113.9 0.0
S125476 58.4813 126.1446 2.0480000000000002e-21 1.5410000000000001e-21 6.226999999999999e-22 0.0 110.41 0.0
S125477 58.3889 126.0442 7.984e-18 8.239e-18 6.173e-18 0.0 114.28 0.0
S125478 58.4263 126.1035 5.858999999999999e-22 1.289e-21 4.9520000000000004e-21 0.0 110.63 0.0
S125479 58.4047 126.0384 1.123e-21 2.385e-21 8.22e-21 0.0 114.2 0.0
S125480 58.4457 126.1074 2.9780000000000004e-20 4.9300000000000006e-20 1.041e-19 0.0 110.45 0.0
S125481 58.4861 126.0181 9.141e-18 8.818e-18 5.723e-18 0.0 112.46 0.0
S125482 58.462 126.0587 7.898000000000001e-20 1.197e-19 2.033e-19 0.001 111.89 0.0
S125483 58.4916 126.0338 1.1999999999999998e-22 2.694e-22 1.075e-21 0.0 111.18 0.0
S125484 58.4226 125.9891 1.126e-19 1.652e-19 2.636e-19 0.0 114.48 0.0
S125485 58.4284 126.0266 2.809e-19 3.685e-19 4.644e-19 0.0 113.77 0.0
S125486 58.461 126.0274 2.349e-16 1.902e-16 9.049e-17 0.0 113.06 0.0
S125487 58.4277 126.0976 2.879e-21 2.052e-21 7.649999999999999e-22 0.0 111.28 0.0
S125488 58.4155 126.0753 4.906e-21 9.596e-21 2.869e-20 0.0 112.49 0.0
S125489 58.4158 126.0824 1.303e-17 1.254e-17 8.573e-18 0.0 111.28 0.0
S125490 58.4029 126.0494 2.3540000000000003e-20 3.838e-20 7.959e-20 0.0 113.7 0.0
S125491 58.5129 126.0686 4.847e-16 3.647e-16 1.483e-16 0.0 110.67 0.0
S125492 58.4918 126.0585 1.453e-19 1.983e-19 2.674e-19 0.0 111.14 0.0
S125493 58.4235 126.0485 2.636e-17 2.302e-17 1.259e-17 0.0 113.85 0.0
S125494 58.3681 126.0806 1.743e-24 6.362e-24 6.821e-23 0.0 114.63 0.0
S125495 58.437 126.0273 3.303e-21 2.29e-21 8.226e-22 0.0 114.2 0.0
S125496 58.4789 126.0974 2.087e-19 2.848e-19 3.835e-19 0.0 110.5 0.0
S125497 58.3622 126.0997 2.122e-18 2.438e-18 2.296e-18 0.0 114.87 0.0
S125498 58.4723 126.0603 1.061e-18 1.33e-18 1.493e-18 0.0 110.79 1.0
S125499 58.4555 126.0451 9.531e-19 1.182e-18 1.296e-18 0.0 112.16 0.0
S125500 58.4624 126.0446 5.138e-16 3.95e-16 1.695e-16 0.001 111.99 1.0
S125501 58.4988 126.0869 3.643e-21 2.554e-21 8.964e-22 0.0 110.35 0.0
S125502 58.4432 126.0308 5.791e-18 6.024e-18 4.643e-18 0.0 113.42 0.0
S125503 58.4463 126.1009 5.565e-13 3.865e-13 1.331e-13 0.0 110.88 0.0
S125504 58.4922 126.0589 1.129e-18 1.264e-18 1.165e-18 0.0 111.37 0.0
S125505 58.4197 126.1205 4.0000000000000004e-21 2.7910000000000002e-21 9.71e-22 0.0 110.35 0.0
S125506 58.4257 126.0953 1.177e-18 1.395e-18 1.454e-18 0.0 111.22 0.0
S125507 58.4203 126.0693 3.04e-21 2.1430000000000002e-21 7.772999999999999e-22 0.0 112.56 0.0
S125508 58.4708 126.0721 1.552e-16 1.235e-16 5.772e-17 0.0 110.83 0.0
S125509 58.3628 125.9642 4.354e-20 6.994e-20 1.363e-19 0.0 114.46 0.0
S125510 58.3489 126.0283 6.756000000000001e-20 9.814e-20 1.534e-19 0.0 114.22 0.0
S125511 58.5247 126.0801 3.174e-19 4.156e-19 5.203e-19 0.0 110.14 0.0
S125512 58.4222 126.087 3.369e-17 3.178e-17 1.978e-17 0.0 111.71 0.0
S125513 58.4556 126.0874 9.535000000000001e-20 1.375e-19 2.053e-19 0.0 110.85 0.0
S125514 58.4224 126.0339 6.09e-17 8.969e-17 1.438e-16 0.0 113.96 0.0
S125515 58.4557 126.0295 2.38e-16 2.01e-16 1.024e-16 0.0 113.3 0.0
S125516 58.452 126.0629 6.206e-23 1.6649999999999998e-22 9.447e-22 0.0 112.01 0.0
S125517 58.416 126.0296 6.780999999999999e-22 1.646e-21 7.296e-21 0.0 114.13 0.0
S125518 58.4422 126.0771 4.3599999999999997e-23 1.2419999999999998e-22 8.273999999999999e-22 0.0 111.42 0.0
S125519 58.3977 126.0175 2.864e-21 2.046e-21 7.409e-22 0.0 114.02 0.0
S125520 58.3771 126.0764 1.374e-19 2.058e-19 3.313e-19 0.0 113.91 0.0
S125521 58.4189 126.0563 1.3140000000000001e-20 2.3230000000000003e-20 5.2750000000000006e-20 0.0 112.8 0.0
S125522 58.3902 126.0695 3.562e-21 2.462e-21 8.564999999999999e-22 0.0 113.09 0.0
S125523 58.4696 126.085 8.187999999999999e-22 1.8930000000000002e-21 7.57e-21 0.0 110.63 0.0
S125524 58.4385 126.071 2.794e-20 4.5640000000000006e-20 9.18e-20 0.0 111.63 0.0
S125525 58.3906 126.0746 8.072999999999999e-22 1.738e-21 6.147e-21 0.0 113.13 0.0
S125526 58.4034 126.0356 1.829e-20 3.112e-20 6.676000000000001e-20 0.0 114.25 0.0
S125527 58.4326 126.1028 1.085e-16 8.923e-17 4.193e-17 0.0 111.39 0.0
S125528 58.4345 126.0633 1.443e-23 4.293e-23 3.0619999999999996e-22 0.0 112.29 0.0
S125529 58.363 126.0796 5.157e-17 4.638e-17 2.761e-17 0.0 114.21 0.0
S125530 58.4321 126.0908 2.587e-19 3.432e-19 4.318e-19 0.0 111.49 0.0
S125531 58.4344 126.0103 3.269e-17 2.882e-17 1.585e-17 0.001 114.45 0.0
S125532 58.4788 126.0102 5.328e-22 1.268e-21 5.354e-21 0.0 112.86 0.0
S125533 58.404 126.0283 6.916e-18 7.347e-18 5.925e-18 0.0 114.13 0.0
S125534 58.4094 126.1234 1.167e-18 1.362e-18 1.37e-18 0.001 110.58 0.0
S125535 58.4578 126.0633 1.44e-17 2.695e-17 7.018e-17 0.0 111.25 0.0
S125536 58.453 126.058 1.354e-17 1.279e-17 8.374e-18 0.0 111.59 0.0
S125537 58.3336 126.0952 3.055e-18 3.377e-18 3.002e-18 0.0 113.51 0.0
S125538 58.4828 126.0757 7.23e-19 8.487e-19 8.532e-19 0.0 110.62 0.0
S125539 58.4517 126.0601 1.042e-17 1.032e-17 7.484e-18 0.0 112.16 0.0
S125540 58.4466 126.02 5.251e-18 5.483e-18 4.417e-18 0.0 113.62 0.0
S125541 58.4091 126.0358 3.675e-17 3.26e-17 1.879e-17 0.0 114.1 0.0
S125542 58.4234 126.0096 1.32e-21 2.799e-21 9.706e-21 0.0 114.54 0.0
S125543 58.3918 126.0155 1.383e-12 9.985e-13 3.783e-13 0.0 114.55 0.0
S125544 58.4319 126.0659 7.893000000000001e-20 1.205e-19 2.03e-19 0.0 112.15 0.0
S125545 58.4621 126.0588 5.2620000000000005e-20 8.355e-20 1.611e-19 0.0 111.84 0.0
S125546 58.4399 126.0787 3.144e-18 3.377e-18 2.862e-18 0.0 111.61 0.0
S125547 58.4037 126.0499 1.214e-19 1.715e-19 2.592e-19 0.0 114.01 0.0
S125548 58.3511 126.0022 1.407e-16 1.186e-16 5.965e-17 0.0 114.69 0.0
S125549 58.4513 126.0728 7.699e-17 6.547e-17 3.462e-17 0.0 111.53 0.0
S125550 58.3861 126.0621 7.809e-19 9.44e-19 9.947e-19 0.0 113.73 0.0
S125551 58.4604 126.0394 2.2169999999999997e-22 6.006999999999999e-22 3.3320000000000002e-21 0.0 112.34 0.0
S125552 58.3826 126.0507 5.47e-17 1.071e-16 3.133e-16 0.0 114.3 0.0
S125553 58.4153 125.9919 1.464e-19 2.023e-19 2.855e-19 0.0 114.61 0.0
S125554 58.4346 126.0352 1.025e-18 1.154e-18 1.02e-18 0.0 113.11 0.0
S125555 58.3631 125.9919 6.802e-18 6.685e-18 4.729e-18 0.0 114.75 0.0
S125556 58.4872 126.0324 1.079e-12 7.448e-13 2.518e-13 0.0 110.7 0.0
S125557 58.4365 126.0475 2.363e-19 2.984e-19 3.368e-19 0.0 113.25 0.0
S125558 58.4747 126.0757 5.382e-20 7.977000000000001e-20 1.33e-19 0.0 110.75 0.0
S125559 58.3806 126.0695 2.506e-18 2.862e-18 2.69e-18 0.0 113.69 0.0
S125560 58.3926 126.1154 1.529e-12 1.161e-12 4.695e-13 0.0 111.55 1.0
S125561 58.4449 126.0475 4.036e-17 8.122e-17 2.546e-16 0.0 112.64 0.0
S125562 58.4733 126.1008 2.218e-19 2.873e-19 3.571e-19 0.0 110.43 0.0
S125563 58.4334 126.0494 7.724e-18 7.852e-18 5.789e-18 0.0 113.63 0.0
S125564 58.5037 126.0774 3.219e-17 5.707e-17 1.314e-16 0.0 110.35 0.0
S125565 58.4681 126.0548 2.058e-17 3.068e-17 5.002e-17 0.0 111.62 0.0
S125566 58.4865 126.0372 9.077e-16 2.864e-15 2.195e-14 0.0 111.29 1.0
S125567 58.4636 126.1139 4.062e-23 1.2419999999999998e-22 9.089e-22 0.0 110.34 0.0
S125568 58.5056 126.0873 3.538e-23 1.008e-22 6.179999999999999e-22 0.0 110.99 0.0
S125569 58.4936 126.0293 1.867e-19 2.604e-19 3.643e-19 0.0 110.34 0.0
S125570 58.4752 126.0426 4.196e-21 8.332e-21 2.4760000000000002e-20 0.0 111.99 0.0
S125571 58.4659 126.0863 6.725e-22 1.54e-21 6.179e-21 0.0 111.39 0.0
S125572 58.4211 126.0432 8.833e-18 9.123e-18 7.184e-18 0.0 113.32 0.0
S125573 58.4274 126.0276 2.457e-21 4.907e-21 1.4930000000000002e-20 0.0 113.95 0.0
S125574 58.4018 126.0383 4.471e-20 6.741e-20 1.173e-19 0.0 114.25 0.0
S125575 58.3779 126.0559 7.756999999999999e-22 1.5290000000000001e-21 4.641e-21 0.0 113.72 0.0
S125576 58.4431 126.0372 1.485e-16 1.149e-16 5.041e-17 0.0 113.5 0.0
S125577 58.4927 126.0436 1.754e-16 1.407e-16 6.569e-17 0.0 111.48 0.0
S125578 58.4455 126.1262 3.164e-19 4.018e-19 4.715e-19 0.0 111.26 0.0
S125579 58.4837 126.0801 4.585e-21 3.137e-21 1.059e-21 0.0 110.52 0.0
S125580 58.437 126.1106 1.008e-12 7.675e-13 3.263e-13 0.0 110.4 1.0
S125581 58.4311 126.0223 3.135e-17 2.893e-17 1.832e-17 0.0 114.33 0.0
S125582 58.4704 126.0508 1.348e-12 1.046e-12 4.483e-13 0.0 111.86 1.0
S125583 58.4306 126.0476 1.716e-19 2.374e-19 3.388e-19 0.0 113.34 0.0
S125584 58.4365 126.0454 2.235e-22 5.6529999999999995e-22 2.8380000000000002e-21 0.0 112.81 0.0
S125585 58.4567 126.031 1.825e-17 3.902e-17 1.329e-16 0.0 112.75 0.0
S125586 58.4704 126.0604 1.552e-23 5.513999999999999e-23 5.722999999999999e-22 0.0 110.78 0.0
S125587 58.3764 126.0619 8.991e-19 1.108e-18 1.205e-18 0.0 113.89 0.0
S125588 58.4335 126.0217 2.01e-21 4.264e-21 1.5170000000000002e-20 0.0 113.47 0.0
S125589 58.4693 126.0528 4.82e-18 4.858e-18 3.655e-18 0.0 111.59 0.0
S125590 58.3948 125.9795 9.017e-18 8.885e-18 6.076e-18 0.001 114.47 0.0
S125591 58.401 126.091 7.821e-21 1.414e-20 3.4540000000000004e-20 0.0 112.45 0.0
S125592 58.4561 126.0749 3.323e-17 7.638e-17 3.16e-16 0.0 111.3 0.0
S125593 58.4322 126.0793 1.408e-17 2.657e-17 7.229e-17 0.0 111.35 0.0
S125594 58.3997 126.0436 3.648e-17 3.287e-17 1.935e-17 0.0 113.87 0.0
S125595 58.4085 126.0488 2.377e-17 5.225e-17 1.87e-16 0.0 113.23 0.0
S125596 58.4166 125.9856 5.832e-19 7.196e-19 8.134e-19 0.0 114.18 0.0
S125597 58.4353 126.0126 9.407e-22 2.058e-21 7.266e-21 0.001 114.25 0.0
S125598 58.3998 126.0121 6.875e-24 2.164e-23 1.7619999999999998e-22 0.0 114.58 0.0
S125599 58.4212 126.0927 7.067e-19 8.657e-19 9.718e-19 0.0 111.84 0.0
S125600 58.5213 126.0463 3.534e-18 3.825e-18 3.267e-18 0.0 111.4 0.0
S125601 58.3999 126.0704 2.011e-19 2.873e-19 4.417e-19 0.0 113.01 0.0
S125602 58.451 126.0799 6.902e-17 5.823e-17 2.961e-17 0.0 111.13 0.0
S125603 58.3758 126.0476 7.814e-24 2.818e-23 2.9199999999999995e-22 0.0 113.82 0.0
S125604 58.4229 126.0449 2.1169999999999997e-22 5.482999999999999e-22 2.738e-21 0.0 113.15 0.0
S125605 58.4233 126.025 3.1659999999999996e-22 8.251999999999999e-22 4.456e-21 0.0 113.85 0.0
S125606 58.4203 125.9736 3.222e-19 4.028e-19 4.792e-19 0.0 114.67 0.0
S125607 58.483 126.0455 4.081e-17 3.631e-17 2.055e-17 0.0 111.62 0.0
S125608 58.467 126.0345 5.619999999999999e-22 1.26e-21 4.882e-21 0.0 112.29 0.0
S125609 58.4653 126.1156 1.904e-21 3.915e-21 1.2980000000000001e-20 0.0 110.48 0.0
S125610 58.3761 126.0857 2.322e-22 5.803e-22 2.937e-21 0.0 112.88 0.0
S125611 58.4286 126.0106 3.384e-17 7.253e-17 2.629e-16 0.0 113.77 0.0
S125612 58.447 126.0098 5.116e-19 6.372e-19 7.355e-19 0.0 113.89 0.0
S125613 58.4219 126.0599 7.902999999999999e-22 1.8340000000000002e-21 7.862e-21 0.0 113.06 0.0
S125614 58.4359 126.0873 2.78e-18 2.86e-18 2.189e-18 0.0 110.76 0.0
S125615 58.374 125.9878 3.554e-17 3.105e-17 1.737e-17 0.0 114.64 0.0
S125616 58.4323 125.9907 9.318e-17 1.544e-16 3.082e-16 0.0 114.77 0.0
S125617 58.3884 126.0267 1.314e-22 3.3839999999999998e-22 1.682e-21 0.0 114.22 0.0
S125618 58.4455 126.0434 3.1220000000000005e-20 5.149000000000001e-20 1.064e-19 0.001 112.69 0.0
S125619 58.4423 126.0383 2.687e-16 2.198e-16 1.04e-16 0.001 112.77 0.0
S125620 58.3952 126.0864 5.626000000000001e-20 8.466000000000001e-20 1.382e-19 0.0 114.12 0.0
S125621 58.4357 126.0585 1.978e-16 1.533e-16 6.548e-17 0.0 107.84 0.0
S125622 58.4355 126.0583 3.579e-16 2.84e-16 1.332e-16 0.0 117.32 0.0
S125623 58.4355 126.0584 1.083e-14 7.455e-15 2.459e-15 0.0 111.81 0.0
S125624 58.4355 126.0583 6.536e-15 4.528e-15 1.605e-15 0.0 114.66 0.0
S125625 58.4358 126.0583 1.234e-15 8.928e-16 3.388e-16 0.0 110.62 0.0
S125626 58.4539 126.0687 7.631e-16 5.697e-16 2.307e-16 0.0 111.02 0.0
S125627 58.4559 126.0694 2.561e-16 2.155e-16 1.094e-16 0.0 111.04 0.0
S125628 58.4153 126.0446 2.62e-16 2.153e-16 1.046e-16 0.0 113.97 0.0
S125629 58.4614 126.0696 2.139e-15 1.538e-15 5.984e-16 0.0 111.02 0.0
S125630 58.4094 126.0474 7.245e-17 6.537e-17 3.715e-17 0.0 113.93 0.0
S125631 58.4603 126.0711 9.518e-17 8.198e-17 4.252e-17 0.0 111.05 0.0
S125632 58.4619 126.0703 2.2e-15 1.524e-15 5.43e-16 0.0 111.14 0.0
S125633 58.4075 126.0472 1.526e-15 1.121e-15 4.324e-16 0.0 113.79 0.0
S125634 58.4646 126.0675 2.88e-15 2.007e-15 6.955e-16 0.0 111.15 0.0
S125635 58.4047 126.0502 1.097e-14 7.627e-15 2.651e-15 0.0 113.64 0.0
S125636 58.4647 126.0639 2.479e-16 2.032e-16 9.862e-17 0.0 111.41 0.0
S125637 58.4058 126.0533 2.274e-16 1.783e-16 8.328e-17 0.0 113.43 0.0
S125638 58.4046 126.0579 7.082e-16 5.405e-16 2.289e-16 0.0 113.47 1.0
S125639 58.407 126.0564 6.563e-23 1.7649999999999998e-22 9.610999999999999e-22 0.0 113.29 0.0
S125640 58.462 126.058 4.576e-16 3.615e-16 1.591e-16 0.0 111.68 1.0
S125641 58.4137 126.063 1.635e-15 1.168e-15 4.394e-16 0.0 112.94 0.0
S125642 58.4118 126.0653 7.218e-13 7.264e-13 5.245e-13 0.0 112.9 1.0
S125643 58.4583 126.0493 3.06e-16 2.337e-16 1.012e-16 0.0 112.16 1.0
S125644 58.4552 126.0456 5.704e-17 4.704e-17 2.273e-17 0.0 112.44 0.0
S125645 58.4192 126.0758 1.417e-12 1.144e-12 5.532e-13 0.0 112.46 1.0
S125646 58.4476 126.0384 4.651e-16 3.456e-16 1.326e-16 0.0 112.73 0.0
S125647 58.4273 126.0778 1.443e-15 1.041e-15 3.95e-16 0.0 112.14 0.0
S125648 58.4404 126.0316 1.963e-17 1.882e-17 1.204e-17 0.0 113.08 0.0
S125649 58.4339 126.0879 1.284e-12 1.217e-12 7.727e-13 0.001 111.71 1.0
S125650 58.4342 126.0289 3.633e-16 2.757e-16 1.136e-16 0.0 113.23 1.0
S125651 58.4315 126.0231 3.856e-15 2.68e-15 9.309e-16 0.0 113.46 0.0
S125652 58.4245 126.0251 8.265e-17 7.163e-17 3.788e-17 0.0 113.64 0.0
S125653 58.4199 126.0151 2.582e-15 1.728e-15 5.681e-16 0.0 113.83 0.0
S125654 58.4136 126.0146 1.223e-20 2.1300000000000003e-20 4.6820000000000005e-20 0.0 113.94 0.0
S125655 58.463 126.1008 3.072e-18 3.335e-18 2.975e-18 0.0 110.88 0.0
S125656 58.4015 126.0075 4.378e-15 3.05e-15 1.051e-15 0.0 114.13 0.0
S125657 58.4729 126.1105 5.729e-15 4.001e-15 1.449e-15 0.0 110.59 0.0
S125658 58.4786 126.1087 8.213e-17 6.667e-17 3.316e-17 0.0 110.61 0.0
S125659 58.4814 126.1128 1.427e-15 1.033e-15 3.918e-16 0.0 110.51 0.0
S125660 58.3832 126.006 9.454e-16 6.847e-16 2.572e-16 0.0 114.54 0.0
S125661 58.4928 126.1101 4.458e-15 3.072e-15 1.068e-15 0.0 110.26 0.0
S125662 58.3743 126.0067 1.422e-15 1.039e-15 4.001e-16 0.0 114.67 0.0
S125663 58.3682 126.0035 1.455e-15 1.079e-15 4.088e-16 0.0 114.69 0.0
S125664 58.5073 126.1157 5.168e-16 3.971e-16 1.685e-16 0.0 110.28 1.0
S125665 58.5122 126.1176 4.692e-15 3.254e-15 1.155e-15 0.0 110.23 0.0
S125666 58.5136 126.1124 5.18e-17 4.554e-17 2.513e-17 0.0 110.24 0.0
S125667 58.3519 126.005 1.149e-17 1.879e-17 3.844e-17 0.0 114.64 0.0
S125668 58.3532 126.0074 2.726e-18 3.031e-18 2.785e-18 0.0 114.75 0.0
S125669 58.5203 126.1062 2.221e-17 3.322e-17 5.504e-17 0.0 110.22 0.0
S125670 58.5199 126.1023 2.172e-16 1.745e-16 7.998e-17 0.0 110.33 0.0
S125671 58.5251 126.1009 8.661e-13 6.175e-13 2.281e-13 0.0 110.57 0.0
S125672 58.3502 126.0224 7.817e-16 5.748e-16 2.225e-16 0.0 114.54 0.0
S125673 58.3481 126.0248 1.076e-16 9.121e-17 4.581e-17 0.0 114.37 0.0
S125674 58.5236 126.088 4.411e-19 5.811e-19 7.499e-19 0.0 110.68 0.0
S125675 58.3498 126.0324 2.826e-16 2.179e-16 9.749e-17 0.0 114.03 1.0
S125676 58.358 126.0386 8.924e-16 6.651e-16 2.619e-16 0.0 114.01 0.0
S125677 58.5216 126.0725 4.6e-16 3.592e-16 1.584e-16 0.001 111.14 1.0
S125678 58.361 126.0504 7.134e-17 6.219e-17 3.441e-17 0.0 113.61 0.0
S125679 58.5069 126.0614 3.114e-18 3.39e-18 2.852e-18 0.0 111.42 0.0
S125680 58.3662 126.0597 8.836e-13 7.952e-13 4.519e-13 0.0 113.38 1.0
S125681 58.3726 126.0678 5.858000000000001e-20 9e-20 1.575e-19 0.0 113.16 0.0
S125682 58.3821 126.0742 6.116e-17 5.075e-17 2.442e-17 0.0 112.98 0.0
S125683 58.3805 126.0815 6.197e-17 5.265e-17 2.809e-17 0.0 112.9 0.0
S125684 58.3934 126.0879 1.625e-12 1.316e-12 6.314e-13 0.0 112.6 1.0
S125685 58.3995 126.0929 2.689e-17 2.461e-17 1.467e-17 0.0 112.47 0.0
S125686 58.4664 126.0134 3.17e-17 2.669e-17 1.364e-17 0.0 112.81 0.0
S125687 58.4591 126.0108 1.687e-15 1.193e-15 4.376e-16 0.001 112.88 0.0
S125688 58.4498 126.005 4.045e-16 3.139e-16 1.398e-16 0.0 113.03 1.0
S125689 58.4281 126.1174 3.71e-15 2.635e-15 9.421e-16 0.0 111.76 0.0
S125690 58.4377 126.1242 1.125e-14 7.888e-15 2.884e-15 0.0 111.58 0.0
S125691 58.4485 126.1246 5.305e-16 3.968e-16 1.614e-16 0.0 111.46 0.0
S125692 58.4563 126.1314 1.805e-17 1.686e-17 1.088e-17 0.0 111.3 0.0
S125693 58.4021 125.9769 1.798e-15 1.324e-15 5.229e-16 0.0 113.92 0.0
S125694 58.4717 126.1406 4.579e-13 3.179e-13 1.084e-13 0.0 110.91 0.0
S125695 58.4863 126.1465 4.68e-15 3.243e-15 1.151e-15 0.0 110.78 0.0
S125696 58.4949 126.1492 7.392e-16 5.433e-16 2.182e-16 0.0 110.64 0.0
S125697 58.3661 125.9679 8.039e-17 1.077e-16 1.423e-16 0.0 114.46 0.0
S125698 58.5095 126.1527 2.777e-15 1.977e-15 7.041e-16 0.0 110.4 0.0
S125699 58.5165 126.1522 7.779e-17 1.888e-16 8.686e-16 0.0 110.39 1.0
S125700 58.5346 126.1635 2.913e-15 2.034e-15 7.302e-16 0.0 110.23 0.0
S125701 58.5376 126.1625 2.676e-16 2.171e-16 1.028e-16 0.0 110.2 0.0
S125702 58.5466 126.1626 5.008e-16 3.84e-16 1.65e-16 0.0 110.12 1.0
S125703 58.3195 125.9597 1.452e-15 1.08e-15 4.399e-16 0.0 114.95 0.0
S125704 58.3068 125.9595 2.475e-16 1.956e-16 8.83e-17 0.0 114.97 0.0
S125705 58.3068 125.9673 1.765e-16 1.427e-16 6.626e-17 0.0 115.09 0.0
S125706 58.5853 126.1565 9.062e-14 1.398e-13 2.394e-13 0.0 110.1 0.0
S125707 58.5667 126.1451 4.744e-16 3.536e-16 1.397e-16 0.0 110.09 0.0
S125708 58.5836 126.1481 7.442e-17 6.289e-17 3.308e-17 0.0 110.09 0.0
S125709 58.5803 126.1441 2.131e-15 1.542e-15 5.642e-16 0.0 110.15 0.0
S125710 58.2868 125.9757 3.479e-17 6.097e-17 1.359e-16 0.0 114.73 0.0
S125711 58.5975 126.1372 2.093e-15 1.489e-15 5.631e-16 0.0 110.21 0.0
S125712 58.2896 125.9916 1.424e-16 1.194e-16 6.037e-17 0.0 114.57 0.0
S125713 58.2885 125.9989 1.435e-14 9.647e-15 3.287e-15 0.0 114.6 0.0
S125714 58.5872 126.1078 1.773e-18 2.051e-18 1.981e-18 0.0 110.72 0.0
S125715 58.5799 126.0994 1.211e-15 8.954e-16 3.56e-16 0.0 110.7 0.0
S125716 58.5773 126.0926 4.168e-15 2.857e-15 9.623e-16 0.0 110.88 0.0
S125717 58.3039 126.0352 6.233e-19 8.256e-19 1.022e-18 0.0 113.95 0.0
S125718 58.3053 126.0409 6.641e-16 5.062e-16 2.162e-16 0.0 113.75 1.0
S125719 58.5588 126.0653 4.463e-15 3.161e-15 1.195e-15 0.0 111.37 0.0
S125720 58.325 126.0628 8.765e-17 1.769e-16 5.432e-16 0.0 113.44 1.0
S125721 58.5416 126.0501 1.196e-16 1.001e-16 5.255e-17 0.0 111.63 0.0
S125722 58.3399 126.0781 2.119e-15 1.529e-15 5.679e-16 0.0 113.09 0.0
S125723 58.3556 126.0978 1.419e-17 2.636e-17 6.777e-17 0.0 112.84 0.0
S125724 58.5051 126.0101 3.971e-17 9.203e-17 3.805e-16 0.0 112.34 1.0
S125725 58.3705 126.1103 5.043e-17 4.463e-17 2.402e-17 0.0 112.49 0.0
S125726 58.4919 125.9977 2.678e-16 2.052e-16 8.621e-17 0.0 112.65 0.0
S125727 58.4773 125.9932 4.855e-18 5.216e-18 4.273e-18 0.0 112.79 0.0
S125728 58.4641 125.9739 1.207e-16 1.011e-16 5.37e-17 0.0 113.05 0.0
S125729 58.4483 125.9686 1.049e-16 8.237e-17 3.629e-17 0.0 113.28 0.0
S125730 58.4289 125.9533 5.468e-18 5.419e-18 3.836e-18 0.0 113.53 0.0
S125731 58.4548 126.1686 4.459e-13 3.043e-13 1.025e-13 0.0 111.44 0.0
S125732 58.4658 126.1745 1.813e-15 1.294e-15 4.959e-16 0.0 111.17 0.0
S125733 58.4794 126.1749 1.988e-15 1.409e-15 5.113e-16 0.0 110.99 0.0
S125734 58.4893 126.1739 1.023e-12 7.654e-13 3.081e-13 0.0 110.79 0.0
S125735 58.3666 125.9329 5.791e-17 1.031e-16 2.485e-16 0.0 114.28 0.0
S125736 58.3495 125.9204 3.337e-17 2.933e-17 1.651e-17 0.0 114.31 0.0
S125737 58.3362 125.9208 3.028e-15 2.117e-15 7.691e-16 0.0 114.6 0.0
S125738 58.3117 125.9014 2.667e-16 2.135e-16 9.868e-17 0.0 114.61 0.0
S125739 58.5683 126.2102 6.647e-16 4.822e-16 1.821e-16 0.0 110.25 0.0
S125740 58.2982 125.9114 5.843e-16 4.723e-16 2.123e-16 0.001 114.79 1.0
S125741 58.286 125.911 6.788e-18 6.8e-18 4.875e-18 0.0 114.8 0.0
S125742 58.592 126.2074 9.015e-16 6.604e-16 2.54e-16 0.0 109.95 0.0
S125743 58.6083 126.2071 9.158e-18 1.543e-17 3.309e-17 0.001 110.0 0.0
S125744 58.2624 125.9156 4.085e-17 6.696e-17 1.305e-16 0.0 114.98 0.0
S125745 58.2511 125.9204 6.893e-17 5.869e-17 3.121e-17 0.0 115.06 0.0
S125746 58.6151 126.1919 1.313e-16 1.076e-16 5.109e-17 0.0 109.95 0.0
S125747 58.2394 125.93 1.571e-14 1.038e-14 3.392e-15 0.0 114.81 0.0
S125748 58.233 125.9327 1.769e-16 1.347e-16 5.795e-17 0.0 114.95 1.0
S125749 58.6382 126.1772 5.415e-17 4.613e-17 2.408e-17 0.0 110.08 0.0
S125750 58.2195 125.9451 6.305e-16 4.683e-16 1.882e-16 0.001 114.76 0.0
S125751 58.2279 125.9555 6.355e-16 4.54e-16 1.712e-16 0.0 114.71 0.0
S125752 58.223 125.9623 8.485e-17 1.11e-16 1.391e-16 0.0 114.61 0.0
S125753 58.6451 126.143 2.868e-17 2.518e-17 1.433e-17 0.0 110.45 0.0
S125754 58.221 125.9813 7.929e-17 1.871e-16 8.052e-16 0.0 114.39 1.0
S125755 58.6244 126.1153 8.989e-19 1.156e-18 1.397e-18 0.0 110.64 0.0
S125756 58.2305 126.0044 4.542e-16 3.398e-16 1.356e-16 0.0 114.12 0.0
S125757 58.622 126.0944 4.48e-15 3.162e-15 1.098e-15 0.0 110.96 0.0
S125758 58.6159 126.0811 1.476e-16 1.185e-16 5.49e-17 0.0 111.1 0.0
S125759 58.2506 126.0431 1.159e-18 1.349e-18 1.301e-18 0.0 113.66 0.0
S125760 58.2906 126.0634 9.623e-17 7.892e-17 3.991e-17 0.0 113.39 0.0
S125761 58.3005 126.0741 5.784e-16 4.394e-16 1.802e-16 0.0 113.31 0.0
S125762 58.3052 126.0876 2.748e-15 1.962e-15 7.006e-16 0.0 113.12 0.0
S125763 58.5575 126.0176 1.731e-15 1.266e-15 4.859e-16 0.001 111.98 0.0
S125764 58.5353 125.9933 2.178e-17 2.034e-17 1.234e-17 0.0 112.41 0.0
S125765 58.5269 125.9876 1.576e-15 1.157e-15 4.586e-16 0.0 112.49 0.0
S125766 58.5159 125.9808 5.734e-16 4.403e-16 1.819e-16 0.0 112.77 1.0
S125767 58.4974 125.957 3.818e-13 2.583e-13 8.304e-14 0.0 112.78 0.0
S125768 58.4561 125.9405 2.013e-16 1.6e-16 7.597e-17 0.0 113.18 0.0
S125769 58.4567 125.9338 9.165e-17 7.835e-17 4.202e-17 0.0 113.18 0.0
S125770 58.4374 125.9291 1.725e-12 1.279e-12 4.875e-13 0.0 113.38 0.0
S125771 58.4085 125.9028 9.144e-15 6.409e-15 2.233e-15 0.0 113.71 0.0
S125772 58.4796 126.2133 7.652e-17 6.317e-17 2.994e-17 0.0 111.12 0.0
S125773 58.4964 126.22 3.452e-16 2.611e-16 1.108e-16 0.0 110.83 1.0
S125774 58.3614 125.8908 2.068e-17 4.17e-17 1.286e-16 0.0 114.08 0.0
S125775 58.5364 126.2442 5.277e-16 4.16e-16 1.893e-16 0.0 110.69 1.0
S125776 58.4168 126.0505 7.202e-18 7.25e-18 5.232e-18 0.0 113.89 0.0
S125777 58.4549 126.0693 4.295999999999999e-22 1.086e-21 5.382e-21 0.0 111.05 0.0
S125778 58.4557 126.0674 6.404e-20 9.587e-20 1.635e-19 0.0 111.2 0.0
S125779 58.4146 126.0473 9.611e-21 1.784e-20 4.6670000000000006e-20 0.0 113.91 0.0
S125780 58.4563 126.0713 6.802e-19 8.303e-19 9.134e-19 0.0 111.16 0.0
S125781 58.4136 126.0486 1.148e-19 1.745e-19 3.042e-19 0.0 113.8 0.0
S125782 58.4595 126.0702 1.946e-21 3.881e-21 1.1400000000000001e-20 0.0 111.22 0.0
S125783 58.4592 126.0658 4.326e-23 1.1489999999999998e-22 6.462999999999999e-22 0.001 111.27 0.0
S125784 58.4635 126.0658 1.0520000000000001e-20 1.8140000000000002e-20 4.128e-20 0.0 111.27 0.0
S125785 58.4638 126.0634 1.767e-22 4.273e-22 1.963e-21 0.0 111.36 0.0
S125786 58.4083 126.057 6.18e-15 4.37e-15 1.567e-15 0.0 113.43 0.0
S125787 58.4641 126.0637 4.559e-23 1.176e-22 6.3809999999999995e-22 0.0 111.47 0.0
S125788 58.4591 126.0619 8.337e-19 1.051e-18 1.185e-18 0.0 111.54 0.0
S125789 58.405 126.059 8.855e-18 8.936e-18 6.732e-18 0.0 113.41 0.0
S125790 58.4576 126.0589 4.098e-18 4.48e-18 3.964e-18 0.0 111.82 0.0
S125791 58.4566 126.0569 6.850000000000001e-20 1.017e-19 1.633e-19 0.0 111.92 0.0
S125792 58.4609 126.0568 2.96e-16 2.252e-16 9.344e-17 0.0 111.86 0.0
S125793 58.4617 126.0543 4.926e-17 4.326e-17 2.431e-17 0.0 111.89 0.0
S125794 58.4109 126.0595 4.735e-18 4.733e-18 3.499e-18 0.0 113.11 0.0
S125795 58.4553 126.0541 2.899e-17 4.686e-17 8.969e-17 0.0 112.16 0.0
S125796 58.416 126.0743 1.623e-17 1.581e-17 1.106e-17 0.0 112.52 0.0
S125797 58.4534 126.0451 9.659e-13 6.728e-13 2.401e-13 0.0 112.44 0.0
S125798 58.4549 126.0431 1.491e-19 2.023e-19 2.792e-19 0.0 112.49 0.0
S125799 58.4489 126.0423 6.379e-16 4.773e-16 1.903e-16 0.0 112.56 0.0
S125800 58.4478 126.0431 8.736e-17 1.282e-16 2.078e-16 0.0 112.61 0.0
S125801 58.4454 126.0434 3.207e-18 3.383e-18 2.81e-18 0.0 112.79 0.0
S125802 58.4297 126.0813 7.238e-16 5.404e-16 2.237e-16 0.0 112.03 1.0
S125803 58.4344 126.0332 4.232e-15 2.923e-15 1.037e-15 0.0 113.12 0.0
S125804 58.4368 126.0841 1.3820000000000002e-20 2.3420000000000002e-20 4.9670000000000003e-20 0.0 111.69 0.0
S125805 58.4361 126.0315 1.159e-16 2.382e-16 7.949e-16 0.0 113.3 1.0
S125806 58.425 126.029 1.204e-15 8.603e-16 3.219e-16 0.0 113.43 0.0
S125807 58.4241 126.0216 1.755e-18 2.101e-18 2.163e-18 0.0 113.58 0.0
S125808 58.4236 126.0187 1.487e-20 2.773e-20 7.525000000000001e-20 0.0 113.62 0.0
S125809 58.4523 126.0982 1.471e-12 1.148e-12 5.206e-13 0.0 111.2 1.0
S125810 58.4526 126.0987 2.895e-16 2.321e-16 1.043e-16 0.0 111.13 1.0
S125811 58.46 126.1055 9.78e-16 7.119e-16 2.749e-16 0.0 110.96 0.0
S125812 58.4047 126.0112 6.719e-17 1.063e-16 1.95e-16 0.0 114.12 0.0
S125813 58.4081 126.0178 3.708e-17 3.276e-17 1.909e-17 0.0 114.21 0.0
S125814 58.4657 126.1044 2.295e-16 1.885e-16 9.16e-17 0.0 110.76 0.0
S125815 58.4002 126.0091 7.606e-17 6.766e-17 3.728e-17 0.0 114.32 0.0
S125816 58.4776 126.1078 2.527e-17 3.745e-17 6.021e-17 0.0 110.63 0.0
S125817 58.3881 126.0018 2.557e-17 3.967e-17 7.305e-17 0.0 114.43 0.0
S125818 58.4816 126.109 1.184e-16 9.688e-17 4.688e-17 0.0 110.52 0.0
S125819 58.3821 126.0087 1.5560000000000001e-21 3.006e-21 8.72e-21 0.0 114.61 0.0
S125820 58.3765 126.007 1.916e-24 8.059e-24 1.144e-22 0.0 114.55 0.0
S125821 58.4973 126.1118 2.016e-16 1.498e-16 5.889e-17 0.0 110.34 0.0
S125822 58.3761 126.0072 1.069e-17 1.029e-17 7.025e-18 0.0 114.7 0.0
S125823 58.4997 126.1027 1.38e-18 1.551e-18 1.427e-18 0.0 110.42 0.0
S125824 58.5056 126.1146 1.479e-17 1.396e-17 9.035e-18 0.0 110.18 0.0
S125825 58.5097 126.1129 9.624e-19 1.133e-18 1.157e-18 0.0 110.18 0.0
S125826 58.5143 126.1125 2.2899999999999996e-22 6.509999999999999e-22 4.1550000000000004e-21 0.0 110.18 0.0
S125827 58.3602 126.0051 1.761e-19 2.473e-19 3.618e-19 0.0 114.82 0.0
S125828 58.3572 126.0078 3.378e-17 2.955e-17 1.641e-17 0.0 114.83 0.0
S125829 58.521 126.1101 2.701e-16 2.042e-16 8.63e-17 0.0 110.38 1.0
S125830 58.5152 126.1086 5.045e-16 3.997e-16 1.792e-16 0.0 110.31 1.0
S125831 58.5076 126.1029 7.484e-18 7.478e-18 5.211e-18 0.0 110.39 0.0
S125832 58.348 126.0157 7.429e-16 5.408e-16 2.111e-16 0.0 114.59 0.0
S125833 58.3562 126.0202 8.554e-17 7.742e-17 4.63e-17 0.0 114.5 0.0
S125834 58.5208 126.0997 3.6e-16 2.711e-16 1.144e-16 0.0 110.52 1.0
S125835 58.5283 126.0966 2.752e-24 9.692e-24 9.878999999999999e-23 0.0 110.61 0.0
S125836 58.5232 126.0938 3.649e-16 2.791e-16 1.189e-16 0.0 110.61 1.0
S125837 58.5259 126.0889 2.123e-17 3.091e-17 5.06e-17 0.0 110.7 0.0
S125838 58.3535 126.0317 8.036e-24 2.691e-23 2.375e-22 0.0 114.18 0.0
S125839 58.3657 126.0401 2.756e-16 2.099e-16 8.989e-17 0.0 114.05 1.0
S125840 58.5185 126.0788 3.11e-25 1.575e-24 3.358e-23 0.0 110.94 0.0
S125841 58.5028 126.0716 1.112e-16 8.86e-17 3.967e-17 0.0 111.28 0.0
S125842 58.5114 126.0652 1.089e-17 1.072e-17 7.286e-18 0.0 111.31 0.0
S125843 58.5078 126.0626 1.1269999999999999e-22 3.1349999999999995e-22 1.879e-21 0.0 111.37 0.0
S125844 58.5141 126.0641 1.233e-15 8.96e-16 3.443e-16 0.0 111.46 0.0
S125845 58.3669 126.0623 3.178e-19 4.061e-19 4.849e-19 0.0 113.32 0.0
S125846 58.5049 126.057 2.057e-17 3.822e-17 1.028e-16 0.0 111.57 0.0
S125847 58.5034 126.0485 5.64e-17 4.835e-17 2.573e-17 0.0 111.67 0.0
S125848 58.3797 126.0696 3.488e-17 3.139e-17 1.761e-17 0.0 113.06 0.0
S125849 58.3796 126.0793 4.383e-20 6.566e-20 1.106e-19 0.0 112.95 0.0
S125850 58.4833 126.036 2.423e-16 2.001e-16 9.967e-17 0.0 112.18 0.0
S125851 58.391 126.0881 3.97e-16 3.022e-16 1.25e-16 0.0 112.64 1.0
S125852 58.4749 126.0335 9.783e-17 1.454e-16 2.34e-16 0.0 112.22 0.0
S125853 58.399 126.0941 2.658e-16 2.027e-16 8.592e-17 0.0 112.48 1.0
S125854 58.4575 126.0142 3.36e-18 3.38e-18 2.424e-18 0.0 112.9 0.0
S125855 58.4198 126.0997 3.207e-17 5.921e-17 1.517e-16 0.0 112.09 0.0
S125856 58.4525 125.9981 2.144e-16 6.191e-16 3.891e-15 0.0 113.2 1.0
S125857 58.4389 126.12 1.08e-16 8.664e-17 4.133e-17 0.0 111.44 0.0
S125858 58.4219 126.1149 3.68e-18 3.826e-18 3.092e-18 0.001 111.83 0.0
S125859 58.4401 126.1168 2.184e-18 2.405e-18 2.193e-18 0.0 111.56 0.0
S125860 58.4092 125.9774 2.976e-17 4.901e-17 1.008e-16 0.0 113.77 0.0
S125861 58.4558 126.1268 1.155e-16 9.685e-17 4.805e-17 0.0 111.31 0.0
S125862 58.4549 126.1288 7.761e-18 7.694e-18 5.39e-18 0.0 111.21 0.0
S125863 58.4047 125.9849 9.696e-17 7.798e-17 3.696e-17 0.0 114.01 0.0
S125864 58.3989 125.9716 3.06e-16 2.378e-16 1.051e-16 0.0 114.14 1.0
S125865 58.4815 126.1351 4.299e-16 3.277e-16 1.383e-16 0.0 110.91 1.0
S125866 58.3779 125.9553 1.898e-19 2.496e-19 3.245e-19 0.0 114.28 0.0
S125867 58.4944 126.1493 2.727e-19 3.602e-19 4.631e-19 0.001 110.57 0.0
S125868 58.5105 126.1631 2.133e-16 1.724e-16 8.4e-17 0.0 110.54 0.0
S125869 58.3541 125.9524 1.135e-17 1.036e-17 6.113e-18 0.0 114.61 0.0
S125870 58.3493 125.9644 4.914e-17 4.283e-17 2.274e-17 0.0 114.64 0.0
S125871 58.5292 126.1672 4.016e-20 6.541000000000001e-20 1.258e-19 0.0 110.36 0.0
S125872 58.3267 125.9472 4.38e-13 5.363e-13 5.919e-13 0.0 114.7 0.0
S125873 58.3401 125.9714 5.635e-21 1.0830000000000001e-20 2.941e-20 0.0 114.76 0.0
S125874 58.5442 126.1629 3.973e-18 4.04e-18 3.058e-18 0.0 110.11 0.0
S125875 58.5505 126.1575 8.305e-17 6.697e-17 3.162e-17 0.0 110.09 0.0
S125876 58.5498 126.1624 3.891e-22 9.213e-22 3.933e-21 0.0 110.11 0.0
S125877 58.3116 125.9504 8.085000000000001e-21 1.5890000000000002e-20 4.6950000000000006e-20 0.001 114.98 0.0
S125878 58.5645 126.1426 2.262e-16 1.754e-16 7.47e-17 0.0 110.13 1.0
S125879 58.3083 125.9702 9.87e-18 9.96e-18 7.324e-18 0.0 114.92 0.0
S125880 58.3041 125.9609 5.714e-17 4.862e-17 2.505e-17 0.0 114.88 0.0
S125881 58.5594 126.1417 4.357999999999999e-22 9.971e-22 4.15e-21 0.0 110.02 0.0
S125882 58.2894 125.9676 1.994e-16 1.544e-16 6.796e-17 0.0 114.87 1.0
S125883 58.551 126.1426 6.689e-20 9.751e-20 1.489e-19 0.0 110.01 0.0
S125884 58.5863 126.1462 3.333e-18 3.573e-18 2.949e-18 0.0 110.11 0.0
S125885 58.6018 126.1367 7.994e-16 5.946e-16 2.325e-16 0.0 110.1 0.0
S125886 58.2909 125.9866 1.713e-21 3.643e-21 1.2770000000000002e-20 0.0 114.73 0.0
S125887 58.5841 126.1257 9.289e-17 7.592e-17 3.66e-17 0.0 110.28 0.0
S125888 58.3037 125.9949 1.399e-16 1.082e-16 4.857e-17 0.0 114.72 0.0
S125889 58.2929 125.9976 2.23e-15 1.57e-15 5.578e-16 0.0 114.63 0.0
S125890 58.2946 126.0061 1.08e-14 7.148e-15 2.382e-15 0.0 114.46 0.0
S125891 58.5839 126.1109 3.014e-16 2.361e-16 1.025e-16 0.0 110.61 1.0
S125892 58.5884 126.1072 8.407e-17 7.043e-17 3.425e-17 0.0 110.6 0.0
S125893 58.5804 126.0998 6.636e-20 1.02e-19 1.758e-19 0.0 110.77 0.0
S125894 58.5862 126.0927 2.374e-19 3.068e-19 3.826e-19 0.0 110.85 0.0
S125895 58.5637 126.0803 5.596e-22 1.38e-21 6.443e-21 0.0 111.02 0.0
S125896 58.3239 126.0549 3.332e-16 9.776e-16 6.593e-15 0.0 113.58 1.0
S125897 58.5533 126.0686 1.637e-16 1.276e-16 5.573e-17 0.0 111.32 0.0
S125898 58.3063 126.053 5.516e-17 4.74e-17 2.572e-17 0.0 113.69 0.0
S125899 58.334 126.0631 1.268e-20 2.219e-20 5.2130000000000006e-20 0.0 113.4 0.0
S125900 58.5227 126.0423 4.384e-15 3.004e-15 9.964e-16 0.0 111.83 0.0
S125901 58.3625 126.0967 3.4239999999999995e-22 8.079999999999999e-22 3.466e-21 0.0 112.69 0.0
S125902 58.521 126.0215 7.854e-18 1.272e-17 2.529e-17 0.0 112.13 0.0
S125903 58.3374 126.0953 1.251e-15 9.35e-16 3.69e-16 0.0 112.87 0.0
S125904 58.3632 126.092 3.55e-21 6.757e-21 1.843e-20 0.0 112.72 0.0
S125905 58.3687 126.1034 2.102e-17 3.479e-17 7.124e-17 0.0 112.66 0.0
S125906 58.3872 126.1223 3.376e-14 5.865e-14 1.321e-13 0.0 112.25 0.0
S125907 58.4937 126.0043 6.034999999999999e-22 1.528e-21 7.361e-21 0.0 112.48 0.0
S125908 58.4879 125.9998 9.012e-16 6.903e-16 2.973e-16 0.0 112.57 0.0
S125909 58.4672 125.9813 1.053e-17 1.042e-17 7.463e-18 0.0 112.96 0.0
S125910 58.4712 125.9908 6.403e-19 7.955e-19 9.239e-19 0.0 112.92 0.0
S125911 58.4333 126.1551 2.974e-17 2.586e-17 1.473e-17 0.0 111.64 0.0
S125912 58.4522 126.1805 9.904e-24 3.24e-23 2.6999999999999997e-22 0.0 111.36 0.0
S125913 58.4258 125.9491 3.931e-21 2.742e-21 9.373999999999999e-22 0.0 113.5 0.0
S125914 58.4535 126.1625 8.211e-16 6.346e-16 2.669e-16 0.0 111.31 0.0
S125915 58.4659 126.1826 1.253e-16 9.986e-17 4.547e-17 0.0 111.3 0.0
S125916 58.4851 126.1833 4.543e-17 3.969e-17 2.248e-17 0.0 110.97 0.0
S125917 58.4849 126.1745 7.956e-21 1.497e-20 3.941e-20 0.0 111.01 0.0
S125918 58.498 126.1848 1.27e-16 1.045e-16 5.032e-17 0.0 110.79 0.0
S125919 58.5182 126.2036 1.269e-16 3.611e-16 2.309e-15 0.0 110.72 1.0
S125920 58.5181 126.1871 1.142e-19 1.548e-19 2.127e-19 0.0 110.52 0.0
S125921 58.3364 125.9201 3.024e-17 4.524e-17 7.472e-17 0.0 114.43 0.0
S125922 58.539 126.1991 1.425e-16 1.19e-16 5.964e-17 0.0 110.45 0.0
S125923 58.5414 126.1976 1.334e-18 1.536e-18 1.512e-18 0.0 110.41 0.0
S125924 58.3098 125.9045 1.513e-16 1.239e-16 5.839e-17 0.0 114.78 0.0
S125925 58.3091 125.9094 6.441e-17 1.246e-16 3.37e-16 0.0 114.69 0.0
S125926 58.2723 125.8854 5.901e-20 8.373e-20 1.25e-19 0.0 114.81 0.0
S125927 58.5868 126.2037 5.930999999999999e-22 1.284e-21 4.433e-21 0.0 110.07 0.0
S125928 58.2782 125.903 2.06e-16 1.616e-16 7.412e-17 0.0 114.9 1.0
S125929 58.2629 125.9068 6.47e-21 1.216e-20 3.2530000000000005e-20 0.0 114.98 0.0
S125930 58.2678 125.9033 7.876e-17 1.703e-16 6.07e-16 0.0 114.84 1.0
S125931 58.2484 125.915 3.625e-17 6.742e-17 1.754e-16 0.0 115.02 0.0
S125932 58.645 126.2139 3.922e-16 3.029e-16 1.311e-16 0.0 110.0 1.0
S125933 58.5947 126.1862 1.492e-17 1.444e-17 9.539e-18 0.0 109.91 0.0
S125934 58.6245 126.1922 2.817e-17 5.761e-17 1.78e-16 0.0 109.92 0.0
S125935 58.6204 126.1872 2.469e-17 5.867e-17 2.445e-16 0.0 109.94 0.0
S125936 58.2453 125.928 1.786e-16 1.458e-16 7.13e-17 0.0 115.04 0.0
S125937 58.6243 126.1688 3.135e-16 2.369e-16 9.879e-17 0.0 110.06 1.0
S125938 58.6682 126.1841 3.834e-19 5.214e-19 6.962e-19 0.0 110.1 0.0
S125939 58.2169 125.9396 4.548e-18 4.539e-18 3.382e-18 0.0 114.96 0.0
S125940 58.6278 126.1578 9.446e-18 2.01e-17 6.881e-17 0.0 110.18 0.0
S125941 58.2357 125.9548 7.836e-19 9.86e-19 1.116e-18 0.0 114.73 0.0
S125942 58.6481 126.15 2.664e-19 3.508e-19 4.414e-19 0.0 110.27 0.0
S125943 58.2424 125.983 4.434e-17 7.363e-17 1.533e-16 0.0 114.45 0.0
S125944 58.2481 125.9957 1.215e-13 8.078e-14 2.596e-14 0.0 114.49 0.0
S125945 58.6497 126.1299 6.152e-24 2.0479999999999998e-23 1.8009999999999997e-22 0.0 110.59 0.0
S125946 58.2411 126.006 2.816e-17 5.24e-17 1.422e-16 0.0 114.22 0.0
S125947 58.6236 126.1035 8.261e-17 1.229e-16 1.978e-16 0.0 110.93 0.0
S125948 58.2645 126.0275 6.186e-18 6.374e-18 4.719e-18 0.0 113.96 0.0
S125949 58.2672 126.0291 3.209e-17 2.89e-17 1.682e-17 0.0 113.86 0.0
S125950 58.6115 126.0865 1.365e-18 1.473e-18 1.276e-18 0.0 111.06 0.0
S125951 58.619 126.0706 1.037e-16 9.033e-17 4.961e-17 0.0 111.23 0.0
S125952 58.6102 126.0648 2.665e-21 5.18e-21 1.4750000000000002e-20 0.0 111.31 0.0
S125953 58.2747 126.0655 1.385e-18 1.591e-18 1.491e-18 0.0 113.45 0.0
S125954 58.5792 126.0554 9.539e-19 1.119e-18 1.131e-18 0.0 111.43 0.0
S125955 58.304 126.0811 4.543e-16 3.479e-16 1.44e-16 0.0 113.27 1.0
S125956 58.3087 126.0926 5.834e-18 6.179e-18 5.113e-18 0.0 113.14 0.0
S125957 58.5429 126.0107 2.321e-16 1.813e-16 8.224e-17 0.0 112.18 1.0
S125958 58.5386 125.9994 3.809e-16 2.932e-16 1.236e-16 0.0 112.35 1.0
S125959 58.5227 125.9969 3.522e-21 2.4580000000000002e-21 8.805999999999999e-22 0.0 112.39 0.0
S125960 58.3545 126.1275 2.573e-16 2.013e-16 8.842e-17 0.0 112.53 1.0
S125961 58.4908 125.9664 2.756e-18 2.932e-18 2.374e-18 0.0 112.88 0.0
S125962 58.4771 125.9527 3.736e-17 7.231e-17 2.009e-16 0.0 113.0 0.0
S125963 58.4605 125.9395 2.045e-19 2.804e-19 3.963e-19 0.0 113.13 0.0
S125964 58.4632 125.94 4.866e-18 4.934e-18 3.731e-18 0.0 113.2 0.0
S125965 58.4533 125.9308 7.334e-19 9.297e-19 1.071e-18 0.0 113.28 0.0
S125966 58.438 125.937 5.56e-20 8.982000000000001e-20 1.779e-19 0.0 113.33 0.0
S125967 58.4228 125.9395 6.141e-16 4.852e-16 2.205e-16 0.0 113.45 1.0
S125968 58.4051 125.8995 1.309e-18 1.571e-18 1.668e-18 0.0 113.69 0.0
S125969 58.3958 125.9036 3.868e-21 2.718e-21 9.442e-22 0.0 113.92 0.0
S125970 58.3855 125.9215 2.988e-16 2.401e-16 1.07e-16 0.0 113.83 1.0
S125971 58.3732 125.9227 1.5e-18 1.706e-18 1.63e-18 0.0 114.1 0.0
S125972 58.3569 125.9118 2.649e-12 2.103e-12 9.5e-13 0.0 114.26 1.0
S125973 58.3303 125.8771 2.997e-17 2.793e-17 1.798e-17 0.0 114.4 0.0
S125974 58.5364 126.2182 9.952e-22 2.187e-21 8.352e-21 0.0 110.54 0.0
S125975 58.3117 125.8698 3.764e-21 2.624e-21 8.922999999999999e-22 0.0 114.47 0.0
S125976 58.5733 126.243 1.782e-16 1.447e-16 7.028e-17 0.0 110.35 0.0
