Name Equatorial Polar BlueF GreenF RedF Parallax RadialVelocity Variable?
S056905 64.7757 21.2474 6.56e-19 7.328e-19 6.781e-19 0.0 169.79 0.0
S056906 64.8874 21.2738 1.507e-21 3.06e-21 9.601e-21 0.0 167.08 0.0
S056907 64.8561 21.275 3.723e-24 1.218e-23 1.019e-22 0.0 166.47 0.0
S056908 64.6896 21.2546 4.286e-19 5.176e-19 5.438e-19 0.0 169.98 0.0
S056909 64.81 21.286 4.327e-17 3.633e-17 1.813e-17 0.0 168.61 0.0
S056910 64.8695 21.2869 3.5759999999999997e-22 7.279999999999999e-22 2.303e-21 0.0 167.18 0.0
S056911 64.8495 21.2742 3.5469999999999996e-23 1.0179999999999999e-22 6.659999999999999e-22 0.0 168.48 0.0
S056912 64.757 21.2747 8.922999999999999e-22 6.508999999999999e-22 2.604e-22 0.0 169.49 0.0
S056913 64.8271 21.2679 9.75e-21 1.5860000000000002e-20 3.091e-20 0.0 169.39 0.0
S056914 64.8512 21.2713 1.452e-19 1.882e-19 2.24e-19 0.0 169.06 0.0
S056915 64.8043 21.3273 8.289999999999999e-22 1.7210000000000002e-21 5.714e-21 0.0 168.08 0.0
S056916 64.9238 21.2397 8.414000000000001e-20 1.118e-19 1.445e-19 0.0 167.97 0.0
S056917 64.8607 21.276 4.1639999999999995e-23 1.058e-22 5.358e-22 0.0 167.65 0.0
S056918 65.26 21.3851 8.493e-22 1.69e-21 5.033e-21 0.0 166.46 0.0
S056919 64.8099 21.2725 6.259e-20 8.700000000000001e-20 1.245e-19 0.0 169.47 0.0
S056920 64.8508 21.284 2.168e-22 4.57e-22 1.612e-21 0.0 167.82 0.0
S056921 64.9348 21.2397 5.912e-19 6.701e-19 6.483e-19 0.0 167.96 0.0
S056922 64.8133 21.2652 9.994e-19 1.069e-18 8.732e-19 0.0 169.44 0.0
S056923 64.8724 21.2688 2.9289999999999996e-22 6.83e-22 2.853e-21 0.0 167.83 0.0
S056924 64.704 21.3015 1.073e-22 2.9519999999999997e-22 1.673e-21 0.0 168.83 0.0
S056925 64.8436 21.288 1.049e-23 3.071e-23 2.0919999999999998e-22 0.0 168.04 0.0
S056926 64.6992 21.2288 5.406e-18 5.254e-18 3.632e-18 0.0 169.85 0.0
S056927 64.8922 21.2886 1.788e-20 2.6110000000000002e-20 4.1e-20 0.0 166.81 0.0
S056928 64.7416 21.2942 1.196e-17 1.92e-17 3.595e-17 0.0 168.81 0.0
S056929 64.8301 21.2833 6.3180000000000005e-25 2.428e-24 2.81e-23 0.0 168.37 0.0
S056930 64.8595 21.2789 2.667e-23 7.159e-23 3.9739999999999995e-22 0.0 167.03 0.0
S056931 64.8118 21.2603 7.164999999999999e-22 1.683e-21 7.025e-21 0.0 169.67 0.0
S056932 64.8548 21.3005 3.8589999999999997e-22 9.24e-22 4.15e-21 0.0 167.56 0.0
S056933 64.9712 21.2873 3.379e-22 7.572e-22 2.986e-21 0.0 166.57 0.0
S056934 64.7877 21.2288 1.917e-23 6.388999999999999e-23 5.808999999999999e-22 0.0 169.28 0.0
S056935 64.6428 21.2538 1.03e-22 2.6319999999999997e-22 1.349e-21 0.0 169.9 0.0
S056936 64.7886 21.2643 3.096e-21 5.782e-21 1.5240000000000002e-20 0.0 169.87 0.0
S056937 64.7503 21.2142 2.902e-22 6.674999999999999e-22 2.671e-21 0.0 169.28 1.0
S056938 64.8531 21.2666 2.011e-17 2.952e-17 4.817e-17 0.0 168.65 0.0
S056939 64.8573 21.2759 7.286e-21 1.2030000000000002e-20 2.4680000000000003e-20 0.0 167.26 0.0
S056940 64.8555 21.2767 2.481e-21 4.499e-21 1.1070000000000001e-20 0.0 167.78 0.0
S056941 64.8539 21.2889 5.326e-18 5.184e-18 3.522e-18 0.0 167.63 0.0
S056942 64.8086 21.2752 8.231e-23 1.9689999999999998e-22 8.765e-22 0.0 169.16 0.0
S056943 64.8607 21.2709 1.039e-17 1.528e-17 2.443e-17 0.0 167.17 0.0
S056944 64.8615 21.3012 9.235e-22 1.787e-21 5.236e-21 0.0 167.55 0.0
S056945 64.8146 21.2703 8.15e-23 2.0979999999999997e-22 1.059e-21 0.0 169.58 0.0
S056946 64.6401 21.2576 4.839e-19 5.721e-19 5.748e-19 0.0 169.74 0.0
S056947 65.0651 21.2592 1.5829999999999998e-22 3.616e-22 1.478e-21 0.0 167.07 0.0
S056948 64.8719 21.2803 6.667e-21 1.078e-20 2.1540000000000003e-20 0.0 167.04 0.0
S056949 64.8557 21.3028 1.892e-17 3.465e-17 8.919e-17 0.0 167.65 0.0
S056950 64.8978 21.2801 4.196e-19 4.941e-19 5.07e-19 0.0 166.77 0.0
S056951 64.7218 21.2729 2.378e-17 2.071e-17 1.131e-17 0.0 169.65 0.0
S056952 64.8563 21.2782 2.7920000000000004e-20 4.298e-20 7.830000000000001e-20 0.0 167.66 0.0
S056953 65.0097 21.2803 2.6210000000000002e-20 4.0060000000000005e-20 6.770000000000001e-20 0.0 166.72 0.0
S056954 64.8888 21.2829 5.426999999999999e-23 1.2529999999999998e-22 5.076e-22 0.0 166.84 0.0
S056955 64.8602 21.2726 1.899e-19 2.48e-19 3.1e-19 0.0 167.08 0.0
S056956 64.5848 21.1824 1.529e-19 1.893e-19 2.097e-19 0.0 169.84 0.0
S056957 64.8534 21.2857 4.022e-21 6.683e-21 1.356e-20 0.0 167.41 0.0
S056958 64.8445 21.2643 1.514e-19 1.929e-19 2.215e-19 0.0 168.8 0.0
S056959 64.8677 21.2741 1.0340000000000001e-20 1.694e-20 3.4130000000000004e-20 0.0 167.69 0.0
S056960 64.9267 21.2784 1.329e-24 5.224e-24 6.849e-23 0.0 166.83 0.0
S056961 64.9494 21.2873 1.346e-19 1.81e-19 2.462e-19 0.0 166.5 0.0
S056962 64.8353 21.2843 4.729e-23 1.2039999999999998e-22 6.027e-22 0.0 168.25 0.0
S056963 64.8617 21.2752 3.632e-19 4.41e-19 4.704e-19 0.0 167.12 0.0
S056964 64.8564 21.2848 3.193e-21 5.9150000000000005e-21 1.491e-20 0.0 167.76 0.0
S056965 64.8248 21.2969 1.329e-21 2.845e-21 1.011e-20 0.0 168.12 0.0
S056966 64.8517 21.2695 2.025e-18 2.042e-18 1.462e-18 0.0 169.36 0.0
S056967 64.8902 21.2879 2.5949999999999997e-22 5.436e-22 1.842e-21 0.0 166.68 0.0
S056968 64.7953 21.2579 1.147e-17 1.065e-17 6.629e-18 0.001 169.86 0.0
S056969 64.8537 21.2744 8.922e-21 1.488e-20 2.988e-20 0.0 167.07 0.0
S056970 64.9095 21.2892 1.347e-17 1.294e-17 8.591e-18 0.0 166.59 0.0
S056971 64.8409 21.206 6.16e-22 1.36e-21 5.309e-21 0.0 168.73 0.0
S056972 64.8351 21.2761 1.68e-24 6.207e-24 6.725e-23 0.0 169.37 0.0
S056973 64.8784 21.2677 4.5019999999999995e-23 1.184e-22 6.496999999999999e-22 0.0 167.89 0.0
S056974 64.8949 21.2897 2.748e-22 6.104e-22 2.275e-21 0.0 166.64 0.0
S056975 64.8526 21.2762 1.022e-17 1.899e-17 5.073e-17 0.0 168.0 0.0
S056976 64.8292 21.2738 2.0299999999999998e-23 5.481e-23 3.0629999999999997e-22 0.0 169.03 0.0
S056977 64.8379 21.2713 1.552e-21 1.081e-21 3.778e-22 0.0 169.19 0.0
S056978 64.9887 21.3964 9.959e-20 1.357e-19 1.804e-19 0.0 167.25 0.0
S056979 64.8491 21.2899 7.318e-19 8.219e-19 7.692e-19 0.0 167.85 0.0
S056980 64.8182 21.2768 2.732e-17 5.327e-17 1.486e-16 0.0 168.85 0.0
S056981 64.8324 21.2661 6.416e-23 1.659e-22 8.794e-22 0.0 169.34 0.0
S056982 64.8147 21.2656 2.124e-23 6.141e-23 4.0669999999999997e-22 0.0 169.66 0.0
S056983 64.8423 21.2949 5.437e-19 6.827e-19 7.681e-19 0.0 167.87 0.0
S056984 64.7362 21.3543 3.88e-24 1.229e-23 9.757999999999999e-23 0.0 168.15 0.0
S056985 64.8569 21.2797 3.86e-19 4.819e-19 5.298e-19 0.0 166.99 0.0
S056986 64.8477 21.2746 1.142e-21 2.218e-21 6.619e-21 0.0 168.95 0.0
S056987 64.8626 21.2752 3.094e-18 3.09e-18 2.21e-18 0.0 167.32 0.0
S056988 64.8502 21.2771 1.825e-24 5.979e-24 5.131e-23 0.0 167.85 0.0
S056989 64.6849 21.2679 8.369e-23 2.151e-22 1.087e-21 0.0 169.66 0.0
S056990 64.8433 21.2727 7.475e-13 5.444e-13 2.053e-13 0.0 169.1 0.0
S056991 64.6832 21.2824 3.699e-18 3.66e-18 2.651e-18 0.0 169.22 0.0
S056992 64.8545 21.2729 4.87e-19 5.888e-19 6.407e-19 0.0 168.6 0.0
S056993 65.0014 21.3311 2.955e-22 5.986e-22 1.934e-21 0.0 166.53 0.0
S056994 64.8905 21.2732 5.382e-21 9.282e-21 1.9720000000000002e-20 0.0 167.08 0.0
S056995 65.0674 21.3651 2.9e-20 4.2490000000000003e-20 6.702000000000001e-20 0.0 166.75 0.0
S056996 64.8732 21.2871 1.4489999999999998e-22 3.7659999999999995e-22 1.934e-21 0.0 167.26 0.0
S056997 64.848 21.2952 2.014e-21 3.792e-21 1.0600000000000001e-20 0.0 167.76 0.0
S056998 64.7708 21.2992 1.4939999999999998e-22 3.5089999999999997e-22 1.453e-21 0.0 168.69 0.0
S056999 64.8469 21.2808 1.366e-22 3.2389999999999995e-22 1.3480000000000001e-21 0.0 167.32 0.0
S057000 64.709 21.2803 9.373e-24 3.07e-23 2.6319999999999997e-22 0.0 169.45 0.0
S057001 64.8292 21.2665 3.719e-19 4.386e-19 4.477e-19 0.0 169.31 0.0
S057002 64.8338 21.2742 3.202e-25 1.326e-24 1.925e-23 0.0 169.05 0.0
S057003 64.8515 21.2767 2.797e-17 4.835e-17 1.069e-16 0.0 167.86 0.0
S057004 64.9753 21.3133 1.326e-18 1.474e-18 1.3e-18 0.0 166.5 0.0
S057005 64.7821 21.2659 7.573e-21 1.3520000000000001e-20 3.242e-20 0.001 169.78 0.0
S057006 64.8559 21.2734 1.376e-19 1.766e-19 2.106e-19 0.0 168.04 0.0
S057007 64.8566 21.2727 3.541e-19 4.098e-19 3.896e-19 0.0 168.11 0.0
S057008 64.9034 21.2775 2.4e-21 4.653e-21 1.38e-20 0.0 166.8 0.0
S057009 64.8101 21.2744 2.622e-20 3.7910000000000005e-20 6.015000000000001e-20 0.0 169.2 0.0
S057010 64.9301 21.2745 1.103e-22 2.7369999999999997e-22 1.313e-21 0.0 166.92 0.0
S057011 64.9478 21.2931 1.143e-23 4.032e-23 4.1159999999999995e-22 0.0 166.57 0.0
S057012 64.8049 21.2774 3.45e-18 3.367e-18 2.322e-18 0.0 169.23 0.0
S057013 64.7256 21.2515 7.044999999999999e-22 1.521e-21 5.507e-21 0.0 169.95 0.0
S057014 64.8779 21.2771 1.794e-20 2.733e-20 4.804e-20 0.0 167.08 0.0
S057015 64.8449 21.2792 1.6099999999999999e-22 4.0419999999999996e-22 1.897e-21 0.0 168.48 0.0
S057016 64.8599 21.3224 5.647000000000001e-25 2.384e-24 3.4009999999999997e-23 0.0 167.59 0.0
S057017 64.9224 21.2801 6.89e-17 1.631e-16 6.99e-16 0.0 166.73 1.0
S057018 64.9056 21.2655 1.985e-23 5.832e-23 3.867e-22 0.0 167.53 0.0
S057019 64.8489 21.278 1.11e-23 3.1699999999999996e-23 2.0419999999999997e-22 0.0 168.19 0.0
S057020 64.8102 21.265 3.7739999999999995e-23 1.0269999999999999e-22 6.178e-22 0.0 169.59 0.0
S057021 64.8699 21.2784 1.5689999999999999e-22 3.9749999999999996e-22 1.984e-21 0.0 167.02 0.0
S057022 64.8147 21.2761 2.647e-18 2.645e-18 1.929e-18 0.0 169.1 0.0
S057023 64.7898 21.2468 8.994e-23 2.2519999999999996e-22 1.106e-21 0.0 169.74 0.0
S057024 64.8835 21.2697 6.511e-20 9.296000000000001e-20 1.406e-19 0.0 167.53 0.0
S057025 64.8908 21.2696 2.603e-13 1.792e-13 5.913e-14 0.0 167.6 0.0
S057026 64.8933 21.2751 1.027e-16 2.625e-16 1.34e-15 0.0 166.99 1.0
S057027 64.8673 21.3192 2.504e-17 2.144e-17 1.128e-17 0.0 167.59 0.0
S057028 65.009 21.2903 6.776999999999999e-22 1.4280000000000001e-21 4.6430000000000005e-21 0.0 166.48 0.0
S057029 64.8648 21.2834 1.764e-18 1.746e-18 1.253e-18 0.0 167.54 0.0
S057030 64.7146 21.2613 1.5199999999999998e-22 3.4719999999999997e-22 1.412e-21 0.0 169.91 0.0
S057031 64.8909 21.2783 3.301e-18 3.319e-18 2.43e-18 0.0 167.11 0.0
S057032 64.8666 21.2527 1.0069999999999999e-22 2.583e-22 1.286e-21 0.0 168.37 0.0
S057033 64.8325 21.2746 1.154e-18 1.197e-18 9.426e-19 0.0 169.41 0.0
S057034 64.888 21.276 2.418e-23 6.806e-23 4.1859999999999997e-22 0.0 166.98 0.0
S057035 64.8181 21.28 2.931e-19 3.798e-19 4.522e-19 0.0 168.86 0.0
S057036 64.772 21.2805 6.533e-24 1.973e-23 1.4419999999999998e-22 0.0 169.16 0.0
S057037 64.9375 21.3325 1.064e-21 2.1310000000000002e-21 6.214e-21 0.0 166.93 0.0
S057038 64.8558 21.2774 4.777e-21 8.715e-21 2.146e-20 0.0 167.64 0.0
S057039 64.8561 21.3025 3.579e-24 1.2449999999999999e-23 1.214e-22 0.0 167.59 0.0
S057040 65.0695 21.3399 2.394e-24 8.258999999999999e-24 7.881e-23 0.0 166.48 0.0
S057041 64.7568 21.2979 5.251e-21 9.683e-21 2.4720000000000003e-20 0.0 168.61 0.0
S057042 64.8098 21.2658 2.837e-18 2.931e-18 2.197e-18 0.0 169.65 0.0
S057043 64.8255 21.2857 8.375000000000001e-20 1.114e-19 1.464e-19 0.0 168.39 0.0
S057044 64.8331 21.2326 2.4599999999999996e-22 5.39e-22 2.0180000000000002e-21 0.0 169.05 0.0
S057045 64.7926 21.2489 1.0360000000000001e-20 1.7090000000000003e-20 3.457e-20 0.0 169.68 0.0
S057046 64.6917 21.2317 3.691e-23 9.77e-23 5.559999999999999e-22 0.0 170.02 0.0
S057047 64.9729 21.2706 2.752e-19 3.33e-19 3.453e-19 0.0 167.05 0.0
S057048 64.8426 21.2805 1.7719999999999998e-22 4.403999999999999e-22 2.13e-21 0.0 168.3 1.0
S057049 64.852 21.2755 3.837e-20 5.824e-20 9.848000000000001e-20 0.0 168.99 0.0
S057050 64.596 21.2119 7.683e-21 1.2910000000000002e-20 2.7770000000000005e-20 0.0 170.03 0.0
S057051 64.7275 21.2204 6.23e-25 2.5319999999999998e-24 3.294e-23 0.0 169.71 0.0
S057052 64.8474 21.2662 3.5030000000000004e-20 5.2530000000000007e-20 8.675e-20 0.0 168.73 0.0
S057053 64.8445 21.2687 4.607e-17 3.805e-17 1.888e-17 0.0 168.89 0.0
S057054 64.795 21.3216 2.586e-17 2.252e-17 1.216e-17 0.0 168.13 0.0
S057055 64.7937 21.2459 1.11e-17 2.168e-17 6.081e-17 0.001 169.53 0.0
S057056 64.8472 21.2826 1.2700000000000002e-20 2.0970000000000002e-20 4.1520000000000004e-20 0.0 168.0 0.0
S057057 64.8532 21.271 9.722e-23 2.51e-22 1.355e-21 0.0 168.91 0.0
S057058 64.8561 21.2718 1.198e-21 2.503e-21 7.949e-21 0.0 168.97 0.0
S057059 64.8347 21.2736 4.746e-18 4.576e-18 3.075e-18 0.0 169.49 0.0
S057060 64.862 21.2989 2.467e-19 3.053e-19 3.453e-19 0.0 167.46 0.0
S057061 64.5723 21.1867 3.448e-21 6.201e-21 1.5200000000000002e-20 0.0 169.84 0.0
S057062 64.8544 21.2739 5.894e-22 1.287e-21 4.6430000000000005e-21 0.0 168.26 0.0
S057063 64.8454 21.2438 1.1900000000000001e-20 1.9370000000000003e-20 3.878e-20 0.0 168.72 0.0
S057064 64.861 21.2708 6.13e-20 8.870000000000001e-20 1.385e-19 0.0 167.04 0.0
S057065 64.8838 21.2547 1.042e-21 1.995e-21 5.645e-21 0.0 168.24 0.0
S057066 64.8504 21.2511 1.201e-13 8.096e-14 2.621e-14 0.0 168.62 0.0
S057067 64.8739 21.2814 2.308e-25 1.053e-24 1.807e-23 0.0 166.9 0.0
S057068 64.9142 21.268 1.031e-21 2.16e-21 7.223e-21 0.0 167.34 0.0
S057069 64.8759 21.2863 5.788e-22 1.233e-21 4.117e-21 0.0 166.91 0.0
S057070 64.7414 21.2651 1.244e-24 4.608e-24 5.057e-23 0.0 169.73 0.0
S057071 64.8519 21.2743 1.721e-19 2.145e-19 2.419e-19 0.0 168.7 0.0
S057072 64.7964 21.2736 7.731999999999999e-22 1.647e-21 5.654e-21 0.0 169.26 0.0
S057073 64.9594 21.2935 3.386e-17 5.718e-17 1.197e-16 0.0 166.57 0.0
S057074 64.8239 21.2753 2.979e-21 5.347e-21 1.3030000000000002e-20 0.0 169.0 0.0
S057075 64.8231 21.269 3.126e-21 5.922e-21 1.6550000000000002e-20 0.0 169.49 0.0
S057076 64.8976 21.2932 2.2459999999999997e-22 4.801999999999999e-22 1.6690000000000001e-21 0.0 166.77 0.0
S057077 64.8091 21.2654 2.3139999999999998e-22 4.1629999999999997e-22 1.008e-21 0.0 169.63 0.0
S057078 64.8327 21.2879 8.182999999999999e-22 1.623e-21 4.835e-21 0.0 168.19 0.0
S057079 64.9513 21.269 7.167999999999999e-22 1.574e-21 5.838e-21 0.0 167.13 0.0
S057080 64.8316 21.2641 4.431e-20 6.735000000000001e-20 1.159e-19 0.0 169.27 0.0
S057081 64.579 21.2975 4.723e-19 5.452e-19 5.453e-19 0.0 169.14 0.0
S057082 64.8436 21.2715 2.918e-20 4.3700000000000006e-20 7.284e-20 0.0 169.41 0.0
S057083 64.8363 21.2572 1.0860000000000001e-20 1.7820000000000002e-20 3.623e-20 0.0 169.32 0.0
S057084 64.976 21.2661 7.199e-21 1.273e-20 3.008e-20 0.0 167.01 0.0
S057085 64.851 21.2697 3.87e-18 3.811e-18 2.685e-18 0.0 169.04 0.0
S057086 64.7012 21.2422 1.097e-19 1.46e-19 1.949e-19 0.0 170.02 0.0
S057087 64.8557 21.2734 3.817e-19 4.621e-19 5.09e-19 0.0 168.08 0.0
S057088 64.8769 21.2885 8.828e-18 1.708e-17 4.904e-17 0.0 167.09 0.0
S057089 64.6444 21.2964 4.22e-24 1.3819999999999998e-23 1.1419999999999999e-22 0.0 169.12 0.0
S057090 64.8424 21.2797 3.367e-23 7.856999999999999e-23 3.2829999999999995e-22 0.0 168.39 0.0
S057091 64.8375 21.2583 4.322e-22 8.772999999999999e-22 2.823e-21 0.0 169.11 0.0
S057092 64.8936 21.2731 1.393e-17 2.415e-17 5.262e-17 0.0 167.24 0.0
S057093 64.7933 21.2444 2.805e-24 9.444999999999999e-24 8.384e-23 0.0 169.52 0.0
S057094 64.8451 21.2691 4.1379999999999995e-22 9.211e-22 3.57e-21 0.0 169.46 0.0
S057095 64.9631 21.2964 6.711e-20 9.363e-20 1.346e-19 0.0 166.35 0.0
S057096 64.7413 21.2421 8.441000000000001e-21 1.411e-20 2.9280000000000005e-20 0.0 169.81 0.0
S057097 64.9075 21.2848 5.508e-22 1.025e-21 2.725e-21 0.0 166.62 0.0
S057098 64.874 21.2759 2.9650000000000003e-20 4.4970000000000004e-20 7.873e-20 0.0 167.34 0.0
S057099 64.5918 21.1978 5.911e-23 1.4709999999999998e-22 7.171e-22 0.0 169.95 0.0
S057100 64.8481 21.2779 5.467e-23 1.299e-22 5.461e-22 0.0 168.32 0.0
S057101 64.7717 21.2599 2.378e-19 2.933e-19 3.227e-19 0.0 169.83 0.0
S057102 64.8447 21.2431 1.7690000000000002e-20 2.87e-20 5.499e-20 0.0 168.9 0.0
S057103 64.8753 21.2684 4.567e-24 1.696e-23 1.8879999999999998e-22 0.0 167.79 0.0
S057104 64.8945 21.2726 1.5639999999999998e-22 3.3359999999999995e-22 1.143e-21 0.0 166.98 0.0
S057105 64.8816 21.2995 1.1829999999999999e-22 3.2399999999999996e-22 1.931e-21 0.0 167.14 0.0
S057106 64.8405 21.2682 8.578e-24 2.465e-23 1.6169999999999998e-22 0.0 169.34 0.0
S057107 64.8753 21.2953 3.622e-20 5.767000000000001e-20 1.098e-19 0.0 167.31 0.0
S057108 64.9442 21.3214 4.84e-18 4.554e-18 2.895e-18 0.0 166.88 0.0
S057109 64.8175 21.2772 1.102e-17 1.031e-17 6.543e-18 0.0 169.04 0.0
S057110 64.9403 21.2696 2.463e-23 6.983e-23 4.520999999999999e-22 0.0 167.28 0.0
S057111 64.7043 21.3024 2.494e-24 8.328e-24 7.018e-23 0.0 168.87 0.0
S057112 64.958 21.2573 4.616e-20 6.620000000000001e-20 1.013e-19 0.0 167.47 0.0
S057113 64.8448 21.3059 1.07e-21 2.17e-21 6.860000000000001e-21 0.0 167.6 0.0
S057114 64.8008 21.2722 2.526e-21 4.436e-21 1.0170000000000001e-20 0.0 169.54 0.0
S057115 64.867 21.287 3.737e-23 9.337e-23 4.429999999999999e-22 0.0 167.22 0.0
S057116 64.7982 21.2644 6.475e-21 1.113e-20 2.374e-20 0.0 169.83 0.0
S057117 65.1268 21.242 2.839e-23 7.274e-23 3.7069999999999995e-22 0.0 167.41 0.0
S057118 64.8415 21.2607 1.127e-18 1.207e-18 1.006e-18 0.0 169.03 0.0
S057119 64.8469 21.2671 2.042e-23 5.394e-23 2.79e-22 0.001 168.9 0.0
S057120 64.8607 21.2691 2.524e-21 5.087e-21 1.5710000000000003e-20 0.0 168.6 0.0
S057121 64.8563 21.2732 1.184e-22 2.561e-22 9.111e-22 0.0 168.14 0.0
S057122 64.8086 21.2624 5.554e-13 5.11e-13 3.05e-13 0.0 169.55 1.0
S057123 64.8708 21.278 1.3589999999999998e-23 3.948e-23 2.694e-22 0.0 167.13 0.0
S057124 64.7644 21.2565 1.297e-19 1.751e-19 2.371e-19 0.0 169.97 0.0
S057125 64.8653 21.276 4.341999999999999e-22 8.806999999999999e-22 2.7490000000000002e-21 0.0 167.28 0.0
S057126 64.8452 21.2734 8.365999999999999e-22 1.778e-21 5.961e-21 0.0 169.27 0.0
S057127 64.7869 21.2549 8.122e-24 2.5049999999999999e-23 1.8999999999999999e-22 0.0 169.8 0.0
S057128 64.8643 21.2816 1.287e-20 2.1660000000000002e-20 4.4760000000000004e-20 0.0 167.63 0.0
S057129 64.7903 21.2539 5.5639999999999995e-22 1.18e-21 4.055e-21 0.0 169.81 0.0
S057130 64.7575 21.2486 4.062e-19 4.806e-19 4.805e-19 0.0 169.94 0.0
S057131 64.9135 21.2714 1.733e-13 1.196e-13 4.167e-14 0.0 167.05 0.0
S057132 64.8479 21.2784 2.136e-21 4.1910000000000004e-21 1.2190000000000001e-20 0.0 168.24 1.0
S057133 64.8583 21.2742 1.945e-19 2.494e-19 2.993e-19 0.0 167.7 0.0
S057134 64.8545 21.2734 2.2090000000000003e-20 3.4200000000000004e-20 6.092000000000001e-20 0.0 168.7 0.0
S057135 65.12 21.2344 4.825e-19 5.34e-19 4.864e-19 0.0 167.47 0.0
S057136 64.8401 21.2894 1.3150000000000001e-21 2.646e-21 8.156e-21 0.0 168.01 0.0
S057137 64.9323 21.2956 1.409e-19 1.863e-19 2.393e-19 0.0 166.55 0.0
S057138 64.7239 21.2821 2.882e-22 6.613999999999999e-22 2.729e-21 0.0 169.22 0.0
S057139 64.8113 21.2677 3.083e-23 8.279e-23 4.639999999999999e-22 0.0 169.56 0.0
S057140 64.8543 21.2741 7.044e-23 1.6239999999999998e-22 6.583999999999999e-22 0.0 166.44 0.0
S057141 64.776 21.2661 6.441e-19 7.654e-19 7.776e-19 0.0 169.79 0.0
S057142 64.8098 21.286 5.665e-13 4.118e-13 1.527e-13 0.0 168.74 0.0
S057143 64.8193 21.2718 1.6600000000000001e-21 1.15e-21 3.971e-22 0.0 169.31 0.0
S057144 64.8403 21.2789 1.536e-19 1.956e-19 2.306e-19 0.0 168.51 0.0
S057145 64.8522 21.2746 3.4409999999999996e-22 7.132999999999999e-22 2.2e-21 0.0 168.45 0.0
S057146 64.8799 21.2935 8.349e-18 7.515e-18 4.524e-18 0.0 167.24 0.0
S057147 64.8176 21.2649 6.995e-22 1.447e-21 4.664e-21 0.0 169.63 0.0
S057148 64.9809 21.294 2.631e-19 3.167e-19 3.466e-19 0.0 166.57 0.0
S057149 64.8412 21.2724 9.559e-20 1.385e-19 2.078e-19 0.0 169.45 0.0
S057150 64.8499 21.2719 3.6769999999999996e-23 1.0239999999999999e-22 5.960999999999999e-22 0.0 169.28 0.0
S057151 64.7965 21.2625 1.159e-22 2.763e-22 1.219e-21 0.0 169.72 1.0
S057152 64.8305 21.2701 8.100999999999999e-22 1.704e-21 5.851e-21 0.0 169.37 0.0
S057153 64.7075 21.2542 2.272e-21 4.396e-21 1.2080000000000002e-20 0.0 169.89 0.0
S057154 64.4332 21.2805 5.806e-18 5.629e-18 3.764e-18 0.0 169.63 0.0
S057155 64.8196 21.2824 1.5410000000000001e-21 3.01e-21 8.677e-21 0.0 168.72 0.0
S057156 64.8629 21.2761 7.2429999999999995e-22 1.476e-21 4.701e-21 0.0 167.04 0.0
S057157 64.8392 21.2839 6.684e-22 1.362e-21 4.249e-21 0.0 168.2 0.0
S057158 64.8488 21.2592 4.0280000000000003e-20 5.98e-20 9.8e-20 0.0 168.89 0.0
S057159 64.799 21.264 4.74e-24 1.6369999999999998e-23 1.6079999999999997e-22 0.0 169.74 0.0
S057160 64.8718 21.2884 4.163e-19 4.887e-19 4.891e-19 0.0 167.08 0.0
S057161 64.6114 21.2628 2.504e-21 4.569e-21 1.156e-20 0.0 169.78 0.0
S057162 64.7637 21.2491 3.145e-18 3.188e-18 2.357e-18 0.0 169.89 0.0
S057163 64.9526 21.279 1.289e-17 2.224e-17 5.178e-17 0.0 166.62 0.0
S057164 64.8666 21.2954 9.381000000000001e-20 1.271e-19 1.679e-19 0.0 167.3 0.0
S057165 64.8258 21.2768 1.521e-23 3.8649999999999995e-23 1.9359999999999998e-22 0.0 168.85 0.0
S057166 64.8536 21.2572 3.652e-22 8.383999999999999e-22 3.452e-21 0.0 168.53 0.0
S057167 64.8498 21.2744 6.714e-18 1.146e-17 2.517e-17 0.0 168.78 0.0
S057168 64.831 21.2654 9.846999999999999e-23 2.487e-22 1.233e-21 0.0 169.29 0.0
S057169 64.8646 21.2613 3.05e-19 3.666e-19 3.893e-19 0.0 168.4 0.0
S057170 64.8661 21.2771 1.082e-19 1.516e-19 2.198e-19 0.0 167.14 0.0
S057171 64.8359 21.2833 4.309e-22 1.034e-21 4.4400000000000004e-21 0.0 168.3 0.0
S057172 65.1157 21.3202 5.126e-24 1.524e-23 1.098e-22 0.0 166.33 0.0
S057173 64.8541 21.269 4.5490000000000007e-20 6.653000000000001e-20 1.023e-19 0.0 168.72 0.0
S057174 64.8877 21.3001 2.5939999999999996e-22 5.499999999999999e-22 1.851e-21 0.0 167.23 0.0
S057175 64.7698 21.2725 1.488e-22 3.8059999999999997e-22 1.979e-21 0.0 169.68 0.0
S057176 64.852 21.2721 7.165e-24 2.439e-23 2.271e-22 0.0 169.29 0.0
S057177 64.8645 21.2723 7.891999999999999e-22 1.646e-21 5.293e-21 0.0 167.29 0.0
S057178 64.8479 21.2769 9.065999999999998e-22 1.8220000000000002e-21 5.628e-21 0.0 169.13 0.0
S057179 64.8563 21.2685 9.752e-24 3.096e-23 2.428e-22 0.0 169.49 1.0
S057180 64.8205 21.2833 5.3430000000000007e-20 7.481000000000001e-20 1.103e-19 0.0 168.91 0.0
S057181 64.9509 21.3918 7.169e-17 1.573e-16 5.799e-16 0.0 167.24 1.0
S057182 64.9753 21.2258 1.582e-18 1.717e-18 1.416e-18 0.0 167.94 0.0
S057183 64.9547 21.2759 6.887e-23 1.882e-22 1.092e-21 0.0 166.78 0.0
S057184 64.7401 21.239 1.0539999999999999e-22 2.3489999999999996e-22 8.906e-22 0.0 169.83 0.0
S057185 64.8241 21.285 1.526e-22 3.5309999999999997e-22 1.459e-21 0.0 168.37 0.0
S057186 64.9589 21.3039 1.09e-21 2.165e-21 6.401e-21 0.0 166.56 0.0
S057187 64.8359 21.2739 3.0009999999999995e-22 5.904999999999999e-22 1.713e-21 0.0 168.78 0.0
S057188 64.8555 21.2682 3.0609999999999995e-22 6.409999999999999e-22 2.1490000000000002e-21 0.0 168.37 0.0
S057189 64.7853 21.2626 9.196e-23 2.4319999999999997e-22 1.304e-21 0.0 169.76 0.0
S057190 64.8747 21.266 8.39e-23 2.392e-22 1.536e-21 0.0 168.07 0.0
S057191 64.7573 21.2492 3.259e-25 1.37e-24 1.946e-23 0.0 169.84 0.0
S057192 64.839 21.2653 5.78e-17 8.787e-17 1.496e-16 0.0 169.18 0.0
S057193 64.8814 21.2762 7.845000000000001e-25 3.291e-24 4.5549999999999997e-23 0.0 167.02 0.0
S057194 64.8824 21.2226 3.8319999999999994e-22 8.574e-22 3.315e-21 0.0 168.58 0.0
S057195 64.8236 21.2636 7.766e-21 1.332e-20 2.836e-20 0.0 169.57 0.0
S057196 64.7838 21.2808 3.129e-21 5.542e-21 1.337e-20 0.0 168.99 0.0
S057197 64.9847 21.2807 1.525e-20 2.526e-20 4.9600000000000004e-20 0.0 166.76 0.0
S057198 64.8475 21.3002 2.029e-18 2.156e-18 1.729e-18 0.0 167.89 0.0
S057199 64.8501 21.3438 7.567e-18 6.891e-18 4.174e-18 0.0 167.82 0.0
S057200 64.8511 21.2806 6.776e-20 9.544000000000001e-20 1.348e-19 0.0 167.9 0.0
S057201 64.8018 21.2704 7.307999999999999e-22 1.543e-21 5.366e-21 0.0 169.49 0.0
S057202 64.7802 21.2521 1.307e-19 1.738e-19 2.298e-19 0.0 169.84 0.0
S057203 64.6545 21.1982 4.073e-21 7.56e-21 1.9200000000000002e-20 0.0 169.88 0.0
S057204 64.8196 21.2892 2.286e-19 2.82e-19 3.065e-19 0.0 168.32 0.0
S057205 64.8199 21.2557 4.2740000000000004e-21 7.099e-21 1.459e-20 0.0 169.35 0.0
S057206 64.8854 21.2554 7.947e-24 2.3419999999999998e-23 1.589e-22 0.0 168.12 0.0
S057207 64.8616 21.2933 1.828e-19 2.423e-19 3.071e-19 0.0 167.51 0.0
S057208 64.9327 21.2461 5.393e-19 6.436e-19 6.745e-19 0.0 167.92 0.0
S057209 64.9149 21.2764 2.228e-21 4.33e-21 1.261e-20 0.0 166.69 0.0
S057210 64.7593 21.2566 1.935e-20 3.1170000000000003e-20 5.750000000000001e-20 0.0 169.93 0.0
S057211 65.1582 21.3548 1.664e-23 4.271e-23 2.2529999999999997e-22 0.0 166.43 0.0
S057212 64.8626 21.2725 5.785000000000001e-20 8.001e-20 1.108e-19 0.0 167.95 0.0
S057213 64.7051 21.2828 1.301e-21 2.677e-21 8.293e-21 0.0 169.26 0.0
S057214 64.8578 21.2722 1.512e-19 1.845e-19 2.05e-19 0.0 168.15 0.0
S057215 64.694 21.2423 3.7220000000000005e-20 5.092e-20 7.016000000000001e-20 0.0 170.09 0.0
S057216 65.0071 21.3118 8.835e-25 3.576e-24 4.51e-23 0.0 166.45 0.0
S057217 64.9112 21.2612 1.125e-20 1.8480000000000002e-20 3.7930000000000004e-20 0.0 167.64 0.0
S057218 64.8131 21.2589 3.088e-23 9.081999999999999e-23 6.2919999999999995e-22 0.0 169.3 0.0
S057219 64.923 21.274 8.292e-21 1.421e-20 3.043e-20 0.0 166.91 0.0
S057220 64.9125 21.3072 2.679e-17 2.284e-17 1.206e-17 0.0 166.85 0.0
S057221 64.8639 21.2781 1.892e-18 1.973e-18 1.501e-18 0.0 167.09 0.0
S057222 64.84 21.2865 1.4550000000000002e-20 2.3580000000000003e-20 4.6070000000000004e-20 0.0 168.15 0.0
S057223 64.8053 21.2483 2.026e-24 7.248e-24 7.636999999999999e-23 0.0 169.34 0.0
S057224 64.8162 21.2758 1.678e-24 5.786e-24 5.238e-23 0.0 169.28 0.0
S057225 64.8834 21.272 1.148e-18 1.245e-18 1.054e-18 0.0 167.11 0.0
S057226 64.8664 21.3173 1.692e-17 2.743e-17 5.477e-17 0.0 167.6 0.0
S057227 64.8698 21.27 7.974e-22 1.624e-21 5.001e-21 0.0 168.0 0.0
S057228 64.8746 21.2805 1.9069999999999999e-22 4.4049999999999995e-22 1.749e-21 0.0 166.9 0.0
S057229 64.8608 21.2768 3.645e-23 1.124e-22 8.249999999999999e-22 0.0 167.48 0.0
S057230 64.7914 21.2977 1.8170000000000002e-20 2.843e-20 5.3440000000000006e-20 0.0 168.5 0.0
S057231 64.8205 21.2957 2.191e-21 4.254e-21 1.2460000000000002e-20 0.0 168.28 0.0
S057232 64.8176 21.266 1.467e-20 2.1650000000000003e-20 3.4550000000000003e-20 0.0 169.68 0.0
S057233 64.9286 21.2865 1.261e-20 2.0510000000000003e-20 4.0730000000000006e-20 0.0 166.51 0.0
S057234 64.7456 21.3045 2.0529999999999998e-23 5.1129999999999995e-23 2.5219999999999998e-22 0.0 168.66 0.0
S057235 64.8112 21.275 1.551e-18 1.61e-18 1.225e-18 0.0 169.35 0.0
S057236 64.8719 21.2814 1.811e-17 2.966e-17 6.147e-17 0.0 166.97 0.0
S057237 64.8869 21.2864 1.5620000000000001e-21 3.451e-21 1.261e-20 0.0 166.87 0.0
S057238 64.8302 21.2642 1.381e-17 1.296e-17 8.082e-18 0.0 169.19 0.0
S057239 64.9099 21.2797 2.891e-23 8.185e-23 5.235999999999999e-22 0.0 166.79 0.0
S057240 64.9543 21.2856 8.006e-20 1.108e-19 1.572e-19 0.0 166.59 0.0
S057241 64.8618 21.2803 9.468e-22 2.0000000000000002e-21 6.815e-21 0.0 167.75 0.0
S057242 64.8394 21.2868 9.975e-18 8.957e-18 5.144e-18 0.0 168.24 0.0
S057243 65.0321 21.2744 3.4200000000000004e-20 5.0710000000000003e-20 8.319000000000001e-20 0.0 166.88 0.0
S057244 64.8557 21.2791 2.685e-23 7.444e-23 4.605e-22 0.0 167.0 0.0
S057245 64.9027 21.2686 1.1170000000000001e-20 1.8890000000000002e-20 3.9800000000000003e-20 0.0 167.29 0.0
S057246 65.1059 21.2634 1.8019999999999998e-22 4.444999999999999e-22 2.055e-21 0.0 167.07 0.0
S057247 64.6528 21.2633 4.482e-17 3.621e-17 1.68e-17 0.0 169.67 0.0
S057248 64.903 21.2439 3.8519999999999995e-23 1.0739999999999998e-22 6.614999999999999e-22 0.0 168.16 0.0
S057249 64.8708 21.2788 1.374e-22 3.5379999999999996e-22 1.857e-21 0.0 166.95 0.0
S057250 64.6412 21.1762 5.952e-23 1.447e-22 6.345999999999999e-22 0.0 169.48 0.0
S057251 64.8195 21.2652 2.1929999999999999e-23 5.98e-23 3.4389999999999995e-22 0.0 169.44 0.0
S057252 65.017 21.3022 8.581e-22 1.791e-21 5.925e-21 0.0 166.48 0.0
S057253 64.8215 21.2745 3.2769999999999996e-23 8.424e-23 4.467e-22 0.0 169.28 0.0
S057254 64.9047 21.2321 4.251e-20 6.223000000000001e-20 9.756e-20 0.0 168.18 0.0
S057255 64.8072 21.2767 1.1460000000000002e-20 1.818e-20 3.3240000000000003e-20 0.0 169.26 0.0
S057256 64.8568 21.2675 4.101e-13 2.973e-13 1.137e-13 0.0 168.46 0.0
S057257 64.792 21.2868 7.38e-21 1.2390000000000002e-20 2.7160000000000004e-20 0.0 168.73 0.0
S057258 64.8234 21.2538 3.6719999999999997e-22 8.507999999999999e-22 3.538e-21 0.0 169.09 0.0
S057259 64.7692 21.2425 6.287e-19 7.076e-19 6.579e-19 0.0 169.72 0.0
S057260 64.6022 21.2172 1.2349999999999999e-22 3.095e-22 1.456e-21 0.0 169.94 0.0
S057261 64.5714 21.259 8.165e-22 1.674e-21 5.388e-21 0.0 169.77 0.0
S057262 64.8622 21.2781 1.5269999999999998e-22 3.0469999999999996e-22 9.18e-22 0.0 167.16 0.0
S057263 64.8631 21.2765 1.095e-18 1.167e-18 9.548e-19 0.0 167.01 0.0
S057264 64.8849 21.2748 5.244e-24 1.706e-23 1.3869999999999999e-22 0.0 167.24 0.0
S057265 64.8157 21.2108 3.6080000000000004e-21 6.918e-21 1.9750000000000003e-20 0.0 169.08 0.0
S057266 64.9254 21.3051 9.618e-22 2.074e-21 7.51e-21 0.0 166.82 0.0
S057267 64.7894 21.263 1.077e-19 1.465e-19 1.972e-19 0.0 169.88 0.0
S057268 64.9725 21.3402 3.495e-24 1.196e-23 1.1299999999999998e-22 0.0 166.72 0.0
S057269 64.9271 21.2767 4.872e-22 1.028e-21 3.6680000000000004e-21 0.0 166.56 0.0
S057270 64.8429 21.2717 8.869999999999999e-22 1.688e-21 4.477e-21 0.0 169.4 0.0
S057271 64.8862 21.2707 5.288000000000001e-25 2.112e-24 2.683e-23 0.0 167.5 0.0
S057272 64.8107 21.2526 3.0689999999999996e-23 7.454999999999999e-23 3.5589999999999996e-22 0.0 169.36 0.0
S057273 64.7405 21.2451 3.997e-23 9.124999999999999e-23 3.7539999999999997e-22 0.0 169.92 0.0
S057274 64.8296 21.2778 2.512e-20 3.9440000000000004e-20 7.167e-20 0.0 169.49 0.0
S057275 64.8226 21.2934 2.533e-21 4.617e-21 1.161e-20 0.0 168.24 0.0
S057276 64.8675 21.2661 3.887e-19 4.553e-19 4.683e-19 0.0 168.1 0.0
S057277 64.8649 21.2727 4.358999999999999e-22 9.099999999999999e-22 2.976e-21 0.0 167.84 0.0
S057278 64.846 21.2813 1.531e-17 2.77e-17 6.912e-17 0.0 168.19 0.0
S057279 64.8657 21.2872 3.787e-22 8.112999999999999e-22 2.919e-21 0.0 167.27 0.0
S057280 64.7634 21.2744 1.282e-19 1.662e-19 2.019e-19 0.0 169.42 0.0
S057281 64.9606 21.3117 5.161e-24 1.556e-23 1.12e-22 0.0 166.64 0.0
S057282 64.8695 21.2745 1.5019999999999998e-23 4.2229999999999996e-23 2.74e-22 0.0 167.28 0.0
S057283 64.9251 21.2641 3.971e-23 1.0739999999999998e-22 6.006999999999999e-22 0.0 167.45 0.0
S057284 64.8371 21.258 2.204e-21 4.368e-21 1.32e-20 0.0 169.31 0.0
S057285 64.8881 21.2604 3.028e-26 1.6530000000000001e-25 4.074e-24 0.0 167.96 0.0
S057286 64.9234 21.2987 1.221e-19 1.616e-19 2.115e-19 0.0 166.61 0.0
S057287 64.8844 21.2496 6.185e-23 1.6059999999999998e-22 8.128999999999999e-22 0.0 168.25 0.0
S057288 64.7414 21.2704 4.007e-18 4.002e-18 2.823e-18 0.001 169.59 0.0
S057289 64.8511 21.271 7.45e-23 1.8459999999999998e-22 8.798e-22 0.0 169.22 0.0
S057290 64.8952 21.2867 3.784e-24 1.26e-23 1.0859999999999998e-22 0.001 166.8 0.0
S057291 64.8604 21.2699 1.9259999999999999e-22 4.306e-22 1.702e-21 0.0 168.17 0.0
S057292 64.8564 21.2769 2.638e-18 2.682e-18 2.068e-18 0.0 167.62 0.0
S057293 64.7569 21.2412 2.885e-20 4.3630000000000006e-20 7.234e-20 0.0 169.78 0.0
S057294 64.8455 21.2714 1.525e-17 3.263e-17 1.15e-16 0.0 168.88 0.0
S057295 64.8705 21.2789 1.211e-19 1.609e-19 2.053e-19 0.0 167.03 0.0
S057296 64.8221 21.3085 9.921e-18 1.634e-17 3.164e-17 0.0 168.0 0.0
S057297 64.9837 21.312 1.9909999999999998e-22 4.698999999999999e-22 2.007e-21 0.0 166.4 0.0
S057298 64.8562 21.2723 9.624e-21 1.55e-20 2.9840000000000005e-20 0.0 169.32 0.0
S057299 64.7314 21.2472 3.889e-24 1.3589999999999998e-23 1.3349999999999999e-22 0.0 169.96 0.0
S057300 64.8754 21.2713 2.667e-18 2.845e-18 2.406e-18 0.0 167.43 0.0
S057301 64.8654 21.27 3.523e-18 3.605e-18 2.683e-18 0.001 167.59 0.0
S057302 64.705 21.317 2.773e-20 4.3020000000000005e-20 7.796e-20 0.0 168.63 0.0
S057303 64.8068 21.2733 2.6790000000000003e-20 4.078e-20 7.202e-20 0.0 169.48 0.0
S057304 64.957 21.1661 3.4729999999999998e-22 7.448999999999999e-22 2.653e-21 0.0 168.24 0.0
S057305 64.8658 21.2854 2.943e-24 9.834999999999999e-24 8.722999999999999e-23 0.0 167.38 0.0
S057306 64.7514 21.2789 1.805e-20 2.8410000000000003e-20 5.287000000000001e-20 0.0 169.46 0.0
S057307 64.8711 21.273 1.064e-19 1.374e-19 1.602e-19 0.0 167.06 0.0
S057308 64.927 21.285 2.067e-21 4.086e-21 1.1930000000000001e-20 0.0 166.47 0.0
S057309 64.5293 21.2785 1.117e-17 2.08e-17 5.428e-17 0.0 169.55 0.0
S057310 64.8341 21.2585 1.525e-19 2.048e-19 2.667e-19 0.0 169.08 0.0
S057311 64.912 21.2578 2.4669999999999996e-22 5.348e-22 1.892e-21 0.0 167.66 0.0
S057312 65.0105 21.2996 7.343e-19 8.549e-19 8.292e-19 0.0 166.54 0.0
S057313 64.9007 21.284 2.096e-18 2.175e-18 1.75e-18 0.0 166.72 0.0
S057314 64.8735 21.2802 2.207e-23 5.628999999999999e-23 2.9119999999999995e-22 0.0 166.96 0.0
S057315 64.8009 21.2764 4.1099999999999996e-22 9.746e-22 4.229e-21 0.0 169.47 0.0
S057316 64.8527 21.2734 2.717e-22 6.533e-22 2.8e-21 0.0 168.96 0.0
S057317 64.8477 21.2743 5.308e-13 3.672e-13 1.295e-13 0.0 168.57 0.0
S057318 64.8891 21.2658 1.407e-21 9.882e-22 3.5319999999999997e-22 0.0 167.55 0.0
S057319 64.8626 21.2902 8.067e-18 7.087e-18 3.983e-18 0.0 167.26 1.0
S057320 64.8624 21.277 5.186e-18 4.945e-18 3.264e-18 0.0 167.73 0.0
S057321 64.8288 21.2895 1.726e-18 1.818e-18 1.422e-18 0.0 168.29 0.0
S057322 64.8214 21.2866 1.796e-19 2.296e-19 2.735e-19 0.0 169.0 0.0
S057323 64.8643 21.2454 6.947e-17 5.639e-17 2.657e-17 0.0 168.75 0.0
S057324 64.9648 21.2903 1.713e-21 1.164e-21 3.9929999999999998e-22 0.0 166.47 0.0
S057325 64.817 21.2796 5.686e-19 6.677e-19 6.749e-19 0.0 169.33 0.0
S057326 64.8209 21.2481 2.289e-23 6.804999999999999e-23 4.825e-22 0.0 169.48 0.0
S057327 64.8946 21.2814 5.2919999999999996e-23 1.5539999999999998e-22 1.082e-21 0.0 166.84 0.0
S057328 64.8458 21.2549 2.0060000000000002e-21 3.89e-21 1.113e-20 0.0 169.81 0.0
S057329 64.8315 21.2752 1.52e-17 1.327e-17 7.367e-18 0.001 168.72 0.0
S057330 64.7901 21.2502 1.942e-21 1.3210000000000001e-21 4.347e-22 0.0 169.85 0.0
S057331 64.834 21.2785 1.043e-17 9.804e-18 6.248e-18 0.0 168.53 0.0
S057332 64.8917 21.271 7.133999999999999e-22 1.399e-21 4.066e-21 0.0 167.44 0.0
S057333 64.8281 21.2754 1.394e-19 1.794e-19 2.198e-19 0.0 169.15 1.0
S057334 64.825 21.2842 1.2220000000000002e-20 1.9830000000000002e-20 3.8600000000000005e-20 0.0 168.5 0.0
S057335 64.8236 21.2897 1.131e-16 8.945e-17 3.915e-17 0.0 169.46 1.0
S057336 64.8309 21.2506 2.502e-18 2.632e-18 2.147e-18 0.0 169.68 0.0
S057337 64.8954 21.2841 5.095e-18 4.672e-18 2.925e-18 0.0 167.2 0.0
S057338 64.8758 21.2456 3.5429999999999995e-22 7.884e-22 3.059e-21 0.0 169.71 0.0
S057339 64.9217 21.2891 1.735e-17 3.151e-17 7.662e-17 0.0 166.59 0.0
S057340 64.9245 21.2708 4.021e-13 3.067e-13 1.28e-13 0.0 166.93 1.0
S057341 64.847 21.2702 2.381e-17 3.415e-17 5.216e-17 0.0 168.73 0.0
S057342 64.821 21.2911 3.2960000000000002e-21 5.694e-21 1.306e-20 0.0 168.75 0.0
S057343 64.8331 21.2618 2.904e-17 2.394e-17 1.215e-17 0.0 169.13 0.0
S057344 64.8034 21.2575 3.2619999999999996e-22 7.01e-22 2.5e-21 0.0 169.61 0.0
S057345 64.8545 21.2712 7.945e-21 1.3190000000000001e-20 2.766e-20 0.0 168.25 0.0
S057346 64.8367 21.2816 2.317e-18 3.461e-18 5.485e-18 0.0 168.52 0.0
S057347 64.8976 21.2841 4.005e-19 4.86e-19 5.189e-19 0.0 166.75 0.0
S057348 64.7758 21.2853 2.242e-16 6.723e-16 4.668e-15 0.0 169.85 1.0
S057349 64.8031 21.282 8.956999999999999e-22 1.6510000000000001e-21 4.343e-21 0.0 169.41 0.0
S057350 64.8057 21.2497 1.141e-17 1.685e-17 2.768e-17 0.0 169.94 0.0
S057351 64.9056 21.2626 1.859e-21 1.277e-21 4.362e-22 0.0 166.95 0.0
S057352 64.8168 21.2823 1.8579999999999998e-23 5.751e-23 4.368e-22 0.0 169.27 0.0
S057353 64.8167 21.2791 1.72e-21 1.18e-21 4.054e-22 0.0 168.9 0.0
S057354 64.8937 21.2622 5.357e-17 4.459e-17 2.178e-17 0.0 166.99 0.0
S057355 64.8917 21.2551 3.0950000000000004e-20 4.7250000000000004e-20 8.077000000000001e-20 0.0 167.62 0.0
S057356 64.8123 21.2539 6.656999999999999e-22 5.21e-22 2.2599999999999996e-22 0.0 169.76 0.0
S057357 64.9214 21.2734 1.534e-21 1.071e-21 3.7449999999999996e-22 0.0 166.62 0.0
S057358 64.8736 21.285 1.307e-21 9.246999999999998e-22 3.378e-22 0.0 167.02 0.0
S057359 64.849 21.2803 1.443e-19 2.015e-19 2.883e-19 0.0 168.03 0.0
S057360 64.8639 21.292 2.755e-17 6.152e-17 2.342e-16 0.0 167.66 1.0
S057361 64.842 21.2646 1.518e-21 1.053e-21 3.6289999999999998e-22 0.0 169.1 0.0
S057362 64.8655 21.2814 4.0820000000000005e-20 5.918e-20 9.176e-20 0.0 167.59 0.0
S057363 64.8525 21.2594 1.0109999999999999e-22 2.5869999999999996e-22 1.328e-21 0.0 168.58 0.0
S057364 64.7833 21.2826 2.467e-20 3.721e-20 6.271e-20 0.0 169.31 0.0
S057365 64.8124 21.2954 3.2940000000000005e-20 5.079e-20 9.455000000000001e-20 0.0 168.43 0.0
S057366 64.8392 21.2646 5.958e-19 7.37e-19 7.98e-19 0.0 169.33 0.0
S057367 64.9002 21.2559 4.7840000000000007e-20 7.067000000000001e-20 1.143e-19 0.0 168.01 0.0
S057368 64.7875 21.2411 1.961e-18 2.053e-18 1.618e-18 0.0 169.67 0.0
S057369 64.8341 21.2803 7.971e-23 1.8589999999999999e-22 7.909999999999999e-22 0.0 168.87 0.0
S057370 64.8713 21.2678 8.208000000000001e-20 1.178e-19 1.796e-19 0.0 167.83 0.0
S057371 64.8318 21.2854 1.233e-18 1.317e-18 1.094e-18 0.0 168.23 0.0
S057372 64.8467 21.2711 1.183e-18 1.277e-18 1.069e-18 0.0 169.28 0.0
S057373 64.7985 21.2914 9.614e-22 2.098e-21 7.696e-21 0.0 169.68 0.0
S057374 64.8513 21.2838 5.306e-13 3.783e-13 1.374e-13 0.0 167.63 0.0
S057375 64.8107 21.2566 3.082e-17 5.977e-17 1.702e-16 0.0 169.45 0.0
S057376 64.9222 21.2872 3.846e-17 3.036e-17 1.352e-17 0.0 166.48 0.0
S057377 64.893 21.2679 9.075999999999999e-22 6.807999999999999e-22 2.7659999999999997e-22 0.0 166.98 0.0
S057378 64.8795 21.2786 6.762e-21 1.2100000000000001e-20 2.9780000000000004e-20 0.0 167.0 0.0
S057379 64.8845 21.2623 1.533e-17 2.468e-17 4.918e-17 0.0 166.75 0.0
S057380 64.8748 21.2733 7.098e-22 1.555e-21 5.803e-21 0.001 167.58 0.0
S057381 64.8107 21.2882 7.271e-13 6.365e-13 3.562e-13 0.0 168.67 1.0
S057382 64.8383 21.2932 4.401e-18 4.411e-18 3.121e-18 0.0 166.63 0.0
S057383 64.9633 21.2856 1.683e-20 2.7510000000000003e-20 5.2710000000000003e-20 0.0 166.49 0.0
S057384 64.8634 21.302 5.287e-23 1.306e-22 6.133e-22 0.0 167.24 0.0
S057385 64.8951 21.268 3.692e-17 2.937e-17 1.324e-17 0.0 166.99 0.0
S057386 64.8731 21.2521 2.257e-21 4.308e-21 1.1910000000000001e-20 0.0 168.8 0.0
S057387 64.8286 21.3013 6.475e-19 7.65e-19 7.676e-19 0.0 167.83 0.0
S057388 64.8674 21.2861 1.0090000000000001e-26 6.148e-26 1.934e-24 0.0 167.09 0.0
S057389 64.8034 21.2901 5.502e-19 6.382e-19 6.584e-19 0.0 169.6 0.0
S057390 64.8398 21.2681 4.158e-18 4.138e-18 3.01e-18 0.0 169.07 0.0
S057391 64.8397 21.252 8.999e-17 7.005e-17 3.046e-17 0.0 169.62 0.0
S057392 64.8259 21.2807 2.6620000000000003e-20 4.0140000000000004e-20 6.947e-20 0.0 169.03 0.0
S057393 64.9 21.2874 5.260999999999999e-22 1.109e-21 3.748e-21 0.0 166.6 0.0
S057394 64.8636 21.287 1.219e-15 3.779e-15 2.855e-14 0.0 167.05 1.0
S057395 64.7895 21.2739 4.429e-18 4.497e-18 3.37e-18 0.0 169.73 0.0
S057396 64.8112 21.2957 7.327e-23 1.8719999999999998e-22 9.804e-22 0.0 169.52 0.0
S057397 64.8329 21.2966 3.674e-17 7.066e-17 1.984e-16 0.0 167.94 0.0
S057398 64.9177 21.264 2.054e-18 2.071e-18 1.536e-18 0.0 166.77 0.0
S057399 64.8726 21.2405 7.229e-19 8.181e-19 7.628e-19 0.0 168.64 0.0
S057400 64.9131 21.2721 1.414e-20 2.333e-20 4.762e-20 0.0 166.94 0.0
S057401 64.907 21.2791 1.694e-21 1.149e-21 3.9579999999999994e-22 0.0 166.74 0.0
S057402 64.8903 21.2746 1.425e-17 2.194e-17 3.75e-17 0.0 166.93 0.0
S057403 64.872 21.2914 8.585e-17 6.582e-17 2.781e-17 0.0 167.09 0.0
S057404 64.847 21.2865 3.589e-17 9.021e-17 4.407e-16 0.0 167.94 1.0
S057405 64.888 21.305 1.426e-19 2.026e-19 3.063e-19 0.0 166.67 0.0
S057406 64.8086 21.2696 2.009e-19 2.555e-19 2.912e-19 0.0 169.18 0.0
S057407 64.8671 21.2907 8.988e-23 2.3719999999999997e-22 1.307e-21 0.0 167.26 0.0
S057408 64.8711 21.2684 5.26e-13 3.683e-13 1.329e-13 0.0 167.68 0.0
S057409 64.8334 21.2287 4.106e-14 2.687e-14 8.607e-15 0.0 169.1 0.0
S057410 64.9165 21.2806 6.852e-13 5.228e-13 2.232e-13 0.0 166.77 1.0
S057411 64.8627 21.2533 5.316e-18 5.198e-18 3.67e-18 0.0 169.13 0.0
S057412 64.9061 21.2722 6.0689999999999995e-22 1.3300000000000001e-21 5.16e-21 0.0 166.83 0.0
S057413 64.9488 21.2591 1.108e-16 8.511e-17 3.52e-17 0.0 167.05 1.0
S057414 64.8912 21.2814 7.831e-21 1.2950000000000001e-20 2.7360000000000004e-20 0.0 166.91 0.0
S057415 64.9014 21.2887 1.09e-16 8.899e-17 4.439e-17 0.0 166.67 0.0
S057416 64.8598 21.279 1.39e-17 1.327e-17 8.778e-18 0.0 167.2 0.0
S057417 64.8595 21.2769 3.7650000000000004e-20 5.765e-20 9.724000000000001e-20 0.0 167.89 0.0
S057418 64.8599 21.2637 5.531e-21 9.577e-21 2.1340000000000002e-20 0.0 168.42 0.0
S057419 64.8163 21.2518 2.922e-19 3.545e-19 3.782e-19 0.0 169.53 0.0
S057420 64.867 21.2777 1.1270000000000002e-20 1.887e-20 3.79e-20 0.0 167.1 0.0
S057421 64.8405 21.2543 2.185e-16 1.622e-16 6.457e-17 0.0 169.8 0.0
S057422 64.8429 21.2508 3.4e-18 3.33e-18 2.32e-18 0.0 169.23 0.0
S057423 64.8223 21.2612 7.582000000000001e-20 1.056e-19 1.518e-19 0.0 169.08 0.0
S057424 64.868 21.2924 1.144e-22 2.983e-22 1.564e-21 0.0 167.43 0.0
S057425 64.8534 21.2529 3.734e-25 1.491e-24 2.0299999999999998e-23 0.0 169.69 0.0
S057426 64.899 21.2839 7.272e-13 5.784e-13 2.623e-13 0.0 166.72 1.0
S057427 64.8703 21.2697 6.813e-23 1.644e-22 7.631e-22 0.0 167.7 0.0
S057428 64.8562 21.2707 1.738e-13 1.184e-13 4.023e-14 0.0 168.46 0.0
S057429 64.8709 21.2922 9.618e-18 9.177e-18 6.008e-18 0.0 166.85 0.0
S057430 64.8824 21.2758 2.501e-23 7.245e-23 4.759999999999999e-22 0.0 167.18 0.0
S057431 64.9095 21.263 3.694e-19 4.279e-19 4.163e-19 0.0 167.48 0.0
S057432 64.8463 21.3124 4.9520000000000004e-20 7.533000000000001e-20 1.336e-19 0.0 167.08 0.0
S057433 64.7809 21.2587 6.685e-23 1.488e-22 5.601999999999999e-22 0.0 169.82 0.0
S057434 64.804 21.2686 1.634e-23 4.276e-23 2.3049999999999997e-22 0.0 169.72 0.0
S057435 64.7988 21.2826 4.699e-14 3.223e-14 1.09e-14 0.0 169.26 0.0
S057436 64.8809 21.2837 1.67e-20 2.7290000000000004e-20 5.453000000000001e-20 0.0 166.85 0.0
S057437 64.8669 21.2675 7e-20 9.844000000000001e-20 1.404e-19 0.0 166.99 0.0
S057438 64.8247 21.2666 1.017e-16 7.836e-17 3.405e-17 0.0 169.25 1.0
S057439 64.8576 21.2811 1.602e-17 1.484e-17 8.825e-18 0.0 167.94 0.0
S057440 64.8517 21.2887 1.419e-20 2.3370000000000003e-20 4.7030000000000005e-20 0.0 167.89 0.0
S057441 64.9403 21.2828 1.181e-21 2.341e-21 6.856e-21 0.0 167.08 0.0
S057442 64.8995 21.2887 2.1059999999999998e-22 3.9089999999999996e-22 1.0240000000000001e-21 0.0 166.58 0.0
S057443 64.8599 21.2764 7.257e-18 6.975e-18 4.645e-18 0.0 167.3 0.0
S057444 64.8875 21.2846 1.388e-18 1.527e-18 1.334e-18 0.0 167.18 0.0
S057445 64.9177 21.2441 6.941e-19 7.874e-19 7.087e-19 0.0 167.33 0.0
S057446 64.8731 21.2872 3.71e-19 4.463e-19 4.672e-19 0.0 166.9 0.0
S057447 64.8755 21.2462 2.023e-18 2.208e-18 1.92e-18 0.0 168.54 0.0
S057448 64.7595 21.2706 1.14e-23 3.764e-23 3.275e-22 0.0 169.9 0.0
S057449 64.8224 21.2931 5.381999999999999e-22 1.221e-21 4.929e-21 0.0 169.81 0.0
S057450 64.8855 21.2902 7.768e-19 9.238e-19 9.165e-19 0.0 166.85 0.0
S057451 64.8165 21.2831 8.464e-18 1.645e-17 4.67e-17 0.0 169.0 0.0
S057452 64.844 21.2985 2.324e-18 2.444e-18 1.92e-18 0.0 167.61 0.0
S057453 64.9299 21.273 2.833e-18 5.057e-18 1.21e-17 0.0 166.53 0.0
S057454 64.7989 21.2583 2.167e-21 4.001e-21 9.897e-21 0.0 169.86 0.0
S057455 64.8371 21.2771 6.385e-21 1.154e-20 2.776e-20 0.0 168.65 0.0
S057456 64.8635 21.2653 1.4480000000000002e-20 2.3130000000000003e-20 4.3840000000000006e-20 0.0 168.43 0.0
S057457 64.8635 21.3012 2.432e-20 3.8540000000000005e-20 7.057e-20 0.0 166.88 0.0
S057458 64.8545 21.2647 2.674e-19 3.353e-19 3.913e-19 0.0 169.45 0.0
S057459 64.827 21.2794 1.852e-16 1.422e-16 5.803e-17 0.0 168.83 1.0
S057460 64.8821 21.2764 2.302e-17 5.042e-17 1.801e-16 0.0 167.67 0.0
S057461 64.8415 21.3001 1.921e-17 1.711e-17 9.789e-18 0.0 167.7 0.0
S057462 64.8142 21.2877 9.57e-18 8.815e-18 5.507e-18 0.0 168.66 0.0
S057463 64.8089 21.2666 1.0529999999999999e-22 2.4769999999999997e-22 1.075e-21 0.0 169.15 0.0
S057464 64.908 21.2798 1.098e-18 1.193e-18 1.015e-18 0.0 167.07 0.0
S057465 64.8523 21.2449 4.8320000000000004e-21 8.288e-21 1.828e-20 0.0 169.48 0.0
S057466 64.858 21.2982 8.353e-17 6.572e-17 2.943e-17 0.0 167.81 1.0
S057467 64.8794 21.2441 1.739e-21 3.376e-21 9.539e-21 0.0 168.53 0.0
S057468 64.8329 21.2945 1.735e-16 1.321e-16 5.475e-17 0.0 167.85 1.0
S057469 64.8078 21.2615 2.647e-19 3.311e-19 3.659e-19 0.0 169.7 0.0
S057470 64.812 21.2665 2.386e-21 4.4280000000000004e-21 1.1190000000000001e-20 0.0 169.59 0.0
S057471 64.8517 21.299 1.16e-18 1.312e-18 1.275e-18 0.0 166.64 0.0
S057472 64.903 21.2836 2.591e-21 4.84e-21 1.2480000000000001e-20 0.0 166.86 0.0
S057473 64.8081 21.2696 5.706e-21 1.0100000000000001e-20 2.3440000000000003e-20 0.0 169.64 0.0
S057474 64.9117 21.2772 1.675e-18 1.78e-18 1.429e-18 0.0 166.7 0.0
S057475 64.8142 21.2578 1.97e-21 1.35e-21 4.4789999999999995e-22 0.0 169.41 0.0
S057476 64.8089 21.2649 8.854000000000001e-20 1.178e-19 1.548e-19 0.0 169.57 0.0
S057477 64.8129 21.2686 1.681e-21 1.163e-21 4.0769999999999994e-22 0.0 169.36 0.0
S057478 64.9143 21.2697 1.366e-21 2.77e-21 8.627e-21 0.0 166.74 0.0
S057479 64.9113 21.2582 1.295e-21 9.276999999999998e-22 3.3719999999999995e-22 0.0 167.41 0.0
S057480 64.8203 21.2834 9.138e-18 1.52e-17 3.067e-17 0.0 169.22 0.0
S057481 64.806 21.2634 4.648e-18 4.574e-18 3.165e-18 0.0 169.55 0.0
S057482 64.8529 21.2746 4.756e-13 3.278e-13 1.137e-13 0.0 170.67 0.0
S057483 64.8528 21.2746 3.551e-17 3.082e-17 1.655e-17 0.0 171.44 0.0
S057484 64.874 21.284 2.825e-13 2.381e-13 1.232e-13 0.0 167.12 1.0
S057485 64.83 21.2612 1.333e-15 9.224e-16 3.247e-16 0.0 169.23 0.0
S057486 64.8829 21.2884 4.685e-15 3.062e-15 9.794e-16 0.0 167.03 0.0
S057487 64.8869 21.2886 3.366e-13 2.331e-13 7.91e-14 0.0 166.86 0.0
S057488 64.8164 21.259 1.115e-17 9.969e-18 5.757e-18 0.0 169.45 0.0
S057489 64.8118 21.2571 7.605e-16 5.446e-16 2.06e-16 0.0 169.49 0.0
S057490 64.7974 21.2569 5.452e-19 6.335e-19 6.149e-19 0.0 169.72 0.0
S057491 64.9072 21.2947 4.187e-17 3.434e-17 1.669e-17 0.0 166.63 0.0
S057492 64.9169 21.2954 1.787e-15 1.238e-15 4.247e-16 0.0 166.46 0.0
S057493 64.7941 21.253 2.146e-16 1.699e-16 7.631e-17 0.0 169.72 1.0
S057494 64.9178 21.2957 3.043e-17 2.45e-17 1.135e-17 0.0 166.62 0.0
S057495 64.9261 21.2995 4.697e-18 7.598e-18 1.479e-17 0.0 166.59 0.0
S057496 64.7724 21.2489 1.486e-16 1.204e-16 5.608e-17 0.0 169.95 0.0
S057497 64.7649 21.2461 1.32e-16 1.028e-16 4.508e-17 0.0 169.84 1.0
S057498 64.9447 21.3008 3.265e-13 2.266e-13 7.713e-14 0.0 166.56 0.0
S057499 64.7519 21.2465 5.384e-15 3.748e-15 1.306e-15 0.0 169.9 0.0
S057500 64.9593 21.3048 5.068e-17 3.9e-17 1.712e-17 0.0 166.61 0.0
S057501 64.966 21.3034 2.741e-16 2.058e-16 8.68e-17 0.0 166.44 1.0
S057502 64.7304 21.2438 8.757e-16 6.334e-16 2.367e-16 0.0 170.05 0.0
S057503 64.7284 21.2452 3.319e-16 2.425e-16 9.018e-17 0.0 170.08 0.0
S057504 64.7129 21.2426 9.176e-19 1.012e-18 8.75e-19 0.0 169.91 0.0
S057505 64.7202 21.2429 4.026e-16 2.948e-16 1.134e-16 0.0 169.86 0.0
S057506 65.0042 21.3055 5.862e-13 5.457e-13 3.334e-13 0.0 166.38 1.0
S057507 65.0062 21.305 2.611e-18 2.716e-18 2.139e-18 0.0 166.43 0.0
S057508 65.0128 21.306 4.464e-16 3.404e-16 1.428e-16 0.0 166.49 0.0
S057509 65.0327 21.3066 1.456e-16 1.146e-16 5.253e-17 0.0 166.37 0.0
S057510 64.6734 21.2419 5.106e-17 4.184e-17 2.015e-17 0.0 170.06 0.0
S057511 65.0342 21.3066 4.08e-15 2.789e-15 9.326e-16 0.0 166.38 0.0
S057512 65.0348 21.3059 2.946e-17 2.556e-17 1.389e-17 0.0 166.41 0.0
S057513 65.0361 21.3035 1.079e-16 8.642e-17 4.034e-17 0.0 166.4 0.0
S057514 64.6583 21.2445 5.295e-16 3.97e-16 1.642e-16 0.0 169.93 0.0
S057515 65.0462 21.3031 7.118e-18 1.509e-17 5.137e-17 0.0 166.39 0.0
S057516 65.065 21.3037 1.994e-17 3.677e-17 9.251e-17 0.0 166.49 0.0
S057517 65.0604 21.3046 1.0469999999999998e-22 2.331e-22 8.723e-22 0.0 166.35 0.0
S057518 65.0706 21.3025 6.099e-16 4.425e-16 1.748e-16 0.0 166.41 0.0
S057519 64.618 21.245 1.489e-16 1.131e-16 4.642e-17 0.0 170.02 1.0
S057520 64.6187 21.2478 2.984e-17 2.623e-17 1.434e-17 0.0 169.98 0.0
S057521 65.0868 21.3006 1.489e-16 1.204e-16 5.403e-17 0.0 166.42 1.0
S057522 65.0906 21.2985 1.285e-16 1.021e-16 4.743e-17 0.0 166.48 0.0
S057523 64.616 21.253 1.205e-16 1.02e-16 5.277e-17 0.0 169.94 0.0
S057524 65.1156 21.2961 6.837e-16 5.036e-16 1.943e-16 0.0 166.67 0.0
S057525 65.1136 21.2963 1.251e-16 1.02e-16 4.935e-17 0.0 166.5 0.0
S057526 65.1198 21.2934 1.337e-17 1.235e-17 7.948e-18 0.0 166.46 0.0
S057527 64.5895 21.2584 2.221e-18 2.39e-18 1.971e-18 0.0 169.85 0.0
S057528 64.6122 21.2592 1.138e-21 2.3210000000000002e-21 7.467e-21 0.0 169.8 0.0
S057529 65.1399 21.2887 1.186e-17 1.048e-17 6.096e-18 0.0 166.62 0.0
S057530 65.132 21.2869 3.348e-17 2.854e-17 1.495e-17 0.0 166.74 0.0
S057531 64.5847 21.2645 1.242e-17 2.712e-17 9.908e-17 0.0 169.66 0.0
S057532 64.5858 21.2676 2.208e-17 1.929e-17 1.069e-17 0.0 169.76 0.0
S057533 64.5729 21.2698 2.993e-17 2.656e-17 1.449e-17 0.0 169.71 0.0
S057534 65.1287 21.2777 1.444e-17 2.321e-17 4.427e-17 0.0 166.78 0.0
S057535 64.5969 21.2737 6.934e-17 5.451e-17 2.524e-17 0.0 169.58 0.0
S057536 65.1417 21.2731 5.064e-17 4.283e-17 2.212e-17 0.0 166.79 0.0
S057537 65.1374 21.2703 1.113e-15 8.272e-16 3.289e-16 0.0 166.9 0.0
S057538 65.1583 21.2688 1.244e-16 9.026e-17 3.473e-17 0.0 167.01 0.0
S057539 65.1256 21.2644 1.918e-15 1.378e-15 4.985e-16 0.0 167.06 0.0
S057540 65.1209 21.2618 2.982e-18 3.078e-18 2.328e-18 0.0 167.07 0.0
S057541 65.153 21.2603 1.697e-17 3.407e-17 1.06e-16 0.0 167.16 0.0
S057542 64.5784 21.2913 7.843e-16 5.462e-16 1.943e-16 0.0 169.32 0.0
S057543 64.5851 21.298 1.596e-15 1.121e-15 4.05e-16 0.0 169.2 0.0
S057544 65.126 21.2518 2.79e-17 2.365e-17 1.292e-17 0.0 167.22 0.0
S057545 64.5637 21.3005 3.848e-17 7.235e-17 1.886e-16 0.0 169.24 0.0
S057546 64.5864 21.3056 7.935e-17 6.67e-17 3.366e-17 0.0 169.17 0.0
S057547 65.119 21.2406 3.684e-15 2.459e-15 8.176e-16 0.0 167.37 0.0
S057548 64.5958 21.31 8.574e-17 7.134e-17 3.533e-17 0.0 168.92 0.0
S057549 65.0947 21.2361 9.631e-16 6.963e-16 2.659e-16 0.0 167.41 0.0
S057550 65.1146 21.2359 1.852e-16 1.379e-16 5.37e-17 0.0 167.5 0.0
S057551 65.0866 21.2313 4.561e-18 4.466e-18 3.125e-18 0.0 167.56 0.0
S057552 64.6176 21.3255 7.508e-13 6.115e-13 2.881e-13 0.0 168.92 1.0
S057553 64.6102 21.3242 5.3e-17 4.383e-17 2.107e-17 0.0 168.88 0.0
S057554 65.0713 21.2181 3.457e-13 2.472e-13 9.103e-14 0.0 167.73 0.0
S057555 65.0821 21.2143 1.389e-16 1.084e-16 4.836e-17 0.0 167.7 1.0
S057556 65.0419 21.2084 1.096e-17 1.019e-17 6.437e-18 0.0 167.88 0.0
S057557 64.6846 21.342 6.22e-15 4.24e-15 1.458e-15 0.0 168.39 0.0
S057558 64.6714 21.3477 4.178e-15 2.777e-15 8.787e-16 0.0 168.39 0.0
S057559 65.0373 21.1977 4.563e-17 3.838e-17 2.037e-17 0.0 168.06 0.0
S057560 64.67 21.3496 4.881e-18 4.708e-18 3.12e-18 0.0 168.49 0.0
S057561 65.0383 21.1966 2.419e-15 1.674e-15 5.698e-16 0.001 167.99 0.0
S057562 64.9887 21.188 4.494e-16 3.218e-16 1.18e-16 0.0 168.18 0.0
S057563 64.7048 21.3601 2.857e-13 1.992e-13 6.933e-14 0.0 168.29 0.0
S057564 64.696 21.3624 9.849e-17 7.723e-17 3.379e-17 0.0 168.24 0.0
S057565 64.9757 21.1829 2.047e-17 3.851e-17 1.035e-16 0.0 168.29 0.0
S057566 64.8851 21.2823 8.355e-23 2.0439999999999998e-22 9.469e-22 0.0 166.79 0.0
S057567 64.8787 21.2847 3.218e-16 2.522e-16 1.08e-16 0.0 166.99 1.0
S057568 64.824 21.2651 6.806e-17 5.433e-17 2.431e-17 0.0 169.49 0.0
S057569 64.822 21.2613 3.352e-17 2.855e-17 1.511e-17 0.0 169.55 0.0
S057570 64.8171 21.2647 9.959e-18 8.917e-18 5.159e-18 0.0 169.53 0.0
S057571 64.8937 21.2888 7.23e-17 6.024e-17 2.926e-17 0.0 166.68 0.0
S057572 64.8145 21.2643 2.311e-19 2.841e-19 3.033e-19 0.0 169.53 0.0
S057573 64.8938 21.2874 2.469e-17 3.539e-17 5.585e-17 0.0 166.77 0.0
S057574 64.9014 21.2909 1.3120000000000001e-20 2.132e-20 4.1310000000000004e-20 0.0 166.64 0.0
S057575 64.8044 21.2578 1.042e-18 1.125e-18 9.497e-19 0.0 169.75 0.0
S057576 64.8009 21.2614 1.591e-17 3.61e-17 1.413e-16 0.0 169.74 0.0
S057577 64.9072 21.2896 9.851e-17 7.798e-17 3.488e-17 0.0 166.63 0.0
S057578 64.7975 21.2602 5.171999999999999e-22 1.067e-21 3.4420000000000004e-21 0.0 169.96 0.0
S057579 64.9115 21.2929 1.025e-12 8.042e-13 3.678e-13 0.0 166.62 1.0
S057580 64.7906 21.262 1.505e-17 1.35e-17 8.131e-18 0.0 169.84 0.0
S057581 64.7903 21.2553 3.248e-17 2.584e-17 1.174e-17 0.0 169.89 0.0
S057582 64.7924 21.2582 5.233e-16 3.801e-16 1.512e-16 0.0 169.89 0.0
S057583 64.7759 21.2577 3.003e-13 3.405e-13 3.074e-13 0.0 169.92 0.0
S057584 64.7867 21.2561 9.491e-21 1.566e-20 3.244e-20 0.0 169.94 0.0
S057585 64.7699 21.2551 1.318e-18 1.429e-18 1.181e-18 0.0 169.94 0.0
S057586 64.7732 21.2565 3.93e-16 2.85e-16 1.061e-16 0.0 169.84 0.0
S057587 64.7703 21.2519 8.892e-23 2.3199999999999997e-22 1.225e-21 0.0 169.87 0.0
S057588 64.7605 21.2553 3.896e-13 2.701e-13 9.482e-14 0.0 169.95 0.0
S057589 64.9386 21.293 4.705e-17 1.177e-16 5.646e-16 0.0 166.41 1.0
S057590 64.7651 21.2545 1.531e-21 1.056e-21 3.711e-22 0.0 169.91 0.0
S057591 64.7555 21.2519 8.327e-19 9.404e-19 8.728e-19 0.0 170.02 0.0
S057592 64.7578 21.2522 6.578e-18 1.234e-17 3.185e-17 0.0 169.93 0.0
S057593 64.7454 21.2521 1.704e-21 1.182e-21 4.1689999999999996e-22 0.0 169.83 0.0
S057594 64.7523 21.2539 1.7649999999999998e-22 4.5e-22 2.233e-21 0.0 169.91 0.0
S057595 64.745 21.2539 1.8199999999999998e-22 1.7269999999999997e-22 1.099e-22 0.0 170.04 0.0
S057596 64.9573 21.2958 7.809e-24 2.6119999999999998e-23 2.3289999999999998e-22 0.0 166.4 0.0
S057597 64.7386 21.2503 2.765e-17 5.516e-17 1.674e-16 0.0 169.98 0.0
S057598 64.7476 21.2523 1.471e-18 1.602e-18 1.36e-18 0.0 169.99 0.0
S057599 64.7364 21.2525 5.597e-16 3.924e-16 1.435e-16 0.0 169.97 0.0
S057600 64.7348 21.2511 3.121e-17 5.891e-17 1.658e-16 0.0 169.96 0.0
S057601 64.9772 21.3008 5.955e-16 4.221e-16 1.524e-16 0.0 166.54 0.0
S057602 64.7423 21.254 7.119999999999999e-22 1.408e-21 4.3210000000000004e-21 0.0 169.96 0.0
S057603 64.7101 21.2478 9.416e-23 2.5559999999999996e-22 1.462e-21 0.0 169.98 0.0
S057604 64.7285 21.2534 1.829e-21 1.26e-21 4.355999999999999e-22 0.0 170.08 0.0
S057605 65.0032 21.3046 7.434e-18 1.428e-17 3.974e-17 0.0 166.35 0.0
S057606 64.9873 21.3019 7.876999999999999e-24 2.4349999999999998e-23 1.889e-22 0.0 166.46 0.0
S057607 65.0017 21.2991 2.593e-18 2.639e-18 1.998e-18 0.0 166.47 0.0
S057608 64.9943 21.2999 1.503e-21 1.058e-21 3.7149999999999996e-22 0.0 166.36 0.0
S057609 64.9899 21.296 1.8160000000000002e-21 3.65e-21 1.09e-20 0.0 166.41 0.0
S057610 65.0172 21.297 5.955e-13 5.141e-13 2.724e-13 0.0 166.38 1.0
S057611 65.0015 21.3015 3.343e-17 5.276e-17 9.799e-17 0.0 166.37 0.0
S057612 64.6829 21.2493 1.253e-18 1.338e-18 1.141e-18 0.0 170.02 0.0
S057613 64.6893 21.2512 8.708e-16 6.152e-16 2.175e-16 0.0 170.1 0.0
S057614 64.6739 21.2496 3.139e-18 3.073e-18 2.092e-18 0.0 169.98 0.0
S057615 64.6923 21.2521 7.953e-24 2.408e-23 1.7679999999999998e-22 0.0 169.92 0.0
S057616 64.6851 21.2498 2.152e-17 4.525e-17 1.54e-16 0.0 170.06 0.0
S057617 65.0264 21.3018 4.289e-13 3.068e-13 1.183e-13 0.0 166.51 0.0
S057618 65.0354 21.2976 5.293999999999999e-22 1.082e-21 3.46e-21 0.0 166.41 0.0
S057619 65.0364 21.2961 1.261e-16 1.009e-16 4.843e-17 0.0 166.41 0.0
S057620 64.6813 21.2515 1.749e-21 1.204e-21 4.1439999999999994e-22 0.0 169.93 0.0
S057621 65.0373 21.2968 1.425e-17 1.225e-17 6.508e-18 0.0 166.42 0.0
S057622 65.0212 21.2947 3.424e-17 2.719e-17 1.202e-17 0.0 166.5 0.0
S057623 64.6544 21.2525 8.149e-18 1.449e-17 3.439e-17 0.0 169.87 0.0
S057624 65.0551 21.296 1.152e-18 1.335e-18 1.288e-18 0.0 166.34 0.0
S057625 65.0429 21.2964 1.419e-16 1.093e-16 4.587e-17 0.0 166.41 1.0
S057626 65.035 21.2944 8.096e-17 6.753e-17 3.323e-17 0.0 166.5 0.0
S057627 64.6375 21.2527 3.867e-17 6.184e-17 1.179e-16 0.001 169.93 0.0
S057628 65.0548 21.2966 9e-24 2.836e-23 2.271e-22 0.0 166.43 0.0
S057629 64.6672 21.2537 2.046e-21 3.694e-21 9.23e-21 0.0 169.85 0.0
S057630 64.6269 21.2583 1.774e-16 1.38e-16 6.018e-17 0.0 169.88 1.0
S057631 65.046 21.2915 2.514e-18 2.476e-18 1.713e-18 0.0 166.45 0.0
S057632 65.063 21.2928 1.711e-17 3.172e-17 8.196e-17 0.0 166.62 0.0
S057633 65.041 21.2923 1.2159999999999998e-22 3.124e-22 1.575e-21 0.0 166.51 0.0
S057634 64.6495 21.2598 2.7080000000000002e-20 4.3590000000000004e-20 8.42e-20 0.0 169.88 0.0
S057635 65.0738 21.2903 4.416e-17 3.52e-17 1.627e-17 0.0 166.51 0.0
S057636 65.0826 21.2896 1.294e-17 1.116e-17 5.955e-18 0.0 166.58 0.0
S057637 65.0728 21.2919 5.945e-17 4.89e-17 2.359e-17 0.0 166.56 0.0
S057638 65.0628 21.2893 9.913e-17 8.136e-17 3.958e-17 0.0 166.61 0.0
S057639 64.6221 21.2589 4.788e-18 4.71e-18 3.291e-18 0.0 169.78 0.0
S057640 65.0999 21.2882 3.405e-18 5.455e-18 1.082e-17 0.001 166.68 0.0
S057641 64.6414 21.2603 3.558e-17 6.077e-17 1.323e-16 0.0 169.7 0.0
S057642 64.6054 21.2624 1.589e-17 1.422e-17 8.333e-18 0.0 169.77 0.0
S057643 65.0825 21.2875 3.019e-13 2.144e-13 7.61e-14 0.0 166.6 0.0
S057644 64.606 21.2632 4.978e-17 4.394e-17 2.464e-17 0.0 169.6 0.0
S057645 64.6152 21.2642 7.239e-23 1.8589999999999999e-22 9.540999999999998e-22 0.0 169.64 0.0
S057646 65.0948 21.2826 1.07e-19 1.392e-19 1.796e-19 0.0 166.7 0.0
S057647 65.0892 21.2834 4.5839999999999997e-23 1.225e-22 6.526999999999999e-22 0.0 166.72 0.0
S057648 65.1173 21.2818 2.6140000000000002e-20 4.0730000000000006e-20 7.314e-20 0.0 166.7 0.0
S057649 64.5745 21.2679 2.3450000000000002e-20 3.705e-20 6.861000000000001e-20 0.0 169.66 0.0
S057650 65.0925 21.2799 6.454e-17 1.751e-16 1.043e-15 0.0 166.83 1.0
S057651 65.1275 21.2796 3.441e-18 3.365e-18 2.344e-18 0.0 166.63 0.0
S057652 64.6233 21.2726 1.13e-17 2.165e-17 6.074e-17 0.0 169.48 0.0
S057653 65.111 21.2794 6.268e-18 5.976e-18 3.789e-18 0.0 166.84 0.0
S057654 65.0701 21.2782 3.061e-17 6.977e-17 2.85e-16 0.0 166.69 1.0
S057655 65.06 21.2781 1.674e-17 1.452e-17 7.938e-18 0.0 166.8 0.0
S057656 65.1 21.273 3.087e-18 3.117e-18 2.292e-18 0.0 166.81 0.0
S057657 65.0679 21.2713 3.852e-20 5.389e-20 7.997e-20 0.0 166.92 0.0
S057658 65.0892 21.2697 3.3129999999999996e-24 1.022e-23 7.665e-23 0.0 166.91 0.0
S057659 64.6126 21.2778 1.786e-16 1.39e-16 6.183e-17 0.0 169.47 1.0
S057660 64.6465 21.2807 2e-17 3.428e-17 7.483e-17 0.0 169.31 0.0
S057661 65.1286 21.2673 5.69e-17 1.353e-16 5.745e-16 0.0 166.84 1.0
S057662 64.6068 21.2819 7.197e-23 1.9919999999999998e-22 1.175e-21 0.0 169.54 0.0
S057663 65.0801 21.2659 8.247e-17 6.452e-17 2.916e-17 0.0 166.96 0.0
S057664 65.0606 21.2633 2.912e-24 1.06e-23 1.091e-22 0.0 167.08 0.0
S057665 64.6211 21.2846 2.74e-18 2.817e-18 2.068e-18 0.001 169.31 0.0
S057666 65.1106 21.2619 1.84e-18 1.915e-18 1.461e-18 0.0 167.02 0.0
S057667 65.1194 21.2628 1.378e-19 1.784e-19 2.262e-19 0.0 166.98 0.0
S057668 64.6237 21.2892 1.344e-18 1.477e-18 1.332e-18 0.0 169.27 0.0
S057669 64.5999 21.2915 6.659e-17 5.319e-17 2.52e-17 0.0 169.4 0.0
S057670 65.0884 21.2532 1.005e-19 1.333e-19 1.76e-19 0.0 167.14 0.0
S057671 64.6026 21.293 1.684e-17 3.057e-17 7.682e-17 0.0 169.24 0.0
S057672 65.1266 21.2562 3.046e-19 3.682e-19 3.879e-19 0.0 167.16 0.0
S057673 64.6232 21.2961 1.007e-17 1.886e-17 5.03e-17 0.0 169.14 0.0
S057674 64.5869 21.296 1.31e-17 2.464e-17 6.341e-17 0.0 169.24 0.0
S057675 64.6056 21.298 2.517e-17 2.333e-17 1.438e-17 0.0 169.11 0.0
S057676 64.6266 21.2971 3.092e-16 2.255e-16 8.374e-17 0.0 169.15 0.0
S057677 65.1083 21.2478 9.411e-17 7.459e-17 3.464e-17 0.0 167.32 0.0
S057678 64.6396 21.3002 1.085e-17 1.905e-17 4.323e-17 0.0 168.88 0.0
S057679 65.0969 21.246 2.379e-19 2.859e-19 3.016e-19 0.0 167.37 0.0
S057680 65.1078 21.2489 7.272e-18 6.759e-18 4.267e-18 0.0 167.3 0.0
S057681 65.074 21.2419 3.177e-17 6.088e-17 1.694e-16 0.0 167.38 0.0
S057682 65.0721 21.2407 1.328e-17 1.138e-17 5.812e-18 0.0 167.39 0.0
S057683 64.5983 21.3083 5.68e-18 8.355e-18 1.32e-17 0.0 169.0 0.0
S057684 64.6183 21.307 5.52e-18 5.183e-18 3.252e-18 0.0 168.98 0.0
S057685 65.0578 21.241 8.149e-19 9.401e-19 8.738e-19 0.0 167.52 0.0
S057686 64.6156 21.3129 3.093e-16 2.231e-16 8.66e-17 0.0 168.95 0.0
S057687 64.663 21.3185 2.617e-21 4.908e-21 1.292e-20 0.0 168.71 0.0
S057688 65.0886 21.2279 8.745e-20 1.148e-19 1.475e-19 0.0 167.53 0.0
S057689 65.0811 21.2363 4.5950000000000004e-21 7.713e-21 1.6310000000000002e-20 0.0 167.47 0.0
S057690 64.634 21.3154 7.652e-18 7.199e-18 4.669e-18 0.0 168.86 0.0
S057691 64.6155 21.3167 6.574e-19 7.716e-19 7.811e-19 0.0 168.82 0.0
S057692 65.055 21.2264 1.05e-18 1.246e-18 1.266e-18 0.0 167.69 0.0
S057693 65.0735 21.2251 1.159e-16 2.17e-16 5.57e-16 0.0 167.64 0.0
S057694 65.0646 21.2184 1.112e-16 9.44e-17 4.82e-17 0.0 167.67 0.0
S057695 64.6101 21.3262 5.336e-18 9.602e-18 2.228e-17 0.0 168.82 0.0
S057696 65.0169 21.2174 7.932e-17 6.359e-17 3.01e-17 0.0 167.82 0.0
S057697 65.0115 21.2125 1.646e-16 3.554e-16 1.277e-15 0.0 167.92 1.0
S057698 65.0651 21.2208 2.22e-19 2.918e-19 3.816e-19 0.0 167.64 0.0
S057699 64.6932 21.3385 1.094e-15 7.795e-16 2.779e-16 0.0 168.52 0.0
S057700 64.6527 21.3328 2.52e-16 1.833e-16 7.126e-17 0.0 168.65 0.0
S057701 64.6686 21.3418 3.597e-21 6.929e-21 1.9270000000000002e-20 0.0 168.56 0.0
S057702 65.0196 21.2108 8.77e-19 9.608e-19 8.124e-19 0.0 167.93 0.0
S057703 65.0086 21.2077 8.359e-18 1.682e-17 5.374e-17 0.0 167.87 0.0
S057704 64.6802 21.3556 1.335e-19 1.767e-19 2.23e-19 0.0 168.53 0.0
S057705 64.681 21.3359 1.898e-19 2.398e-19 2.867e-19 0.0 168.53 0.0
S057706 65.0597 21.2076 6.363e-19 7.28e-19 6.988e-19 0.0 167.72 0.0
S057707 65.0181 21.2039 3.663e-21 6.369e-21 1.4230000000000002e-20 0.0 168.06 0.0
S057708 65.0171 21.1947 1.818e-21 1.221e-21 4.0359999999999997e-22 0.0 168.05 0.0
S057709 64.9993 21.1968 8.878e-17 6.991e-17 3.12e-17 0.0 168.01 0.0
S057710 64.9768 21.1943 7.206e-23 1.6659999999999999e-22 6.816e-22 0.0 168.17 0.0
S057711 65.0014 21.2015 5.241e-18 5.301e-18 3.76e-18 0.0 167.97 0.0
S057712 64.9704 21.1827 1.591e-18 1.797e-18 1.673e-18 0.0 168.29 0.0
S057713 64.7366 21.358 4.355e-17 6.859e-17 1.255e-16 0.0 168.19 0.0
S057714 64.7106 21.3494 5.278e-14 7.872e-14 1.311e-13 0.0 168.32 0.0
S057715 64.7444 21.3681 3.8e-17 6.587e-17 1.539e-16 0.0 168.08 0.0
S057716 64.941 21.1851 2.656e-18 2.723e-18 2.089e-18 0.0 168.3 0.0
S057717 64.7506 21.3628 5.691e-19 6.907e-19 7.037e-19 0.0 168.21 0.0
S057718 64.7344 21.3729 6.154e-19 6.947e-19 6.312e-19 0.0 167.97 0.0
S057719 64.7703 21.3751 7.822e-17 6.289e-17 3.03e-17 0.0 167.94 0.0
S057720 64.7306 21.3673 8.090999999999999e-23 1.9359999999999998e-22 8.831999999999999e-22 0.0 168.1 0.0
S057721 64.814 21.3868 1.57e-17 3.144e-17 9.533e-17 0.0 167.86 0.0
S057722 64.7885 21.3697 3.7399999999999997e-22 8.0309999999999995e-22 2.848e-21 0.0 167.97 0.0
S057723 64.9145 21.1674 4.167e-19 4.913e-19 4.973e-19 0.0 168.49 0.0
S057724 64.8036 21.3695 6.586e-19 7.786e-19 7.611e-19 0.0 167.9 0.0
S057725 64.8972 21.1794 2.274e-17 2.144e-17 1.331e-17 0.0 168.48 0.0
S057726 64.8171 21.3925 1.784e-21 1.228e-21 4.2349999999999996e-22 0.0 167.81 0.0
S057727 64.805 21.3792 1.735e-20 2.72e-20 5.141e-20 0.0 167.91 0.0
S057728 64.8992 21.1678 2.811e-16 2.069e-16 8.176e-17 0.0 168.58 0.0
S057729 64.8159 21.3693 4.926e-13 3.785e-13 1.557e-13 0.0 167.81 1.0
S057730 64.8212 21.3855 1.694e-19 2.282e-19 3.095e-19 0.0 167.74 0.0
