Name Equatorial Polar BlueF GreenF RedF Parallax RadialVelocity Variable?
S138434 66.5421 119.7904 1.666e-18 1.897e-18 1.8e-18 0.0 112.37 0.0
S138435 66.5282 119.7351 2.0399999999999998e-22 5.076e-22 2.519e-21 0.0 112.31 0.0
S138436 66.5454 119.6235 4.488e-19 5.647e-19 6.651e-19 0.0 109.76 0.0
S138437 66.4743 119.6348 3.083e-24 1.231e-23 1.53e-22 0.0 110.01 0.0
S138438 66.517 119.671 6.724e-22 1.516e-21 5.875e-21 0.0 111.39 0.0
S138439 66.5158 119.6727 3.799e-17 5.899e-17 1.058e-16 0.0 111.51 0.0
S138440 66.5203 119.6357 1.249e-19 1.871e-19 3.089e-19 0.0 108.88 0.0
S138441 66.4777 119.6304 5.16e-17 4.499e-17 2.497e-17 0.0 109.9 0.0
S138442 66.5338 119.6528 5.426e-24 1.896e-23 1.8879999999999998e-22 0.0 110.66 0.0
S138443 66.4945 119.6779 1.1569999999999999e-22 3.4789999999999997e-22 2.412e-21 0.0 110.89 0.0
S138444 66.4646 119.4885 1.187e-22 3.164e-22 1.768e-21 0.0 108.44 0.0
S138445 66.5159 119.6593 1.551e-18 1.659e-18 1.393e-18 0.0 111.17 0.0
S138446 66.5576 119.6412 2.695e-22 7.0939999999999995e-22 3.772e-21 0.0 110.07 0.0
S138447 66.5203 119.6534 6.898e-21 1.2670000000000001e-20 3.162e-20 0.0 111.42 0.0
S138448 66.4918 119.5429 1.349e-19 1.894e-19 2.782e-19 0.0 108.2 0.0
S138449 66.5241 119.6647 2.246e-20 3.912e-20 8.721000000000001e-20 0.0 111.04 0.0
S138450 66.5944 120.1319 1.195e-19 1.732e-19 2.697e-19 0.0 112.08 0.0
S138451 66.5021 119.6837 6.264e-22 1.407e-21 5.624e-21 0.0 111.02 0.0
S138452 66.511 119.5913 2.802e-20 4.6410000000000005e-20 9.752000000000001e-20 0.0 108.05 0.0
S138453 66.4273 119.4579 1.8699999999999999e-22 4.4789999999999995e-22 2.07e-21 0.0 108.94 0.0
S138454 66.5178 119.6383 8.107e-19 9.712e-19 1.015e-18 0.0 109.43 0.0
S138455 66.5112 119.6205 1.251e-23 3.9109999999999996e-23 3.125e-22 0.0 108.46 0.0
S138456 66.5511 119.705 1.5349999999999998e-22 3.4259999999999996e-22 1.265e-21 0.0 111.35 0.0
S138457 66.529 119.6576 2.5170000000000003e-20 4.3590000000000004e-20 9.491000000000001e-20 0.0 111.47 0.0
S138458 66.5294 119.6439 5.2820000000000006e-20 8.334e-20 1.566e-19 0.0 109.58 0.0
S138459 66.5332 119.6432 3.9780000000000005e-20 6.348e-20 1.193e-19 0.0 109.88 0.0
S138460 66.5173 119.6464 2.7419999999999996e-22 6.432999999999999e-22 2.663e-21 0.0 109.37 0.0
S138461 66.5422 119.6465 1.783e-19 2.437e-19 3.346e-19 0.0 110.16 0.0
S138462 66.5272 119.6563 3.723e-18 3.677e-18 2.571e-18 0.0 111.31 0.0
S138463 66.5354 119.704 1.674e-19 2.496e-19 3.97e-19 0.0 111.76 0.0
S138464 66.5643 119.7953 7.714e-20 1.166e-19 1.962e-19 0.0 112.13 0.0
S138465 66.5353 119.6113 7.624999999999999e-22 1.722e-21 6.755e-21 0.0 108.78 0.0
S138466 66.5008 119.6224 9.295e-17 1.636e-16 3.745e-16 0.0 109.16 0.0
S138467 66.5215 119.657 2.965e-21 2.076e-21 7.519999999999999e-22 0.0 111.53 0.0
S138468 66.4827 119.6252 8.161e-20 1.187e-19 1.864e-19 0.0 109.72 0.0
S138469 66.5239 119.6611 2.074e-17 3.847e-17 9.916e-17 0.0 110.94 0.0
S138470 66.5165 119.6463 6.345e-19 7.726e-19 8.109e-19 0.0 109.9 0.0
S138471 66.522 119.6923 3.392e-19 4.379e-19 5.329e-19 0.0 112.21 0.0
S138472 66.5138 119.6426 9.913e-18 9.924e-18 7.469e-18 0.0 108.99 0.0
S138473 66.5468 119.7744 3.574e-21 6.536e-21 1.649e-20 0.0 112.12 0.0
S138474 66.4987 119.7086 7.016e-19 8.071e-19 7.556e-19 0.0 111.39 0.0
S138475 66.5069 119.6346 2.795e-21 2.005e-21 7.418999999999999e-22 0.0 109.36 0.0
S138476 66.513 119.6557 6.071e-25 2.637e-24 4.0209999999999995e-23 0.0 110.53 0.0
S138477 66.5178 119.6616 4.581e-21 8.408e-21 2.0830000000000002e-20 0.0 111.5 0.0
S138478 66.5224 119.6496 1.448e-21 3.224e-21 1.2150000000000002e-20 0.001 112.85 0.0
S138479 66.5158 119.6612 3.905e-20 6.134000000000001e-20 1.144e-19 0.0 110.71 0.0
S138480 66.5201 119.6391 1.237e-18 1.416e-18 1.325e-18 0.0 109.29 0.0
S138481 66.5548 119.5879 1.3030000000000002e-20 2.326e-20 5.745e-20 0.0 109.35 0.0
S138482 66.5387 119.6911 1.109e-18 1.378e-18 1.577e-18 0.0 111.39 0.0
S138483 66.5829 119.658 3.635e-21 2.502e-21 8.623999999999999e-22 0.0 110.3 0.0
S138484 66.5156 119.6647 1.519e-20 2.6040000000000002e-20 5.691e-20 0.0 111.68 0.0
S138485 66.515 119.6426 2.196e-18 2.33e-18 1.888e-18 0.0 108.99 0.0
S138486 66.5372 119.6767 1.086e-18 1.255e-18 1.24e-18 0.0 111.71 0.0
S138487 66.5203 119.6842 3.924e-21 2.708e-21 9.183e-22 0.0 112.08 0.0
S138488 66.5088 119.6172 2.164e-17 2.016e-17 1.245e-17 0.0 108.76 0.0
S138489 66.5051 119.5423 2.143e-18 2.533e-18 2.669e-18 0.0 108.18 0.0
S138490 66.5178 119.6676 9.819e-23 2.383e-22 1.064e-21 0.0 111.52 0.0
S138491 66.5028 119.527 1.1229999999999998e-22 3.0919999999999996e-22 1.766e-21 0.0 108.08 0.0
S138492 66.5215 119.7099 2.032e-21 4.315e-21 1.421e-20 0.0 112.25 1.0
S138493 66.5462 119.7312 1.9689999999999998e-22 4.5089999999999995e-22 1.831e-21 0.0 111.78 0.0
S138494 66.5219 119.6873 2.457e-19 3.215e-19 4.091e-19 0.0 112.14 0.0
S138495 66.5241 119.6436 3.3840000000000005e-20 5.259e-20 9.667e-20 0.0 108.85 0.0
S138496 66.509 119.6689 1.0210000000000001e-21 2.257e-21 8.602e-21 0.0 111.17 0.0
S138497 66.5115 119.6773 1.563e-23 4.9609999999999997e-23 3.9679999999999996e-22 0.0 111.59 0.0
S138498 66.5263 119.6333 4.1089999999999996e-22 9.602999999999998e-22 3.971e-21 0.0 108.76 0.0
S138499 66.5277 119.6395 4.465e-24 1.656e-23 1.8389999999999998e-22 0.0 109.25 0.0
S138500 66.5138 119.6283 5.12e-18 5.42e-18 4.475e-18 0.0 109.45 0.0
S138501 66.5089 119.6511 1.575e-12 1.143e-12 4.337e-13 0.0 110.24 0.0
S138502 66.5366 119.705 1.982e-17 3.446e-17 7.562e-17 0.0 112.19 0.0
S138503 66.5402 119.7829 1.0210000000000001e-21 2.017e-21 6.159e-21 0.0 112.33 0.0
S138504 66.5121 119.7142 9.468e-21 1.628e-20 3.782e-20 0.0 112.18 0.0
S138505 66.5218 119.6504 5.7000000000000004e-21 1.0950000000000001e-20 2.959e-20 0.0 111.79 0.0
S138506 66.522 119.6346 3.98e-21 7.959e-21 2.3480000000000002e-20 0.0 109.39 0.0
S138507 66.5374 119.7802 3.804e-17 7.129e-17 1.881e-16 0.0 112.31 0.0
S138508 66.5151 119.6793 1.646e-18 1.786e-18 1.521e-18 0.0 111.71 0.0
S138509 66.5573 119.6517 8.323e-21 1.456e-20 3.4320000000000005e-20 0.0 110.28 0.0
S138510 66.5065 119.7069 8.624999999999999e-23 2.249e-22 1.225e-21 0.0 111.45 0.0
S138511 66.5068 119.7769 1.848e-18 2.04e-18 1.831e-18 0.0 112.1 0.0
S138512 66.5353 119.7251 1.139e-19 1.635e-19 2.469e-19 0.0 112.23 0.0
S138513 66.5229 119.6559 2.169e-19 3.292e-19 5.459e-19 0.0 111.03 0.0
S138514 66.524 119.6845 3.214e-19 4.382e-19 5.768e-19 0.0 112.06 0.0
S138515 66.5338 119.524 4.5289999999999997e-23 1.3709999999999998e-22 9.609999999999999e-22 0.0 108.1 0.0
S138516 66.5102 119.6511 1.2189999999999999e-23 3.692e-23 2.6989999999999997e-22 0.0 111.28 0.0
S138517 66.5196 119.645 3.1279999999999997e-23 9.271999999999999e-23 6.258999999999999e-22 0.0 108.87 0.0
S138518 66.5533 119.7336 3.368e-21 6.749e-21 2.032e-20 0.0 111.84 0.0
S138519 66.5159 119.6471 6.666e-20 9.906000000000001e-20 1.622e-19 0.0 109.92 0.0
S138520 66.5233 119.6455 4.391e-22 1.013e-21 3.945e-21 0.0 109.93 0.0
S138521 66.5255 119.5945 1.084e-21 2.46e-21 1.0050000000000001e-20 0.0 108.04 0.0
S138522 66.5235 119.6369 2.132e-17 3.741e-17 8.575e-17 0.0 109.06 0.0
S138523 66.519 119.666 8.434e-20 1.292e-19 2.306e-19 0.0 111.16 0.0
S138524 66.5334 119.6026 2.546e-22 6.843e-22 3.903e-21 0.0 109.07 0.0
S138525 66.5239 119.6353 1.184e-17 1.156e-17 7.874e-18 0.0 109.06 0.0
S138526 66.4778 119.5615 6.2e-23 1.604e-22 8.139999999999999e-22 0.0 108.86 0.0
S138527 66.5222 119.6225 2.557e-19 3.433e-19 4.56e-19 0.0 108.85 0.0
S138528 66.5372 119.6442 1.6389999999999998e-22 3.912e-22 1.771e-21 0.0 110.02 0.0
S138529 66.5192 119.6722 3.552e-24 1.26e-23 1.2569999999999999e-22 0.0 111.44 0.0
S138530 66.5305 119.6575 3.155e-21 2.207e-21 8.010999999999999e-22 0.0 110.72 0.0
S138531 66.5367 119.7405 4.8809999999999995e-22 1.149e-21 4.8450000000000004e-21 0.001 112.36 0.0
S138532 66.536 119.6008 2.074e-21 4.421e-21 1.5270000000000002e-20 0.0 108.84 0.0
S138533 66.5258 119.661 5.136e-18 5.088e-18 3.621e-18 0.0 111.55 0.0
S138534 66.5315 119.6573 2.0189999999999998e-23 5.717e-23 3.489e-22 0.0 111.08 0.0
S138535 66.5216 119.6599 2.134e-21 4.289e-21 1.3020000000000001e-20 0.0 111.42 0.0
S138536 66.5123 119.6119 3.042e-21 5.738e-21 1.512e-20 0.0 108.38 0.0
S138537 66.5128 119.6877 8.197999999999999e-22 1.885e-21 7.944e-21 0.0 111.58 0.0
S138538 66.5015 119.605 3.438e-24 1.265e-23 1.3979999999999998e-22 0.0 108.97 0.0
S138539 66.5551 119.5394 2.857e-19 3.589e-19 4.119e-19 0.0 108.72 0.0
S138540 66.4818 119.7009 3.9829999999999996e-22 9.471e-22 4.1790000000000004e-21 0.0 110.87 0.0
S138541 66.5631 119.7026 9.023e-21 1.645e-20 4.133e-20 0.0 111.29 0.0
S138542 66.5334 119.5645 3.3980000000000005e-20 5.362e-20 9.845000000000001e-20 0.0 108.29 0.0
S138543 66.5378 119.6215 1.854e-25 9.142e-25 1.903e-23 0.0 109.59 0.0
S138544 66.5262 119.6477 2.046e-18 2.238e-18 1.976e-18 0.0 110.06 0.0
S138545 66.5322 119.6555 5.981e-18 6.128e-18 4.638e-18 0.0 110.56 0.0
S138546 66.5043 119.6718 9.979000000000001e-20 1.414e-19 2.06e-19 0.0 110.81 0.0
S138547 66.522 119.6478 6.563e-19 8.232e-19 9.12e-19 0.0 109.25 0.0
S138548 66.5288 119.6643 4.521e-23 1.317e-22 8.549e-22 0.0 111.69 0.0
S138549 66.5116 119.6202 3.425e-18 3.568e-18 2.828e-18 0.0 108.56 0.0
S138550 66.5167 119.6537 5.018e-22 1.092e-21 4.0000000000000004e-21 0.0 111.44 0.0
S138551 66.5297 119.6382 1.542e-21 3.275e-21 1.1360000000000001e-20 0.0 109.82 0.0
S138552 66.5454 119.6727 1.353e-21 2.907e-21 1.054e-20 0.0 110.95 0.0
S138553 66.5222 119.6484 3.7319999999999997e-22 9.268e-22 4.448e-21 0.0 109.55 0.0
S138554 66.5068 119.6219 1.08e-18 1.256e-18 1.259e-18 0.0 108.66 0.0
S138555 66.5602 119.6096 2.804e-18 3.056e-18 2.54e-18 0.0 109.59 0.0
S138556 66.5302 119.6653 7.989999999999999e-23 2.181e-22 1.268e-21 0.001 111.52 0.0
S138557 66.5154 119.6036 1.531e-18 1.799e-18 1.723e-18 0.0 108.11 0.0
S138558 66.5328 119.7461 2.984e-21 6.187e-21 2.0300000000000003e-20 0.0 112.13 0.0
S138559 66.5298 119.652 4.15e-17 3.715e-17 2.107e-17 0.0 111.48 0.0
S138560 66.4889 119.5899 6.962000000000001e-20 1.038e-19 1.659e-19 0.0 108.69 0.0
S138561 66.5137 119.6487 1.7949999999999998e-22 3.9159999999999996e-22 1.4580000000000001e-21 0.0 109.77 0.0
S138562 66.5077 119.6438 3.775e-17 6.087e-17 1.237e-16 0.0 108.82 0.0
S138563 66.5068 119.6056 8.637e-22 1.801e-21 6.112e-21 0.0 108.47 0.0
S138564 66.5347 119.6635 1.4370000000000002e-20 2.674e-20 6.839e-20 0.0 110.86 0.0
S138565 66.4772 119.7202 7.86e-17 6.514e-17 3.305e-17 0.0 111.08 0.0
S138566 66.5228 119.6422 3.987e-23 1.076e-22 5.971e-22 0.0 109.37 0.0
S138567 66.5174 119.6641 1.359e-22 3.563e-22 1.937e-21 0.0 111.65 0.0
S138568 66.5313 119.652 2.575e-22 6.006999999999999e-22 2.543e-21 0.0 110.47 0.0
S138569 66.5213 119.6841 6.789e-21 1.2260000000000001e-20 2.931e-20 0.0 111.99 0.0
S138570 66.5018 119.6271 2.38e-17 4.804e-17 1.491e-16 0.0 109.17 0.0
S138571 66.509 119.6239 2.3130000000000003e-20 3.659e-20 6.963e-20 0.0 108.98 0.0
S138572 66.5254 119.6619 1.119e-16 9.437e-17 4.79e-17 0.0 111.52 0.0
S138573 66.5308 119.7356 2.638e-24 9.382e-24 9.459999999999999e-23 0.0 112.35 0.0
S138574 66.5331 119.5794 1.43e-23 4.799e-23 4.142e-22 0.0 108.49 0.0
S138575 66.5237 119.6497 8.214999999999999e-22 1.695e-21 5.512e-21 0.0 110.59 0.0
S138576 66.5289 119.6094 1.175e-21 2.625e-21 1.0170000000000001e-20 0.0 108.3 0.0
S138577 66.5194 119.6529 3.358e-17 2.903e-17 1.496e-17 0.0 111.15 0.0
S138578 66.5225 119.6419 1.76e-23 5.454e-23 4.239999999999999e-22 0.0 108.94 0.0
S138579 66.5217 119.6208 2.912e-20 5.0880000000000006e-20 1.183e-19 0.0 108.42 0.0
S138580 66.5293 119.6885 1.746e-19 2.445e-19 3.591e-19 0.0 112.07 0.0
S138581 66.5124 119.6419 1.001e-12 9.336e-13 5.962e-13 0.0 109.47 1.0
S138582 66.5225 119.6548 1.1290000000000001e-20 2.111e-20 5.2960000000000006e-20 0.0 110.86 0.0
S138583 66.5188 119.6484 8.584e-23 2.6019999999999996e-22 1.91e-21 0.0 109.1 0.0
S138584 66.5195 119.6757 4.0279999999999996e-22 9.979e-22 4.638e-21 0.0 111.87 0.0
S138585 66.5238 119.5799 1.978e-19 2.715e-19 3.722e-19 0.0 108.23 0.0
S138586 66.5703 119.6733 6.284e-19 7.771e-19 8.449e-19 0.0 110.54 0.0
S138587 66.4938 119.5689 9.27e-23 2.5359999999999997e-22 1.493e-21 0.0 108.45 0.0
S138588 66.5419 119.6393 3.777e-18 4.045e-18 3.427e-18 0.0 109.88 0.0
S138589 66.5136 119.6278 3.7909999999999997e-22 7.954999999999999e-22 2.698e-21 0.001 109.0 0.0
S138590 66.5099 119.6564 2.6930000000000003e-20 4.2770000000000003e-20 8.129000000000001e-20 0.0 111.5 0.0
S138591 66.5129 119.5729 3.3359999999999997e-23 9.707e-23 6.414e-22 0.0 108.09 0.0
S138592 66.5301 119.6809 7.015000000000001e-21 1.3390000000000002e-20 3.6040000000000006e-20 0.0 112.09 0.0
S138593 66.5235 119.6226 3.356e-23 1.0969999999999998e-22 9.331e-22 0.0 108.55 0.0
S138594 66.5247 119.6491 5.781e-23 1.659e-22 1.02e-21 0.0 109.21 0.0
S138595 66.5299 119.9173 1.92e-19 2.598e-19 3.409e-19 0.0 112.31 0.0
S138596 66.516 119.6315 5.569e-18 5.776e-18 4.573e-18 0.0 108.76 0.0
S138597 66.5164 119.6495 3.0529999999999996e-23 8.48e-23 4.934999999999999e-22 0.0 110.16 0.0
S138598 66.4993 119.6125 9.223e-19 1.149e-18 1.342e-18 0.0 108.5 0.0
S138599 66.5699 119.9142 3.9570000000000005e-20 6.109e-20 1.101e-19 0.0 112.23 0.0
S138600 66.5199 119.7269 1.667e-22 4.2119999999999995e-22 2.065e-21 0.0 111.96 0.0
S138601 66.5271 119.7074 3.111e-22 6.959999999999999e-22 2.657e-21 0.0 112.33 0.0
S138602 66.5216 119.6963 5.037e-20 7.651e-20 1.29e-19 0.0 112.2 0.0
S138603 66.5198 119.6641 3.69e-21 7.319e-21 2.1820000000000003e-20 0.0 111.55 0.0
S138604 66.5152 119.6618 3.276e-19 4.455e-19 5.893e-19 0.0 111.37 0.0
S138605 66.5331 119.6451 2.4280000000000002e-20 4.1290000000000006e-20 8.732000000000001e-20 0.0 109.95 0.0
S138606 66.5398 119.7102 5.437e-25 2.275e-24 3.3359999999999997e-23 0.0 111.9 1.0
S138607 66.52 119.6596 7.267999999999999e-22 1.777e-21 8.01e-21 0.0 110.99 0.0
S138608 66.5413 119.5665 3.263e-19 4.331e-19 5.524e-19 0.0 108.63 0.0
S138609 66.5217 119.68 6.353e-17 1.329e-16 4.462e-16 0.0 111.96 0.0
S138610 66.5293 119.6495 2.0650000000000002e-20 3.5570000000000005e-20 7.642000000000001e-20 0.0 110.34 0.0
S138611 66.5195 119.6578 2.6729999999999997e-23 7.633999999999999e-23 4.707e-22 0.0 111.16 0.0
S138612 66.5251 119.651 4.391e-22 1.062e-21 4.9040000000000004e-21 0.0 110.45 0.0
S138613 66.5295 119.6252 9.009e-21 1.59e-20 3.58e-20 0.0 108.87 0.0
S138614 66.5155 119.6716 3.591e-18 3.713e-18 2.84e-18 0.0 111.4 0.0
S138615 66.541 119.588 7.509000000000001e-20 1.172e-19 2.114e-19 0.0 109.16 0.0
S138616 66.5429 119.6899 1.4349999999999998e-22 3.9299999999999995e-22 2.292e-21 0.0 111.44 0.0
S138617 66.4932 119.5522 2.546e-17 5.61e-17 2.056e-16 0.0 108.41 0.0
S138618 66.5104 119.7089 2.887e-19 3.554e-19 4.009e-19 0.0 112.26 0.0
S138619 66.5326 119.6128 2.027e-12 1.605e-12 7.42e-13 0.0 108.58 1.0
S138620 66.5878 119.5679 1.552e-21 3.558e-21 1.45e-20 0.0 109.51 0.0
S138621 66.5127 119.6531 4.383e-17 9.808e-17 3.924e-16 0.0 110.33 1.0
S138622 66.5198 119.6467 1.229e-19 1.8e-19 2.978e-19 0.0 108.57 0.0
S138623 66.5265 119.6536 6.984999999999999e-22 1.404e-21 4.504e-21 0.0 111.3 0.0
S138624 66.4607 119.5407 1.934e-19 2.706e-19 3.949e-19 0.0 109.14 0.0
S138625 66.5223 119.6833 1.566e-20 2.8200000000000003e-20 6.816e-20 0.0 112.07 0.0
S138626 66.5377 119.6289 1.904e-21 4.089e-21 1.4270000000000002e-20 0.0 109.16 0.0
S138627 66.5286 119.6533 2.569e-17 4.289e-17 8.988e-17 0.001 110.54 0.0
S138628 66.5319 119.8487 8.075e-23 1.9679999999999997e-22 8.680999999999998e-22 0.0 112.46 0.0
S138629 66.513 119.6287 2.427e-19 3.076e-19 3.536e-19 0.0 108.72 0.0
S138630 66.5336 119.7403 3.2609999999999995e-22 7.872999999999999e-22 3.601e-21 0.001 112.3 0.0
S138631 66.4723 119.5322 4.818e-18 5.074e-18 4.086e-18 0.0 108.84 0.0
S138632 66.5222 119.5823 2.963e-18 3.25e-18 2.799e-18 0.0 108.09 0.0
S138633 66.5214 119.6791 2.479e-16 1.873e-16 8.095e-17 0.0 111.95 1.0
S138634 66.5715 119.7829 2.232e-19 3.027e-19 3.947e-19 0.0 111.69 0.0
S138635 66.5238 119.6424 1.028e-21 2.255e-21 8.395e-21 0.0 109.48 0.0
S138636 66.5216 119.6249 1.243e-18 1.486e-18 1.558e-18 0.0 108.49 0.0
S138637 66.5266 119.6557 6.651999999999999e-23 1.893e-22 1.198e-21 0.0 111.46 0.0
S138638 66.5094 119.6706 4.763e-17 3.843e-17 1.869e-17 0.0 111.04 0.0
S138639 66.5124 119.6274 2.239e-17 2.075e-17 1.272e-17 0.0 109.04 0.0
S138640 66.5234 119.6344 1.125e-22 3.081e-22 1.739e-21 0.0 108.78 0.0
S138641 66.4796 119.6265 2.053e-22 4.903999999999999e-22 2.159e-21 0.0 109.81 0.0
S138642 66.5282 119.6898 4.047e-25 1.981e-24 3.854e-23 0.0 112.28 0.0
S138643 66.4977 119.6535 2.441e-22 5.832e-22 2.524e-21 0.0 110.27 0.0
S138644 66.5259 119.6488 1.183e-24 4.689e-24 5.659e-23 0.0 110.11 0.0
S138645 66.484 119.6881 1.668e-21 3.56e-21 1.1860000000000001e-20 0.0 110.77 0.0
S138646 66.5182 119.6477 4.517e-22 9.296e-22 2.89e-21 0.0 109.52 0.0
S138647 66.5235 119.6595 2.272e-19 3.03e-19 4.069e-19 0.0 111.52 0.0
S138648 66.5708 119.6561 1.153e-12 8.043e-13 2.878e-13 0.0 110.31 0.0
S138649 66.5278 119.6674 2.002e-19 2.666e-19 3.297e-19 0.0 111.55 0.0
S138650 66.5124 119.6417 2.804e-23 8.48e-23 6.325e-22 0.0 108.88 0.0
S138651 66.5199 119.6429 3.387e-18 3.474e-18 2.704e-18 0.0 109.16 0.0
S138652 66.521 119.6316 1.152e-19 1.7e-19 2.633e-19 0.0 108.61 0.0
S138653 66.5428 119.5093 3.5379999999999996e-22 7.348e-22 2.443e-21 0.001 108.41 0.0
S138654 66.5316 119.5606 6.193000000000001e-26 3.338e-25 7.874e-24 0.0 108.25 0.0
S138655 66.5115 119.6479 3.528e-20 5.430000000000001e-20 9.393e-20 0.0 109.14 0.0
S138656 66.5326 119.6848 5.431e-20 8.286000000000001e-20 1.42e-19 0.001 112.12 0.0
S138657 66.5534 119.6905 1.0120000000000001e-21 2.275e-21 8.818e-21 0.0 110.92 0.0
S138658 66.5158 119.5931 2.056e-21 4.034e-21 1.1890000000000002e-20 0.0 108.24 0.0
S138659 66.5178 119.6498 2.075e-17 1.99e-17 1.285e-17 0.001 111.72 0.0
S138660 66.5349 119.6082 3.608e-23 1.0089999999999999e-22 6.111999999999999e-22 0.0 108.6 0.0
S138661 66.5243 119.659 5.732e-19 7.032e-19 7.543e-19 0.0 111.06 0.0
S138662 66.5178 119.6342 2.562e-21 5.21e-21 1.6610000000000003e-20 0.0 108.82 0.0
S138663 66.5262 119.6704 9.856e-20 1.424e-19 2.2e-19 0.0 111.73 0.0
S138664 66.496 119.635 5.083999999999999e-22 1.273e-21 6.004e-21 0.0 109.77 0.0
S138665 66.5021 119.7344 5.907e-22 1.34e-21 5.469e-21 0.0 111.64 0.0
S138666 66.5279 119.7155 2.907e-24 1.03e-23 1.0139999999999999e-22 0.0 112.21 0.0
S138667 66.5014 119.597 2.517e-19 3.46e-19 4.93e-19 0.0 108.5 0.0
S138668 66.5561 119.6239 5.852e-22 1.459e-21 6.826e-21 0.0 109.79 0.0
S138669 66.53 119.6131 2.908e-18 3.198e-18 2.762e-18 0.0 108.2 0.0
S138670 66.5086 119.5964 1.2939999999999998e-22 3.089e-22 1.352e-21 0.0 108.29 0.0
S138671 66.5314 119.6448 4.638e-20 6.615e-20 1.03e-19 0.0 109.85 0.0
S138672 66.5177 119.6235 1.139e-17 2.315e-17 7.253e-17 0.0 108.46 0.0
S138673 66.554 119.6654 1.035e-19 1.625e-19 2.983e-19 0.0 110.63 0.0
S138674 66.5177 119.6422 2.2140000000000002e-20 3.7500000000000005e-20 7.683e-20 0.0 109.05 0.0
S138675 66.5192 119.6093 3.493e-21 6.703e-21 1.839e-20 0.0 108.22 0.0
S138676 66.5147 119.7146 1.0859999999999998e-22 2.8039999999999997e-22 1.404e-21 0.0 111.81 0.0
S138677 66.5234 119.6269 7.441e-24 2.25e-23 1.6789999999999998e-22 0.0 108.61 0.0
S138678 66.5114 119.6392 7.885e-22 1.76e-21 6.7340000000000004e-21 0.0 109.02 0.0
S138679 66.5254 119.6754 5.192e-17 4.265e-17 2.093e-17 0.0 111.76 0.0
S138680 66.522 119.6328 1.556e-12 1.339e-12 7.143e-13 0.0 108.88 1.0
S138681 66.5411 119.6194 6.964000000000001e-20 1.004e-19 1.565e-19 0.0 109.44 0.0
S138682 66.5283 119.6191 4.2279999999999996e-22 9.915e-22 4.154e-21 0.0 109.16 0.0
S138683 66.5184 119.6048 4.09e-17 3.717e-17 2.192e-17 0.0 108.18 0.0
S138684 66.5391 119.6159 3.132e-22 7.612999999999999e-22 3.446e-21 0.0 109.53 0.0
S138685 66.5222 119.7431 4.079e-21 2.834e-21 9.748e-22 0.0 112.15 0.0
S138686 66.5398 119.668 5.5939999999999995e-22 1.39e-21 6.776e-21 0.0 111.07 0.0
S138687 66.5375 119.653 1.148e-23 3.5889999999999996e-23 2.756e-22 0.0 110.47 0.0
S138688 66.503 119.7199 1.248e-19 1.728e-19 2.349e-19 0.0 111.54 0.0
S138689 66.5304 119.6549 2.141e-12 1.747e-12 8.113e-13 0.0 110.85 1.0
S138690 66.5205 119.65 1.839e-19 2.564e-19 3.731e-19 0.0 110.44 0.0
S138691 66.5272 119.6948 1.166e-12 8.267e-13 3.027e-13 0.0 112.26 0.0
S138692 66.528 119.6331 4.199e-21 8.036e-21 2.257e-20 0.0 109.16 0.0
S138693 66.5276 119.674 1.047e-24 4.263e-24 6.055e-23 0.0 111.93 0.0
S138694 66.5322 119.68 3.24e-21 6.614e-21 2.1060000000000003e-20 0.0 111.87 0.0
S138695 66.5208 119.6515 2.475e-18 2.713e-18 2.395e-18 0.0 111.91 0.0
S138696 66.5113 119.6623 3.965e-23 1.0459999999999999e-22 5.647999999999999e-22 0.0 110.76 0.0
S138697 66.5389 119.6078 1.035e-17 9.553e-18 5.777e-18 0.0 108.81 0.0
S138698 66.5272 119.6617 7.515e-19 9.441e-19 1.048e-18 0.0 111.42 0.0
S138699 66.5301 119.5861 6.983e-21 1.3040000000000001e-20 3.5310000000000003e-20 0.0 108.33 0.0
S138700 66.5248 119.6479 1.2449999999999999e-23 3.857e-23 3.036e-22 0.0 109.55 0.0
S138701 66.5195 119.6484 1.368e-12 9.988e-13 3.883e-13 0.0 108.56 0.0
S138702 66.5334 119.5059 2.031e-24 7.467e-24 7.811e-23 0.0 108.12 0.0
S138703 66.5347 119.6008 9.176e-18 9.224e-18 6.548e-18 0.0 108.63 0.0
S138704 66.5405 119.6462 6.666e-21 1.3040000000000001e-20 3.794e-20 0.0 110.08 0.0
S138705 66.489 119.65 3.4180000000000006e-20 5.618e-20 1.11e-19 0.0 110.16 0.0
S138706 66.5165 119.6625 1.6540000000000001e-21 3.372e-21 1.061e-20 0.0 111.61 0.0
S138707 66.5308 119.6236 4.143e-19 5.405e-19 6.782e-19 0.0 108.55 0.0
S138708 66.4674 119.5762 4.604e-18 4.862e-18 3.932e-18 0.0 109.17 0.0
S138709 66.5201 119.6292 3.255e-17 5.437e-17 1.129e-16 0.0 108.82 0.0
S138710 66.5124 119.6733 2.197e-23 6.931e-23 5.421e-22 0.0 111.09 0.0
S138711 66.5192 119.6317 5.205e-21 9.914e-21 2.802e-20 0.0 108.74 0.0
S138712 66.526 119.6582 6.844e-24 2.1649999999999998e-23 1.7609999999999998e-22 0.0 111.41 0.0
S138713 66.4993 119.5132 1.091e-22 3.4199999999999997e-22 2.533e-21 0.0 108.02 0.0
S138714 66.4893 119.7513 1.408e-18 1.583e-18 1.474e-18 0.0 111.69 0.0
S138715 66.5162 119.6199 5.053e-17 7.628e-17 1.299e-16 0.0 109.05 0.0
S138716 66.521 119.6732 3.371e-18 3.617e-18 2.938e-18 0.0 111.76 0.0
S138717 66.5794 119.6761 2.953e-19 3.931e-19 5.204e-19 0.0 110.53 0.0
S138718 66.5193 119.6508 5.874999999999999e-22 1.375e-21 5.899e-21 0.001 110.94 0.0
S138719 66.5092 119.6715 4.195e-22 9.757999999999999e-22 4.173e-21 0.001 111.06 0.0
S138720 66.5478 119.7138 1.19e-21 2.557e-21 9.217e-21 0.0 111.81 0.0
S138721 66.5255 119.6953 8.34e-21 1.6030000000000002e-20 4.369e-20 0.0 112.29 0.0
S138722 66.5249 119.6509 5.1409999999999996e-24 1.652e-23 1.351e-22 0.001 111.74 0.0
S138723 66.5169 119.6451 1.284e-17 2.312e-17 5.633e-17 0.0 108.94 0.0
S138724 66.5133 119.6191 8.227e-22 1.741e-21 5.953e-21 0.0 108.51 0.0
S138725 66.5306 119.6187 1.535e-20 2.6940000000000002e-20 6.215e-20 0.0 108.54 0.0
S138726 66.5278 119.6026 7.114e-19 9.051e-19 1.066e-18 0.0 108.77 0.0
S138727 66.5243 119.6218 7.203e-23 2.1189999999999996e-22 1.429e-21 0.0 108.49 0.0
S138728 66.5277 119.6465 1.7619999999999998e-22 4.743999999999999e-22 2.606e-21 0.0 109.65 0.0
S138729 66.5049 119.6141 2.2709999999999999e-23 6.365e-23 3.92e-22 0.0 108.82 0.0
S138730 66.522 119.6068 7.154e-18 6.937e-18 4.649e-18 0.0 108.35 0.0
S138731 66.5175 119.6474 1.939e-16 1.54e-16 7.073e-17 0.0 108.82 0.0
S138732 66.5181 119.65 1.166e-20 2.0970000000000002e-20 5.1720000000000005e-20 0.0 110.84 0.0
S138733 66.5374 119.6597 6.9609999999999995e-22 1.588e-21 6.503e-21 0.0 110.77 0.0
S138734 66.5112 119.6376 1.5650000000000001e-21 3.006e-21 8.446e-21 0.0 108.91 0.0
S138735 66.5268 119.6706 1.3150000000000001e-21 2.809e-21 9.775e-21 0.0 111.53 0.0
S138736 66.5274 119.6546 1.642e-12 1.249e-12 5.168e-13 0.0 110.96 1.0
S138737 66.5177 119.6263 2.337e-22 6.046e-22 3.182e-21 0.0 108.55 0.0
S138738 66.5289 119.7385 2.599e-18 2.941e-18 2.805e-18 0.0 112.31 0.0
S138739 66.5061 119.7091 1.298e-18 1.461e-18 1.323e-18 0.0 111.67 1.0
S138740 66.5273 119.7425 6.795e-24 2.198e-23 1.8759999999999998e-22 0.0 112.29 0.0
S138741 66.5367 119.5614 7.692e-19 8.927e-19 8.891e-19 0.0 108.49 0.0
S138742 66.5129 119.6246 1.805e-20 3.07e-20 6.778e-20 0.0 108.5 0.0
S138743 66.522 119.6495 9.624e-21 1.7380000000000002e-20 4.3290000000000006e-20 0.0 112.66 0.0
S138744 66.5056 119.6692 1.177e-19 1.72e-19 2.802e-19 0.0 110.94 0.0
S138745 66.5077 119.6682 2.381e-19 3.22e-19 4.252e-19 0.0 110.79 0.0
S138746 66.5414 119.5848 1.109e-21 2.4460000000000002e-21 9.336e-21 0.0 108.93 0.0
S138747 66.5259 119.6491 1.337e-22 3.4649999999999997e-22 1.814e-21 0.0 110.22 0.0
S138748 66.4944 119.5379 5.059e-23 1.4229999999999998e-22 9.028e-22 0.0 108.2 0.0
S138749 66.5343 119.5376 6.333999999999999e-22 1.3210000000000001e-21 4.384e-21 0.0 108.4 0.0
S138750 66.5162 119.6186 1.0790000000000001e-20 1.9480000000000002e-20 4.7770000000000007e-20 0.0 108.37 0.0
S138751 66.5203 119.6411 4.508e-19 5.784e-19 6.803e-19 0.0 109.27 0.0
S138752 66.5314 119.7126 4.36e-24 1.506e-23 1.422e-22 0.0 112.28 0.0
S138753 66.5175 119.665 2.292e-17 2.156e-17 1.426e-17 0.0 110.88 0.0
S138754 66.5317 119.7109 1.332e-19 1.872e-19 2.836e-19 0.0 112.13 0.0
S138755 66.5418 119.5948 4.5e-17 3.844e-17 1.985e-17 0.0 109.0 0.0
S138756 66.5048 119.6375 8.122e-18 8.175e-18 6.046e-18 0.0 109.34 0.0
S138757 66.5318 119.6874 4.082e-21 7.68e-21 1.956e-20 0.0 112.14 0.0
S138758 66.5231 119.6372 1.349e-21 2.8e-21 9.122e-21 0.0 109.08 0.0
S138759 66.5247 119.7107 2.2e-19 2.936e-19 3.78e-19 0.0 112.32 0.0
S138760 66.5423 119.5922 1.012e-19 1.496e-19 2.372e-19 0.0 109.08 0.0
S138761 66.4862 119.4733 1.298e-18 1.4e-18 1.226e-18 0.0 107.93 0.0
S138762 66.5233 119.6779 3.7440000000000004e-20 6.129000000000001e-20 1.248e-19 0.0 111.91 0.0
S138763 66.5202 119.6932 7.742999999999999e-22 1.612e-21 5.3560000000000004e-21 0.0 112.1 0.0
S138764 66.5161 119.6265 6.413e-22 1.368e-21 4.794e-21 0.0 108.56 0.0
S138765 66.5269 119.647 1.764e-19 2.489e-19 3.768e-19 0.0 108.88 0.0
S138766 66.5276 119.6489 8.401e-21 1.419e-20 3.168e-20 0.0 110.15 0.0
S138767 66.5392 119.6633 4.659e-22 1.079e-21 4.289e-21 0.0 110.99 0.0
S138768 66.515 119.6455 9.001e-18 8.859e-18 5.931e-18 0.0 109.94 0.0
S138769 66.5266 119.6503 4.3719999999999995e-23 1.21e-22 7.461999999999999e-22 0.0 110.23 0.0
S138770 66.5055 119.6655 3.474e-17 5.734e-17 1.196e-16 0.0 110.95 0.0
S138771 66.5216 119.6753 2.8349999999999996e-23 8.574e-23 6.265e-22 0.0 111.93 0.0
S138772 66.5669 119.653 1.215e-17 1.204e-17 8.802e-18 0.0 111.65 0.0
S138773 66.4908 119.66 3.427e-19 4.788e-19 7.034e-19 0.0 111.1 0.0
S138774 66.532 119.6082 5.056e-16 3.824e-16 1.619e-16 0.0 108.66 1.0
S138775 66.5103 119.6772 9.227e-19 1.067e-18 1.002e-18 0.0 111.97 0.0
S138776 66.5025 119.6847 5.98e-17 4.935e-17 2.463e-17 0.0 112.04 0.0
S138777 66.5481 119.6496 6.807e-19 8.421e-19 9.062e-19 0.0 110.49 0.0
S138778 66.4882 119.6436 1.824e-21 3.863e-21 1.362e-20 0.0 109.64 0.0
S138779 66.5161 119.6909 1.485e-17 2.431e-17 4.945e-17 0.0 112.08 0.0
S138780 66.5236 119.6205 2.777e-16 2.093e-16 8.544e-17 0.0 108.76 1.0
S138781 66.5295 119.6489 8.400999999999999e-22 2.017e-21 8.94e-21 0.0 110.24 0.0
S138782 66.4888 119.6547 6.087000000000001e-20 9.193000000000001e-20 1.551e-19 0.0 110.36 0.0
S138783 66.5135 119.6635 5.384e-21 1.011e-20 2.76e-20 0.0 111.32 0.0
S138784 66.5586 119.6534 6.786e-18 6.811e-18 5.111e-18 0.0 111.0 0.0
S138785 66.5292 119.6037 3.248e-18 3.327e-18 2.538e-18 0.0 108.28 0.0
S138786 66.5476 119.6323 2.1000000000000002e-20 3.705e-20 8.595000000000001e-20 0.0 108.35 0.0
S138787 66.4809 119.6427 8.552e-14 1.36e-13 2.557e-13 0.0 109.54 0.0
S138788 66.4898 119.6508 3.854e-21 2.641e-21 8.907e-22 0.0 110.15 0.0
S138789 66.5109 119.687 7.3919999999999995e-22 1.621e-21 6.074e-21 0.0 111.9 0.0
S138790 66.5316 119.6552 8.983e-19 1.074e-18 1.133e-18 0.0 110.63 0.0
S138791 66.5476 119.6556 5.935e-17 5.099e-17 2.636e-17 0.0 110.74 0.0
S138792 66.5315 119.6626 3.744e-17 7.444e-17 2.292e-16 0.0 111.66 0.0
S138793 66.5118 119.6906 4.527e-17 1.071e-16 4.58e-16 0.0 112.25 1.0
S138794 66.5324 119.618 6.184e-21 1.092e-20 2.5830000000000002e-20 0.0 108.39 0.0
S138795 66.5666 119.6658 3.333e-17 5.362e-17 1.053e-16 0.0 111.74 0.0
S138796 66.5003 119.6602 1.436e-17 2.43e-17 5.099e-17 0.0 110.73 0.0
S138797 66.5239 119.668 1.9059999999999998e-22 5.098999999999999e-22 2.748e-21 0.0 111.34 0.0
S138798 66.5235 119.6516 9.97e-23 2.582e-22 1.356e-21 0.0 110.65 0.0
S138799 66.5216 119.6572 2.104e-17 4.311e-17 1.334e-16 0.0 110.97 0.0
S138800 66.5245 119.64 5.959999999999999e-22 1.404e-21 6.05e-21 0.0 109.17 0.0
S138801 66.4851 119.6441 8.023e-18 7.983e-18 5.912e-18 0.0 109.72 0.0
S138802 66.49 119.6465 8.923e-17 1.44e-16 2.739e-16 0.0 109.76 0.0
S138803 66.5256 119.6357 3.211e-21 6.0810000000000004e-21 1.6710000000000003e-20 0.0 109.25 0.0
S138804 66.5429 119.6415 3.826e-18 4.134e-18 3.499e-18 0.0 109.59 0.0
S138805 66.5918 119.6488 8.104e-17 6.713e-17 3.376e-17 0.0 110.43 0.0
S138806 66.5307 119.6599 2.472e-19 3.224e-19 4.101e-19 0.0 111.04 0.0
S138807 66.5248 119.6444 2.672e-22 5.524e-22 1.825e-21 0.0 109.84 0.0
S138808 66.5206 119.6389 5.856999999999999e-22 1.2080000000000001e-21 3.9290000000000004e-21 0.0 109.1 0.0
S138809 66.5132 119.6326 2.359e-17 5.05e-17 1.856e-16 0.0 109.27 0.0
S138810 66.4915 119.6467 2.12e-19 2.842e-19 3.841e-19 0.0 109.52 0.0
S138811 66.4977 119.6436 4.145e-17 7.782e-17 2.025e-16 0.0 108.55 0.0
S138812 66.4942 119.6547 1.389e-17 1.303e-17 8.413e-18 0.001 110.59 0.0
S138813 66.5475 119.6837 1.7199999999999998e-23 5.891999999999999e-23 5.467999999999999e-22 0.0 112.12 0.0
S138814 66.4897 119.6463 1.383e-12 1.107e-12 5.178e-13 0.0 109.89 1.0
S138815 66.489 119.6744 1.571e-21 3.11e-21 9.103e-21 0.0 112.18 0.0
S138816 66.5396 119.657 2.436e-22 6.082999999999999e-22 3.028e-21 0.0 111.21 0.0
S138817 66.5153 119.637 3.0060000000000004e-20 5.0600000000000007e-20 1.079e-19 0.0 109.52 0.0
S138818 66.5262 119.6479 3.419e-23 1.1109999999999998e-22 9.425999999999998e-22 0.0 109.94 0.0
S138819 66.532 119.6557 4.453e-21 2.974e-21 9.629999999999998e-22 0.0 110.58 0.0
S138820 66.5186 119.6538 7.345999999999999e-22 1.794e-21 8.266e-21 0.0 110.54 0.0
S138821 66.4801 119.6656 2.1329999999999996e-22 5.380999999999999e-22 2.759e-21 0.0 111.43 0.0
S138822 66.4914 119.6705 5.203e-18 5.069e-18 3.547e-18 0.0 111.35 0.0
S138823 66.5346 119.6284 2.951e-18 3.344e-18 3.104e-18 0.0 109.05 0.0
S138824 66.52 119.6433 2.529e-18 2.657e-18 2.072e-18 0.0 109.35 0.0
S138825 66.5276 119.6268 3.928e-24 1.317e-23 1.161e-22 0.0 108.89 0.0
S138826 66.482 119.6352 2.141e-17 1.976e-17 1.192e-17 0.0 108.15 0.0
S138827 66.527 119.6459 7.891e-19 9.569e-19 1.037e-18 0.0 108.86 0.0
S138828 66.5149 119.669 1.1270000000000002e-20 2.0170000000000002e-20 4.6560000000000004e-20 0.0 111.03 0.0
S138829 66.5481 119.6341 3.945e-17 3.427e-17 1.916e-17 0.0 108.43 0.0
S138830 66.519 119.6628 2.88e-17 2.54e-17 1.388e-17 0.0 111.51 0.0
S138831 66.5038 119.6739 1.421e-16 1.106e-16 4.812e-17 0.0 111.95 0.0
S138832 66.525 119.6314 1.6809999999999998e-23 5.2109999999999996e-23 3.9589999999999995e-22 0.0 109.16 0.0
S138833 66.5174 119.6654 1.1620000000000001e-20 1.9720000000000002e-20 4.079e-20 0.0 111.29 0.0
S138834 66.5126 119.621 8.626e-18 1.273e-17 2.073e-17 0.0 108.54 0.0
S138835 66.5136 119.6783 6.769e-19 8.905e-19 1.082e-18 0.0 111.76 0.0
S138836 66.52 119.6618 9.966e-21 1.8790000000000002e-20 5.0260000000000006e-20 0.0 111.57 0.0
S138837 66.5213 119.6446 2.204e-18 2.51e-18 2.318e-18 0.0 109.78 0.0
S138838 66.5001 119.6951 4.692e-17 7.221e-17 1.288e-16 0.0 112.29 0.0
S138839 66.518 119.6718 1.336e-22 3.014e-22 1.187e-21 0.0 111.44 0.0
S138840 66.5069 119.6709 4.741e-17 8.24e-17 1.85e-16 0.0 111.05 0.0
S138841 66.5201 119.6843 4.5160000000000005e-20 6.932000000000001e-20 1.24e-19 0.0 112.06 0.0
S138842 66.5082 119.6228 1.97e-18 2.171e-18 1.868e-18 0.0 108.4 0.0
S138843 66.4932 119.6668 1.021e-16 8.127e-17 3.599e-17 0.0 111.48 0.0
S138844 66.5122 119.6435 2.2369999999999996e-22 5.421e-22 2.51e-21 0.0 109.81 1.0
S138845 66.4784 119.6404 1.412e-12 1.011e-12 3.784e-13 0.0 109.53 0.0
S138846 66.5002 119.6357 1.522e-18 1.85e-18 1.94e-18 0.0 108.58 0.0
S138847 66.5223 119.6306 1.313e-19 1.833e-19 2.608e-19 0.0 108.71 0.0
S138848 66.52 119.6227 5.354e-24 1.8889999999999998e-23 1.908e-22 0.0 108.78 0.0
S138849 66.5411 119.6676 2.012e-17 1.937e-17 1.285e-17 0.001 111.9 0.0
S138850 66.524 119.6518 1.753e-21 3.619e-21 1.1840000000000002e-20 0.0 111.14 0.0
S138851 66.4884 119.6787 2.763e-17 2.553e-17 1.595e-17 0.0 112.11 0.0
S138852 66.5634 119.677 6.516e-17 5.672e-17 3.086e-17 0.0 112.12 0.0
S138853 66.5462 119.6307 1.368e-17 2.322e-17 5.052e-17 0.0 108.75 0.0
S138854 66.4961 119.6619 2.681e-18 2.816e-18 2.23e-18 0.0 111.91 0.0
S138855 66.5236 119.6326 2.587e-21 5.383e-21 1.736e-20 0.0 109.34 0.0
S138856 66.5409 119.6575 6.702e-21 1.3360000000000001e-20 4.0750000000000005e-20 0.0 110.68 0.0
S138857 66.5139 119.623 5.523e-17 1.131e-16 3.649e-16 0.0 108.76 0.0
S138858 66.543 119.6515 1.877e-19 2.651e-19 3.91e-19 0.0 110.68 0.0
S138859 66.5243 119.6586 3.163e-21 2.229e-21 7.816999999999999e-22 0.0 111.0 0.0
S138860 66.5294 119.6383 3.181e-21 2.246e-21 8.093999999999999e-22 0.0 108.9 0.0
S138861 66.5228 119.6647 4.356e-21 8.596000000000001e-21 2.5370000000000003e-20 0.0 110.98 0.0
S138862 66.4688 119.6521 8.286e-18 7.904e-18 5.236e-18 0.001 110.13 0.0
S138863 66.5544 119.678 1.3150000000000002e-20 2.315e-20 5.459e-20 0.0 111.96 0.0
S138864 66.5144 119.664 4.21e-24 1.5119999999999998e-23 1.6e-22 0.0 111.7 0.0
S138865 66.5329 119.6583 3.61e-17 6.998e-17 2.022e-16 0.0 111.02 0.0
S138866 66.5479 119.6819 7.312e-17 1.483e-16 4.606e-16 0.0 112.21 0.0
S138867 66.4967 119.6501 3.183e-16 2.445e-16 1.022e-16 0.0 110.02 1.0
S138868 66.5477 119.6858 2.7799999999999996e-22 7.219999999999999e-22 3.745e-21 0.0 111.9 0.0
S138869 66.4974 119.6525 2.318e-21 1.724e-21 6.921e-22 0.0 110.65 0.0
S138870 66.5039 119.6395 7.835e-18 7.478e-18 5.022e-18 0.0 108.9 0.0
S138871 66.5173 119.6588 1.008e-21 2.158e-21 7.47e-21 0.0 110.77 0.0
S138872 66.5157 119.6668 5.306e-21 3.4650000000000004e-21 1.083e-21 0.0 110.95 0.0
S138873 66.5109 119.616 1.4009999999999998e-22 3.7169999999999997e-22 2.114e-21 0.0 108.64 0.0
S138874 66.5486 119.6684 4.196e-19 5.439e-19 6.824e-19 0.0 111.98 0.0
S138875 66.5251 119.6699 4.389e-21 3.024e-21 1.023e-21 0.0 111.32 0.0
S138876 66.5529 119.6148 1.6139999999999999e-22 4.400999999999999e-22 2.52e-21 0.0 108.15 0.0
S138877 66.5156 119.6041 8.065e-16 5.89e-16 2.297e-16 0.0 108.28 0.0
S138878 66.4863 119.6654 1.692e-17 2.746e-17 5.285e-17 0.0 112.04 0.0
S138879 66.5243 119.6444 1.683e-18 1.914e-18 1.81e-18 0.0 109.69 0.0
S138880 66.5503 119.6684 5.21e-15 3.766e-15 1.4e-15 0.0 111.91 0.0
S138881 66.492 119.6624 1.117e-19 1.627e-19 2.57e-19 0.0 111.33 0.0
S138882 66.5147 119.6626 3.695e-23 1.0259999999999999e-22 6.231999999999999e-22 0.0 110.89 0.0
S138883 66.5 119.678 1.119e-16 9.199e-17 4.305e-17 0.0 111.8 0.0
S138884 66.5491 119.6519 5.959e-23 1.5609999999999998e-22 8.464e-22 0.0 110.57 0.0
S138885 66.511 119.6829 2.64e-17 2.428e-17 1.458e-17 0.0 111.45 0.0
S138886 66.5518 119.6244 1.126e-16 9.31e-17 4.726e-17 0.0 108.88 0.0
S138887 66.5268 119.6944 1.431e-24 5.629e-24 7.090999999999999e-23 0.0 111.67 0.0
S138888 66.5123 119.6259 1.264e-17 1.22e-17 8.002e-18 0.0 108.47 0.0
S138889 66.4948 119.6628 3.46e-17 5.577e-17 1.103e-16 0.0 111.03 0.0
S138890 66.5264 119.642 1.268e-18 1.482e-18 1.541e-18 0.0 109.87 0.0
S138891 66.5363 119.6171 3.061e-21 6.208e-21 1.8760000000000002e-20 0.0 108.56 0.0
S138892 66.5329 119.7003 5.82e-17 1.414e-16 6.497e-16 0.0 112.28 1.0
S138893 66.5159 119.6704 1.273e-23 3.867e-23 2.79e-22 0.0 111.81 0.0
S138894 66.4967 119.6427 4.017e-19 4.856e-19 5.203e-19 0.0 108.63 0.0
S138895 66.484 119.6665 5.0579999999999996e-23 1.2419999999999998e-22 5.701e-22 0.0 111.15 0.0
S138896 66.4995 119.6595 3.039e-17 5.846e-17 1.65e-16 0.0 110.66 0.0
S138897 66.5306 119.6582 7.581e-13 5.236e-13 1.819e-13 0.0 110.71 0.0
S138898 66.5267 119.6849 4.5530000000000003e-20 7.374000000000001e-20 1.408e-19 0.0 111.97 0.0
S138899 66.508 119.6521 9.166e-23 2.671e-22 1.852e-21 0.0 110.9 0.0
S138900 66.5547 119.6123 1.354e-27 1.211e-26 8.205000000000001e-25 0.0 108.87 0.0
S138901 66.5141 119.6946 1.9179999999999998e-22 4.864999999999999e-22 2.437e-21 0.0 112.29 0.0
S138902 66.5394 119.652 3.949e-17 3.394e-17 1.869e-17 0.0 110.65 0.0
S138903 66.4985 119.6417 7.799e-19 1.027e-18 1.264e-18 0.0 108.69 0.0
S138904 66.5224 119.6409 1.1669999999999999e-23 3.692e-23 2.83e-22 0.0 109.71 0.0
S138905 66.5089 119.6801 4.09e-17 8.407e-17 2.704e-16 0.0 112.0 0.0
S138906 66.5386 119.6699 9.372e-23 2.7669999999999997e-22 1.8990000000000002e-21 0.0 111.31 0.0
S138907 66.5097 119.6843 1.396e-22 3.4769999999999995e-22 1.719e-21 0.0 112.08 0.0
S138908 66.4928 119.6561 1.502e-18 1.704e-18 1.588e-18 0.0 110.55 0.0
S138909 66.4962 119.5991 1.709e-17 2.645e-17 4.631e-17 0.0 108.38 0.0
S138910 66.5425 119.6477 3.676e-23 9.797e-23 5.309999999999999e-22 0.0 110.19 0.0
S138911 66.5385 119.6723 1.035e-21 2.285e-21 8.337e-21 0.0 112.01 0.0
S138912 66.503 119.6572 3.997e-18 4.031e-18 3.023e-18 0.0 111.75 0.0
S138913 66.5324 119.6938 1.354e-19 1.918e-19 2.886e-19 0.0 112.22 0.0
S138914 66.5065 119.6392 9.949e-22 2.072e-21 6.874e-21 0.0 108.89 0.0
S138915 66.5543 119.6568 1.994e-23 6.218e-23 4.807e-22 0.0 111.71 0.0
S138916 66.5394 119.6654 5.917e-17 5.019e-17 2.494e-17 0.0 111.52 0.0
S138917 66.5064 119.6769 3.122e-21 2.194e-21 7.873999999999999e-22 0.0 111.78 0.0
S138918 66.56 119.6497 1.531e-20 2.6140000000000002e-20 5.774000000000001e-20 0.0 110.53 0.0
S138919 66.5719 119.6446 8.741e-20 1.272e-19 2.036e-19 0.0 108.09 0.0
S138920 66.56 119.6578 7.864999999999999e-23 2.0799999999999998e-22 1.139e-21 0.0 111.49 0.0
S138921 66.5015 119.6385 1.28e-19 1.763e-19 2.443e-19 0.0 108.93 0.0
S138922 66.5214 119.6219 6.646e-16 4.913e-16 1.951e-16 0.0 108.55 0.0
S138923 66.5429 119.6593 2.151e-22 5.273e-22 2.498e-21 0.0 110.89 0.0
S138924 66.5514 119.664 1.0030000000000001e-21 2.072e-21 6.558e-21 0.0 111.42 0.0
S138925 66.5248 119.6222 1.096e-23 3.3029999999999996e-23 2.3809999999999998e-22 0.0 108.53 0.0
S138926 66.5281 119.6157 3.867e-17 6.368e-17 1.294e-16 0.0 108.46 0.0
S138927 66.507 119.6608 1.4370000000000002e-20 2.536e-20 5.977000000000001e-20 0.0 110.89 0.0
S138928 66.5324 119.6482 6.502e-17 5.636e-17 3.136e-17 0.0 110.17 0.0
S138929 66.5051 119.7167 6.406e-16 4.947e-16 2.114e-16 0.0 112.19 1.0
S138930 66.5462 119.6522 3.426e-19 4.232e-19 4.849e-19 0.0 110.7 0.0
S138931 66.539 119.6078 2.217e-17 1.969e-17 1.16e-17 0.0 108.25 0.0
S138932 66.5307 119.696 2.526e-16 1.985e-16 8.692e-17 0.0 112.22 0.0
S138933 66.4951 119.6552 1.907e-19 2.546e-19 3.396e-19 0.001 110.6 0.0
S138934 66.4736 119.626 3.008e-20 4.9630000000000007e-20 1.019e-19 0.0 108.49 0.0
S138935 66.5028 119.6351 2.55e-21 5.083e-21 1.559e-20 0.0 108.65 0.0
S138936 66.5645 119.6526 1.291e-19 1.987e-19 3.416e-19 0.0 111.54 0.0
S138937 66.4826 119.6568 4.017e-18 4.371e-18 3.81e-18 0.001 111.75 0.0
S138938 66.509 119.6998 2.1569999999999997e-22 4.718e-22 1.684e-21 0.0 111.96 0.0
S138939 66.5229 119.6404 6.394e-19 8.198e-19 9.844e-19 0.001 109.44 0.0
S138940 66.5141 119.6455 3.439e-18 3.622e-18 2.94e-18 0.0 109.77 0.0
S138941 66.523 119.6347 4.322e-17 7.387e-17 1.655e-16 0.0 109.39 0.0
S138942 66.5161 119.6481 5.544e-17 8.695e-17 1.565e-16 0.0 110.08 0.0
S138943 66.5286 119.6443 2.333e-16 1.777e-16 7.393e-17 0.0 109.83 0.0
S138944 66.5114 119.655 1.093e-19 1.613e-19 2.588e-19 0.0 110.51 0.0
S138945 66.5133 119.6552 2.603e-21 5.186e-21 1.552e-20 0.0 110.54 0.0
S138946 66.5217 119.6593 7.554e-23 1.9199999999999997e-22 1.007e-21 0.0 111.21 0.0
S138947 66.521 119.6498 1.432e-20 2.5210000000000002e-20 6.085000000000001e-20 0.0 110.26 0.0
S138948 66.5278 119.6372 1.1109999999999998e-22 2.8979999999999996e-22 1.501e-21 0.0 109.48 0.0
S138949 66.5306 119.6413 1.92e-19 2.645e-19 3.685e-19 0.0 109.65 0.0
S138950 66.5079 119.6556 1.75e-18 2.034e-18 2e-18 0.0 110.61 0.0
S138951 66.526 119.6543 3.682e-21 2.54e-21 8.645e-22 0.0 110.53 0.0
S138952 66.5261 119.6412 1.12e-21 2.652e-21 1.154e-20 0.0 109.5 0.0
S138953 66.5131 119.6586 1.026e-17 1.775e-17 3.87e-17 0.0 110.83 0.0
S138954 66.528 119.6495 4.877e-19 5.92e-19 6.561e-19 0.0 110.23 0.0
S138955 66.5195 119.6591 8.502e-18 1.316e-17 2.346e-17 0.0 110.98 0.0
S138956 66.5283 119.6497 8.396e-13 6.356e-13 2.684e-13 0.0 110.25 1.0
S138957 66.518 119.6496 8.385e-17 6.979e-17 3.487e-17 0.0 110.22 0.0
S138958 66.5103 119.6605 4.137e-16 3.322e-16 1.498e-16 0.0 110.84 1.0
S138959 66.5221 119.6604 3.188e-16 8.737e-16 5.123e-15 0.0 110.89 1.0
S138960 66.5199 119.6451 1.472e-21 3.18e-21 1.1410000000000001e-20 0.0 109.87 0.0
S138961 66.5289 119.6398 4.0589999999999997e-22 9.156999999999998e-22 3.6680000000000004e-21 0.0 109.53 0.0
S138962 66.5291 119.6447 9.458e-21 1.7650000000000002e-20 4.7930000000000005e-20 0.0 109.83 0.0
S138963 66.5257 119.6363 1.0669999999999998e-22 3.1069999999999996e-22 2.09e-21 0.0 109.39 0.0
S138964 66.5295 119.6494 2.722e-19 3.717e-19 4.995e-19 0.0 110.24 0.0
S138965 66.5131 119.6461 1.02e-18 1.189e-18 1.202e-18 0.0 110.0 0.0
S138966 66.5075 119.6525 3.73e-17 8.242e-17 3.035e-16 0.0 110.36 0.0
S138967 66.5157 119.6487 2.4000000000000002e-20 3.872e-20 7.782e-20 0.0 110.08 0.0
S138968 66.5282 119.6415 1.2290000000000001e-21 2.675e-21 9.871e-21 0.0 109.63 0.0
S138969 66.5113 119.6539 3.205e-17 6.513e-17 2.03e-16 0.0 110.36 0.0
S138970 66.5177 119.6596 3.836e-21 7.508e-21 2.305e-20 0.0 110.97 0.0
S138971 66.5138 119.66 1.833e-18 2.057e-18 1.84e-18 0.0 111.21 0.0
S138972 66.5138 119.6501 8.758e-19 1.035e-18 1.063e-18 0.0 110.18 0.0
S138973 66.5151 119.6492 1.826e-17 1.784e-17 1.241e-17 0.0 110.18 0.0
S138974 66.5128 119.6465 6.72e-18 6.932e-18 5.291e-18 0.0 109.92 0.0
S138975 66.5215 119.6463 2.37e-21 4.703e-21 1.359e-20 0.0 109.91 0.0
S138976 66.5282 119.6504 7.462e-19 9.325e-19 1.031e-18 0.0 110.35 0.0
S138977 66.528 119.6442 7.709e-20 1.121e-19 1.758e-19 0.0 109.73 0.0
S138978 66.5333 119.6458 1.849e-23 5.452e-23 3.6729999999999997e-22 0.0 109.97 0.0
S138979 66.5132 119.6614 2.072e-23 6.079999999999999e-23 4.1559999999999997e-22 0.0 110.77 0.0
S138980 66.515 119.6501 4.3740000000000005e-25 1.908e-24 3.009e-23 0.0 110.22 0.0
S138981 66.5074 119.6527 5.826e-19 7.352e-19 8.688e-19 0.0 110.35 0.0
S138982 66.5105 119.6626 2.913e-21 2.088e-21 7.675e-22 0.0 110.9 0.0
S138983 66.5271 119.6529 7.722e-21 1.519e-20 4.526e-20 0.0 110.5 0.0
S138984 66.5101 119.6569 1.4e-23 4.504e-23 3.5869999999999994e-22 0.0 110.55 0.0
S138985 66.5276 119.6404 4.009e-21 2.7670000000000002e-21 9.144e-22 0.0 109.4 0.0
S138986 66.532 119.6451 7.39e-17 1.3e-16 2.932e-16 0.0 109.98 0.0
S138987 66.5272 119.6441 1.588e-21 3.33e-21 1.099e-20 0.0 109.88 0.0
S138988 66.516 119.6528 2.1929999999999996e-22 5.76e-22 3.049e-21 0.0 110.42 0.0
S138989 66.5291 119.6465 3.161e-18 3.441e-18 3.071e-18 0.0 110.02 0.0
S138990 66.5113 119.6517 9.584e-13 6.666e-13 2.347e-13 0.0 110.33 0.0
S138991 66.5291 119.6395 5.319e-22 1.328e-21 6.4730000000000004e-21 0.0 109.68 0.0
S138992 66.5159 119.6468 2.5129999999999998e-23 7.817e-23 6.108999999999999e-22 0.0 110.01 0.0
S138993 66.5329 119.6448 1.541e-17 1.471e-17 9.931e-18 0.0 109.98 0.0
S138994 66.5209 119.6339 3.5e-17 6.162e-17 1.387e-16 0.0 109.18 0.0
S138995 66.512 119.656 3.236e-22 7.266999999999999e-22 2.765e-21 0.0 110.74 0.0
S138996 66.5159 119.6569 3.533e-17 3.123e-17 1.798e-17 0.0 110.69 0.0
S138997 66.5108 119.647 3.555e-17 6.232e-17 1.379e-16 0.0 109.91 0.0
S138998 66.5315 119.6372 1.076e-17 9.997e-18 6.358e-18 0.0 109.32 0.0
S138999 66.5341 119.6469 8.153e-17 6.978e-17 3.639e-17 0.0 110.13 0.0
S139000 66.5244 119.6375 3.816e-21 2.646e-21 9.035e-22 0.0 109.42 0.0
S139001 66.5283 119.6498 2.79e-26 1.699e-25 5.375e-24 0.0 110.23 0.0
S139002 66.5302 119.6524 4.066e-21 8.289e-21 2.564e-20 0.0 110.43 0.0
S139003 66.5334 119.6501 1.76e-20 3.0820000000000004e-20 7.006000000000001e-20 0.0 110.25 0.0
S139004 66.5323 119.6439 5.967e-19 7.717e-19 9.568e-19 0.0 109.92 0.0
S139005 66.5275 119.6412 4.074e-13 2.78e-13 9.106e-14 0.0 109.76 0.0
S139006 66.5137 119.6577 4.066e-21 7.777e-21 2.174e-20 0.0 110.65 0.0
S139007 66.5141 119.6634 2.372e-21 4.9630000000000004e-21 1.6440000000000002e-20 0.0 110.96 0.0
S139008 66.536 119.6414 5.382e-19 6.839e-19 8.077e-19 0.0 109.81 0.0
S139009 66.5086 119.6452 9.761999999999999e-22 2.135e-21 7.69e-21 0.0 109.86 0.0
S139010 66.5312 119.644 1.2150000000000002e-20 2.2130000000000003e-20 5.463000000000001e-20 0.0 109.91 0.0
S139011 66.5338 119.6468 5.095e-23 1.4429999999999999e-22 9.011999999999999e-22 0.0 110.05 0.0
S139012 66.5268 119.6525 6.290999999999999e-22 1.5560000000000001e-21 7.377e-21 0.0 110.4 0.0
S139013 66.5346 119.6358 5.402e-22 1.164e-21 4.103e-21 0.0 109.54 0.0
S139014 66.5204 119.6399 4.498e-23 1.198e-22 6.3959999999999995e-22 0.0 109.49 0.0
S139015 66.5203 119.6611 2.421e-17 3.338e-17 4.562e-17 0.0 110.9 0.0
S139016 66.5102 119.6532 7.096e-24 2.444e-23 2.367e-22 0.0 110.39 0.0
S139017 66.5349 119.6367 3.641e-18 3.842e-18 3.07e-18 0.0 109.62 0.0
S139018 66.5301 119.635 2.263e-19 2.932e-19 3.602e-19 0.0 109.41 0.0
S139019 66.5319 119.6499 1.661e-17 1.587e-17 1.083e-17 0.0 110.32 0.0
S139020 66.5287 119.6401 1.465e-17 1.396e-17 8.847e-18 0.0 109.77 0.0
S139021 66.5116 119.6613 5.0089999999999995e-23 1.348e-22 7.782e-22 0.0 110.85 0.0
S139022 66.5146 119.6575 1.155e-18 1.413e-18 1.503e-18 0.001 110.58 0.0
S139023 66.5357 119.6428 3.251e-21 6.726e-21 2.202e-20 0.0 109.91 0.0
S139024 66.509 119.6563 1.037e-21 2.211e-21 7.809e-21 0.001 110.53 0.0
S139025 66.5098 119.6564 1.363e-21 2.905e-21 9.844e-21 0.0 110.54 0.0
S139026 66.5122 119.6589 9.333999999999998e-22 1.892e-21 5.884e-21 0.0 110.67 0.0
S139027 66.5139 119.6561 4.9669999999999996e-23 1.3559999999999998e-22 7.857999999999999e-22 0.0 110.64 0.0
S139028 66.5356 119.6385 8.261e-17 1.506e-16 3.763e-16 0.0 109.7 0.0
S139029 66.5191 119.6541 3.672e-20 5.599e-20 1.013e-19 0.0 110.48 0.0
S139030 66.5197 119.6415 4.588e-19 5.797e-19 6.686e-19 0.0 109.72 0.0
S139031 66.5166 119.6569 4.025e-17 3.68e-17 2.217e-17 0.0 110.64 0.0
S139032 66.5097 119.6578 1.8699999999999999e-22 5.144999999999999e-22 3.063e-21 0.0 110.62 0.0
S139033 66.5321 119.64 3.819e-21 7.762e-21 2.4000000000000002e-20 0.0 109.69 0.0
S139034 66.5267 119.6426 6.304e-17 1.365e-16 4.921e-16 0.0 109.89 1.0
S139035 66.5289 119.6482 1.634e-17 1.582e-17 1.036e-17 0.0 110.2 0.0
S139036 66.5263 119.6365 1.511e-16 1.188e-16 5.406e-17 0.0 109.54 0.0
S139037 66.5333 119.6462 1.2140000000000001e-21 2.747e-21 1.0770000000000002e-20 0.0 110.11 0.0
S139038 66.5077 119.6453 1.331e-16 1.078e-16 5.184e-17 0.0 109.91 0.0
S139039 66.5315 119.6441 6.139e-23 1.7249999999999999e-22 1.1130000000000001e-21 0.0 109.95 0.0
S139040 66.5308 119.6398 1.107e-16 9.278e-17 4.609e-17 0.0 109.64 0.0
S139041 66.5347 119.6454 1.3260000000000001e-20 2.226e-20 4.7990000000000005e-20 0.0 110.02 0.0
S139042 66.5327 119.6371 2.251e-21 4.49e-21 1.4020000000000003e-20 0.0 109.64 0.0
S139043 66.5154 119.6523 1.7919999999999999e-22 4.401999999999999e-22 2.015e-21 0.0 110.36 0.0
S139044 66.5247 119.6406 7.057999999999999e-22 1.5650000000000001e-21 6.08e-21 0.001 109.63 0.0
S139045 66.5282 119.6454 3.27e-18 3.336e-18 2.548e-18 0.0 110.03 0.0
S139046 66.5105 119.6565 1.517e-19 2.032e-19 2.679e-19 0.0 110.58 0.0
S139047 66.507 119.6528 2.69e-16 2.118e-16 9.413e-17 0.0 110.37 0.0
S139048 66.53 119.64 1.708e-17 1.676e-17 1.155e-17 0.0 109.74 0.0
S139049 66.5296 119.6447 2.338e-18 2.513e-18 2.164e-18 0.0 110.04 0.0
S139050 66.5348 119.6521 7.713e-17 6.586e-17 3.502e-17 0.0 110.35 0.0
S139051 66.5165 119.6542 3.196e-20 5.0560000000000004e-20 9.522e-20 0.0 110.53 0.0
S139052 66.5329 119.6489 4.712e-21 3.172e-21 1.029e-21 0.0 110.2 0.0
S139053 66.5357 119.6457 2.448e-21 5.164e-21 1.774e-20 0.0 110.06 0.0
S139054 66.5255 119.6395 1.13e-16 8.821e-17 3.942e-17 0.0 109.67 0.0
S139055 66.5107 119.6561 1.893e-18 2.153e-18 2.015e-18 0.0 110.49 0.0
S139056 66.5344 119.6428 1.705e-12 1.214e-12 4.504e-13 0.0 109.99 0.0
S139057 66.5079 119.6588 3.652e-21 7.731e-21 2.6000000000000002e-20 0.001 110.58 0.0
S139058 66.5314 119.6351 1.102e-12 7.56e-13 2.664e-13 0.0 109.45 0.0
S139059 66.5255 119.6453 1.3720000000000002e-20 2.6320000000000002e-20 7.439000000000001e-20 0.0 110.03 0.0
S139060 66.5375 119.6414 4.735e-18 5.252e-18 4.448e-18 0.0 109.94 0.0
S139061 66.5098 119.6485 4.2870000000000006e-20 6.932000000000001e-20 1.382e-19 0.001 110.12 0.0
S139062 66.5323 119.64 1.741e-18 1.958e-18 1.856e-18 0.0 109.77 0.0
S139063 66.5145 119.655 1.1859999999999998e-22 3.3149999999999996e-22 2.082e-21 0.0 110.5 0.0
S139064 66.5085 119.6616 1.367e-19 1.888e-19 2.639e-19 0.0 110.79 0.0
S139065 66.5163 119.659 2.259e-21 4.83e-21 1.635e-20 0.0 110.7 0.0
S139066 66.5161 119.6604 3.018e-21 2.154e-21 7.731999999999999e-22 0.0 110.67 0.0
S139067 66.531 119.6395 9.752e-21 1.7480000000000002e-20 4.2690000000000004e-20 0.0 109.77 0.0
S139068 66.5144 119.658 4.758e-16 3.494e-16 1.353e-16 0.0 110.68 0.0
S139069 66.5077 119.6672 7.413e-19 8.956e-19 9.252e-19 0.0 110.95 0.0
S139070 66.5286 119.6302 3.564e-22 8.426999999999999e-22 3.708e-21 0.0 109.4 0.0
S139071 66.5259 119.6405 8.425e-23 2.1269999999999997e-22 1.053e-21 0.0 109.68 0.0
S139072 66.5289 119.6397 1.066e-17 1.047e-17 7.191e-18 0.0 109.77 0.0
S139073 66.5371 119.6395 1.151e-24 4.704e-24 6.397e-23 0.0 109.81 0.0
S139074 66.5048 119.6638 3.096e-23 9.841999999999999e-23 7.87e-22 0.0 110.79 0.0
S139075 66.5099 119.6553 1.2030000000000002e-20 2.064e-20 4.471e-20 0.0 110.46 0.0
S139076 66.5359 119.6477 1.884e-21 3.518e-21 9.365e-21 0.0 110.18 0.0
S139077 66.5097 119.6596 4.674e-17 3.952e-17 2.024e-17 0.0 110.69 0.0
S139078 66.5425 119.64 1.783e-20 2.9370000000000004e-20 6.231e-20 0.0 109.83 0.0
S139079 66.5037 119.6605 3.3160000000000004e-20 5.449e-20 1.062e-19 0.0 110.63 0.0
S139080 66.5058 119.6519 2.427e-22 5.586e-22 2.265e-21 0.0 110.24 0.0
S139081 66.5131 119.6642 9.711e-17 8.057e-17 3.876e-17 0.0 110.95 0.0
S139082 66.5077 119.6569 3.128e-18 3.305e-18 2.635e-18 0.0 110.48 0.0
S139083 66.5303 119.6356 8.934e-19 1.109e-18 1.211e-18 0.0 109.53 0.0
S139084 66.538 119.6399 2.4540000000000003e-20 3.8200000000000004e-20 6.97e-20 0.001 109.88 0.0
S139085 66.5127 119.6559 2.4300000000000003e-20 3.981e-20 8.080000000000001e-20 0.0 110.52 0.0
S139086 66.5103 119.6654 5.0500000000000003e-20 7.253e-20 1.142e-19 0.0 110.9 0.0
S139087 66.5383 119.6325 1.626e-22 4.397e-22 2.4820000000000002e-21 0.0 109.4 0.0
S139088 66.5103 119.6583 9.081999999999999e-23 2.421e-22 1.353e-21 0.0 110.63 0.0
S139089 66.5022 119.6601 3.677e-21 7.395000000000001e-21 2.2860000000000002e-20 0.0 110.5 0.0
S139090 66.5387 119.6455 4.335e-18 4.484e-18 3.408e-18 0.0 110.07 0.0
S139091 66.5359 119.6472 1.894e-17 3.494e-17 8.637e-17 0.0 110.14 0.0
S139092 66.5156 119.6566 3.711e-20 5.875e-20 1.097e-19 0.0 110.56 0.0
S139093 66.5293 119.6381 8.244000000000001e-20 1.206e-19 1.981e-19 0.0 109.63 0.0
S139094 66.5111 119.6588 2.373e-19 3.066e-19 3.709e-19 0.0 110.65 0.0
S139095 66.5292 119.6401 4.4880000000000004e-21 3.037e-21 1.005e-21 0.0 109.74 0.0
S139096 66.5311 119.639 2.504e-12 1.853e-12 7.42e-13 0.0 109.81 0.0
S139097 66.5397 119.6299 1.275e-16 1.109e-16 5.999e-17 0.0 109.52 0.0
S139098 66.5098 119.654 5.974e-17 5.441e-17 3.177e-17 0.0 110.4 0.0
S139099 66.504 119.6601 1.914e-24 6.88e-24 7.08e-23 0.0 110.57 0.0
S139100 66.5409 119.6335 2.013e-16 1.553e-16 6.68e-17 0.0 109.63 0.0
S139101 66.5123 119.6605 6.873e-18 7.172e-18 5.797e-18 0.0 110.69 0.0
S139102 66.5314 119.6383 1.598e-17 1.541e-17 1.001e-17 0.0 109.77 0.0
S139103 66.535 119.6398 4.149e-23 1.243e-22 8.699e-22 0.0 109.85 0.0
S139104 66.5003 119.6622 2.97e-21 2.092e-21 7.786999999999999e-22 0.0 110.67 0.0
S139105 66.5094 119.6604 9.742e-22 2.0420000000000002e-21 6.894e-21 0.0 110.62 0.0
S139106 66.5045 119.6535 2.509e-24 8.818e-24 8.82e-23 0.0 110.28 0.0
S139107 66.5135 119.6656 1.097e-21 2.379e-21 8.665e-21 0.0 110.79 0.0
S139108 66.5078 119.6657 1.6239999999999998e-22 4.341999999999999e-22 2.35e-21 0.0 110.85 0.0
S139109 66.5101 119.6555 3.616e-17 6.31e-17 1.452e-16 0.0 110.43 0.0
S139110 66.5371 119.6411 1.489e-24 6.278e-24 9.386e-23 0.0 109.9 0.0
S139111 66.5086 119.6683 8.705e-17 7.121e-17 3.33e-17 0.0 110.84 0.0
S139112 66.51 119.6697 8.534e-24 2.973e-23 2.904e-22 0.0 110.81 0.0
S139113 66.5063 119.6616 4.69e-13 3.132e-13 1.044e-13 0.0 110.63 0.0
S139114 66.538 119.64 3.222e-20 5.3310000000000005e-20 1.065e-19 0.0 109.96 0.0
S139115 66.5041 119.654 7.241999999999999e-22 1.758e-21 8.216e-21 0.0 110.31 0.0
S139116 66.5075 119.6553 7.351999999999999e-22 1.719e-21 7.337e-21 0.001 110.38 0.0
S139117 66.5116 119.6634 6.476e-22 1.308e-21 4.081e-21 0.0 110.7 0.0
S139118 66.5323 119.6345 3.319e-21 6.998e-21 2.2540000000000003e-20 0.0 109.68 0.0
S139119 66.5045 119.6545 4.979e-23 1.369e-22 8.445999999999999e-22 0.0 110.39 0.0
S139120 66.5302 119.6374 1.1589999999999999e-23 3.52e-23 2.6749999999999996e-22 0.0 109.64 0.0
S139121 66.5118 119.6554 2.52e-17 2.282e-17 1.337e-17 0.0 110.36 0.0
S139122 66.5026 119.6584 4.777e-22 1.023e-21 3.553e-21 0.0 110.49 0.0
S139123 66.5071 119.6572 1.215e-21 2.635e-21 9.357e-21 0.001 110.46 0.0
S139124 66.5367 119.6456 2.3049999999999997e-22 5.999e-22 3.148e-21 0.0 110.11 0.0
S139125 66.5363 119.6398 1.023e-18 1.281e-18 1.437e-18 0.0 109.85 0.0
S139126 66.5394 119.6378 1.604e-21 1.2380000000000001e-21 5.21e-22 0.0 109.8 0.0
S139127 66.5446 119.6352 3.474e-17 5.685e-17 1.16e-16 0.0 109.86 0.0
S139128 66.5362 119.6333 2.826e-23 8.592999999999999e-23 6.353e-22 0.0 109.67 0.0
S139129 66.5092 119.6602 5.22e-17 4.674e-17 2.75e-17 0.0 110.54 0.0
S139130 66.504 119.6558 1.678e-23 4.9309999999999995e-23 3.378e-22 0.0 110.4 0.0
S139131 66.5135 119.6662 1.0450000000000001e-20 1.853e-20 4.327e-20 0.0 110.84 0.0
S139132 66.4996 119.6732 3.881e-25 1.73e-24 2.6859999999999997e-23 0.001 110.91 0.0
S139133 66.5413 119.6446 5.852e-22 1.402e-21 6.222e-21 0.001 110.1 0.0
S139134 66.5282 119.6369 3.933e-19 5.17e-19 6.593e-19 0.0 109.73 0.0
S139135 66.4946 119.6558 1.273e-18 1.503e-18 1.529e-18 0.0 110.34 0.0
S139136 66.513 119.6652 1.591e-19 2.278e-19 3.396e-19 0.0 110.68 0.0
S139137 66.5317 119.6327 1.734e-21 3.824e-21 1.4030000000000002e-20 0.0 109.66 0.0
S139138 66.4985 119.66 3.618e-21 2.521e-21 8.649e-22 0.0 110.45 0.0
S139139 66.5066 119.6678 2.91e-17 4.591e-17 8.642e-17 0.0 110.83 0.0
S139140 66.5406 119.6306 3.788e-17 3.218e-17 1.682e-17 0.0 109.63 0.0
S139141 66.5031 119.6583 1.26e-16 1.055e-16 5.627e-17 0.0 110.39 0.0
S139142 66.5097 119.654 8.07e-18 8.31e-18 6.505e-18 0.0 110.37 0.0
S139143 66.5388 119.6299 2.009e-19 2.607e-19 3.173e-19 0.0 109.65 0.0
S139144 66.4994 119.6664 1.433e-19 2.008e-19 2.858e-19 0.0 110.66 0.0
S139145 66.5413 119.6381 3.793e-22 9.509e-22 4.587e-21 0.0 109.77 0.0
S139146 66.5016 119.6708 1.02e-18 1.198e-18 1.194e-18 0.0 110.77 0.0
S139147 66.5024 119.6555 7.815999999999999e-22 1.851e-21 7.959e-21 0.0 110.31 0.0
S139148 66.539 119.6283 1.117e-17 1.568e-17 2.302e-17 0.0 109.55 0.0
S139149 66.502 119.667 1.101e-23 3.6219999999999997e-23 3.1509999999999996e-22 0.0 110.67 0.0
S139150 66.5502 119.6271 8.697e-21 1.5340000000000002e-20 3.6120000000000005e-20 0.0 109.67 0.0
S139151 66.5406 119.6335 3.74e-21 2.544e-21 8.988999999999999e-22 0.0 109.72 0.0
S139152 66.5045 119.6601 1.582e-22 3.8709999999999996e-22 1.794e-21 0.0 110.49 0.0
S139153 66.5446 119.6397 5.227e-18 5.293e-18 3.948e-18 0.0 109.91 0.0
S139154 66.5023 119.6604 4.2020000000000004e-21 7.866e-21 2.087e-20 0.0 110.49 0.0
S139155 66.5039 119.6584 5.124e-17 4.575e-17 2.637e-17 0.0 110.46 0.0
S139156 66.5061 119.665 1.182e-17 2.131e-17 5.182e-17 0.0 110.6 0.0
S139157 66.5439 119.6375 4.072e-18 4.255e-18 3.276e-18 0.0 109.87 0.0
S139158 66.5454 119.6309 3.354e-19 4.216e-19 4.97e-19 0.0 109.7 0.0
S139159 66.5026 119.666 7.826e-19 9.448e-19 1.024e-18 0.0 110.62 0.0
S139160 66.5427 119.6278 1.377e-18 1.581e-18 1.454e-18 0.0 109.67 0.0
S139161 66.4983 119.6584 4.823e-20 7.679e-20 1.411e-19 0.0 110.39 0.0
S139162 66.5035 119.6592 1.464e-21 3.034e-21 1.028e-20 0.0 110.5 0.0
S139163 66.5217 119.6493 2.192e-16 1.813e-16 8.965e-17 0.0 112.48 0.0
S139164 66.5216 119.6493 6.968e-19 8.68e-19 9.689e-19 0.0 104.83 0.0
S139165 66.5034 119.6585 4.273e-16 3.457e-16 1.628e-16 0.0 110.43 0.0
S139166 66.5025 119.6612 1.075e-15 8.27e-16 3.432e-16 0.0 110.48 1.0
S139167 66.501 119.6653 7.063e-16 5.335e-16 2.215e-16 0.0 110.65 0.0
S139168 66.5014 119.6703 9.879e-13 9.519e-13 6.511e-13 0.0 110.7 1.0
S139169 66.502 119.6737 4.568e-16 3.553e-16 1.55e-16 0.0 110.83 1.0
S139170 66.5035 119.6759 4.601e-13 3.117e-13 1.028e-13 0.0 110.88 0.0
S139171 66.5006 119.6849 1.154e-15 8.176e-16 3.096e-16 0.0 111.04 0.0
S139172 66.5383 119.6126 2.178e-12 1.714e-12 7.564e-13 0.0 109.27 1.0
S139173 66.5395 119.6095 4.234e-15 2.954e-15 1.062e-15 0.0 109.15 0.0
S139174 66.5027 119.6941 1.3230000000000001e-20 2.3380000000000002e-20 5.2610000000000006e-20 0.0 111.3 0.0
S139175 66.5046 119.6991 1.123e-14 7.58e-15 2.472e-15 0.0 111.36 0.0
S139176 66.5067 119.6995 2.152e-12 1.656e-12 7.147e-13 0.0 111.51 1.0
S139177 66.5331 119.5959 9.309e-16 6.547e-16 2.305e-16 0.0 108.8 0.0
S139178 66.5347 119.5904 1.979e-15 1.432e-15 5.438e-16 0.0 108.78 0.0
S139179 66.5373 119.5864 1.28e-16 1.034e-16 4.948e-17 0.0 108.7 0.0
S139180 66.5087 119.7147 1.982e-18 2.27e-18 2.215e-18 0.0 111.8 0.0
S139181 66.5101 119.7191 4.732e-15 3.303e-15 1.205e-15 0.0 111.72 0.0
S139182 66.5319 119.5783 6.803e-16 5.021e-16 2.017e-16 0.0 108.49 0.0
S139183 66.534 119.5721 2.627e-19 3.784e-19 5.783e-19 0.0 108.42 0.0
S139184 66.516 119.7321 5.394e-13 3.798e-13 1.371e-13 0.0 112.1 0.0
S139185 66.5159 119.7285 2.573e-15 1.87e-15 7.082e-16 0.0 112.07 0.0
S139186 66.5133 119.7307 2.996e-17 2.58e-17 1.427e-17 0.0 111.99 0.0
S139187 66.5176 119.7362 2.593e-16 2.036e-16 8.775e-17 0.0 112.22 1.0
S139188 66.5225 119.5564 3.743e-16 2.883e-16 1.218e-16 0.0 108.16 1.0
S139189 66.5258 119.5531 7.997e-13 5.641e-13 2.001e-13 0.0 108.2 0.0
S139190 66.5252 119.5588 2.691e-16 2.174e-16 1.005e-16 0.0 108.11 0.0
S139191 66.5204 119.5556 4.489e-16 3.419e-16 1.485e-16 0.0 108.12 1.0
S139192 66.5243 119.7442 4.239e-16 3.224e-16 1.327e-16 0.0 112.35 1.0
S139193 66.5179 119.5559 2.961e-21 2.104e-21 7.534999999999999e-22 0.0 108.12 0.0
S139194 66.5265 119.7534 6.077e-16 4.626e-16 1.934e-16 0.0 112.38 1.0
S139195 66.5297 119.7516 4.269e-17 3.989e-17 2.388e-17 0.0 112.36 0.0
S139196 66.5129 119.5533 9.386e-16 7.114e-16 2.992e-16 0.0 107.99 0.0
S139197 66.5104 119.5498 3.797e-16 2.897e-16 1.231e-16 0.0 108.0 1.0
S139198 66.5329 119.7543 3.01e-16 2.409e-16 1.11e-16 0.0 112.36 0.0
S139199 66.5331 119.7424 3.606e-17 6.104e-17 1.311e-16 0.0 112.27 0.0
S139200 66.5069 119.5396 3.023e-17 4.54e-17 7.676e-17 0.0 108.03 0.0
S139201 66.5058 119.5453 1.284e-16 1.08e-16 5.471e-17 0.0 108.14 0.0
S139202 66.5362 119.7511 2.142e-15 1.525e-15 5.734e-16 0.0 112.34 0.0
S139203 66.5406 119.7463 1.421e-16 1.189e-16 6.019e-17 0.0 112.24 0.0
S139204 66.4996 119.5541 3.544e-17 6.052e-17 1.293e-16 0.0 108.21 0.0
S139205 66.4998 119.5462 6.699e-16 5.005e-16 1.988e-16 0.0 108.25 0.0
S139206 66.4989 119.5562 4.132e-17 3.587e-17 1.961e-17 0.0 108.29 0.0
S139207 66.4992 119.5588 1.937e-15 1.379e-15 5.106e-16 0.0 108.3 0.0
S139208 66.546 119.7343 1.679e-15 1.163e-15 4.167e-16 0.0 112.02 0.0
S139209 66.5479 119.7384 1.423e-13 9.363e-14 2.904e-14 0.0 111.96 0.0
S139210 66.5517 119.7401 9.763e-16 7.288e-16 2.893e-16 0.0 111.93 0.0
S139211 66.4908 119.5629 1.136e-16 9.258e-17 4.349e-17 0.0 108.57 0.0
S139212 66.5482 119.7247 2.911e-16 2.33e-16 1.048e-16 0.0 111.7 1.0
S139213 66.5541 119.7297 1.047e-17 1.013e-17 6.812e-18 0.0 111.69 0.0
S139214 66.4899 119.5773 5.107e-16 3.96e-16 1.728e-16 0.0 108.78 1.0
S139215 66.5539 119.7212 1.14e-17 2.228e-17 6.446e-17 0.0 111.57 0.0
S139216 66.4887 119.5902 5.45e-16 4.107e-16 1.647e-16 0.0 109.04 0.0
S139217 66.4886 119.5897 5.09e-17 4.311e-17 2.158e-17 0.0 109.09 0.0
S139218 66.4867 119.599 4.497e-17 3.817e-17 2.021e-17 0.0 109.26 0.0
S139219 66.5557 119.6973 8.552e-18 1.543e-17 3.676e-17 0.0 111.19 0.0
S139220 66.4874 119.6073 4.017e-17 3.574e-17 2.052e-17 0.0 109.33 0.0
S139221 66.4834 119.6103 3.997e-15 2.869e-15 1.054e-15 0.0 109.45 0.0
S139222 66.5572 119.6848 2.423e-16 1.849e-16 8.068e-17 0.0 110.89 1.0
S139223 66.557 119.6784 6.307e-16 4.661e-16 1.792e-16 0.0 110.8 0.0
S139224 66.5577 119.6779 3.141e-15 2.267e-15 8.557e-16 0.0 110.74 0.0
S139225 66.5574 119.6686 1.656e-15 1.151e-15 3.988e-16 0.0 110.61 0.0
S139226 66.5606 119.6623 7.68e-17 6.392e-17 3.187e-17 0.0 110.47 0.0
S139227 66.5618 119.6585 4.193e-13 2.874e-13 9.809e-14 0.0 110.39 0.0
S139228 66.4856 119.6456 3.635e-16 2.777e-16 1.203e-16 0.0 110.07 1.0
S139229 66.5578 119.6457 6.543e-17 5.447e-17 2.802e-17 0.0 110.17 0.0
S139230 66.4878 119.6597 8.888e-17 1.31e-16 2.14e-16 0.0 110.39 0.0
S139231 66.4869 119.6653 2.375e-15 1.731e-15 6.786e-16 0.0 110.45 0.0
S139232 66.5568 119.6282 1.107e-19 1.566e-19 2.34e-19 0.0 109.84 0.0
S139233 66.5541 119.6219 1.457e-16 1.196e-16 5.629e-17 0.0 109.75 0.0
S139234 66.5575 119.6151 1.956e-12 1.491e-12 6.14e-13 0.0 109.7 1.0
S139235 66.4858 119.6906 6.237e-17 5.535e-17 3.067e-17 0.0 110.76 0.0
S139236 66.5535 119.6032 8.618e-17 7.255e-17 3.734e-17 0.0 109.49 0.0
S139237 66.486 119.6993 1.18e-16 9.963e-17 5.077e-17 0.0 111.02 0.0
S139238 66.4888 119.7071 1.475e-17 2.66e-17 6.43e-17 0.0 111.1 0.0
S139239 66.4936 119.7105 1.085e-15 8.175e-16 3.337e-16 0.0 111.15 0.0
S139240 66.4923 119.72 2.015e-15 1.429e-15 5.062e-16 0.0 111.32 0.0
S139241 66.5459 119.5725 1.514e-17 1.458e-17 9.823e-18 0.0 108.95 0.0
S139242 66.5467 119.576 8.862e-15 5.859e-15 1.887e-15 0.0 108.99 0.0
S139243 66.4975 119.735 7.825e-15 5.43e-15 1.854e-15 0.0 111.62 0.0
S139244 66.5461 119.5598 1.118e-17 1.113e-17 7.873e-18 0.0 108.71 0.0
S139245 66.5016 119.7485 3.826e-21 2.611e-21 9.071999999999999e-22 0.0 111.77 0.0
S139246 66.5032 119.7521 7.781e-15 5.27e-15 1.784e-15 0.0 111.9 0.0
S139247 66.5063 119.759 1.657e-17 1.52e-17 9.062e-18 0.0 111.85 0.0
S139248 66.5085 119.76 1.848e-15 1.33e-15 5.074e-16 0.0 112.02 0.0
S139249 66.5333 119.5361 4.072e-15 2.725e-15 9.137e-16 0.0 108.36 0.0
S139250 66.5078 119.7684 8.204e-17 2.11e-16 1.107e-15 0.0 112.12 1.0
S139251 66.5318 119.528 2.395e-15 1.634e-15 5.747e-16 0.0 108.27 0.0
S139252 66.5137 119.7694 1.369e-21 2.8800000000000002e-21 9.68e-21 0.0 112.2 0.0
S139253 66.518 119.7721 4.633e-17 3.989e-17 2.125e-17 0.0 112.29 0.0
S139254 66.5257 119.5161 1.208e-17 2.49e-17 7.96e-17 0.0 108.02 0.0
S139255 66.5225 119.7845 7.884e-15 5.356e-15 1.839e-15 0.0 112.31 0.0
S139256 66.5233 119.5149 1.128e-15 8.129e-16 3.079e-16 0.0 107.99 0.0
S139257 66.5189 119.51 1.757e-15 1.22e-15 4.379e-16 0.0 108.0 0.0
S139258 66.5267 119.7944 6.471e-14 4.225e-14 1.354e-14 0.0 112.41 0.0
S139259 66.527 119.7915 2.819e-16 2.263e-16 1.059e-16 0.0 112.44 0.0
S139260 66.5112 119.5058 2.83e-16 2.273e-16 1.107e-16 0.0 107.93 0.0
S139261 66.5114 119.5019 3.075e-16 2.252e-16 8.94e-17 0.0 107.93 0.0
S139262 66.5099 119.5006 2.178e-17 1.923e-17 1.089e-17 0.0 107.95 0.0
S139263 66.5373 119.7958 3.889e-21 2.702e-21 9.183e-22 0.0 112.45 0.0
S139264 66.5079 119.5152 6.352e-16 4.705e-16 1.871e-16 0.0 107.97 0.0
S139265 66.5407 119.8024 5.522e-15 3.757e-15 1.259e-15 0.0 112.48 0.0
S139266 66.5038 119.5094 1.401e-16 3.486e-16 1.718e-15 0.0 107.97 1.0
S139267 66.5433 119.7878 2.807e-18 3.063e-18 2.636e-18 0.0 112.43 0.0
S139268 66.4963 119.5025 1.483e-20 2.6230000000000004e-20 6.268e-20 0.0 108.03 0.0
S139269 66.4945 119.509 4.825e-17 7.91e-17 1.549e-16 0.0 108.06 0.0
S139270 66.5478 119.7848 8.379e-16 6.209e-16 2.53e-16 0.0 112.31 0.0
S139271 66.5521 119.7864 7.61e-16 5.786e-16 2.492e-16 0.0 112.25 0.0
S139272 66.4904 119.5096 1.117e-17 1.94e-17 4.366e-17 0.001 108.1 0.0
S139273 66.5519 119.7896 5.605e-17 4.92e-17 2.648e-17 0.0 112.18 0.0
S139274 66.5563 119.7792 2.577e-17 3.894e-17 6.756e-17 0.0 112.2 0.0
S139275 66.5589 119.779 1.049e-12 9.787e-13 6.075e-13 0.0 112.13 1.0
S139276 66.4828 119.5166 9.45e-13 7.749e-13 3.677e-13 0.0 108.28 1.0
S139277 66.4837 119.5386 3.266e-16 2.656e-16 1.235e-16 0.0 108.56 0.0
S139278 66.5611 119.759 1.19e-16 1.032e-16 5.451e-17 0.0 111.84 0.0
S139279 66.5648 119.7508 7.026e-16 5.419e-16 2.242e-16 0.0 111.67 0.0
S139280 66.5639 119.7502 3.529e-16 2.803e-16 1.3e-16 0.0 111.68 0.0
S139281 66.5658 119.7441 3.966e-16 3.068e-16 1.329e-16 0.0 111.67 1.0
S139282 66.4789 119.563 2.624e-21 5.604e-21 1.9000000000000002e-20 0.0 108.83 0.0
S139283 66.5657 119.7233 4.597e-19 6.062e-19 7.72e-19 0.0 111.38 0.0
S139284 66.5661 119.7234 1.22e-16 1.069e-16 5.849e-17 0.0 111.34 0.0
S139285 66.471 119.5747 3.766e-16 2.867e-16 1.227e-16 0.0 109.15 1.0
S139286 66.5738 119.7231 9.828e-16 7.256e-16 2.859e-16 0.0 111.21 0.0
S139287 66.5693 119.704 5.342e-16 4.167e-16 1.747e-16 0.0 111.06 1.0
S139288 66.5702 119.6982 3.495e-18 3.72e-18 2.906e-18 0.0 110.95 0.0
S139289 66.5705 119.6913 4.212e-17 3.714e-17 2.1e-17 0.0 110.87 0.0
S139290 66.5706 119.6865 4.987e-17 7.988e-17 1.464e-16 0.0 110.75 0.0
S139291 66.5679 119.6746 2.244e-18 2.63e-18 2.668e-18 0.0 110.65 0.0
S139292 66.5682 119.6674 8.392e-17 7.012e-17 3.424e-17 0.0 110.46 0.0
S139293 66.5724 119.6582 5.071e-17 4.362e-17 2.327e-17 0.0 110.36 0.0
S139294 66.4812 119.6396 1.553e-12 1.136e-12 4.358e-13 0.0 110.04 0.0
S139295 66.5703 119.6474 1.073e-15 7.674e-16 2.891e-16 0.0 110.26 0.0
S139296 66.5664 119.6394 9.863e-16 7.248e-16 2.817e-16 0.0 110.09 0.0
S139297 66.568 119.6309 2.225e-17 2.16e-17 1.444e-17 0.0 109.96 0.0
S139298 66.4763 119.677 2.322e-15 1.646e-15 5.966e-16 0.0 110.51 0.0
S139299 66.4767 119.6847 3.578e-15 2.426e-15 8.157e-16 0.0 110.64 0.0
S139300 66.5664 119.6059 1.757e-16 1.395e-16 6.215e-17 0.0 109.67 1.0
S139301 66.4795 119.6997 5.852e-15 4.004e-15 1.383e-15 0.0 110.84 0.0
S139302 66.5646 119.591 1.99e-12 1.444e-12 5.57e-13 0.0 109.48 0.0
S139303 66.4792 119.7161 4.422e-17 3.876e-17 2.075e-17 0.0 111.02 0.0
S139304 66.4823 119.7215 5.746e-18 6.217e-18 5.275e-18 0.001 111.16 0.0
S139305 66.5588 119.5701 1.1190000000000001e-20 1.9200000000000002e-20 4.367e-20 0.0 109.16 0.0
S139306 66.4846 119.7371 6.578e-13 4.58e-13 1.614e-13 0.0 111.36 0.0
S139307 66.555 119.5555 6.556e-17 6.018e-17 3.687e-17 0.0 108.94 0.0
S139308 66.5513 119.5493 2.085e-16 1.717e-16 8.355e-17 0.0 108.8 0.0
S139309 66.4861 119.7623 4.221e-19 5.453e-19 6.786e-19 0.0 111.59 0.0
S139310 66.4943 119.7645 5.147e-16 3.812e-16 1.568e-16 0.0 111.73 0.0
S139311 66.5489 119.5266 2.008e-17 3.992e-17 1.199e-16 0.0 108.62 0.0
S139312 66.4989 119.7741 3.937e-15 2.719e-15 9.375e-16 0.0 111.87 0.0
S139313 66.5437 119.5124 8.549e-16 6.419e-16 2.573e-16 0.0 108.41 0.0
S139314 66.5404 119.5129 7.526e-16 5.597e-16 2.249e-16 0.0 108.36 0.0
S139315 66.5373 119.5098 1.491e-16 1.192e-16 5.338e-17 0.0 108.33 0.0
S139316 66.5095 119.7986 5.592e-16 4.136e-16 1.647e-16 0.0 112.17 0.0
S139317 66.5053 119.7922 9.016e-13 6.076e-13 2.081e-13 0.0 112.12 0.0
S139318 66.5324 119.4995 6.361e-17 5.439e-17 2.8e-17 0.0 108.18 0.0
S139319 66.5119 119.8118 3.726e-16 2.837e-16 1.17e-16 0.0 112.26 1.0
S139320 66.5264 119.4895 5.323e-16 3.897e-16 1.528e-16 0.0 108.06 0.0
S139321 66.5186 119.8177 8.46e-16 6.396e-16 2.66e-16 0.0 112.37 0.0
S139322 66.526 119.4841 5.428e-16 4.108e-16 1.735e-16 0.0 107.97 1.0
S139323 66.5265 119.8197 2.272e-16 1.768e-16 8.003e-17 0.0 112.41 1.0
S139324 66.5166 119.4637 1.732e-12 1.276e-12 4.892e-13 0.0 107.86 0.0
S139325 66.5152 119.4749 1.746e-14 1.172e-14 3.979e-15 0.0 107.91 0.0
S139326 66.5133 119.4733 6.558e-18 1.123e-17 2.448e-17 0.0 107.9 0.0
S139327 66.5143 119.4726 2.951e-17 5.281e-17 1.297e-16 0.0 107.89 0.0
S139328 66.5361 119.8233 4.481e-16 3.444e-16 1.53e-16 0.0 112.51 1.0
S139329 66.5065 119.4795 3.322e-16 2.521e-16 1.074e-16 0.0 107.9 1.0
S139330 66.5025 119.4705 2.088e-13 1.429e-13 4.965e-14 0.0 107.93 0.0
S139331 66.5401 119.8223 4.592e-17 4.099e-17 2.328e-17 0.0 112.44 0.0
S139332 66.4964 119.4632 3.551e-16 2.723e-16 1.199e-16 0.0 108.04 1.0
S139333 66.5376 119.6261 1.218e-15 8.521e-16 3.022e-16 0.0 109.62 0.0
S139334 66.5419 119.6216 2.726e-15 2.016e-15 7.951e-16 0.0 109.44 0.0
S139335 66.5447 119.6213 4.528e-16 3.241e-16 1.258e-16 0.0 109.54 0.0
S139336 66.5417 119.6172 4.697999999999999e-22 1.183e-21 5.828e-21 0.0 109.35 0.0
S139337 66.5372 119.6162 8.875e-19 1.048e-18 1.089e-18 0.0 109.23 0.0
S139338 66.5032 119.6848 4.549e-16 3.461e-16 1.484e-16 0.0 111.1 1.0
S139339 66.5049 119.6873 1.543e-19 2.056e-19 2.734e-19 0.0 111.34 0.0
S139340 66.5363 119.6064 5.135e-21 1.0240000000000001e-20 3.1230000000000004e-20 0.0 109.07 0.0
S139341 66.5322 119.6031 1.991e-16 1.554e-16 7.003e-17 0.0 108.92 1.0
S139342 66.5358 119.6023 6.249e-18 6.763e-18 5.716e-18 0.0 108.94 0.0
S139343 66.5067 119.7025 6.282e-17 1.136e-16 2.871e-16 0.0 111.52 0.0
S139344 66.5339 119.5997 7.764000000000001e-20 1.191e-19 2.066e-19 0.0 108.95 0.0
S139345 66.538 119.5867 5.613e-21 1.0120000000000001e-20 2.4520000000000002e-20 0.0 108.72 0.0
S139346 66.5081 119.7034 4.91e-17 9.838e-17 3.145e-16 0.0 111.53 0.0
S139347 66.5063 119.7176 4.752e-17 9.887e-17 3.295e-16 0.0 111.67 0.0
S139348 66.5342 119.5869 2.982e-16 2.439e-16 1.173e-16 0.0 108.65 0.0
S139349 66.5148 119.7112 6.347999999999999e-22 1.109e-21 2.595e-21 0.0 111.73 0.0
S139350 66.5088 119.7143 1.008e-17 9.965e-18 7.074e-18 0.0 111.74 0.0
S139351 66.509 119.7211 5.459e-17 4.662e-17 2.383e-17 0.0 111.91 0.0
S139352 66.5131 119.7215 2.722e-19 3.663e-19 4.738e-19 0.0 112.11 1.0
S139353 66.5317 119.5759 1.959e-17 3.61e-17 8.838e-17 0.0 108.38 0.0
S139354 66.5316 119.5693 1.216e-12 1.036e-12 5.38e-13 0.0 108.27 1.0
S139355 66.5182 119.7282 1.782e-17 3.226e-17 7.986e-17 0.0 112.13 0.0
S139356 66.5253 119.5677 5.0710000000000003e-20 7.885e-20 1.442e-19 0.0 108.3 0.0
S139357 66.5178 119.7296 1.649e-14 3.397e-14 1.108e-13 0.0 112.08 1.0
S139358 66.5169 119.7306 8.953e-17 7.558e-17 3.848e-17 0.0 112.06 0.0
S139359 66.5184 119.7341 2.976e-16 2.234e-16 9.25e-17 0.0 112.21 1.0
S139360 66.5201 119.5637 2.7349999999999996e-22 6.334999999999999e-22 2.597e-21 0.0 108.18 0.0
S139361 66.5171 119.5586 6.99e-16 5.31e-16 2.171e-16 0.0 108.13 1.0
S139362 66.5183 119.5563 2.426e-17 4.109e-17 9.084e-17 0.0 108.09 0.0
S139363 66.5176 119.5458 3.773e-19 4.733e-19 5.515e-19 0.0 108.02 0.0
S139364 66.5203 119.5535 5.627e-21 1.059e-20 2.787e-20 0.0 108.09 0.0
S139365 66.5115 119.5457 6.79e-17 5.868e-17 3.166e-17 0.0 107.98 0.0
S139366 66.5124 119.5572 1.409e-23 4.414e-23 3.4839999999999995e-22 0.0 108.03 0.0
S139367 66.5171 119.5415 1.721e-15 1.308e-15 5.38e-16 0.0 108.0 0.0
S139368 66.5307 119.7388 1.292e-16 2.91e-16 1.152e-15 0.001 112.37 1.0
S139369 66.5118 119.5475 2.158e-17 1.905e-17 1.095e-17 0.0 107.93 0.0
S139370 66.5123 119.5381 1.54e-18 1.722e-18 1.591e-18 0.0 108.03 0.0
S139371 66.5088 119.538 2.055e-19 2.783e-19 3.843e-19 0.0 108.04 0.0
S139372 66.5104 119.5407 7.496e-21 1.407e-20 3.6890000000000004e-20 0.0 108.02 0.0
S139373 66.5349 119.751 1.644e-17 1.57e-17 1.047e-17 0.0 112.33 0.0
S139374 66.5091 119.5442 5.986999999999999e-22 1.381e-21 5.699e-21 0.0 108.02 0.0
S139375 66.5048 119.5615 5.672e-18 5.957e-18 4.599e-18 0.0 108.08 0.0
S139376 66.507 119.5404 4.524e-17 1.055e-16 4.405e-16 0.0 108.1 1.0
S139377 66.5423 119.7534 3.811e-21 2.634e-21 8.976999999999998e-22 0.0 112.26 0.0
S139378 66.5053 119.5586 1.7610000000000003e-20 3.0810000000000004e-20 6.986e-20 0.0 108.15 0.0
S139379 66.5389 119.7394 6.331e-16 4.733e-16 1.982e-16 0.001 112.24 1.0
S139380 66.5011 119.5559 5.334e-17 8.064e-17 1.398e-16 0.0 108.16 0.0
S139381 66.5445 119.7472 2.221e-17 2.013e-17 1.245e-17 0.0 112.14 0.0
S139382 66.5394 119.7387 4.588e-17 3.89e-17 2.049e-17 0.0 112.12 0.0
S139383 66.5462 119.7439 3.845e-17 7.868e-17 2.539e-16 0.0 112.15 0.0
S139384 66.4988 119.5602 8.005999999999999e-22 1.7210000000000002e-21 6.255e-21 0.0 108.34 0.0
S139385 66.5412 119.7214 1.073e-16 9.387e-17 5.151e-17 0.0 111.95 0.0
S139386 66.4918 119.5667 6.128e-17 1.042e-16 2.237e-16 0.0 108.5 0.0
S139387 66.4962 119.5675 1.137e-18 1.338e-18 1.346e-18 0.0 108.42 0.0
S139388 66.5468 119.731 2.205e-17 3.982e-17 9.903e-17 0.0 111.83 0.0
S139389 66.5513 119.7371 8.024e-17 6.531e-17 3.026e-17 0.0 111.88 0.0
S139390 66.5472 119.7226 5.734e-23 1.7359999999999998e-22 1.308e-21 0.0 111.64 0.0
S139391 66.5519 119.7291 1.088e-16 9.356e-17 5.006e-17 0.0 111.74 0.0
S139392 66.5516 119.7227 4.068e-15 2.908e-15 1.061e-15 0.001 111.62 0.0
S139393 66.4946 119.5785 1.473e-21 3.041e-21 9.883e-21 0.0 108.82 0.0
S139394 66.498 119.5973 3.023e-19 4.046e-19 5.156e-19 0.0 109.05 0.0
S139395 66.4967 119.5936 4.107e-17 3.492e-17 1.878e-17 0.0 108.96 0.0
S139396 66.4886 119.5845 5.784e-16 4.286e-16 1.712e-16 0.0 108.89 0.0
S139397 66.5593 119.7012 1.452e-16 1.177e-16 5.637e-17 0.0 111.23 0.0
S139398 66.4856 119.5989 6.015e-16 4.478e-16 1.794e-16 0.0 109.17 0.0
S139399 66.4847 119.5985 6.939e-15 4.616e-15 1.478e-15 0.0 109.27 0.0
S139400 66.5512 119.6967 3.623e-24 1.2839999999999999e-23 1.2869999999999999e-22 0.0 111.2 0.0
S139401 66.4883 119.6114 7.981999999999999e-22 1.76e-21 6.4260000000000005e-21 0.0 109.4 0.0
S139402 66.5575 119.692 3.954e-21 7.468e-21 1.943e-20 0.0 111.02 0.0
S139403 66.4806 119.6082 1.639e-18 1.867e-18 1.72e-18 0.0 109.51 0.0
S139404 66.4855 119.6241 6.203e-17 5.405e-17 2.864e-17 0.0 109.63 0.0
S139405 66.4855 119.6152 1.419e-17 1.382e-17 9.715e-18 0.0 109.5 0.0
S139406 66.482 119.6204 1.3e-15 9.276e-16 3.513e-16 0.0 109.68 0.0
S139407 66.555 119.6644 1.746e-21 3.837e-21 1.453e-20 0.0 110.53 0.0
S139408 66.488 119.6346 1.928e-20 3.5090000000000005e-20 8.520000000000001e-20 0.0 109.93 0.0
S139409 66.5582 119.6643 1.486e-17 1.413e-17 9.239e-18 0.0 110.48 0.0
S139410 66.4789 119.6431 2.9219999999999997e-22 7.106999999999999e-22 3.27e-21 0.0 110.09 0.0
S139411 66.5503 119.6566 2.862e-16 2.322e-16 1.134e-16 0.0 110.43 0.0
S139412 66.4915 119.6487 2.652e-17 5.514e-17 1.838e-16 0.0 110.1 0.0
S139413 66.5555 119.6481 1.813e-16 4.166e-16 1.643e-15 0.0 110.21 1.0
S139414 66.4894 119.6546 2.053e-17 3.687e-17 8.867e-17 0.0 110.25 0.0
S139415 66.5482 119.6415 3.12e-17 5.275e-17 1.103e-16 0.0 110.09 0.0
S139416 66.4926 119.6634 1.816e-16 1.478e-16 7.173e-17 0.0 110.42 0.0
S139417 66.4868 119.672 8.756e-17 6.974e-17 3.152e-17 0.0 110.59 0.0
S139418 66.5593 119.6215 6.126e-18 6.429e-18 5.089e-18 0.0 109.74 0.0
S139419 66.5543 119.6189 2.4470000000000003e-20 4.1180000000000003e-20 8.583000000000001e-20 0.0 109.63 0.0
S139420 66.4932 119.6828 3.286e-17 5.986e-17 1.526e-16 0.0 110.82 0.0
S139421 66.5537 119.6099 9.023e-22 1.87e-21 6.058e-21 0.0 109.64 0.0
S139422 66.4856 119.6961 2.854e-17 2.53e-17 1.455e-17 0.0 110.97 0.0
S139423 66.5551 119.6007 2.147e-17 3.443e-17 6.533e-17 0.0 109.38 0.0
S139424 66.4956 119.701 1.441e-17 1.425e-17 9.851e-18 0.0 111.11 0.0
S139425 66.4936 119.7041 1.035e-21 2.217e-21 8.08e-21 0.0 111.11 0.0
S139426 66.5454 119.5886 5.558e-18 5.547e-18 4.08e-18 0.0 109.19 0.0
S139427 66.5583 119.5838 2.385e-17 4.681e-17 1.398e-16 0.0 109.21 0.0
S139428 66.496 119.7182 1.303e-19 1.84e-19 2.697e-19 0.0 111.4 0.0
S139429 66.5024 119.7182 2.492e-21 1.838e-21 7.383999999999999e-22 0.0 111.5 0.0
S139430 66.494 119.7321 1.603e-17 1.473e-17 9.031e-18 0.0 111.52 0.0
S139431 66.4934 119.729 9.379e-17 1.686e-16 4.158e-16 0.0 111.43 0.0
S139432 66.5477 119.5682 9.088e-17 7.65e-17 4.013e-17 0.0 109.02 0.0
S139433 66.54 119.5501 1.5529999999999998e-22 3.8689999999999994e-22 1.876e-21 0.0 108.62 0.0
S139434 66.4998 119.7548 1.563e-22 4.587e-22 3.185e-21 0.0 111.73 0.0
S139435 66.4978 119.7438 2.013e-17 3.957e-17 1.143e-16 0.001 111.75 0.0
S139436 66.5394 119.5605 3.539e-20 5.633000000000001e-20 1.077e-19 0.0 108.61 0.0
S139437 66.5052 119.7458 9.273e-16 6.936e-16 2.727e-16 0.0 111.86 0.0
S139438 66.5082 119.7588 1.641e-21 3.203e-21 9.414e-21 0.0 111.99 0.0
S139439 66.5043 119.7604 3.313e-17 5.293e-17 1.049e-16 0.0 112.0 0.0
S139440 66.5298 119.5254 1.054e-16 8.746e-17 4.271e-17 0.0 108.27 0.0
S139441 66.5325 119.5214 3.324e-17 2.926e-17 1.655e-17 0.0 108.26 0.0
S139442 66.5308 119.5321 4.492e-17 3.858e-17 1.965e-17 0.0 108.35 0.0
S139443 66.5162 119.7808 4.452e-17 8.875e-17 2.681e-16 0.0 112.22 0.0
S139444 66.53 119.5306 1.896e-16 1.55e-16 7.641e-17 0.0 108.3 0.0
S139445 66.5219 119.7814 1.061e-16 8.79e-17 4.339e-17 0.0 112.27 0.0
S139446 66.5314 119.5179 2.002e-16 1.601e-16 7.406e-17 0.0 108.17 0.0
S139447 66.527 119.52 1.139e-17 1.101e-17 7.5e-18 0.0 108.17 0.0
S139448 66.5315 119.5188 4.259e-17 6.095e-17 9.49e-17 0.0 108.22 0.0
S139449 66.5168 119.7715 9.956e-16 7.21e-16 2.741e-16 0.0 112.4 0.0
S139450 66.5234 119.7823 2.872e-17 2.595e-17 1.504e-17 0.0 112.36 0.0
S139451 66.5156 119.5033 2.174e-17 4.441e-17 1.402e-16 0.0 107.84 0.0
S139452 66.513 119.5085 6.448e-18 6.576e-18 5.085e-18 0.0 108.02 0.0
S139453 66.5257 119.7817 4.09e-17 3.652e-17 2.118e-17 0.0 112.35 0.0
S139454 66.5292 119.7809 7.395000000000001e-21 1.299e-20 2.9490000000000005e-20 0.0 112.37 0.0
S139455 66.5143 119.4935 8.625e-17 7.242e-17 3.661e-17 0.001 107.88 0.0
S139456 66.5293 119.7999 1.037e-18 1.233e-18 1.261e-18 0.0 112.5 0.0
S139457 66.5103 119.4977 1.34e-16 2.032e-16 3.48e-16 0.0 107.89 0.0
S139458 66.5125 119.5175 3.2479999999999996e-22 7.788999999999999e-22 3.427e-21 0.0 107.98 0.0
S139459 66.5011 119.4721 2.525e-17 2.306e-17 1.385e-17 0.0 107.93 0.0
S139460 66.5379 119.7928 3.6080000000000004e-21 2.509e-21 8.829999999999998e-22 0.0 112.44 0.0
S139461 66.5062 119.5076 7.882e-13 5.229e-13 1.736e-13 0.0 107.95 0.0
S139462 66.5432 119.8108 1.173e-18 1.409e-18 1.426e-18 0.0 112.43 0.0
S139463 66.5415 119.8035 3.272e-17 2.861e-17 1.586e-17 0.0 112.45 0.0
S139464 66.5457 119.8147 2.694e-21 5.107e-21 1.415e-20 0.0 112.5 0.0
S139465 66.5417 119.7735 3.46e-19 4.865e-19 6.838e-19 0.0 112.36 0.0
S139466 66.4956 119.5032 1.914e-17 1.766e-17 1.113e-17 0.0 108.02 0.0
S139467 66.5527 119.7891 2.747e-17 5.184e-17 1.377e-16 0.0 112.31 0.0
S139468 66.493 119.5116 4.89e-19 6.296e-19 7.767e-19 0.0 108.1 0.0
S139469 66.4955 119.5268 9.003e-18 9.146e-18 6.738e-18 0.0 108.19 0.0
S139470 66.4884 119.524 1.372e-16 1.141e-16 5.803e-17 0.001 108.21 0.0
S139471 66.5493 119.7784 2.014e-12 1.441e-12 5.593e-13 0.0 112.21 0.0
S139472 66.5512 119.76 8.918e-18 8.707e-18 6.031e-18 0.0 112.04 0.0
S139473 66.4839 119.5196 1.186e-16 1.53e-16 1.942e-16 0.0 108.26 0.0
S139474 66.4876 119.5235 3.838e-16 1.182e-15 8.603e-15 0.0 108.3 1.0
S139475 66.558 119.7819 2.716e-19 3.47e-19 4.101e-19 0.0 112.05 0.0
S139476 66.4828 119.5167 2.986e-17 2.736e-17 1.725e-17 0.0 108.3 0.0
S139477 66.5586 119.7591 2.3e-17 2.289e-17 1.583e-17 0.0 111.88 0.0
S139478 66.5634 119.7638 8.027e-20 1.222e-19 2.088e-19 0.0 111.89 0.0
S139479 66.481 119.5471 6.298000000000001e-20 9.472000000000001e-20 1.585e-19 0.0 108.64 0.0
S139480 66.5605 119.7364 3.446e-17 6.268e-17 1.564e-16 0.0 111.71 0.0
S139481 66.5584 119.7316 3.553e-19 4.786e-19 6.141e-19 0.0 111.55 0.0
S139482 66.5613 119.7372 1.543e-12 1.398e-12 8.476e-13 0.0 111.6 1.0
S139483 66.4745 119.5658 5.081e-17 8.771e-17 1.945e-16 0.0 108.92 0.0
S139484 66.5607 119.7312 2.952e-18 3.257e-18 2.992e-18 0.0 111.51 0.0
S139485 66.571 119.7263 7.72e-16 5.7e-16 2.307e-16 0.0 111.28 0.0
S139486 66.4739 119.5738 6.898e-18 7.056e-18 5.395e-18 0.0 109.09 0.0
S139487 66.4772 119.5878 5.121e-16 3.839e-16 1.566e-16 0.0 109.23 0.0
S139488 66.4736 119.5696 9.813e-17 7.942e-17 3.846e-17 0.0 109.12 0.0
S139489 66.5726 119.7201 1.993e-18 2.186e-18 1.982e-18 0.0 111.21 0.0
S139490 66.4749 119.5943 1.455e-17 1.355e-17 8.295e-18 0.0 109.31 0.0
S139491 66.5726 119.6989 8.528e-20 1.297e-19 2.254e-19 0.0 110.94 0.0
S139492 66.4731 119.616 5.0119999999999995e-23 1.2039999999999998e-22 5.363e-22 0.0 109.76 0.0
S139493 66.4777 119.6053 1.594e-21 3.348e-21 1.1310000000000001e-20 0.0 109.43 0.0
S139494 66.4718 119.608 7.291e-18 7.456e-18 5.923e-18 0.0 109.56 0.0
S139495 66.5719 119.6738 4.537e-18 4.781e-18 3.721e-18 0.0 110.56 0.0
S139496 66.5734 119.682 2.601e-18 2.827e-18 2.374e-18 0.0 110.72 0.0
S139497 66.4782 119.6265 2.429e-17 4.338e-17 1.015e-16 0.0 109.82 0.0
S139498 66.5647 119.6655 9.014e-16 7.043e-16 3.059e-16 0.0 110.47 1.0
S139499 66.4753 119.6367 8.881e-22 1.985e-21 7.482e-21 0.0 109.94 0.0
S139500 66.4692 119.6519 5.256e-15 3.532e-15 1.206e-15 0.0 110.22 0.0
S139501 66.5662 119.6497 2.3139999999999998e-22 5.395999999999999e-22 2.181e-21 0.0 110.27 0.0
S139502 66.568 119.6412 1.817e-23 5.772e-23 4.492999999999999e-22 0.0 110.11 0.0
S139503 66.5619 119.64 1.474e-12 1.192e-12 5.725e-13 0.0 110.08 1.0
S139504 66.4831 119.663 4.82e-17 4.298e-17 2.392e-17 0.0 110.38 0.0
S139505 66.5653 119.6231 1.534e-21 3.479e-21 1.357e-20 0.0 109.85 0.0
S139506 66.4678 119.6874 9.566e-17 8.415e-17 4.877e-17 0.0 110.61 0.0
S139507 66.4679 119.6913 8.698e-19 1.071e-18 1.161e-18 0.0 110.63 0.0
S139508 66.5651 119.6041 1.672e-16 1.353e-16 6.596e-17 0.0 109.63 0.0
S139509 66.5602 119.5997 6.111e-17 5.243e-17 2.719e-17 0.0 109.53 0.0
S139510 66.4771 119.7048 5.134e-24 1.717e-23 1.4909999999999999e-22 0.0 110.94 0.0
S139511 66.4767 119.7137 2.705e-15 1.878e-15 6.371e-16 0.0 111.03 0.0
S139512 66.5629 119.584 1.2119999999999998e-22 3.0709999999999997e-22 1.482e-21 0.0 109.37 0.0
S139513 66.5622 119.5735 3.215e-20 5.1320000000000004e-20 9.536e-20 0.0 109.2 0.0
S139514 66.4849 119.723 3.759e-17 3.253e-17 1.832e-17 0.0 111.19 0.0
S139515 66.4875 119.7305 1.02e-21 2.123e-21 6.951e-21 0.0 111.26 0.0
S139516 66.5561 119.5619 3.241e-21 2.285e-21 8.046e-22 0.0 109.03 0.0
S139517 66.5579 119.556 1.1719999999999999e-23 4.348e-23 4.830999999999999e-22 0.0 108.93 0.0
S139518 66.4843 119.7452 9.745e-21 1.7160000000000003e-20 4.05e-20 0.0 111.47 0.0
S139519 66.4895 119.7453 1.504e-22 4.2049999999999995e-22 2.48e-21 0.0 111.59 0.0
S139520 66.4906 119.7533 7.982e-13 5.628e-13 2.018e-13 0.0 111.55 0.0
S139521 66.4927 119.7715 2.493e-18 2.801e-18 2.632e-18 0.0 111.68 0.0
S139522 66.5532 119.5299 2.623e-15 1.911e-15 7.179e-16 0.0 108.62 0.0
S139523 66.5507 119.5306 4.327e-17 6.458e-17 1.091e-16 0.0 108.66 0.0
S139524 66.4939 119.7655 8.378e-19 9.692e-19 9.4e-19 0.0 111.75 0.0
S139525 66.5019 119.7687 1.678e-25 8.408e-25 1.7279999999999998e-23 0.0 111.96 0.0
S139526 66.4995 119.7978 1.207e-22 3.2109999999999996e-22 1.827e-21 0.0 111.93 0.0
S139527 66.5458 119.5213 4.268e-16 3.199e-16 1.301e-16 0.0 108.58 0.0
S139528 66.5409 119.4936 1.72e-15 1.309e-15 5.277e-16 0.0 108.23 0.0
S139529 66.5045 119.7995 2.6770000000000002e-20 4.5730000000000004e-20 1.023e-19 0.0 112.05 0.0
S139530 66.5112 119.7839 7.098e-19 9.162e-19 1.064e-18 0.0 112.18 0.0
S139531 66.5285 119.4962 1.474e-17 1.405e-17 9.195e-18 0.0 108.18 0.0
S139532 66.5317 119.508 1.026e-19 1.565e-19 2.703e-19 0.0 108.18 0.0
S139533 66.5077 119.8067 3.814e-25 1.952e-24 4.072e-23 0.0 112.33 0.0
S139534 66.5153 119.8055 2.314e-17 4.762e-17 1.552e-16 0.0 112.31 0.0
S139535 66.5317 119.4827 9.185e-19 1.103e-18 1.148e-18 0.0 108.06 0.0
S139536 66.5154 119.8122 1.443e-18 1.705e-18 1.694e-18 0.0 112.33 0.0
S139537 66.5219 119.4881 6.868e-21 1.2600000000000002e-20 3.147e-20 0.0 107.97 0.0
S139538 66.5228 119.8129 2.525e-21 4.683e-21 1.2410000000000002e-20 0.0 112.34 0.0
S139539 66.5147 119.4676 1.872e-17 3.864e-17 1.266e-16 0.0 107.91 0.0
S139540 66.5164 119.4821 7.308e-16 5.494e-16 2.236e-16 0.001 107.89 0.0
S139541 66.5271 119.8246 2.301e-16 1.769e-16 7.751e-17 0.0 112.45 1.0
S139542 66.5097 119.4666 1.321e-17 1.268e-17 8.439e-18 0.0 107.93 0.0
S139543 66.5366 119.8381 6.764e-18 6.82e-18 5.058e-18 0.0 112.5 0.0
S139544 66.5351 119.8284 2.057e-16 1.687e-16 8.125e-17 0.0 112.49 0.0
S139545 66.5101 119.4663 1.136e-19 1.693e-19 2.857e-19 0.0 107.85 0.0
S139546 66.5401 119.8374 1.342e-15 1.036e-15 4.406e-16 0.0 112.43 0.0
S139547 66.5045 119.4704 4.113e-16 3.158e-16 1.303e-16 0.0 107.95 1.0
S139548 66.5473 119.8317 1.246e-17 1.208e-17 7.97e-18 0.0 112.45 0.0
S139549 66.5387 119.8134 3.529e-16 2.813e-16 1.25e-16 0.0 112.5 1.0
S139550 66.552 119.8409 8.575e-17 1.256e-16 1.984e-16 0.0 112.41 0.0
S139551 66.4937 119.4716 3.573e-21 2.468e-21 8.787e-22 0.0 107.92 0.0
S139552 66.5431 119.8078 4.553e-21 3.053e-21 1.025e-21 0.0 112.35 0.0
S139553 66.485 119.439 2.35e-15 1.718e-15 6.429e-16 0.0 108.03 0.0
S139554 66.4956 119.486 2.0219999999999998e-22 5.574999999999999e-22 3.351e-21 0.0 108.05 0.0
S139555 66.4893 119.4856 3.837e-19 4.633e-19 4.843e-19 0.0 108.03 0.0
S139556 66.4853 119.4622 2.574e-17 4.176e-17 8.235e-17 0.0 108.11 0.0
