Name Equatorial Polar BlueF GreenF RedF Parallax RadialVelocity Variable?
S383474 81.1588 103.5044 2.975e-17 5.145e-17 1.125e-16 0.0 128.99 0.0
S383475 81.1584 103.5069 7.571e-19 8.856e-19 8.777e-19 0.0 127.83 0.0
S383476 81.1423 103.5657 1.681e-19 2.176e-19 2.599e-19 0.0 125.69 0.0
S383477 81.1782 103.4975 4.852e-21 8.47e-21 1.949e-20 0.0 128.38 0.0
S383478 81.1617 103.508 5.0840000000000004e-20 7.380000000000001e-20 1.14e-19 0.0 127.75 0.0
S383479 81.1566 103.5376 2.23e-18 2.247e-18 1.683e-18 0.0 125.97 0.0
S383480 81.1994 103.511 2.904e-17 2.525e-17 1.342e-17 0.0 127.81 0.0
S383481 81.1469 103.5281 3.325e-18 3.271e-18 2.256e-18 0.0 126.39 0.0
S383482 81.1621 103.5396 3.672e-23 1.0359999999999999e-22 6.374999999999999e-22 0.0 126.22 0.0
S383483 81.1573 103.4934 1.474e-22 3.5169999999999997e-22 1.61e-21 0.0 128.65 0.0
S383484 81.1595 103.4994 1.8720000000000002e-20 2.851e-20 5.0200000000000005e-20 0.0 128.78 0.0
S383485 81.1718 103.5728 3.9159999999999996e-22 9.119e-22 3.707e-21 0.0 126.08 0.0
S383486 81.1672 103.4753 3.631e-20 5.594000000000001e-20 9.803000000000001e-20 0.0 129.69 0.0
S383487 81.1605 103.506 5.103e-18 4.978e-18 3.547e-18 0.0 128.31 0.0
S383488 81.1582 103.5499 8.955000000000001e-20 1.203e-19 1.664e-19 0.0 125.82 0.0
S383489 81.1615 103.4905 1.4569999999999998e-22 3.5239999999999997e-22 1.582e-21 0.0 128.88 0.0
S383490 81.1593 103.5184 4.662e-18 4.58e-18 3.04e-18 0.0 126.79 0.0
S383491 81.1609 103.5069 1.2059999999999999e-23 3.475e-23 2.3139999999999998e-22 0.0 128.03 0.0
S383492 81.1586 103.5189 9.733e-18 1.372e-17 2.032e-17 0.0 126.8 0.0
S383493 81.164 103.4685 8.991e-21 1.46e-20 2.8470000000000004e-20 0.0 129.68 0.0
S383494 81.1646 103.5209 6.741e-20 9.601e-20 1.437e-19 0.0 126.74 0.0
S383495 81.1639 103.5081 1.774e-20 2.691e-20 4.4970000000000004e-20 0.0 128.2 0.0
S383496 81.1605 103.51 3.849e-24 1.1809999999999999e-23 8.693999999999999e-23 0.0 127.03 0.0
S383497 81.1769 103.4943 1.687e-18 1.85e-18 1.64e-18 0.0 128.75 0.0
S383498 81.1536 103.493 4.306e-19 5.317e-19 5.669e-19 0.0 128.84 0.0
S383499 81.1185 103.4806 1.051e-21 2.248e-21 7.568e-21 0.0 128.19 0.0
S383500 81.1405 103.5925 4.232e-22 9.337999999999999e-22 3.334e-21 0.0 125.45 0.0
S383501 81.1573 103.5075 1.268e-20 2.0720000000000002e-20 4.314e-20 0.0 126.59 0.0
S383502 81.1619 103.5169 8.014e-23 1.9999999999999999e-22 9.729999999999999e-22 0.0 126.6 0.0
S383503 81.1945 103.4171 1.27e-22 3.0629999999999997e-22 1.411e-21 0.0 129.92 0.0
S383504 81.13 103.5048 4.88e-19 5.812e-19 5.906e-19 0.0 127.66 0.0
S383505 81.1713 103.5078 1.631e-21 3.174e-21 9.156e-21 0.0 128.02 0.0
S383506 81.153 103.476 5.125e-19 6.266e-19 6.484e-19 0.0 128.94 0.0
S383507 81.152 103.5134 2.187e-20 3.518e-20 6.743e-20 0.0 127.28 0.0
S383508 81.1598 103.5106 4.2060000000000005e-20 6.082000000000001e-20 9.560000000000001e-20 0.0 126.55 0.0
S383509 81.1435 103.4749 7.799000000000001e-20 1.029e-19 1.349e-19 0.0 128.77 0.0
S383510 81.1599 103.5121 7.222e-19 7.732e-19 6.133e-19 0.0 126.59 0.0
S383511 81.1523 103.5038 2.582e-22 5.423e-22 1.868e-21 0.0 128.66 0.0
S383512 81.1272 103.512 2.014e-21 3.988e-21 1.1740000000000001e-20 0.0 127.51 0.0
S383513 81.1571 103.5075 1.2080000000000001e-21 8.628999999999999e-22 3.0999999999999997e-22 0.0 127.65 0.0
S383514 81.155 103.5191 2.016e-23 5.481999999999999e-23 3.177e-22 0.0 126.44 0.0
S383515 81.1446 103.6034 1.6540000000000001e-21 1.138e-21 4.0499999999999996e-22 0.0 125.49 0.0
S383516 81.1711 103.4818 1.232e-22 3.1419999999999995e-22 1.587e-21 0.0 129.41 0.0
S383517 81.1819 103.5398 6.236e-19 7.034e-19 6.471e-19 0.0 126.96 0.0
S383518 81.159 103.5078 4.66e-23 1.2189999999999998e-22 6.372999999999999e-22 0.0 127.45 0.0
S383519 81.1604 103.506 8.499e-23 2.1169999999999997e-22 1.0150000000000001e-21 0.0 129.01 0.0
S383520 81.1574 103.4666 4.378e-22 9.363999999999998e-22 3.2130000000000002e-21 0.0 129.38 0.0
S383521 81.1821 103.4772 2.828e-21 5.252e-21 1.3990000000000002e-20 0.0 128.96 0.0
S383522 81.1699 103.5105 2.7959999999999996e-23 7.503999999999999e-23 4.1969999999999995e-22 0.0 127.77 0.0
S383523 81.1752 103.4847 1.7e-21 1.197e-21 4.1959999999999994e-22 0.0 129.23 0.0
S383524 81.1623 103.5143 1.642e-19 2.167e-19 2.849e-19 0.0 127.2 0.0
S383525 81.1694 103.5368 1.0570000000000001e-20 1.7310000000000002e-20 3.452e-20 0.0 126.72 0.0
S383526 81.1657 103.484 2.3140000000000002e-20 3.5310000000000003e-20 6.147e-20 0.001 129.3 0.0
S383527 81.1649 103.4992 9.73e-18 9.135e-18 5.977e-18 0.0 128.52 0.0
S383528 81.1579 103.5244 4.9990000000000004e-21 8.639e-21 1.8860000000000002e-20 0.0 126.44 0.0
S383529 81.1589 103.5076 2.429e-22 5.865e-22 2.734e-21 0.001 127.53 0.0
S383530 81.1661 103.482 8.997e-24 2.546e-23 1.5899999999999998e-22 0.0 129.43 0.0
S383531 81.1679 103.4996 3.607e-21 6.744e-21 1.825e-20 0.0 128.79 0.0
S383532 81.154 103.5066 6.466999999999999e-23 1.6349999999999998e-22 7.979999999999999e-22 0.0 127.75 0.0
S383533 81.1344 103.5576 1.968e-21 1.344e-21 4.503999999999999e-22 0.0 125.74 0.0
S383534 81.155 103.5016 1.2419999999999998e-22 3.1089999999999998e-22 1.463e-21 0.0 128.62 0.0
S383535 81.1476 103.4484 5.666999999999999e-22 1.16e-21 3.753e-21 0.0 129.18 0.0
S383536 81.1662 103.5088 2.269e-19 2.782e-19 3.06e-19 0.0 127.74 0.0
S383537 81.1236 103.4835 1.434e-26 9.111000000000001e-26 3.073e-24 0.0 128.05 0.0
S383538 81.1635 103.5087 2.13e-25 1.053e-24 2.073e-23 0.0 127.26 0.0
S383539 81.1606 103.4988 2.237e-18 2.411e-18 1.984e-18 0.001 128.64 0.0
S383540 81.1564 103.5377 1.022e-18 1.184e-18 1.171e-18 0.0 125.91 0.0
S383541 81.1614 103.5053 2.629e-17 2.15e-17 1.074e-17 0.0 129.03 0.0
S383542 81.1746 103.4666 5.383e-23 1.3349999999999999e-22 6.427e-22 0.0 129.8 0.0
S383543 81.1564 103.5421 2.4580000000000002e-21 4.578e-21 1.201e-20 0.0 125.93 0.0
S383544 81.1438 103.5407 2.605e-23 7.829e-23 5.629e-22 0.0 125.99 0.0
S383545 81.1439 103.5071 1.0629999999999998e-22 2.562e-22 1.178e-21 0.0 127.69 0.0
S383546 81.1604 103.4832 2.2e-21 1.4340000000000001e-21 4.542e-22 0.0 129.24 0.0
S383547 81.167 103.5617 5.643999999999999e-23 1.303e-22 5.423e-22 0.001 126.2 0.0
S383548 81.1774 103.5295 6.665e-22 1.519e-21 5.865e-21 0.0 127.05 0.0
S383549 81.1633 103.5074 1.697e-22 3.6789999999999996e-22 1.362e-21 0.0 128.0 0.0
S383550 81.1427 103.5257 2.53e-17 6.162e-17 2.743e-16 0.0 126.93 1.0
S383551 81.1569 103.4934 2.645e-23 7.551e-23 4.777e-22 0.0 128.72 0.0
S383552 81.1681 103.4954 1.322e-21 9.503e-22 3.4249999999999995e-22 0.0 128.58 0.0
S383553 81.1641 103.5242 3.555e-13 2.391e-13 8.243e-14 0.0 126.78 0.0
S383554 81.1666 103.5022 2.033e-13 1.387e-13 4.745e-14 0.0 128.27 0.0
S383555 81.1741 103.4659 2.419e-23 6.916e-23 4.306e-22 0.0 129.64 0.0
S383556 81.1485 103.5681 2.987e-19 3.596e-19 3.725e-19 0.0 125.65 0.0
S383557 81.1599 103.469 1.6480000000000002e-20 2.5690000000000002e-20 4.5870000000000004e-20 0.0 129.56 0.0
S383558 81.1612 103.5075 7.72e-23 1.997e-22 1.0150000000000001e-21 0.0 128.86 0.0
S383559 81.1604 103.5061 8.812e-25 3.548e-24 4.6129999999999996e-23 0.0 128.54 0.0
S383560 81.1404 103.5697 4.592e-22 1.08e-21 4.539e-21 0.0 125.76 0.0
S383561 81.1626 103.5134 1.645e-18 1.698e-18 1.306e-18 0.0 127.12 0.0
S383562 81.1698 103.5058 2.1400000000000003e-20 3.348e-20 6.085000000000001e-20 0.001 128.89 0.0
S383563 81.1927 103.4726 1.501e-21 1.039e-21 3.6909999999999994e-22 0.0 128.85 0.0
S383564 81.1591 103.4875 3.494e-19 4.2e-19 4.497e-19 0.0 129.39 0.0
S383565 81.1541 103.5031 1.287e-19 1.678e-19 2.093e-19 0.0 128.33 0.0
S383566 81.1539 103.5157 1.678e-19 2.167e-19 2.642e-19 0.0 126.66 0.0
S383567 81.1412 103.4778 7.882e-19 8.938e-19 8.024e-19 0.0 128.47 0.0
S383568 81.1553 103.5072 3.319e-23 1.0259999999999999e-22 7.959e-22 0.0 126.77 0.0
S383569 81.1642 103.5025 1.203e-22 2.8029999999999997e-22 1.166e-21 0.0 128.12 0.0
S383570 81.0815 103.6712 2.003e-17 3.55e-17 8.717e-17 0.0 125.79 0.0
S383571 81.1771 103.4801 3.581e-23 9.8e-23 5.661999999999999e-22 0.0 129.56 0.0
S383572 81.1739 103.5313 8.554e-23 2.1149999999999999e-22 1.002e-21 0.0 126.94 0.0
S383573 81.1568 103.5147 2.643e-17 5.305e-17 1.577e-16 0.0 127.08 0.0
S383574 81.1581 103.4997 7.336e-23 1.9349999999999997e-22 1.04e-21 0.0 128.49 0.0
S383575 81.1509 103.5597 2.719e-23 7.841e-23 5.321999999999999e-22 0.0 125.55 0.0
S383576 81.1657 103.5015 1.867e-23 5.492e-23 3.6799999999999997e-22 0.0 128.91 0.0
S383577 81.1614 103.5044 6.778999999999999e-23 1.8309999999999997e-22 1.029e-21 0.0 128.95 0.0
S383578 81.1555 103.4964 1.083e-17 9.073e-18 4.584e-18 0.0 128.48 0.0
S383579 81.1319 103.5441 1.457e-21 2.996e-21 9.557000000000001e-21 0.0 126.25 0.0
S383580 81.1553 103.5017 1.25e-16 9.245e-17 3.75e-17 0.0 128.09 0.0
S383581 81.1359 103.5224 1.523e-17 1.34e-17 7.478e-18 0.0 127.12 0.0
S383582 81.1643 103.5023 2.613e-23 7.864999999999999e-23 5.738999999999999e-22 0.0 128.86 0.0
S383583 81.1485 103.5074 7.194e-23 1.86e-22 9.964999999999999e-22 0.0 127.66 0.0
S383584 81.1608 103.5076 5.844999999999999e-22 1.326e-21 5.031e-21 0.0 127.9 0.0
S383585 81.1538 103.6273 4.802e-18 4.67e-18 3.144e-18 0.0 125.58 0.0
S383586 81.1529 103.4938 8.981999999999999e-22 1.8160000000000002e-21 5.527e-21 0.0 128.53 0.0
S383587 81.158 103.4957 1.186e-23 3.512e-23 2.4829999999999996e-22 0.0 129.05 0.0
S383588 81.1724 103.4819 4.002e-22 8.61e-22 3.036e-21 0.0 129.2 0.0
S383589 81.1415 103.5681 1.144e-21 8.336999999999999e-22 3.097e-22 0.0 125.81 0.0
S383590 81.1545 103.5234 8.003e-18 7.292e-18 4.284e-18 0.0 126.45 0.0
S383591 81.149 103.4872 5.081e-21 9.443e-21 2.405e-20 0.0 128.39 0.0
S383592 81.1583 103.5052 2.2469999999999997e-22 5.551e-22 2.6e-21 0.0 128.52 0.0
S383593 81.1583 103.5068 5.799e-26 2.934e-25 6.421e-24 0.0 127.86 0.0
S383594 81.2097 103.4715 5.586e-21 9.724e-21 2.302e-20 0.0 128.65 0.0
S383595 81.1201 103.6614 1.615e-17 1.499e-17 9.335e-18 0.0 125.36 0.0
S383596 81.149 103.5352 9.057e-23 2.562e-22 1.593e-21 0.0 126.33 0.0
S383597 81.1557 103.5058 3.718e-20 5.433e-20 8.466000000000001e-20 0.0 128.23 0.0
S383598 81.1903 103.5023 7.058e-21 1.192e-20 2.6610000000000003e-20 0.0 128.09 0.0
S383599 81.153 103.5375 1.465e-17 2.506e-17 5.521e-17 0.0 125.97 0.0
S383600 81.1592 103.5091 1.483e-21 2.978e-21 9.236e-21 0.0 127.58 0.0
S383601 81.1617 103.5242 2.844e-22 5.997e-22 1.998e-21 0.0 126.84 0.0
S383602 81.162 103.5138 2.341e-21 4.087e-21 9.623e-21 0.0 126.58 0.0
S383603 81.1863 103.4654 5.819e-22 1.357e-21 5.778e-21 0.0 129.46 0.0
S383604 81.2134 103.4327 1.951e-23 5.1789999999999997e-23 2.793e-22 0.001 129.38 0.0
S383605 81.149 103.5291 2.941e-22 6.358999999999999e-22 2.282e-21 0.0 126.26 0.0
S383606 81.1504 103.5177 3.787e-19 4.592e-19 5.127e-19 0.0 126.68 0.0
S383607 81.1711 103.5041 1.003e-24 3.778e-24 4.283e-23 0.0 128.29 0.0
S383608 81.1545 103.5142 1.6610000000000003e-20 2.6730000000000002e-20 5.1470000000000003e-20 0.0 126.78 0.0
S383609 81.1636 103.4721 3.877e-21 7.118e-21 1.833e-20 0.0 129.49 0.0
S383610 81.1827 103.5464 2.551e-23 6.469e-23 3.303e-22 0.0 126.76 0.0
S383611 81.1794 103.444 6.816e-19 7.804e-19 7.631e-19 0.0 129.89 0.0
S383612 81.1635 103.4949 9.892e-22 1.948e-21 5.649e-21 0.0 129.05 0.0
S383613 81.1573 103.4833 1.483e-19 1.895e-19 2.244e-19 0.0 129.06 0.0
S383614 81.197 103.4234 2.275e-21 1.488e-21 4.6579999999999995e-22 0.0 129.83 0.0
S383615 81.1464 103.5057 1.039e-19 1.453e-19 2.057e-19 0.0 127.7 0.0
S383616 81.1529 103.4639 1.624e-19 1.957e-19 2.153e-19 0.0 129.35 0.0
S383617 81.1572 103.5397 8.32e-23 2.229e-22 1.243e-21 0.0 125.95 0.0
S383618 81.1736 103.5342 1.149e-21 2.316e-21 6.892e-21 0.0 126.81 0.0
S383619 81.1586 103.4944 5.584e-19 6.345e-19 6.018e-19 0.0 128.81 0.0
S383620 81.1548 103.4784 1.946e-23 4.7849999999999996e-23 2.2749999999999996e-22 0.0 129.44 0.0
S383621 81.1584 103.5049 2.95e-17 6.064e-17 1.936e-16 0.0 128.91 0.0
S383622 81.1605 103.5005 6.203e-19 7.205e-19 7.074e-19 0.0 128.44 0.0
S383623 81.1292 103.5857 2.919e-23 8.483e-23 5.762e-22 0.0 125.6 0.0
S383624 81.1551 103.4847 1.6300000000000001e-21 1.136e-21 3.876e-22 0.0 128.95 0.0
S383625 81.1663 103.4388 3.102e-18 3.221e-18 2.49e-18 0.0 129.79 0.0
S383626 81.1678 103.494 7.007e-19 8.081e-19 8.049e-19 0.0 128.76 0.0
S383627 81.1678 103.4433 1.412e-24 4.563e-24 3.8459999999999996e-23 0.0 129.84 0.0
S383628 81.1527 103.5372 3.514e-23 8.497999999999999e-23 3.9729999999999994e-22 0.0 125.96 0.0
S383629 81.1463 103.5187 5.435999999999999e-23 1.1749999999999998e-22 4.283999999999999e-22 0.0 126.98 0.0
S383630 81.1057 103.5877 8.63e-23 2.256e-22 1.19e-21 0.0 126.1 0.0
S383631 81.1686 103.5163 4.4620000000000004e-20 6.471000000000001e-20 1.017e-19 0.0 127.21 0.0
S383632 81.1818 103.5071 9.365e-24 2.8159999999999997e-23 2.0109999999999999e-22 0.0 127.98 0.0
S383633 81.1701 103.5113 1.708e-19 2.155e-19 2.535e-19 0.0 127.64 0.0
S383634 81.1707 103.5147 2.71e-22 6.46e-22 2.808e-21 0.0 127.43 0.0
S383635 81.1866 103.4323 1.491e-19 1.869e-19 2.222e-19 0.0 129.9 0.0
S383636 81.1586 103.5117 4.9379999999999996e-23 1.296e-22 7.0349999999999995e-22 0.0 126.51 0.0
S383637 81.1645 103.5353 6.418999999999999e-22 1.274e-21 3.693e-21 0.0 126.39 0.0
S383638 81.159 103.5064 3.732e-21 7.343e-21 2.1090000000000003e-20 0.0 127.96 0.0
S383639 81.1922 103.4375 1.796e-17 1.644e-17 1.003e-17 0.0 129.51 1.0
S383640 81.0825 103.5938 1.9829999999999998e-23 5.555e-23 3.453e-22 0.0 126.53 0.0
S383641 81.1609 103.5068 3.073e-21 5.2840000000000004e-21 1.1890000000000002e-20 0.0 128.31 0.0
S383642 81.1771 103.4999 1.1079999999999998e-22 2.984e-22 1.656e-21 0.0 128.44 0.0
S383643 81.1731 103.4817 9.981e-22 2.0300000000000002e-21 6.527e-21 0.0 129.56 0.0
S383644 81.1565 103.5069 2.315e-19 2.884e-19 3.313e-19 0.0 127.4 0.0
S383645 81.1359 103.5353 2.716e-17 2.313e-17 1.208e-17 0.0 126.41 0.0
S383646 81.1639 103.4919 1.543e-17 1.401e-17 8.19e-18 0.0 129.21 0.0
S383647 81.1604 103.4964 3.0060000000000004e-20 4.4910000000000003e-20 7.167e-20 0.0 129.06 0.0
S383648 81.1807 103.4475 1.03e-24 3.709e-24 3.9269999999999996e-23 0.0 129.94 0.0
S383649 81.1578 103.4815 3.491e-18 3.597e-18 2.665e-18 0.0 129.3 0.0
S383650 81.1618 103.5061 2.782e-20 4.1560000000000006e-20 7.009000000000001e-20 0.0 128.66 0.0
S383651 81.116 103.6025 8.964e-25 3.473e-24 4.3199999999999995e-23 0.0 125.67 0.0
S383652 81.1597 103.5152 9.049e-18 1.477e-17 2.966e-17 0.0 126.84 0.0
S383653 81.1998 103.3379 1.126e-17 9.777e-18 5.403e-18 0.0 130.16 0.0
S383654 81.2057 103.3638 4.072e-20 5.531e-20 7.478e-20 0.0 130.06 0.0
S383655 81.1616 103.5145 3.302e-18 3.287e-18 2.422e-18 0.0 126.75 0.0
S383656 81.1545 103.5314 1.28e-22 2.7129999999999996e-22 9.392999999999998e-22 0.0 126.09 0.0
S383657 81.1549 103.5072 8.873e-18 8.152e-18 4.905e-18 0.0 127.53 0.0
S383658 81.1505 103.5071 2.074e-19 2.633e-19 3.065e-19 0.0 127.7 0.0
S383659 81.1633 103.496 4.093e-18 4.078e-18 2.834e-18 0.0 129.03 0.0
S383660 81.1633 103.5103 1.153e-23 3.662e-23 2.9429999999999996e-22 0.0 127.5 0.0
S383661 81.1669 103.5165 6.892e-21 1.204e-20 2.717e-20 0.0 127.14 0.0
S383662 81.1453 103.5409 3.678e-24 1.1019999999999999e-23 7.541999999999999e-23 0.0 126.18 0.0
S383663 81.1336 103.5232 7.635e-21 1.2720000000000002e-20 2.6160000000000004e-20 0.0 127.03 0.0
S383664 81.1538 103.5233 7.475e-21 1.2860000000000001e-20 2.802e-20 0.0 126.51 0.0
S383665 81.1674 103.4007 3.229e-22 7.159999999999999e-22 2.766e-21 0.0 129.95 0.0
S383666 81.164 103.4901 1.0379999999999999e-22 2.4519999999999996e-22 1.035e-21 0.0 129.2 0.0
S383667 81.1614 103.4632 8.494e-21 1.426e-20 2.907e-20 0.0 129.75 0.0
S383668 81.1742 103.5172 7.382e-20 1.006e-19 1.409e-19 0.0 127.32 0.0
S383669 81.1589 103.4886 1.076e-22 2.184e-22 7.193999999999999e-22 0.0 129.02 0.0
S383670 81.166 103.4956 7.535e-23 1.8649999999999998e-22 8.777999999999999e-22 0.0 129.11 0.0
S383671 81.1169 103.5967 2.301e-20 3.355e-20 5.3810000000000004e-20 0.0 125.91 0.0
S383672 81.1631 103.4817 6.141999999999999e-22 1.305e-21 4.5000000000000004e-21 0.0 129.42 0.0
S383673 81.1527 103.5036 2.593e-18 2.576e-18 1.786e-18 0.0 128.03 0.0
S383674 81.1684 103.5465 7.394e-21 1.2960000000000002e-20 3.062e-20 0.0 126.23 0.0
S383675 81.1558 103.5281 2.838e-23 7.506999999999999e-23 4.1919999999999997e-22 0.0 126.19 0.0
S383676 81.1619 103.5088 5.945e-13 4.56e-13 1.886e-13 0.0 127.65 1.0
S383677 81.1542 103.5092 1.94e-21 1.301e-21 4.238999999999999e-22 0.0 127.5 0.0
S383678 81.1722 103.4856 1.088e-17 1.847e-17 4.031e-17 0.0 129.23 0.0
S383679 81.1457 103.5323 2.968e-23 8.233e-23 4.947e-22 0.0 126.29 0.0
S383680 81.1286 103.5466 6.667e-23 1.6769999999999999e-22 8.064999999999999e-22 0.0 126.22 0.0
S383681 81.1594 103.5092 1.136e-25 5.611000000000001e-25 1.118e-23 0.0 126.5 0.0
S383682 81.1541 103.5053 4.547e-20 6.703e-20 1.071e-19 0.0 128.27 1.0
S383683 81.1452 103.5559 5.773e-22 1.166e-21 3.671e-21 0.0 125.72 0.0
S383684 81.1508 103.5083 2.673e-21 5.037e-21 1.3720000000000002e-20 0.0 127.29 0.0
S383685 81.1356 103.4795 7.104999999999999e-22 1.475e-21 4.756e-21 0.0 128.45 0.0
S383686 81.2008 103.5343 1.3499999999999999e-22 3.2719999999999997e-22 1.509e-21 0.0 127.42 0.0
S383687 81.1391 103.536 4.243e-22 9.054e-22 3.077e-21 0.0 126.41 0.0
S383688 81.1498 103.5896 3.121e-18 3.053e-18 2.159e-18 0.0 125.48 0.0
S383689 81.1564 103.5093 1.466e-23 4.5939999999999997e-23 3.4799999999999997e-22 0.0 127.28 0.0
S383690 81.1593 103.4967 1.102e-17 9.863e-18 5.738e-18 0.0 128.71 0.0
S383691 81.1522 103.4927 1.325e-22 2.8759999999999996e-22 1.041e-21 0.0 128.54 0.0
S383692 81.1571 103.5012 1.912e-19 2.531e-19 3.249e-19 0.0 128.41 0.0
S383693 81.1748 103.4827 1.3299999999999998e-23 3.776e-23 2.5069999999999997e-22 0.0 129.25 0.0
S383694 81.1563 103.507 1.553e-23 4.0899999999999997e-23 2.132e-22 0.0 127.03 0.0
S383695 81.1596 103.5008 3.7819999999999996e-22 8.487e-22 3.289e-21 0.0 128.2 0.0
S383696 81.1597 103.5243 2.1000000000000002e-20 3.355e-20 6.444e-20 0.0 126.37 0.0
S383697 81.1572 103.4925 1.898e-21 3.661e-21 1.0330000000000001e-20 0.0 129.04 0.0
S383698 81.1391 103.5007 1.397e-23 4e-23 2.6469999999999997e-22 0.0 127.89 0.0
S383699 81.1692 103.5013 1.408e-21 9.952e-22 3.549e-22 0.0 128.31 0.0
S383700 81.17 103.5337 3.34e-19 4.221e-19 4.798e-19 0.0 126.79 0.0
S383701 81.152 103.525 9.933e-23 2.4819999999999996e-22 1.2e-21 0.0 126.25 0.0
S383702 81.1489 103.5191 1.445e-19 1.999e-19 2.911e-19 0.0 126.65 0.0
S383703 81.1596 103.4975 1.2600000000000002e-20 2.05e-20 3.8970000000000003e-20 0.0 128.47 0.0
S383704 81.1634 103.4929 5.955e-23 1.533e-22 8.009999999999999e-22 0.0 129.01 0.0
S383705 81.1333 103.4945 3.541e-18 3.505e-18 2.472e-18 0.0 128.3 0.0
S383706 81.1303 103.5075 1.4880000000000001e-25 6.808e-25 1.156e-23 0.0 127.37 0.0
S383707 81.1539 103.5034 2.655e-18 2.791e-18 2.178e-18 0.0 128.22 0.0
S383708 81.1569 103.5062 1.8389999999999998e-22 4.499e-22 2.118e-21 0.0 128.0 0.0
S383709 81.1662 103.5123 5.764e-19 6.369e-19 5.641e-19 0.0 127.53 0.0
S383710 81.1426 103.5207 1.306e-21 9.185999999999998e-22 3.2569999999999997e-22 0.0 126.48 0.0
S383711 81.164 103.4756 3.182e-20 4.727e-20 7.724000000000001e-20 0.0 129.67 0.0
S383712 81.1564 103.5358 1.557e-17 3.08e-17 9.29e-17 0.0 125.98 0.0
S383713 81.1809 103.4909 1.462e-16 1.143e-16 4.893e-17 0.0 129.25 1.0
S383714 81.1807 103.4996 1.384e-17 1.299e-17 8.131e-18 0.0 129.02 0.0
S383715 81.1462 103.5138 1.287e-23 3.5049999999999997e-23 1.9549999999999998e-22 0.0 127.12 0.0
S383716 81.1762 103.5365 1.75e-18 1.805e-18 1.434e-18 0.0 125.77 0.0
S383717 81.1831 103.4886 6.502e-17 5.342e-17 2.478e-17 0.0 128.83 0.0
S383718 81.1384 103.4763 1.819e-21 3.783e-21 1.2120000000000001e-20 0.0 128.7 0.0
S383719 81.1604 103.5009 6.62e-18 1.211e-17 3.16e-17 0.0 128.4 0.0
S383720 81.1913 103.4995 2.53e-17 2.337e-17 1.377e-17 0.0 128.68 0.0
S383721 81.1567 103.4889 6.144e-20 8.915000000000001e-20 1.42e-19 0.0 128.91 0.0
S383722 81.1489 103.491 1.337e-21 2.685e-21 8.139e-21 0.0 128.66 0.0
S383723 81.1348 103.5243 3.125e-20 4.4800000000000007e-20 7.048000000000001e-20 0.0 125.91 0.0
S383724 81.1323 103.5061 2.072e-13 1.445e-13 5.107e-14 0.0 127.6 0.0
S383725 81.1687 103.4999 8e-13 6.497e-13 3.027e-13 0.0 128.26 1.0
S383726 81.1458 103.5152 4.1319999999999996e-23 1.095e-22 5.809999999999999e-22 0.0 126.48 0.0
S383727 81.169 103.5329 5.148e-21 9.260000000000001e-21 2.1930000000000002e-20 0.0 126.28 0.0
S383728 81.1435 103.5485 2.461e-17 4.825e-17 1.424e-16 0.0 125.77 0.0
S383729 81.1481 103.5212 1.964e-19 2.513e-19 2.905e-19 0.0 126.58 0.0
S383730 81.1811 103.4905 1.801e-21 1.2290000000000001e-21 4.283999999999999e-22 0.0 129.49 0.0
S383731 81.147 103.496 6.234e-22 1.296e-21 4.273e-21 0.0 128.76 0.0
S383732 81.1532 103.4961 1.792e-17 2.623e-17 4.185e-17 0.0 128.72 0.0
S383733 81.169 103.515 1.166e-22 2.7939999999999996e-22 1.216e-21 0.0 127.33 0.0
S383734 81.1507 103.5063 6.805e-19 7.706e-19 7.059e-19 0.0 127.75 0.0
S383735 81.1672 103.4802 4.604e-19 5.285e-19 5.247e-19 0.0 129.48 0.0
S383736 81.1808 103.4889 2.3879999999999997e-22 5.769999999999999e-22 2.645e-21 0.0 129.49 0.0
S383737 81.1505 103.4663 4.945e-17 3.941e-17 1.864e-17 0.0 129.51 0.0
S383738 81.1682 103.479 4.263e-19 4.911e-19 4.713e-19 0.001 129.49 0.0
S383739 81.1892 103.5102 2.2919999999999998e-23 6.258e-23 3.75e-22 0.0 128.43 0.0
S383740 81.1775 103.506 2.095e-19 2.706e-19 3.383e-19 0.0 128.31 0.0
S383741 81.1974 103.5167 4.449e-24 1.547e-23 1.484e-22 0.0 127.66 0.0
S383742 81.1568 103.5057 1.844e-18 2.05e-18 1.843e-18 0.0 128.04 0.0
S383743 81.1685 103.5209 2.159e-23 6.745e-23 5.239e-22 0.0 127.24 0.0
S383744 81.1819 103.513 7.807e-19 8.805e-19 8.181e-19 0.0 127.7 0.0
S383745 81.187 103.4943 4.781e-19 5.71e-19 5.893e-19 0.0 129.02 0.0
S383746 81.1422 103.5125 2.784e-21 5.333e-21 1.453e-20 0.0 127.13 0.0
S383747 81.156 103.5099 1.325e-22 3.267e-22 1.604e-21 0.0 127.4 0.0
S383748 81.1705 103.5029 5.0530000000000007e-20 6.958e-20 9.706000000000001e-20 0.0 128.12 0.0
S383749 81.1556 103.4906 4.686e-20 6.509e-20 8.797e-20 0.0 129.21 0.0
S383750 81.1621 103.4777 7.207000000000001e-20 9.609000000000001e-20 1.253e-19 0.0 129.59 0.0
S383751 81.1427 103.497 3.3260000000000002e-21 6.209e-21 1.6200000000000002e-20 0.0 128.59 0.0
S383752 81.1549 103.5366 8.297e-13 7.407e-13 4.278e-13 0.0 126.17 1.0
S383753 81.1482 103.4911 7.396e-20 1.033e-19 1.467e-19 0.0 128.9 0.0
S383754 81.1664 103.508 5.265999999999999e-22 1.141e-21 4.152e-21 0.0 127.79 0.0
S383755 81.1553 103.4764 1.353e-21 2.77e-21 9.025e-21 0.0 129.67 0.0
S383756 81.185 103.5155 2.5269999999999996e-22 5.898999999999999e-22 2.393e-21 0.0 127.57 0.0
S383757 81.1506 103.4905 2.788e-19 3.296e-19 3.466e-19 0.001 128.67 0.0
S383758 81.1401 103.4709 1.495e-24 6.018e-24 7.830999999999999e-23 0.0 129.07 0.0
S383759 81.1427 103.4945 1.987e-18 2.129e-18 1.842e-18 0.0 129.24 0.0
S383760 81.1762 103.5028 2.784e-22 6.838999999999999e-22 3.245e-21 0.0 128.32 0.0
S383761 81.1858 103.5135 2.565e-19 3.297e-19 4.005e-19 0.0 127.64 0.0
S383762 81.1642 103.5415 4.557e-17 3.65e-17 1.696e-17 0.0 125.87 0.0
S383763 81.1502 103.512 5.824e-13 4.735e-13 2.241e-13 0.0 126.91 1.0
S383764 81.1571 103.5121 1.541e-18 1.68e-18 1.503e-18 0.0 127.05 0.0
S383765 81.1566 103.4889 7.515000000000001e-25 3.018e-24 3.9889999999999996e-23 0.0 128.95 0.0
S383766 81.1509 103.5256 1.015e-12 7.91e-13 3.466e-13 0.0 126.18 1.0
S383767 81.1351 103.5387 2.882e-17 2.492e-17 1.343e-17 0.0 125.96 0.0
S383768 81.1797 103.5285 5.85e-21 1.0270000000000001e-20 2.3450000000000002e-20 0.0 126.03 0.0
S383769 81.178 103.4971 4.723e-19 5.801e-19 6.429e-19 0.0 129.07 0.0
S383770 81.134 103.4989 6.51e-18 1.218e-17 3.211e-17 0.0 128.62 0.0
S383771 81.1674 103.5426 3.16e-21 5.838e-21 1.522e-20 0.0 125.87 0.0
S383772 81.145 103.4902 2.304e-17 5.024e-17 1.82e-16 0.0 128.77 0.0
S383773 81.1712 103.5077 8.182999999999999e-22 6.186999999999999e-22 2.576e-22 0.0 127.97 0.0
S383774 81.1429 103.5002 1.04e-17 9.443e-18 5.556e-18 0.0 129.16 0.0
S383775 81.1381 103.4605 1.805e-17 2.994e-17 6.326e-17 0.0 129.68 0.0
S383776 81.1694 103.5156 2.423e-18 2.293e-18 1.523e-18 0.0 126.46 0.0
S383777 81.1694 103.5313 5.071e-18 4.758e-18 2.973e-18 0.0 126.08 0.0
S383778 81.1705 103.519 1.1190000000000001e-21 2.373e-21 8.449e-21 0.001 126.67 0.0
S383779 81.1786 103.5335 2.1e-21 4.037e-21 1.0840000000000001e-20 0.0 125.82 0.0
S383780 81.1845 103.5197 1.455e-13 1.021e-13 3.53e-14 0.0 127.08 0.0
S383781 81.1624 103.4963 1.453e-17 2.327e-17 4.344e-17 0.0 129.08 0.0
S383782 81.1549 103.485 1.24e-17 1.141e-17 6.814e-18 0.0 129.37 0.0
S383783 81.163 103.4883 4.636e-13 3.287e-13 1.213e-13 0.0 129.24 0.0
S383784 81.1642 103.4722 7.116e-19 8.361e-19 8.21e-19 0.0 129.7 0.0
S383785 81.1701 103.5488 3.452e-13 3.416e-13 2.486e-13 0.0 125.72 1.0
S383786 81.1497 103.4848 2.969e-20 4.6180000000000007e-20 8.171000000000001e-20 0.0 129.32 0.0
S383787 81.1216 103.4994 4.683e-21 8.067e-21 1.8850000000000003e-20 0.0 127.83 0.0
S383788 81.1683 103.5124 5.257e-18 9.691e-18 2.527e-17 0.0 127.51 0.0
S383789 81.1409 103.5383 1.088e-17 9.807e-18 5.887e-18 0.0 126.15 0.0
S383790 81.1452 103.5018 3.453e-18 3.463e-18 2.449e-18 0.0 127.89 0.0
S383791 81.1733 103.5282 1.507e-20 2.3470000000000003e-20 4.3700000000000006e-20 0.0 126.09 0.0
S383792 81.1951 103.5019 2.337e-18 2.334e-18 1.659e-18 0.0 128.96 0.0
S383793 81.1682 103.5337 1.345e-23 4.153e-23 3.176e-22 0.0 126.06 0.0
S383794 81.164 103.5003 6.777e-24 2.1079999999999998e-23 1.6209999999999999e-22 0.0 128.97 0.0
S383795 81.1533 103.4724 6.792e-13 5.965e-13 3.38e-13 0.0 129.17 1.0
S383796 81.1414 103.5202 4.046e-17 3.33e-17 1.616e-17 0.0 126.25 0.0
S383797 81.1506 103.4999 2.434e-17 2.008e-17 1.011e-17 0.0 128.19 0.0
S383798 81.152 103.5179 3.581e-19 4.43e-19 4.901e-19 0.0 127.0 0.0
S383799 81.176 103.4797 7.983e-19 9e-19 8.428e-19 0.0 129.72 0.0
S383800 81.1758 103.5142 1.1100000000000001e-20 1.804e-20 3.65e-20 0.0 127.58 0.0
S383801 81.1856 103.5134 7.817e-20 1.049e-19 1.358e-19 0.0 127.68 0.0
S383802 81.1647 103.5052 1.804e-23 5.319999999999999e-23 3.7879999999999995e-22 0.0 128.07 0.0
S383803 81.1805 103.4994 4.7e-19 5.249e-19 4.841e-19 0.0 128.74 0.0
S383804 81.1804 103.4976 4.9059999999999997e-23 1.1079999999999998e-22 4.511e-22 0.0 128.55 0.0
S383805 81.1416 103.5185 4.9399999999999995e-22 1.078e-21 3.959e-21 0.0 126.85 0.0
S383806 81.1307 103.5176 1.352e-21 9.518999999999999e-22 3.43e-22 0.0 126.42 0.0
S383807 81.1545 103.5469 5.169e-19 6.318e-19 6.911e-19 0.0 125.78 0.0
S383808 81.1706 103.4938 5.778e-13 4.234e-13 1.673e-13 0.0 128.7 0.0
S383809 81.1662 103.5008 1.128e-19 1.499e-19 1.934e-19 0.0 128.71 0.0
S383810 81.183 103.5215 2.519e-17 2.203e-17 1.211e-17 0.001 127.01 0.0
S383811 81.1559 103.4999 4.845e-19 6.249e-19 7.45e-19 0.0 128.45 0.0
S383812 81.1706 103.526 3.448e-24 1.075e-23 8.277999999999999e-23 0.0 126.93 0.0
S383813 81.16 103.5102 5.582e-18 9.308e-18 1.941e-17 0.0 127.42 0.0
S383814 81.1615 103.5293 4.853e-17 3.952e-17 1.869e-17 0.0 126.29 0.0
S383815 81.1562 103.5242 7.734e-21 1.3430000000000001e-20 3.113e-20 0.0 126.61 0.0
S383816 81.1473 103.487 7.354999999999999e-22 1.442e-21 4.211e-21 0.0 129.06 0.0
S383817 81.1365 103.5002 8.248e-18 7.5e-18 4.441e-18 0.0 129.31 0.0
S383818 81.1855 103.5135 4.213e-19 4.986e-19 4.97e-19 0.0 127.7 0.0
S383819 81.1616 103.5205 4.96e-17 4.159e-17 2.1e-17 0.0 126.6 0.0
S383820 81.1457 103.4789 7.9709999999999995e-22 1.59e-21 4.862e-21 0.0 129.5 0.0
S383821 81.1674 103.486 2.913e-20 4.2550000000000004e-20 6.651000000000001e-20 0.0 129.37 0.0
S383822 81.1408 103.4907 4.008e-21 7.623e-21 2.0580000000000003e-20 0.0 129.09 0.0
S383823 81.147 103.5415 7.992e-19 9.141e-19 8.851e-19 0.0 125.89 0.0
S383824 81.1713 103.4942 6.668e-23 1.7269999999999997e-22 8.693e-22 0.0 129.03 0.0
S383825 81.1642 103.5399 8.808999999999999e-22 1.9350000000000002e-21 6.942e-21 0.0 126.0 0.0
S383826 81.1746 103.5045 2.13e-17 1.811e-17 9.643e-18 0.0 128.57 0.0
S383827 81.1801 103.5228 1.217e-18 1.31e-18 1.103e-18 0.0 126.38 0.0
S383828 81.1567 103.5218 1.767e-21 3.248e-21 8.168000000000001e-21 0.0 126.43 0.0
S383829 81.1536 103.5018 2.974e-17 2.49e-17 1.262e-17 0.0 128.11 0.0
S383830 81.1389 103.4949 9.187999999999998e-22 1.881e-21 6.225e-21 0.0 128.98 0.0
S383831 81.1576 103.5145 3.512e-22 7.4509999999999995e-22 2.513e-21 0.0 127.01 0.0
S383832 81.1651 103.514 6.493e-17 1.646e-16 8.495e-16 0.0 127.41 1.0
S383833 81.1619 103.4834 7.033e-21 1.1890000000000002e-20 2.5370000000000003e-20 0.0 129.31 0.0
S383834 81.1822 103.5247 6.8e-19 8.098e-19 8.481e-19 0.0 126.38 0.0
S383835 81.1757 103.5093 1.143e-19 1.498e-19 1.95e-19 0.0 128.05 0.0
S383836 81.1445 103.5128 1.552e-21 3.022e-21 8.806e-21 0.0 126.41 0.0
S383837 81.1595 103.5122 5.005e-23 1.51e-22 1.1e-21 0.0 127.27 0.0
S383838 81.1722 103.4978 5.771e-17 4.663e-17 2.177e-17 0.0 129.08 0.0
S383839 81.1449 103.513 7.311e-20 9.95e-20 1.375e-19 0.0 127.11 0.0
S383840 81.1408 103.5189 1.456e-21 1.017e-21 3.533e-22 0.0 126.36 0.0
S383841 81.1529 103.5097 8.919e-19 1.007e-18 9.312e-19 0.0 127.47 0.0
S383842 81.1666 103.533 2.118e-18 2.268e-18 1.886e-18 0.0 126.2 0.0
S383843 81.1482 103.4913 7.577e-23 2.166e-22 1.335e-21 0.0 129.35 0.0
S383844 81.1483 103.5198 1.5829999999999998e-22 3.275e-22 1.083e-21 0.0 126.71 0.0
S383845 81.1564 103.522 1.337e-17 1.194e-17 6.964e-18 0.0 126.63 0.0
S383846 81.1693 103.4931 6.368000000000001e-20 9.326000000000001e-20 1.467e-19 0.0 128.91 0.0
S383847 81.15 103.5254 3.19e-17 2.732e-17 1.445e-17 0.0 126.49 0.0
S383848 81.155 103.5167 6.669e-19 7.644e-19 7.019e-19 0.0 126.96 0.0
S383849 81.1686 103.4934 1.218e-21 8.744999999999999e-22 3.259e-22 0.0 129.03 0.0
S383850 81.1465 103.5252 1.08e-21 2.189e-21 6.908000000000001e-21 0.0 126.59 0.0
S383851 81.177 103.4938 2.434e-19 3.116e-19 3.64e-19 0.0 128.76 0.0
S383852 81.1533 103.512 2.328e-18 2.391e-18 1.862e-18 0.0 127.33 0.0
S383853 81.1731 103.4898 3.717e-18 3.634e-18 2.453e-18 0.0 129.18 0.0
S383854 81.1494 103.5251 4.851e-13 3.412e-13 1.216e-13 0.0 126.66 0.0
S383855 81.1685 103.498 5.085e-23 1.462e-22 9.503e-22 0.0 128.51 0.0
S383856 81.1682 103.499 1.624e-18 1.661e-18 1.232e-18 0.0 128.41 0.0
S383857 81.1466 103.5249 6.463999999999999e-23 1.648e-22 8.592999999999998e-22 0.0 126.61 0.0
S383858 81.1597 103.5214 2.196e-21 1.462e-21 4.592e-22 0.0 126.64 0.0
S383859 81.1573 103.5167 1.491e-16 1.126e-16 4.587e-17 0.0 126.51 0.0
S383860 81.1543 103.515 1.131e-17 1.835e-17 3.535e-17 0.0 127.05 0.0
S383861 81.1536 103.5211 7.026e-18 6.197e-18 3.488e-18 0.0 126.78 0.0
S383862 81.1786 103.4913 2.194e-24 7.598e-24 6.977e-23 0.001 129.03 0.0
S383863 81.1483 103.5269 1.884e-21 1.28e-21 4.313999999999999e-22 0.0 126.61 0.0
S383864 81.1693 103.5019 5.405e-23 1.374e-22 6.967999999999999e-22 0.0 128.27 0.0
S383865 81.15 103.5144 7.752999999999999e-22 1.492e-21 4.269e-21 0.0 127.13 0.0
S383866 81.1664 103.5025 9.278000000000001e-20 1.282e-19 1.794e-19 0.0 128.29 0.0
S383867 81.1695 103.4984 1.239e-19 1.649e-19 2.085e-19 0.0 128.43 0.0
S383868 81.1682 103.4912 1.338e-21 9.370999999999999e-22 3.3319999999999998e-22 0.0 129.08 0.0
S383869 81.1499 103.5215 9.716e-22 1.869e-21 5.271e-21 0.0 126.73 0.0
S383870 81.1488 103.5178 2.3389999999999998e-23 5.761999999999999e-23 2.7279999999999996e-22 0.001 126.68 0.0
S383871 81.137 103.5247 2.938e-18 3.149e-18 2.605e-18 0.0 126.62 0.0
S383872 81.1427 103.5249 1.12e-21 2.331e-21 8.048000000000001e-21 0.0 126.5 0.0
S383873 81.1626 103.5094 1.24e-21 8.764e-22 3.104e-22 0.0 127.41 0.0
S383874 81.1534 103.5123 1.392e-21 2.73e-21 7.894e-21 0.0 127.22 0.0
S383875 81.1546 103.5137 6.074e-22 1.236e-21 3.838e-21 0.0 127.1 0.0
S383876 81.1487 103.5114 3.228e-18 3.239e-18 2.421e-18 0.0 127.38 0.0
S383877 81.179 103.4981 1.317e-21 9.294e-22 3.4239999999999995e-22 0.0 128.49 0.0
S383878 81.1748 103.4912 1.3420000000000001e-21 2.718e-21 8.441000000000001e-21 0.0 128.89 0.0
S383879 81.1429 103.5166 6.069e-23 1.7529999999999997e-22 1.1310000000000001e-21 0.0 127.0 0.0
S383880 81.1812 103.4959 1.11e-19 1.487e-19 1.941e-19 0.0 128.64 0.0
S383881 81.1731 103.4944 3.006e-23 7.356999999999999e-23 3.431e-22 0.0 128.94 0.0
S383882 81.1729 103.4976 2.124e-21 1.4430000000000001e-21 4.740999999999999e-22 0.0 128.66 0.0
S383883 81.1775 103.4871 3.5510000000000004e-20 5.2500000000000004e-20 8.401e-20 0.0 129.19 0.0
S383884 81.1675 103.4943 6.098e-18 1.427e-17 6.091e-17 0.0 128.91 0.0
S383885 81.1484 103.5173 2.793e-18 3.049e-18 2.52e-18 0.0 127.03 0.0
S383886 81.172 103.4941 1.314e-13 1.701e-13 2.156e-13 0.001 128.72 0.0
S383887 81.1494 103.532 8.211e-22 1.806e-21 6.892e-21 0.0 126.15 0.0
S383888 81.1733 103.4859 1.723e-21 1.178e-21 4.0119999999999995e-22 0.0 129.03 0.0
S383889 81.1424 103.5241 3.18e-17 2.709e-17 1.382e-17 0.0 126.78 0.0
S383890 81.1776 103.4885 2.747e-19 3.52e-19 4.374e-19 0.0 128.77 0.0
S383891 81.1724 103.4935 6.489e-13 4.548e-13 1.647e-13 0.0 128.75 0.0
S383892 81.1796 103.4877 5.818000000000001e-20 7.930000000000001e-20 1.072e-19 0.0 129.01 0.0
S383893 81.1777 103.4855 5.404e-18 5.098e-18 3.209e-18 0.0 129.02 0.0
S383894 81.1717 103.4891 1.0640000000000001e-20 1.8230000000000003e-20 4.0530000000000006e-20 0.0 129.04 0.0
S383895 81.1513 103.522 2.414e-18 2.564e-18 2.02e-18 0.0 126.83 0.0
S383896 81.1422 103.527 1.479e-21 2.834e-21 7.883e-21 0.0 126.49 0.0
S383897 81.1481 103.5223 9.553000000000001e-20 1.351e-19 1.952e-19 0.0 126.71 0.0
S383898 81.1767 103.4936 5.671e-21 9.986e-21 2.3480000000000002e-20 0.0 128.76 0.0
S383899 81.175 103.4907 7.075e-23 1.592e-22 6.363999999999999e-22 0.0 128.91 0.0
S383900 81.1787 103.4957 4.292e-17 3.295e-17 1.445e-17 0.0 128.55 0.0
S383901 81.1695 103.4886 2.981e-14 4.688e-14 8.379e-14 0.0 129.01 0.0
S383902 81.1747 103.4931 3.548e-18 3.405e-18 2.229e-18 0.0 128.7 0.0
S383903 81.1697 103.4933 2.8579999999999996e-23 8.245e-23 5.3859999999999995e-22 0.0 129.07 0.0
S383904 81.1451 103.527 1.038e-17 1.857e-17 4.322e-17 0.0 126.31 0.0
S383905 81.1661 103.5044 2.017e-24 6.44e-24 5.164e-23 0.0 128.07 0.0
S383906 81.1722 103.4885 2.764e-17 2.432e-17 1.312e-17 0.0 129.05 0.0
S383907 81.1495 103.5174 1.157e-21 8.242e-22 3.013e-22 0.0 127.11 0.0
S383908 81.1416 103.5214 1.326e-17 2.415e-17 5.932e-17 0.0 126.69 0.0
S383909 81.1422 103.5196 3.674e-17 3.173e-17 1.643e-17 0.0 126.88 0.0
S383910 81.1535 103.5241 5.674e-19 6.075e-19 5.187e-19 0.0 126.62 0.0
S383911 81.1699 103.4982 5.616e-18 7.82e-18 1.168e-17 0.0 128.41 0.0
S383912 81.1734 103.492 1.5859999999999998e-22 3.86e-22 1.755e-21 0.0 128.69 0.0
S383913 81.1456 103.5182 2.659e-17 2.22e-17 1.142e-17 0.0 126.99 0.0
S383914 81.1449 103.5195 8.62e-19 9.735e-19 8.858e-19 0.0 126.89 0.0
S383915 81.1624 103.4984 4.055e-24 1.264e-23 9.504e-23 0.0 128.64 0.0
S383916 81.172 103.4955 2.833e-17 2.308e-17 1.081e-17 0.0 128.5 0.0
S383917 81.1393 103.5301 2.2240000000000002e-20 3.6050000000000005e-20 6.769e-20 0.0 126.52 0.0
S383918 81.148 103.52 1.466e-19 1.89e-19 2.261e-19 0.0 126.88 0.0
S383919 81.1746 103.5053 4.562e-21 8.387e-21 2.0780000000000003e-20 0.0 128.15 0.0
S383920 81.1761 103.492 1.161e-19 1.591e-19 2.228e-19 0.0 128.94 0.0
S383921 81.1396 103.531 6.175e-18 5.782e-18 3.596e-18 0.0 126.29 0.0
S383922 81.1807 103.485 2.094e-21 1.381e-21 4.505999999999999e-22 0.0 129.1 0.0
S383923 81.1762 103.4844 4.137e-25 1.69e-24 2.207e-23 0.0 129.17 0.0
S383924 81.1454 103.5259 7.488e-13 5.515e-13 2.174e-13 0.0 126.7 0.0
S383925 81.1434 103.52 5.0900000000000005e-20 7.667e-20 1.325e-19 0.0 127.07 0.0
S383926 81.1428 103.5283 1.7619999999999998e-22 4.209e-22 1.826e-21 0.0 126.47 0.0
S383927 81.1733 103.4842 2.763e-17 2.331e-17 1.192e-17 0.0 129.28 0.0
S383928 81.1467 103.5281 4.369999999999999e-22 8.968e-22 2.748e-21 0.0 126.42 0.0
S383929 81.1763 103.4919 6.309e-22 1.283e-21 3.948e-21 0.0 128.93 0.0
S383930 81.1458 103.5278 1.665e-18 1.789e-18 1.47e-18 0.0 126.55 0.0
S383931 81.1778 103.4814 8.848e-22 1.978e-21 7.603e-21 0.0 129.17 0.0
S383932 81.1437 103.5294 4.632e-22 1.033e-21 4.039e-21 0.0 126.46 0.0
S383933 81.1379 103.5368 1.862e-17 2.594e-17 3.821e-17 0.0 126.24 0.0
S383934 81.1769 103.4869 4.5799999999999995e-23 1.15e-22 5.536e-22 0.0 129.11 0.0
S383935 81.1542 103.5137 6.995e-18 6.465e-18 3.932e-18 0.001 127.15 0.0
S383936 81.1777 103.4852 5.545e-19 6.32e-19 5.901e-19 0.0 129.01 0.0
S383937 81.1498 103.5262 9.736e-13 8.032e-13 3.972e-13 0.0 126.68 1.0
S383938 81.1649 103.4952 3.703e-19 4.484e-19 4.931e-19 0.0 128.64 0.0
S383939 81.145 103.5283 1.4469999999999998e-23 3.916e-23 2.228e-22 0.0 126.52 0.0
S383940 81.1362 103.523 6.216e-17 5.438e-17 2.988e-17 0.0 126.89 0.0
S383941 81.1467 103.5223 1.286e-19 1.686e-19 2.055e-19 0.0 126.72 0.0
S383942 81.1419 103.5322 1.484e-23 4.108e-23 2.413e-22 0.0 126.41 0.0
S383943 81.1768 103.4881 2.9790000000000003e-20 4.5090000000000005e-20 7.664000000000001e-20 0.0 129.03 0.0
S383944 81.1732 103.4843 6.681e-18 6.311e-18 4.083e-18 0.0 129.26 0.0
S383945 81.179 103.4902 5.545e-24 1.719e-23 1.2859999999999998e-22 0.0 128.94 0.0
S383946 81.1415 103.5318 2.558e-18 2.744e-18 2.275e-18 0.0 126.61 0.0
S383947 81.169 103.4886 1.6450000000000001e-21 3.119e-21 8.757e-21 0.0 128.99 0.0
S383948 81.173 103.486 2.384e-17 2.013e-17 1.047e-17 0.0 129.0 0.0
S383949 81.138 103.532 1.673e-21 1.141e-21 3.9699999999999997e-22 0.0 126.46 0.0
S383950 81.1682 103.4949 2.614e-22 6.124999999999999e-22 2.6360000000000002e-21 0.001 128.74 0.0
S383951 81.1387 103.5322 5.4630000000000004e-21 9.966e-21 2.4590000000000002e-20 0.0 126.51 0.0
S383952 81.1736 103.4919 3.3129999999999995e-22 8.152e-22 3.814e-21 0.0 128.92 0.0
S383953 81.1432 103.539 3.7910000000000005e-20 5.830000000000001e-20 1.027e-19 0.0 126.3 0.0
S383954 81.1762 103.4854 1.757e-17 1.513e-17 7.826e-18 0.0 129.14 0.0
S383955 81.1446 103.5377 1.852e-17 1.657e-17 9.669e-18 0.0 126.18 0.0
S383956 81.1812 103.4854 1.358e-17 2.727e-17 8.344e-17 0.0 128.91 0.0
S383957 81.1791 103.49 5.111e-18 5.052e-18 3.601e-18 0.0 128.83 0.0
S383958 81.1449 103.5205 9.508e-19 1.071e-18 9.715e-19 0.0 126.71 0.0
S383959 81.1428 103.5226 2.157e-20 3.298e-20 5.635e-20 0.0 126.81 0.0
S383960 81.182 103.4853 6.712e-22 1.303e-21 3.804e-21 0.0 128.92 0.0
S383961 81.1431 103.5161 4.3840000000000006e-20 6.347000000000001e-20 1.006e-19 0.0 127.16 0.0
S383962 81.1806 103.4822 1.793e-21 3.455e-21 9.859e-21 0.0 129.02 0.0
S383963 81.1478 103.5304 1.407e-19 1.848e-19 2.392e-19 0.0 126.45 0.0
S383964 81.1783 103.4953 1.5729999999999999e-22 3.8369999999999998e-22 1.713e-21 0.0 128.58 0.0
S383965 81.18 103.4904 1.359e-18 1.477e-18 1.336e-18 0.0 128.72 0.0
S383966 81.1461 103.5316 1.055e-19 1.434e-19 1.942e-19 0.0 126.53 0.0
S383967 81.1386 103.5201 5.554e-18 5.249e-18 3.469e-18 0.0 126.92 0.0
S383968 81.1696 103.4834 1.263e-17 2.619e-17 8.3e-17 0.0 129.11 0.0
S383969 81.1702 103.4954 1.88e-21 3.625e-21 9.908e-21 0.0 128.54 0.0
S383970 81.1764 103.4926 1.008e-17 1.622e-17 3.121e-17 0.001 128.65 0.0
S383971 81.1778 103.478 2.659e-21 1.734e-21 5.283e-22 0.0 129.04 0.0
S383972 81.1458 103.5343 3.0919999999999996e-22 6.640999999999999e-22 2.402e-21 0.0 126.54 0.0
S383973 81.1371 103.5258 1.887e-19 2.454e-19 2.993e-19 0.0 126.85 0.0
S383974 81.1397 103.5357 2.144e-19 2.631e-19 2.846e-19 0.0 126.44 0.0
S383975 81.1811 103.4792 4.684999999999999e-22 1.042e-21 4.037e-21 0.0 129.17 0.0
S383976 81.1831 103.491 7.154e-21 1.2580000000000002e-20 3.008e-20 0.0 128.83 0.0
S383977 81.1392 103.535 1.398e-17 2.654e-17 7.118e-17 0.0 126.5 0.0
S383978 81.1482 103.5278 3.009e-17 5.46e-17 1.372e-16 0.0 126.51 0.0
S383979 81.1735 103.4727 6.2970000000000005e-25 2.382e-24 2.763e-23 0.001 129.35 0.0
S383980 81.1833 103.4817 2.331e-22 5.873999999999999e-22 2.792e-21 0.0 128.95 0.0
S383981 81.1711 103.4935 6.299e-17 5.059e-17 2.328e-17 0.0 128.8 0.0
S383982 81.1775 103.4792 1.503e-17 2.658e-17 6.075e-17 0.0 129.08 0.0
S383983 81.1484 103.534 5.146e-13 4.14e-13 1.976e-13 0.0 126.57 1.0
S383984 81.1782 103.4858 1.927e-17 3.077e-17 5.862e-17 0.0 128.82 0.0
S383985 81.1784 103.4771 1.1150000000000002e-20 1.7990000000000003e-20 3.5930000000000004e-20 0.0 129.1 0.0
S383986 81.1797 103.4811 3.874e-17 3.376e-17 1.803e-17 0.0 129.13 0.0
S383987 81.1866 103.4818 1.087e-18 1.175e-18 1.001e-18 0.0 129.21 0.0
S383988 81.1835 103.4749 4.3e-23 1.224e-22 7.917999999999999e-22 0.0 129.23 0.0
S383989 81.1363 103.5444 1.592e-22 3.698e-22 1.5230000000000001e-21 0.0 126.55 0.0
S383990 81.1389 103.5415 4.79e-20 7.196000000000001e-20 1.222e-19 0.0 126.27 0.0
S383991 81.1447 103.5293 2.908e-18 2.946e-18 2.108e-18 0.0 126.63 0.0
S383992 81.1397 103.5293 3.603e-20 5.376e-20 8.628e-20 0.0 126.77 0.0
S383993 81.1905 103.4773 1.122e-19 1.501e-19 2e-19 0.0 129.13 0.0
S383994 81.1496 103.5262 7.197e-19 8.387e-19 8.411e-19 0.0 126.55 0.0
S383995 81.1787 103.4788 4.618e-13 3.315e-13 1.254e-13 0.0 129.03 0.0
S383996 81.142 103.5337 8.919e-23 2.138e-22 9.325e-22 0.0 126.34 0.0
S383997 81.1389 103.5366 2.841e-18 2.879e-18 2.165e-18 0.0 126.57 0.0
S383998 81.1337 103.5391 2.847e-24 1.0679999999999999e-23 1.1969999999999998e-22 0.0 126.5 0.0
S383999 81.197 103.4709 2.452e-17 4.052e-17 8.557e-17 0.0 129.1 0.0
S384000 81.1817 103.4782 1.2539999999999999e-23 3.7779999999999997e-23 2.6759999999999996e-22 0.0 129.12 0.0
S384001 81.1821 103.4816 4.2059999999999996e-22 9.233e-22 3.395e-21 0.0 129.01 0.0
S384002 81.18 103.4827 5.189e-17 3.954e-17 1.724e-17 0.0 128.86 0.0
S384003 81.1341 103.5319 1.65e-16 1.248e-16 5.242e-17 0.0 126.61 1.0
S384004 81.1405 103.5395 1.456e-19 1.861e-19 2.191e-19 0.0 126.39 0.0
S384005 81.1846 103.4793 6.832e-17 9.797e-17 1.458e-16 0.0 129.01 0.0
S384006 81.1441 103.5352 1.467e-16 1.127e-16 4.713e-17 0.0 126.51 1.0
S384007 81.1407 103.5285 5.621e-18 5.401e-18 3.548e-18 0.0 126.59 0.0
S384008 81.1781 103.4803 6.06e-22 1.267e-21 4.171e-21 0.0 128.92 0.0
S384009 81.141 103.5276 3.416e-17 2.847e-17 1.398e-17 0.0 126.68 0.0
S384010 81.1455 103.5403 1.381e-22 3.394e-22 1.598e-21 0.0 126.2 0.0
S384011 81.1753 103.4756 3.897e-18 6.259e-18 1.178e-17 0.0 129.19 0.0
S384012 81.1819 103.4799 6.224e-20 8.940000000000001e-20 1.374e-19 0.0 129.17 0.0
S384013 81.1918 103.4735 9.123e-16 6.478e-16 2.367e-16 0.0 128.88 0.0
S384014 81.1409 103.5362 7.48e-18 1.122e-17 1.834e-17 0.0 126.29 0.0
S384015 81.1426 103.543 6.49e-18 1.462e-17 5.765e-17 0.0 126.28 0.0
S384016 81.1854 103.4881 1.365e-19 1.766e-19 2.232e-19 0.0 128.64 0.0
S384017 81.1828 103.4842 5.837e-18 1.195e-17 3.708e-17 0.0 129.19 0.0
S384018 81.1396 103.5307 2.0689999999999998e-22 4.734e-22 1.906e-21 0.0 126.66 0.0
S384019 81.1409 103.5362 1.497e-16 1.102e-16 4.463e-17 0.0 126.55 0.0
S384020 81.136 103.554 1.045e-17 1.626e-17 2.912e-17 0.0 126.23 0.0
S384021 81.1414 103.5365 5.92e-18 5.578e-18 3.586e-18 0.0 126.48 0.0
S384022 81.18 103.4776 1.6529999999999998e-22 3.705e-22 1.465e-21 0.0 129.05 0.0
S384023 81.1904 103.4737 3.442e-19 4.282e-19 4.77e-19 0.001 128.91 0.0
S384024 81.1841 103.4798 4.448999999999999e-22 9.708e-22 3.614e-21 0.0 128.84 0.0
S384025 81.1354 103.5414 1.5410000000000002e-20 2.6890000000000003e-20 6.171000000000001e-20 0.0 126.56 0.0
S384026 81.138 103.5352 2.5869999999999996e-22 6.635e-22 3.2370000000000002e-21 0.0 126.52 0.0
S384027 81.191 103.4711 7.2e-24 2.155e-23 1.5569999999999998e-22 0.0 129.09 0.0
S384028 81.1433 103.5427 1.545e-18 1.687e-18 1.451e-18 0.0 126.22 0.0
S384029 81.1365 103.5412 2.6460000000000002e-20 4.099e-20 7.125000000000001e-20 0.0 126.3 0.0
S384030 81.1907 103.4796 1.632e-18 1.738e-18 1.449e-18 0.0 128.92 0.0
S384031 81.1802 103.4745 1.1459999999999999e-23 3.71e-23 2.9659999999999996e-22 0.0 128.96 0.0
S384032 81.1827 103.4794 3.348e-21 5.624e-21 1.2080000000000002e-20 0.0 128.88 0.0
S384033 81.1892 103.4642 6.793e-19 7.812e-19 7.723e-19 0.0 129.22 0.0
S384034 81.1276 103.5373 9.713e-18 8.914e-18 5.499e-18 0.0 126.67 0.0
S384035 81.1866 103.4707 2.641e-21 5.08e-21 1.449e-20 0.0 129.14 0.0
S384036 81.1354 103.5345 5.9e-23 1.5719999999999998e-22 8.537999999999999e-22 0.0 126.67 0.0
S384037 81.1826 103.4691 8.136e-25 3.41e-24 5.0619999999999997e-23 0.0 129.3 0.0
S384038 81.1909 103.4705 1.4340000000000001e-21 9.895e-22 3.4759999999999995e-22 0.0 129.04 0.0
S384039 81.1865 103.474 1.645e-20 2.7280000000000005e-20 5.496e-20 0.0 129.05 0.0
S384040 81.1877 103.4647 6.238e-18 5.777e-18 3.522e-18 0.0 129.23 0.0
S384041 81.1894 103.4775 1.659e-21 1.15e-21 3.9299999999999995e-22 0.0 128.93 0.0
S384042 81.1922 103.4766 5.024e-18 4.871e-18 3.323e-18 0.0 128.81 0.0
S384043 81.1926 103.4775 5.49e-17 4.743e-17 2.476e-17 0.0 128.89 0.0
S384044 81.1845 103.4739 1.634e-18 1.676e-18 1.29e-18 0.0 129.0 0.0
S384045 81.1355 103.5415 2.24e-22 5.406e-22 2.354e-21 0.0 126.36 0.0
S384046 81.142 103.553 1.534e-23 4.39e-23 2.8899999999999995e-22 0.0 126.22 0.0
S384047 81.1926 103.4655 2.0019999999999998e-22 4.852e-22 2.19e-21 0.0 129.22 0.0
S384048 81.1278 103.5448 1.056e-17 1.001e-17 6.579e-18 0.0 126.43 0.0
S384049 81.1854 103.4815 1.497e-19 1.926e-19 2.295e-19 0.0 128.79 0.0
S384050 81.1309 103.5302 1.566e-21 1.077e-21 3.7979999999999996e-22 0.0 126.67 0.0
S384051 81.1849 103.4722 1.381e-19 1.847e-19 2.432e-19 0.0 129.21 0.0
S384052 81.1939 103.4706 1.257e-24 4.3529999999999996e-24 4.2329999999999997e-23 0.0 129.08 0.0
S384053 81.1865 103.4727 2.247e-18 2.273e-18 1.699e-18 0.0 129.09 0.0
S384054 81.1841 103.4685 4.154e-18 3.873e-18 2.479e-18 0.0 129.13 0.0
S384055 81.1363 103.5509 8.778e-19 1.064e-18 1.117e-18 0.0 126.28 0.0
S384056 81.1942 103.4677 9.191999999999999e-22 1.953e-21 7.008e-21 0.0 129.18 0.0
S384057 81.1321 103.5404 1.7209999999999998e-22 3.95e-22 1.528e-21 0.0 126.67 0.0
S384058 81.1906 103.4619 4.07e-18 4.18e-18 3.249e-18 0.0 129.29 0.0
S384059 81.1942 103.4631 2.4e-23 6.585e-23 4.001e-22 0.0 129.09 0.0
S384060 81.1302 103.5498 6.37e-23 1.544e-22 6.719999999999999e-22 0.0 126.31 0.0
S384061 81.1912 103.4601 4.861e-18 4.788e-18 3.243e-18 0.0 129.29 0.0
S384062 81.1957 103.4682 1.278e-21 2.442e-21 6.983e-21 0.001 129.08 0.0
S384063 81.1882 103.4734 1.782e-19 2.237e-19 2.568e-19 0.0 129.06 0.0
S384064 81.1302 103.5554 2.956e-16 2.15e-16 8.461e-17 0.0 126.27 0.0
S384065 81.1321 103.5409 8.217e-24 2.6219999999999998e-23 2.0459999999999997e-22 0.0 126.49 0.0
S384066 81.1809 103.4739 3.233e-18 6.129e-18 1.647e-17 0.0 128.99 0.0
S384067 81.1956 103.4614 1.052e-17 1.451e-17 2.033e-17 0.0 129.23 0.0
S384068 81.1314 103.5486 1.044e-21 1.956e-21 5.3560000000000004e-21 0.0 126.34 0.0
S384069 81.125 103.5527 1.58e-21 1.105e-21 3.8509999999999997e-22 0.0 126.44 0.0
S384070 81.1971 103.4802 1.817e-19 2.273e-19 2.65e-19 0.0 128.73 0.0
S384071 81.1799 103.4663 6.952000000000001e-20 9.477e-20 1.307e-19 0.0 129.14 0.0
S384072 81.1895 103.4775 1.679e-18 1.729e-18 1.357e-18 0.001 128.74 0.0
S384073 81.1846 103.4733 9.198e-18 8.944e-18 6.024e-18 0.0 129.06 0.0
S384074 81.1921 103.4686 3.456e-16 1.061e-15 7.539e-15 0.0 129.12 1.0
S384075 81.1604 103.5078 1.291e-16 1.056e-16 5.036e-17 0.0 123.92 0.0
S384076 81.1605 103.5078 9.476e-16 6.639e-16 2.492e-16 0.0 123.64 0.0
S384077 81.1882 103.4658 3.727e-17 3.229e-17 1.68e-17 0.0 129.25 0.0
S384078 81.132 103.5464 7.766e-16 5.459e-16 1.998e-16 0.0 126.33 0.0
S384079 81.1319 103.5476 3.919e-19 4.6e-19 4.637e-19 0.0 126.34 0.0
S384080 81.1286 103.5499 6.754e-17 5.406e-17 2.521e-17 0.0 126.42 0.0
S384081 81.193 103.4662 2.062e-17 1.774e-17 9.353e-18 0.0 129.09 0.0
S384082 81.1946 103.4652 1.635e-19 2.064e-19 2.467e-19 0.0 129.13 0.0
S384083 81.1893 103.4702 7.684e-17 6.114e-17 2.863e-17 0.0 129.04 0.0
S384084 81.1302 103.5437 3.2e-16 2.372e-16 9.517e-17 0.0 126.66 0.0
S384085 81.1936 103.4687 1.002e-15 7.068e-16 2.528e-16 0.0 129.03 0.0
S384086 81.1921 103.4717 1.658e-13 2.079e-13 2.36e-13 0.0 128.98 0.0
S384087 81.1283 103.5438 3.476e-16 2.577e-16 1.013e-16 0.0 126.59 0.0
S384088 81.1909 103.4761 5.301e-16 3.791e-16 1.419e-16 0.0 128.81 0.0
S384089 81.1285 103.5408 1.183e-16 9.191e-17 3.961e-17 0.0 126.74 1.0
S384090 81.1916 103.4782 1.385e-17 3.248e-17 1.347e-16 0.0 128.78 0.0
S384091 81.1278 103.5389 3.016e-17 2.576e-17 1.386e-17 0.0 126.69 0.0
S384092 81.1931 103.4792 3.315e-16 2.538e-16 1.078e-16 0.001 128.72 0.0
S384093 81.1919 103.4809 1.112e-15 7.56e-16 2.516e-16 0.0 128.69 0.0
S384094 81.1275 103.5332 9.595e-16 6.951e-16 2.569e-16 0.0 126.85 0.0
S384095 81.1297 103.5315 7.247e-18 6.976e-18 4.576e-18 0.0 126.88 0.0
S384096 81.1287 103.532 2.424e-17 2.118e-17 1.19e-17 0.0 126.9 0.0
S384097 81.1952 103.4821 1.198e-15 8.531e-16 3.092e-16 0.0 128.59 0.0
S384098 81.1913 103.4886 3.623e-14 2.372e-14 7.241e-15 0.0 128.42 0.0
S384099 81.1921 103.4876 1.617e-17 2.705e-17 5.588e-17 0.0 128.55 0.0
S384100 81.192 103.4909 4.009e-17 3.251e-17 1.513e-17 0.0 128.4 0.0
S384101 81.1935 103.4885 1.421e-17 2.575e-17 6.2e-17 0.0 128.42 0.0
S384102 81.193 103.4965 4.707e-16 3.447e-16 1.324e-16 0.0 128.21 0.0
S384103 81.1934 103.4928 1.467e-17 1.355e-17 8.223e-18 0.0 128.3 0.0
S384104 81.1949 103.4935 3.88e-13 2.803e-13 1.066e-13 0.0 128.36 0.0
S384105 81.1283 103.5167 8.698000000000001e-20 1.178e-19 1.513e-19 0.0 127.37 0.0
S384106 81.1932 103.5001 2.35e-16 1.647e-16 5.887e-17 0.0 128.17 0.0
S384107 81.1295 103.5135 6.126e-18 5.881e-18 3.968e-18 0.0 127.49 0.0
S384108 81.129 103.5124 2.503e-16 1.96e-16 8.473e-17 0.0 127.37 1.0
S384109 81.1263 103.5125 3.692e-19 4.644e-19 5.32e-19 0.0 127.54 0.0
S384110 81.1257 103.512 9.731e-16 6.857e-16 2.47e-16 0.0 127.47 0.0
S384111 81.1279 103.5083 7.809e-18 7.308e-18 4.669e-18 0.0 127.62 0.0
S384112 81.1277 103.5077 1.072e-15 7.381e-16 2.567e-16 0.0 127.6 0.0
S384113 81.1303 103.5028 5.184e-16 3.88e-16 1.581e-16 0.0 127.77 0.0
S384114 81.1908 103.5145 6.884e-16 4.894e-16 1.81e-16 0.0 127.71 0.0
S384115 81.1943 103.5136 7.481e-18 7.594e-18 5.715e-18 0.0 127.85 0.0
S384116 81.1918 103.5173 3.761e-17 3.123e-17 1.544e-17 0.0 127.61 0.0
S384117 81.1267 103.4972 2.068e-17 1.853e-17 1.094e-17 0.0 127.78 0.0
S384118 81.1932 103.5192 1.058e-16 8.594e-17 4.159e-17 0.0 127.68 0.0
S384119 81.1284 103.4928 6.815e-18 6.508e-18 4.363e-18 0.0 128.04 0.0
S384120 81.1894 103.5267 9.484e-16 6.763e-16 2.408e-16 0.0 127.46 0.0
S384121 81.1299 103.4861 7.856e-16 5.706e-16 2.146e-16 0.0 128.16 0.0
S384122 81.1913 103.5282 2.421e-16 1.893e-16 8.035e-17 0.0 127.41 0.0
S384123 81.1301 103.486 1.075e-17 1.694e-17 3.178e-17 0.0 128.09 0.0
S384124 81.1309 103.4833 3.362e-16 2.516e-16 1.018e-16 0.0 128.18 0.0
S384125 81.1892 103.5389 3.738e-16 2.816e-16 1.152e-16 0.0 127.09 0.0
S384126 81.1869 103.5404 1.374e-17 3.025e-17 1.139e-16 0.0 127.07 0.0
S384127 81.1341 103.4783 7.461e-18 1.578e-17 5.555e-17 0.0 128.34 0.0
S384128 81.1869 103.5462 3.502e-15 2.395e-15 8.293e-16 0.0 126.92 0.0
S384129 81.1353 103.4685 2.979e-14 4.975e-14 1.006e-13 0.0 128.48 0.0
S384130 81.1866 103.5523 4.969e-16 3.789e-16 1.522e-16 0.0 126.83 0.0
S384131 81.1352 103.4696 1.405e-16 1.131e-16 5.244e-17 0.0 128.56 0.0
S384132 81.1841 103.5523 2.772e-17 4.725e-17 1.017e-16 0.0 126.79 0.0
S384133 81.1838 103.5535 4.958e-16 3.662e-16 1.446e-16 0.0 126.8 0.0
S384134 81.1391 103.4526 1.348e-17 2.006e-17 3.274e-17 0.0 128.87 0.0
S384135 81.1804 103.5627 9.455e-18 8.562e-18 5.021e-18 0.0 126.62 0.0
S384136 81.1405 103.4537 2.617e-18 2.552e-18 1.752e-18 0.0 128.87 0.0
S384137 81.1422 103.4512 1.918e-15 1.393e-15 5.349e-16 0.0 129.11 0.0
S384138 81.1425 103.4449 4.295e-16 3.096e-16 1.195e-16 0.0 129.1 0.0
S384139 81.1782 103.5719 3.717e-16 2.869e-16 1.204e-16 0.0 126.43 0.0
S384140 81.1749 103.5732 2.421e-16 1.793e-16 6.949e-17 0.0 126.28 0.0
S384141 81.1473 103.4407 2.671e-15 1.811e-15 6.009e-16 0.0 129.28 0.0
S384142 81.1762 103.5779 1.28e-16 9.91e-17 4.236e-17 0.0 126.27 1.0
S384143 81.1718 103.5774 3.367e-16 2.544e-16 1.075e-16 0.0 126.13 0.0
S384144 81.1719 103.5828 5.406e-16 3.98e-16 1.577e-16 0.0 125.99 0.0
S384145 81.1693 103.5889 1.383e-17 1.232e-17 7.091e-18 0.0 125.94 0.0
S384146 81.1684 103.5917 2.41e-18 2.512e-18 1.873e-18 0.0 126.02 0.0
S384147 81.1533 103.427 6.399e-16 4.517e-16 1.632e-16 0.0 129.59 0.0
S384148 81.1549 103.4209 4.732e-18 4.558e-18 3.082e-18 0.0 129.6 0.0
S384149 81.1641 103.5983 4.389e-13 3.674e-13 1.819e-13 0.0 125.77 1.0
S384150 81.159 103.4173 5.411e-18 5.278e-18 3.489e-18 0.0 129.71 0.0
S384151 81.1578 103.418 3.189e-17 2.662e-17 1.391e-17 0.0 129.76 0.0
S384152 81.162 103.603 1.285e-17 1.141e-17 6.566e-18 0.0 125.68 0.0
S384153 81.1595 103.6049 3.433e-17 2.98e-17 1.582e-17 0.0 125.69 0.0
S384154 81.1619 103.4111 1.443e-15 1.003e-15 3.583e-16 0.0 129.8 0.0
S384155 81.164 103.4078 1.517e-16 1.195e-16 5.243e-17 0.0 129.92 1.0
S384156 81.1647 103.4087 2.892e-16 2.168e-16 8.912e-17 0.0 129.85 0.0
S384157 81.1517 103.6149 7.803e-17 6.381e-17 3.085e-17 0.0 125.58 0.0
S384158 81.1694 103.4056 4.009e-16 3.037e-16 1.224e-16 0.001 130.02 0.0
S384159 81.148 103.6097 6.205e-17 1.613e-16 8.53e-16 0.0 125.4 1.0
S384160 81.1739 103.3974 1.216e-17 2.293e-17 6.022e-17 0.0 130.17 0.0
S384161 81.1748 103.399 2.818e-17 5.286e-17 1.393e-16 0.0 130.04 0.0
S384162 81.1443 103.614 4.291e-16 3.099e-16 1.221e-16 0.0 125.42 0.0
S384163 81.1768 103.3961 1.491e-16 1.145e-16 4.9e-17 0.0 130.06 1.0
S384164 81.1792 103.3919 3.25e-16 2.394e-16 9.084e-17 0.0 130.06 0.0
S384165 81.1818 103.3972 1.246e-17 1.095e-17 6.419e-18 0.0 130.15 0.0
S384166 81.1378 103.614 4.822e-16 3.572e-16 1.424e-16 0.0 125.25 0.0
S384167 81.1365 103.6261 2.593e-16 1.856e-16 6.954e-17 0.0 125.29 0.0
S384168 81.1327 103.6231 1.993e-17 1.706e-17 9.123e-18 0.0 125.37 0.0
S384169 81.1874 103.3959 3.52e-15 2.384e-15 7.86e-16 0.0 130.12 0.0
S384170 81.1941 103.3927 1.431e-16 1.135e-16 5.079e-17 0.0 130.05 1.0
S384171 81.1285 103.6163 6.347e-18 6.123e-18 4.005e-18 0.0 125.44 0.0
S384172 81.1929 103.4012 5.604e-17 4.491e-17 2.116e-17 0.0 130.05 0.0
S384173 81.1247 103.6199 4.5e-18 4.523e-18 3.34e-18 0.0 125.47 1.0
S384174 81.1961 103.3988 7.857e-18 7.366e-18 4.611e-18 0.0 130.11 0.0
S384175 81.1982 103.4006 1.38e-19 1.787e-19 2.152e-19 0.0 130.07 0.0
S384176 81.1188 103.6134 1.82e-13 1.238e-13 4.125e-14 0.0 125.63 0.0
S384177 81.119 103.6084 1.471e-13 9.944e-14 3.209e-14 0.0 125.64 0.0
S384178 81.202 103.4075 5.298e-17 4.441e-17 2.295e-17 0.0 129.92 0.0
S384179 81.1151 103.604 2.757e-17 2.435e-17 1.402e-17 0.0 125.75 0.0
S384180 81.1128 103.6043 1.931e-19 2.596e-19 3.465e-19 0.0 125.75 0.0
S384181 81.1145 103.5995 6.275e-17 1.358e-16 5.069e-16 0.0 125.8 1.0
S384182 81.2139 103.4149 1.456e-16 1.135e-16 4.868e-17 0.0 129.6 1.0
S384183 81.1069 103.5999 9.494e-19 1.139e-18 1.159e-18 0.0 126.0 0.0
S384184 81.2147 103.4226 5.102e-17 4.07e-17 1.907e-17 0.0 129.39 0.0
S384185 81.2109 103.4289 1.507e-15 1.062e-15 3.87e-16 0.0 129.31 0.0
S384186 81.1047 103.5837 2.001e-17 4.456e-17 1.615e-16 0.0 126.21 0.0
S384187 81.1066 103.5774 1.627e-15 1.17e-15 4.284e-16 0.0 126.31 0.0
S384188 81.1094 103.5707 2.22e-19 2.932e-19 3.628e-19 0.0 126.41 0.0
S384189 81.1033 103.5705 2.674e-18 2.76e-18 2.221e-18 0.0 126.46 0.0
S384190 81.2132 103.4559 3.292e-17 2.788e-17 1.457e-17 0.0 128.83 0.0
S384191 81.2147 103.4572 3.197e-16 2.417e-16 9.832e-17 0.0 128.87 0.0
S384192 81.1023 103.5545 2.539e-15 1.776e-15 5.976e-16 0.0 126.73 0.0
S384193 81.1088 103.5415 1.883e-18 2.089e-18 1.893e-18 0.0 126.95 0.0
S384194 81.1036 103.5392 1.983e-17 3.257e-17 6.659e-17 0.0 126.97 0.0
S384195 81.1042 103.5309 8.813e-18 1.683e-17 4.688e-17 0.0 127.16 0.0
S384196 81.2086 103.4921 4.247e-18 4.261e-18 3.081e-18 0.0 128.25 0.0
S384197 81.109 103.5196 1.748e-17 1.524e-17 8.502e-18 0.0 127.36 0.0
S384198 81.1073 103.5133 2.059e-16 1.623e-16 7.419e-17 0.0 127.58 1.0
S384199 81.1172 103.4982 2.668e-19 3.445e-19 4.235e-19 0.001 127.72 0.0
S384200 81.208 103.5261 2.588e-16 1.884e-16 7.036e-17 0.0 127.6 0.0
S384201 81.2106 103.5234 5.292e-16 3.761e-16 1.351e-16 0.0 127.73 0.0
S384202 81.2061 103.5354 1.933e-17 1.69e-17 9.076e-18 0.0 127.38 0.0
S384203 81.2009 103.5485 5.005e-18 9.002e-18 2.283e-17 0.0 127.14 0.0
S384204 81.2032 103.5515 2.982e-15 2.03e-15 7.107e-16 0.0 127.17 0.0
S384205 81.2034 103.5596 2.048e-17 1.74e-17 8.934e-18 0.0 127.15 0.0
S384206 81.1217 103.4556 3.798e-16 2.77e-16 1.03e-16 0.0 128.49 0.0
S384207 81.1921 103.5785 1.709e-15 1.216e-15 4.469e-16 0.0 126.59 0.0
S384208 81.1291 103.4351 3.677e-17 4.909e-17 6.352e-17 0.0 128.8 0.0
S384209 81.1313 103.4214 2.702e-17 2.329e-17 1.291e-17 0.0 129.11 0.0
S384210 81.1352 103.4172 1.535e-17 1.415e-17 8.766e-18 0.0 129.09 0.0
S384211 81.1833 103.6041 6.341e-17 5.302e-17 2.579e-17 0.0 126.35 0.0
S384212 81.1813 103.6125 8.395e-17 6.529e-17 2.822e-17 0.0 126.2 0.0
S384213 81.1454 103.4036 9.503e-17 7.697e-17 3.495e-17 0.0 129.53 0.0
S384214 81.1722 103.6189 3.893e-16 2.859e-16 1.118e-16 0.0 125.79 0.0
S384215 81.1675 103.6227 3.555e-17 3.168e-17 1.81e-17 0.0 125.81 0.0
S384216 81.1293 103.5404 2.428e-17 4.604e-17 1.247e-16 0.0 126.65 0.0
S384217 81.1298 103.5385 5.19e-20 7.225e-20 9.947000000000001e-20 0.0 126.71 0.0
S384218 81.1322 103.5332 1.165e-23 3.402e-23 2.288e-22 0.0 126.87 0.0
S384219 81.1325 103.5368 6.509e-16 4.868e-16 1.923e-16 0.0 126.75 0.0
S384220 81.199 103.4738 8.518e-17 6.796e-17 3.038e-17 0.0 128.82 1.0
S384221 81.1291 103.5348 3.074e-19 3.749e-19 4.115e-19 0.0 126.75 0.0
S384222 81.1327 103.5384 1.424e-17 1.256e-17 7.129e-18 0.0 126.75 0.0
S384223 81.1316 103.5337 8.844e-18 8.107e-18 4.911e-18 0.0 126.8 0.0
S384224 81.1933 103.4829 7.317e-18 1.228e-17 2.622e-17 0.0 128.61 0.0
S384225 81.1282 103.5311 1.1100000000000001e-21 2.394e-21 8.422e-21 0.0 126.85 0.0
S384226 81.1276 103.5322 1.258e-16 9.856e-17 4.311e-17 0.0 126.88 1.0
S384227 81.1904 103.4895 4.582e-17 3.839e-17 1.881e-17 0.0 128.49 0.0
S384228 81.1936 103.484 1.237e-17 2.561e-17 8.316e-17 0.0 128.68 0.0
S384229 81.1295 103.5284 5.541e-20 7.602e-20 1.069e-19 0.0 127.04 0.0
S384230 81.1227 103.5328 8.199e-18 7.978e-18 5.371e-18 0.0 126.94 0.0
S384231 81.1899 103.4863 1.567e-19 2.018e-19 2.413e-19 0.0 128.6 0.0
S384232 81.1302 103.5239 2.296e-22 4.896e-22 1.689e-21 0.0 127.15 0.0
S384233 81.1953 103.4839 4.2330000000000005e-20 6.315e-20 1.059e-19 0.0 128.56 0.0
S384234 81.1896 103.496 1.142e-19 1.514e-19 2.001e-19 0.0 128.29 0.0
S384235 81.132 103.5216 3.585e-21 6.5210000000000004e-21 1.5890000000000002e-20 0.0 127.12 0.0
S384236 81.1927 103.4877 1.479e-19 1.96e-19 2.518e-19 0.0 128.51 0.0
S384237 81.1257 103.5249 4.8880000000000006e-20 6.639000000000001e-20 9.207000000000001e-20 0.0 127.1 0.0
S384238 81.1912 103.4957 4.924e-13 4.14e-13 2.102e-13 0.0 128.3 1.0
S384239 81.1913 103.4966 6.445e-13 5.154e-13 2.368e-13 0.0 128.29 1.0
S384240 81.1326 103.5207 1.083e-15 7.763e-16 2.944e-16 0.0 127.21 0.0
S384241 81.1889 103.4971 4.006e-21 7.283e-21 1.811e-20 0.0 128.29 0.0
S384242 81.1889 103.506 1.83e-16 1.423e-16 6.236e-17 0.001 127.97 1.0
S384243 81.1918 103.5002 1.377e-21 9.777e-22 3.5209999999999995e-22 0.0 128.14 0.0
S384244 81.19 103.4995 5.457e-18 5.143e-18 3.16e-18 0.0 128.15 0.0
S384245 81.129 103.5151 1.225e-16 9.653e-17 4.422e-17 0.0 127.35 1.0
S384246 81.126 103.5173 1.141e-16 9.192e-17 4.213e-17 0.0 127.4 0.0
S384247 81.1308 103.5114 1.611e-17 3.266e-17 1.023e-16 0.0 127.51 0.0
S384248 81.1843 103.514 3.796e-13 2.92e-13 1.231e-13 0.0 127.7 1.0
S384249 81.1271 103.5074 3.741e-23 1.1229999999999998e-22 7.983999999999999e-22 0.0 127.56 0.0
S384250 81.1293 103.507 1.997e-18 2.19e-18 1.892e-18 0.0 127.57 0.0
S384251 81.1299 103.5112 1.359e-16 1.084e-16 4.975e-17 0.0 127.57 0.0
S384252 81.1316 103.5021 3.8479999999999995e-22 8.722e-22 3.376e-21 0.0 127.77 0.0
S384253 81.129 103.5069 1.676e-17 1.441e-17 7.798e-18 0.0 127.62 0.0
S384254 81.125 103.5088 2.544e-17 4.296e-17 9.239e-17 0.0 127.57 0.0
S384255 81.1266 103.4978 1.177e-17 1.668e-17 2.47e-17 0.0 127.85 0.0
S384256 81.1285 103.4947 4.338e-18 7.975e-18 2.033e-17 0.0 127.93 0.0
S384257 81.1886 103.5185 4.564999999999999e-22 1.026e-21 3.975e-21 0.0 127.64 0.0
S384258 81.128 103.5003 1.358e-15 9.198e-16 3.087e-16 0.0 127.72 0.0
S384259 81.1918 103.5175 4.422e-23 1.232e-22 7.399999999999999e-22 0.0 127.65 0.0
S384260 81.1319 103.492 1.578e-17 2.493e-17 4.671e-17 0.0 128.05 0.0
S384261 81.1326 103.4876 2.268e-17 4.9e-17 1.682e-16 0.0 128.11 0.0
S384262 81.1911 103.5264 3.881e-17 3.205e-17 1.654e-17 0.0 127.47 0.0
S384263 81.1359 103.4808 1.016e-18 1.18e-18 1.156e-18 0.0 128.4 0.0
S384264 81.1392 103.4758 2.6609999999999996e-22 6.854999999999999e-22 3.508e-21 0.0 128.53 0.0
S384265 81.1277 103.4828 2.302e-22 5.271e-22 2.163e-21 0.0 128.27 0.0
S384266 81.1889 103.5299 9.817e-18 9.306e-18 6.24e-18 0.0 127.27 0.0
S384267 81.1343 103.4799 6.748e-17 5.513e-17 2.668e-17 0.0 128.39 0.0
S384268 81.1869 103.5369 1.519e-21 1.058e-21 3.668e-22 0.0 127.12 0.0
S384269 81.1877 103.5358 5.79e-24 1.7849999999999998e-23 1.3349999999999999e-22 0.0 127.22 0.0
S384270 81.1899 103.5303 2.462e-17 4.447e-17 1.08e-16 0.0 127.32 0.0
S384271 81.1342 103.4778 6.054e-18 5.86e-18 4.049e-18 0.0 128.24 0.0
S384272 81.186 103.5455 3.072e-21 5.708e-21 1.4650000000000002e-20 0.0 126.97 0.0
S384273 81.132 103.4856 2.998e-17 5.623e-17 1.513e-16 0.0 128.21 0.0
S384274 81.1375 103.4733 1.232e-22 2.956e-22 1.287e-21 0.0 128.55 0.0
S384275 81.1348 103.4823 5.769e-17 4.536e-17 2.042e-17 0.0 128.28 0.0
S384276 81.1379 103.4696 4.967e-21 8.36e-21 1.767e-20 0.0 128.63 0.0
S384277 81.1844 103.5574 2.308e-17 1.991e-17 1.1e-17 0.0 126.61 0.0
S384278 81.1845 103.5553 5.770999999999999e-22 1.281e-21 4.848e-21 0.0 126.68 0.0
S384279 81.1782 103.5397 1.951e-18 1.939e-18 1.368e-18 0.0 126.89 0.0
S384280 81.1374 103.4574 2.367e-16 1.787e-16 7.558e-17 0.0 128.81 1.0
S384281 81.138 103.4518 1.999e-18 2.106e-18 1.61e-18 0.0 128.89 0.0
S384282 81.1424 103.4594 2.085e-19 2.651e-19 3.016e-19 0.0 128.77 0.0
S384283 81.1819 103.5648 2.555e-16 1.959e-16 8.464e-17 0.0 126.53 1.0
S384284 81.1384 103.4557 1.299e-17 2.503e-17 7.084e-17 0.0 128.98 0.0
S384285 81.1764 103.5674 4.579e-18 8.06e-18 1.818e-17 0.0 126.41 0.0
S384286 81.1393 103.4628 9.413e-18 1.56e-17 3.191e-17 0.0 128.73 0.0
S384287 81.1404 103.4523 1.269e-16 3.024e-16 1.365e-15 0.0 129.06 1.0
S384288 81.1463 103.4528 3.446e-17 2.996e-17 1.668e-17 0.0 129.03 0.0
S384289 81.1438 103.4352 5.772e-20 8.274000000000001e-20 1.269e-19 0.0 129.19 0.0
S384290 81.1761 103.5743 1.163e-16 9.248e-17 4.266e-17 0.0 126.27 0.0
S384291 81.148 103.4428 2.395e-21 1.564e-21 4.864999999999999e-22 0.001 129.31 0.0
S384292 81.1748 103.587 1.789e-18 1.891e-18 1.502e-18 0.0 126.23 0.0
S384293 81.1481 103.4374 5.923e-17 5.018e-17 2.597e-17 0.0 129.31 0.0
S384294 81.1476 103.4491 9.138e-21 1.446e-20 2.6380000000000002e-20 0.0 129.19 0.0
S384295 81.1501 103.4367 1.283e-19 1.706e-19 2.121e-19 0.0 129.46 0.0
S384296 81.1485 103.4267 6.184e-18 1.002e-17 1.935e-17 0.0 129.39 0.0
S384297 81.1704 103.5822 6.149e-16 4.485e-16 1.719e-16 0.0 126.04 0.0
S384298 81.1718 103.5831 6.7340000000000004e-21 1.125e-20 2.357e-20 0.0 126.09 0.0
S384299 81.1703 103.5898 1.454e-12 6.942e-12 1.267e-10 0.0 126.01 0.0
S384300 81.1691 103.5814 2.961e-19 3.514e-19 3.566e-19 0.0 126.02 0.0
S384301 81.1538 103.4232 1.151e-17 1.049e-17 6.406e-18 0.0 129.54 0.0
S384302 81.1562 103.4223 1.874e-17 2.799e-17 4.369e-17 0.0 129.64 0.0
S384303 81.1566 103.4287 9.091e-18 8.306e-18 5.131e-18 0.0 129.6 0.0
S384304 81.1552 103.4282 8.605e-18 8.065e-18 5.223e-18 0.0 129.67 0.0
S384305 81.1606 103.5898 1.714e-21 1.168e-21 4.0479999999999995e-22 0.0 125.8 0.0
S384306 81.1597 103.4319 5.009e-13 3.534e-13 1.273e-13 0.0 129.7 0.0
S384307 81.1607 103.4245 9.101e-19 1.007e-18 8.914e-19 0.0 129.76 0.0
S384308 81.16 103.4238 2.431e-15 1.723e-15 6.146e-16 0.0 129.8 0.0
S384309 81.1606 103.4147 6.349e-23 1.5009999999999998e-22 6.413e-22 0.0 129.77 0.0
S384310 81.1635 103.415 4.815e-17 3.986e-17 2.021e-17 0.0 129.79 0.0
S384311 81.158 103.5916 1.4580000000000001e-21 1.0210000000000001e-21 3.6119999999999996e-22 0.0 125.59 0.0
S384312 81.1538 103.6093 9.467e-22 7.147999999999999e-22 2.8479999999999997e-22 0.0 125.62 1.0
S384313 81.1598 103.41 1.737e-21 1.207e-21 4.1109999999999997e-22 0.0 129.84 0.0
S384314 81.1591 103.6118 2.94e-16 2.209e-16 9.136e-17 0.0 125.59 0.0
S384315 81.1697 103.4005 2.96e-17 5.227e-17 1.244e-16 0.0 129.91 0.0
S384316 81.1534 103.6098 3.467e-18 3.613e-18 2.774e-18 0.0 125.44 0.0
S384317 81.1545 103.6171 1.233e-17 1.149e-17 7.057e-18 0.0 125.58 0.0
S384318 81.1484 103.6095 1.179e-16 9.348e-17 4.175e-17 0.0 125.44 1.0
S384319 81.1689 103.3967 2.26e-17 1.917e-17 1.011e-17 0.0 129.99 0.0
S384320 81.1744 103.4091 3.3059999999999995e-22 7.17e-22 2.598e-21 0.0 130.11 0.0
S384321 81.1742 103.4021 3.367e-19 4.16e-19 4.659e-19 0.0 130.14 0.0
S384322 81.1754 103.3934 7.296e-17 6.061e-17 2.969e-17 0.0 130.12 0.0
S384323 81.1753 103.4011 1.078e-17 2.141e-17 6.322e-17 0.0 130.03 0.0
S384324 81.1795 103.407 2.329e-17 1.919e-17 9.149e-18 0.0 130.13 0.0
S384325 81.1458 103.618 2.609e-17 2.248e-17 1.246e-17 0.0 125.36 0.0
S384326 81.1784 103.4036 2.973e-16 2.134e-16 7.773e-17 0.0 130.06 0.0
S384327 81.1384 103.6231 4.69e-16 3.563e-16 1.47e-16 0.0 125.4 0.0
S384328 81.1833 103.3978 1.765e-17 1.523e-17 8.333e-18 0.0 130.14 0.0
S384329 81.1376 103.6171 1.112e-17 9.778e-18 5.448e-18 0.0 125.44 0.0
S384330 81.1844 103.4038 6.553e-23 1.741e-22 9.324e-22 0.0 130.13 0.0
S384331 81.1858 103.4039 2.866e-22 6.359999999999999e-22 2.427e-21 0.0 130.13 0.0
S384332 81.1815 103.4028 3.2099999999999996e-22 6.9009999999999995e-22 2.533e-21 0.0 130.15 0.0
S384333 81.1297 103.6114 2.208e-16 1.688e-16 6.921e-17 0.0 125.42 1.0
S384334 81.1857 103.3995 9.836000000000001e-20 1.367e-19 1.97e-19 0.0 130.13 0.0
S384335 81.187 103.4061 6.74e-17 5.275e-17 2.35e-17 0.0 130.04 1.0
S384336 81.1291 103.6138 2.858e-17 2.329e-17 1.083e-17 0.0 125.47 0.0
S384337 81.1899 103.4013 5.495e-23 1.3979999999999998e-22 6.995999999999999e-22 0.0 130.12 0.0
S384338 81.1952 103.4055 1.485e-16 1.09e-16 4.322e-17 0.0 129.97 0.0
S384339 81.2032 103.3982 1.1670000000000001e-20 1.935e-20 4.0680000000000005e-20 0.0 129.92 0.0
S384340 81.1302 103.6127 6.02e-16 4.32e-16 1.655e-16 0.0 125.47 0.0
S384341 81.1924 103.4048 1.59e-21 3.031e-21 8.597e-21 0.0 130.03 0.0
S384342 81.1268 103.6021 1.397e-21 2.73e-21 7.924e-21 0.0 125.63 0.0
S384343 81.1985 103.4136 7.767e-17 6.197e-17 2.738e-17 0.0 130.06 0.0
S384344 81.1151 103.6086 2.613e-18 2.548e-18 1.73e-18 0.0 125.6 0.0
S384345 81.1973 103.4101 7.715e-17 5.865e-17 2.576e-17 0.0 129.99 1.0
S384346 81.1994 103.4194 1.2100000000000001e-20 2.049e-20 4.3220000000000006e-20 0.0 129.81 0.0
S384347 81.2019 103.4155 7.885e-18 1.607e-17 5.203e-17 0.0 129.82 0.0
S384348 81.1991 103.4209 3.966e-16 3.019e-16 1.251e-16 0.001 129.73 1.0
S384349 81.1133 103.5995 5.755e-18 5.537e-18 3.588e-18 0.0 125.69 0.0
S384350 81.2073 103.4226 1.052e-21 2.16e-21 7.105e-21 0.0 129.6 0.0
S384351 81.2124 103.4164 6.919e-18 1.469e-17 5.173e-17 0.0 129.53 0.0
S384352 81.1046 103.5983 2.539e-17 2.105e-17 1.083e-17 0.0 126.1 0.0
S384353 81.107 103.5958 7.338e-17 6.286e-17 3.165e-17 0.0 126.01 0.0
S384354 81.1131 103.585 2.586e-17 2.124e-17 1.046e-17 0.0 126.12 0.0
S384355 81.207 103.4303 4.638e-17 3.775e-17 1.758e-17 0.0 129.34 0.0
S384356 81.2133 103.4368 3.448e-17 2.868e-17 1.408e-17 0.0 129.26 0.0
S384357 81.1124 103.572 7.776e-13 6.06e-13 2.691e-13 0.0 126.38 1.0
S384358 81.1075 103.5729 9.149e-18 8.649e-18 5.474e-18 0.0 126.38 0.0
S384359 81.1047 103.5707 2.605e-13 1.827e-13 6.461e-14 0.0 126.42 0.0
S384360 81.2149 103.4455 6.36e-17 5.235e-17 2.527e-17 0.0 129.02 0.0
S384361 81.2168 103.4445 2.693e-18 2.969e-18 2.641e-18 0.0 128.97 0.0
S384362 81.1089 103.5545 2.3240000000000002e-20 3.5300000000000004e-20 6.055e-20 0.0 126.71 0.0
S384363 81.1157 103.545 6.58e-17 5.343e-17 2.639e-17 0.0 126.79 0.0
S384364 81.1075 103.5493 1.137e-17 1.946e-17 4.26e-17 0.0 126.71 0.0
S384365 81.1081 103.5431 6.694e-16 4.719e-16 1.706e-16 0.0 126.91 0.0
S384366 81.2153 103.4753 2.009e-18 3.388e-18 7.24e-18 0.0 128.61 0.0
S384367 81.1102 103.5239 2.906e-18 4.984e-18 1.085e-17 0.001 127.31 0.0
S384368 81.1111 103.5268 3.335e-23 8.777e-23 4.697999999999999e-22 0.0 127.19 0.0
S384369 81.111 103.5259 2.959e-17 4.997e-17 1.068e-16 0.0 127.31 0.0
S384370 81.1109 103.5164 9.204e-21 1.508e-20 3.028e-20 0.0 127.37 0.0
S384371 81.2134 103.4979 2.014e-15 1.401e-15 5.019e-16 0.0 128.12 0.0
S384372 81.2121 103.4935 2.791e-17 4.858e-17 1.104e-16 0.0 128.22 0.0
S384373 81.1126 103.4995 2.4079999999999996e-22 5.397999999999999e-22 2.031e-21 0.0 127.66 0.0
S384374 81.1088 103.5105 4.9989999999999995e-22 1.077e-21 3.754e-21 0.0 127.54 0.0
S384375 81.2151 103.5207 1.5e-15 1.01e-15 3.435e-16 0.0 127.83 0.0
S384376 81.2044 103.5313 7.352e-16 5.262e-16 1.885e-16 0.0 127.53 0.0
S384377 81.2042 103.537 3.608e-17 3.078e-17 1.641e-17 0.0 127.36 0.0
S384378 81.1174 103.4874 8.577e-18 8.625e-18 6.33e-18 0.0 128.0 0.0
S384379 81.1154 103.4864 4.0259999999999995e-22 9.856e-22 4.691e-21 0.001 127.98 0.0
S384380 81.1987 103.5591 2.51e-17 2.118e-17 1.085e-17 0.0 127.01 0.0
S384381 81.2014 103.5686 2.537e-19 3.358e-19 4.277e-19 0.0 127.0 0.0
S384382 81.1199 103.4661 2.167e-18 2.191e-18 1.702e-18 0.0 128.43 0.0
S384383 81.2009 103.5573 6.672e-17 5.555e-17 2.802e-17 0.0 127.05 0.0
S384384 81.1274 103.4366 3.168e-17 5.022e-17 9.324e-17 0.0 128.86 0.0
S384385 81.1909 103.5709 1.158e-21 2.284e-21 6.495e-21 0.0 126.7 0.0
S384386 81.1308 103.4315 6.569000000000001e-20 9.077e-20 1.269e-19 0.0 129.04 0.0
S384387 81.1334 103.428 5.907e-17 1.418e-16 6.486e-16 0.0 129.07 1.0
S384388 81.1322 103.4422 7.682e-19 9.262e-19 9.739e-19 0.0 129.04 0.0
S384389 81.1874 103.5926 1.839e-17 3.326e-17 8.31e-17 0.0 126.41 0.0
S384390 81.1837 103.5996 7.663e-22 1.627e-21 5.4980000000000004e-21 0.0 126.28 0.0
S384391 81.1406 103.3979 7.019e-17 5.665e-17 2.706e-17 0.0 129.38 0.0
S384392 81.1418 103.4098 3.429e-22 7.340999999999999e-22 2.627e-21 0.0 129.4 0.0
S384393 81.143 103.3973 3.477e-17 2.865e-17 1.363e-17 0.0 129.53 0.0
S384394 81.1484 103.3858 2.201e-17 1.993e-17 1.197e-17 0.0 129.59 0.0
S384395 81.1673 103.6058 6.741e-21 1.1740000000000001e-20 2.553e-20 0.0 125.96 0.0
S384396 81.1686 103.6377 1.981e-17 3.574e-17 8.381e-17 0.0 125.81 0.0
S384397 81.1655 103.6331 2.582e-21 1.686e-21 5.048e-22 0.0 125.74 0.0
S384398 81.1589 103.3955 5.675e-21 9.788e-21 2.2000000000000002e-20 0.0 129.73 0.0
S384399 81.1636 103.4016 4.413e-18 4.526e-18 3.41e-18 0.0 129.99 0.0
S384400 81.1528 103.6317 1.588e-15 1.176e-15 4.652e-16 0.0 125.57 0.0
