Name Equatorial Polar BlueF GreenF RedF Parallax RadialVelocity Variable?
S411939 83.0076 54.7321 1.57e-20 2.7030000000000003e-20 5.793e-20 0.0 144.37 0.0
S411940 83.0157 54.721 2.023e-16 1.627e-16 7.513e-17 0.0 142.74 0.0
S411941 83.0111 54.719 5.458e-19 6.659e-19 7.41e-19 0.0 142.8 0.0
S411942 82.9412 54.731 1.765e-19 2.549e-19 3.992e-19 0.0 143.99 0.0
S411943 83.0373 54.7 4.3159999999999995e-22 1.095e-21 5.3080000000000004e-21 0.0 142.71 0.0
S411944 82.9688 54.761 6.263000000000001e-20 9.69e-20 1.74e-19 0.0 144.61 0.0
S411945 83.0225 54.7172 4.1910000000000004e-21 8.4e-21 2.5180000000000002e-20 0.0 142.91 0.0
S411946 83.0112 54.7269 6.623e-19 8.371e-19 9.997e-19 0.0 144.66 0.0
S411947 82.8866 54.781 5.833e-19 7.328e-19 8.71e-19 0.0 144.61 0.0
S411948 83.0121 54.7316 1.415e-22 3.4279999999999997e-22 1.551e-21 0.0 144.59 0.0
S411949 83.0121 54.7338 3.126e-21 6.656e-21 2.3410000000000003e-20 0.0 144.74 0.0
S411950 83.0222 54.7437 7.441e-21 1.425e-20 4.0610000000000005e-20 0.0 144.59 0.0
S411951 83.0003 54.7073 1.9300000000000003e-20 3.222e-20 7.074000000000001e-20 0.0 143.07 0.0
S411952 82.9932 54.7485 3.8199999999999996e-23 1.0859999999999998e-22 6.659999999999999e-22 0.0 144.69 0.0
S411953 82.9634 54.6445 3.027e-21 6.32e-21 2.0470000000000003e-20 0.0 142.62 0.0
S411954 82.815 54.8534 4.1389999999999997e-23 1.247e-22 8.972e-22 0.0 144.69 0.0
S411955 83.0061 54.7243 1.582e-22 4.2029999999999994e-22 2.24e-21 0.0 143.68 0.0
S411956 82.774 54.845 2.287e-19 3.173e-19 4.428e-19 0.0 144.45 0.0
S411957 83.0161 54.7332 1.812e-18 2.102e-18 2.042e-18 0.0 144.26 0.0
S411958 83.1203 54.7716 1.2570000000000001e-20 2.25e-20 5.3390000000000004e-20 0.0 144.11 0.0
S411959 83.0016 54.7005 1.4960000000000002e-20 2.6510000000000003e-20 6.024000000000001e-20 0.0 142.98 0.0
S411960 83.0178 54.7377 3.577e-18 3.769e-18 3.083e-18 0.0 144.71 0.0
S411961 83.0637 54.7182 9.464e-21 1.7650000000000002e-20 4.602e-20 0.0 143.26 0.0
S411962 83.0253 54.7135 3.092e-20 5.093e-20 1.027e-19 0.0 142.92 0.0
S411963 82.9944 54.8139 1.19e-19 1.764e-19 2.837e-19 0.0 145.17 0.0
S411964 83.0145 54.7405 5.248e-23 1.4339999999999998e-22 8.381999999999999e-22 0.0 144.71 0.0
S411965 83.0002 54.7312 9.016e-25 3.803e-24 5.637e-23 0.0 144.27 0.0
S411966 83.0386 54.73 1.498e-12 1.114e-12 4.411e-13 0.0 143.79 0.0
S411967 83.0115 54.7254 1.018e-20 2.0410000000000002e-20 6.024000000000001e-20 0.0 142.69 0.0
S411968 83.0076 54.8016 2.078e-19 2.92e-19 4.269e-19 0.0 145.13 0.0
S411969 83.0031 54.7261 4.333e-22 9.828e-22 3.758e-21 0.0 143.8 0.0
S411970 83.0172 54.7244 3.8810000000000005e-20 6.328000000000001e-20 1.307e-19 0.0 142.92 0.0
S411971 83.0391 54.7311 6.018e-24 2.221e-23 2.344e-22 0.0 143.77 0.0
S411972 82.9836 54.797 5.438e-23 1.4639999999999998e-22 8.094999999999999e-22 0.0 145.21 0.0
S411973 82.9912 54.7761 6.165e-17 1.266e-16 4.028e-16 0.0 145.24 0.0
S411974 83.0113 54.702 1.0150000000000001e-20 1.8300000000000003e-20 4.3420000000000007e-20 0.0 142.87 0.0
S411975 83.0196 54.7483 1.437e-22 3.467e-22 1.5470000000000001e-21 0.001 144.64 0.0
S411976 83.0064 54.7149 2.846e-17 2.647e-17 1.695e-17 0.0 143.04 0.0
S411977 83.0078 54.8162 2.563e-22 5.782999999999999e-22 2.295e-21 0.0 145.21 0.0
S411978 83.0573 54.6909 1.456e-21 3.315e-21 1.2860000000000001e-20 0.0 142.96 0.0
S411979 83.0093 54.7129 4.241e-21 2.934e-21 1.017e-21 0.0 143.01 0.0
S411980 83.0189 54.7218 5.733e-21 1.0790000000000001e-20 2.859e-20 0.0 142.85 0.0
S411981 82.9933 54.744 2.0019999999999998e-22 5.001e-22 2.361e-21 0.0 144.68 0.0
S411982 82.969 54.6686 1.271e-19 1.832e-19 2.775e-19 0.0 142.73 0.0
S411983 83.0281 54.7031 6.908e-23 2.0179999999999998e-22 1.337e-21 0.0 142.64 0.0
S411984 83.0102 54.7246 8.025e-19 9.285e-19 9.063e-19 0.0 142.88 0.0
S411985 83.0738 54.7078 2.436e-22 6.227999999999999e-22 3.137e-21 0.0 143.24 0.0
S411986 82.9884 54.6555 4.282e-21 8.786000000000001e-21 2.762e-20 0.0 142.4 0.0
S411987 83.1561 54.6882 2.329e-17 4.47e-17 1.247e-16 0.0 143.25 0.0
S411988 83.0304 54.7169 3.9919999999999997e-22 9.263e-22 3.724e-21 0.0 143.19 0.0
S411989 82.9888 54.7827 3.381e-21 6.4500000000000005e-21 1.76e-20 0.0 145.2 1.0
S411990 83.0275 54.7501 2.027e-18 2.255e-18 2.018e-18 0.0 144.79 0.0
S411991 83.037 54.7268 1.132e-17 1.104e-17 7.507e-18 0.0 143.63 0.0
S411992 82.9762 54.7151 7.148e-24 2.608e-23 2.733e-22 0.0 143.6 0.0
S411993 83.0031 54.7316 3.972e-16 1.183e-15 8.2e-15 0.0 144.28 1.0
S411994 83.0306 54.6997 4.574e-21 9.571e-21 3.125e-20 0.0 142.6 0.0
S411995 83.0341 54.7799 1.538e-18 1.853e-18 1.974e-18 0.0 145.07 0.0
S411996 82.9896 54.7223 4.306e-21 3.012e-21 1.077e-21 0.0 143.59 0.0
S411997 83.0078 54.7369 1.33e-19 1.905e-19 2.858e-19 0.0 144.51 0.0
S411998 83.048 54.7084 6.513e-18 1.048e-17 2.122e-17 0.0 143.03 0.0
S411999 82.6915 54.6881 1.186e-19 1.71e-19 2.739e-19 0.0 143.81 0.0
S412000 83.0335 54.7522 5.3e-21 9.646e-21 2.4510000000000003e-20 0.0 144.77 0.0
S412001 83.1978 54.8167 9.778000000000001e-26 5.034e-25 1.1459999999999999e-23 0.0 144.3 0.0
S412002 82.9074 54.5577 6.879999999999999e-22 1.4460000000000001e-21 4.979e-21 0.0 142.69 0.0
S412003 82.978 54.7531 1.614e-16 1.305e-16 6.076e-17 0.0 144.66 0.0
S412004 83.0105 54.7248 2.9939999999999995e-22 7.519999999999999e-22 3.716e-21 0.0 143.57 0.0
S412005 83.08 54.6368 4.617e-20 7.369000000000001e-20 1.427e-19 0.0 142.42 0.0
S412006 83.0098 54.7301 1.383e-21 3.054e-21 1.1330000000000001e-20 0.0 144.6 0.0
S412007 82.9906 54.7172 1.0050000000000001e-20 1.8020000000000003e-20 4.3770000000000006e-20 0.0 143.39 0.0
S412008 83.0234 54.7277 1.082e-18 1.298e-18 1.35e-18 0.0 143.7 0.0
S412009 83.0171 54.7306 5.128e-19 6.25e-19 6.997e-19 0.0 144.63 0.0
S412010 82.99 54.8784 5.544e-21 1.0620000000000001e-20 3.05e-20 0.0 145.13 0.0
S412011 83.0712 54.7439 1.726e-24 7.473e-24 1.1419999999999999e-22 0.0 144.13 0.0
S412012 83.0169 54.7326 3.319e-21 2.359e-21 8.713999999999999e-22 0.0 144.65 0.0
S412013 82.9703 54.6944 1.6930000000000002e-20 3.0270000000000003e-20 7.356e-20 0.0 143.14 0.0
S412014 82.9714 54.6952 6.832e-21 1.3650000000000002e-20 4.099e-20 0.0 143.06 0.0
S412015 83.0037 54.7307 6.799e-15 4.391e-15 1.382e-15 0.0 144.12 0.0
S412016 82.9986 54.6627 1.213e-18 1.45e-18 1.518e-18 0.0 142.49 0.0
S412017 83.0197 54.7283 3.416e-21 2.474e-21 9.271e-22 0.0 144.66 0.0
S412018 83.0184 54.7233 1.394e-20 2.3760000000000002e-20 5.2090000000000003e-20 0.0 143.24 0.0
S412019 83.0058 54.7156 4.797e-19 5.982e-19 6.901e-19 0.0 143.17 0.0
S412020 83.0197 54.7367 5.961e-24 2.051e-23 1.9659999999999998e-22 0.0 144.36 0.0
S412021 83.0134 54.7279 1.1590000000000001e-20 2.164e-20 5.860000000000001e-20 0.0 143.96 0.0
S412022 82.9453 54.7936 1.935e-18 2.122e-18 1.92e-18 0.0 144.9 0.0
S412023 82.9676 54.6865 3.724e-21 7.482e-21 2.3820000000000003e-20 0.0 142.94 0.0
S412024 83.0279 54.7103 7.712e-20 1.212e-19 2.225e-19 0.0 142.84 0.0
S412025 83.0143 54.7225 6.597e-21 1.1790000000000001e-20 2.851e-20 0.0 142.82 0.0
S412026 83.0034 54.7404 8.177e-19 1.022e-18 1.179e-18 0.0 144.67 0.0
S412027 83.0152 54.7269 1.6100000000000002e-20 2.8270000000000003e-20 6.471000000000001e-20 0.0 143.47 0.0
S412028 82.9847 54.7402 1.265e-22 2.9499999999999996e-22 1.212e-21 0.0 144.3 0.0
S412029 82.957 54.817 9.541999999999998e-22 2.219e-21 9.352e-21 0.0 145.26 0.0
S412030 82.9803 54.8533 5.761999999999999e-23 1.588e-22 9.854e-22 0.0 145.38 0.0
S412031 83.0425 54.8985 6.13e-21 4.144e-21 1.362e-21 0.0 145.24 0.0
S412032 82.9829 54.8054 2.747e-18 3.131e-18 3.008e-18 0.0 145.22 0.0
S412033 83.0621 54.6896 1.657e-23 5.0969999999999996e-23 3.7549999999999997e-22 0.0 142.73 0.0
S412034 83.0323 54.6434 1.622e-21 3.616e-21 1.397e-20 0.0 142.26 0.0
S412035 82.9952 54.7167 1.099e-19 1.527e-19 2.117e-19 0.0 143.21 1.0
S412036 83.0099 54.7305 5.089e-24 1.691e-23 1.452e-22 0.0 144.7 0.0
S412037 82.987 54.7345 5.456e-17 4.647e-17 2.475e-17 0.0 144.14 0.0
S412038 83.1228 54.6718 8.938e-17 1.398e-16 2.577e-16 0.0 142.87 0.0
S412039 83.0394 54.6413 1.161e-22 3.0399999999999996e-22 1.602e-21 0.0 142.27 0.0
S412040 82.962 54.7213 3.796e-23 1.084e-22 6.743e-22 0.0 143.66 0.0
S412041 83.0141 54.8515 4.247e-17 3.716e-17 2.016e-17 0.0 145.16 0.0
S412042 83.1321 54.7051 2.3289999999999998e-22 5.88e-22 2.889e-21 0.0 143.27 0.0
S412043 83.0325 54.7072 5.786e-20 8.841e-20 1.586e-19 0.0 142.86 0.0
S412044 83.0234 54.7494 2.124e-17 1.989e-17 1.279e-17 0.0 144.74 0.0
S412045 83.0274 54.7006 1.278e-23 4.013e-23 3.162e-22 0.0 142.52 0.0
S412046 83.0196 54.7233 1.001e-17 9.946e-18 7.401e-18 0.0 142.94 0.0
S412047 83.0464 54.7758 2.901e-17 2.744e-17 1.725e-17 0.0 144.82 0.0
S412048 83.0212 54.7321 1.703e-18 1.947e-18 1.883e-18 0.0 144.5 0.0
S412049 83.0846 54.7588 1.516e-23 5.001e-23 4.424e-22 0.0 144.1 0.0
S412050 83.075 54.7081 1.447e-21 2.978e-21 9.533e-21 0.0 143.28 0.0
S412051 82.9987 54.8526 7.287e-17 1.307e-16 3.158e-16 0.0 145.26 0.0
S412052 82.9998 54.7192 2.132e-18 2.435e-18 2.303e-18 0.0 143.28 0.0
S412053 83.0076 54.7413 1.6009999999999998e-22 3.7949999999999994e-22 1.659e-21 0.0 144.74 0.0
S412054 83.0113 54.7501 2.592e-21 5.179e-21 1.5720000000000002e-20 0.0 144.82 0.0
S412055 82.9707 54.7523 3.85e-21 2.706e-21 9.607999999999999e-22 0.0 144.64 0.0
S412056 83.0366 54.6883 2.203e-21 4.501e-21 1.391e-20 0.0 142.55 0.0
S412057 83.0172 54.7273 5.316e-24 1.932e-23 2.0719999999999997e-22 0.0 143.45 0.0
S412058 83.0464 54.6716 4.151e-21 2.9040000000000002e-21 1.01e-21 0.0 142.36 0.0
S412059 83.0065 54.713 2.592e-22 6.993e-22 3.994e-21 0.0 142.69 0.0
S412060 83.0781 54.5156 1.4829999999999998e-22 4.2119999999999995e-22 2.67e-21 0.0 142.11 0.0
S412061 83.0236 54.7248 1.137e-18 1.505e-18 1.909e-18 0.0 142.8 0.0
S412062 83.0166 54.7276 5.056999999999999e-22 1.139e-21 4.367e-21 0.0 144.09 0.0
S412063 83.0342 54.7443 2.1170000000000002e-20 3.6870000000000006e-20 8.272000000000001e-20 0.0 144.45 0.0
S412064 82.9762 54.7361 2.982e-17 5.518e-17 1.43e-16 0.0 144.27 0.0
S412065 83.0137 54.7159 3.07e-20 5.0460000000000007e-20 9.937000000000001e-20 0.0 143.01 0.0
S412066 82.9974 54.7343 4.628e-18 4.703e-18 3.503e-18 0.0 144.22 0.0
S412067 83.0033 54.6847 6.152e-24 2.28e-23 2.4969999999999996e-22 0.0 142.61 0.0
S412068 82.903 54.7281 1.651e-12 1.335e-12 6.238e-13 0.0 143.98 1.0
S412069 83.0188 54.6888 7.028e-21 1.37e-20 3.8750000000000004e-20 0.0 142.46 0.0
S412070 83.0132 54.6815 4.224e-21 8.171e-21 2.3620000000000002e-20 0.0 142.48 0.0
S412071 83.0478 54.7751 2.97e-22 7.487999999999999e-22 3.726e-21 0.0 144.69 0.0
S412072 82.9371 54.883 5.954e-17 1.154e-16 3.398e-16 0.0 145.33 0.0
S412073 83.0589 54.7657 2.081e-17 1.836e-17 1.012e-17 0.0 144.51 0.0
S412074 82.9779 54.7564 4.48e-22 1.031e-21 4.108e-21 0.0 144.83 0.0
S412075 83.0271 54.7541 1.0770000000000002e-20 1.846e-20 4.0210000000000004e-20 0.0 144.66 0.0
S412076 83.0102 54.7267 1.373e-20 2.364e-20 5.3950000000000004e-20 0.0 143.75 0.0
S412077 83.1586 54.6849 2.656e-17 5.265e-17 1.53e-16 0.0 143.09 0.0
S412078 83.1432 54.8206 8.635e-22 1.91e-21 7.242e-21 0.0 144.55 0.0
S412079 82.9594 54.7358 8.621e-19 1.055e-18 1.178e-18 0.0 144.04 0.0
S412080 83.0547 54.7755 1.008e-21 2.282e-21 8.939000000000001e-21 0.0 144.7 0.0
S412081 83.0149 54.7279 9.58e-13 6.838e-13 2.478e-13 0.0 144.5 0.0
S412082 83.0155 54.7511 8.611e-18 9.073e-18 7.232e-18 0.0 144.85 0.0
S412083 83.0224 54.7382 3.948e-19 5.089e-19 5.971e-19 0.0 144.7 0.0
S412084 83.0001 54.724 1.044e-23 3.47e-23 3.0239999999999995e-22 0.0 143.55 0.0
S412085 83.0133 54.7565 1.3009999999999999e-23 3.7579999999999996e-23 2.532e-22 0.0 144.91 0.0
S412086 83.032 54.7396 2.074e-21 4.689e-21 1.8070000000000002e-20 0.0 144.14 0.0
S412087 82.9938 54.764 5.807e-19 7.226e-19 8.005e-19 0.0 144.98 0.0
S412088 83.001 54.7278 4.105e-21 2.853e-21 9.891e-22 0.0 143.82 0.0
S412089 83.0153 54.741 4.2730000000000007e-20 6.596e-20 1.164e-19 0.0 144.58 0.0
S412090 83.0255 54.7698 6.229999999999999e-22 1.404e-21 5.358e-21 0.0 145.18 0.0
S412091 83.0812 54.8808 5.754e-17 1.201e-16 4.189e-16 0.0 145.04 0.0
S412092 82.9245 54.6082 6.086e-18 6.544e-18 5.259e-18 0.001 142.69 0.0
S412093 83.0057 54.7476 5.328e-21 1.087e-20 3.388e-20 0.0 144.72 0.0
S412094 83.001 54.7178 4.9730000000000004e-20 7.904000000000001e-20 1.454e-19 0.0 143.23 0.0
S412095 83.0038 54.7202 3.188e-17 5.72e-17 1.353e-16 0.0 142.87 0.0
S412096 83.0132 54.7292 3.44e-18 3.522e-18 2.751e-18 0.0 144.65 0.0
S412097 83.0704 54.8256 1.429e-19 1.987e-19 2.781e-19 0.0 144.69 0.0
S412098 83.0043 54.7614 4.892999999999999e-22 1.244e-21 5.9860000000000004e-21 0.0 144.92 0.0
S412099 83.1384 54.6218 1.239e-22 3.0639999999999997e-22 1.4280000000000001e-21 0.0 142.6 0.0
S412100 82.9794 54.8352 9.029e-23 2.384e-22 1.236e-21 0.0 145.2 0.0
S412101 83.0846 54.4917 6.067e-18 6.428e-18 5.197e-18 0.0 142.12 0.0
S412102 83.0957 54.7962 1.464e-19 2.108e-19 3.108e-19 0.0 144.56 0.0
S412103 83.0438 55.0264 2.711e-21 5.785e-21 1.9820000000000003e-20 0.0 145.14 0.0
S412104 83.03 54.6967 1.1e-18 1.336e-18 1.432e-18 0.0 142.55 0.0
S412105 83.0283 54.7491 1.2570000000000001e-20 2.329e-20 5.946e-20 0.0 144.7 0.0
S412106 83.0125 54.5572 3.9689999999999996e-22 8.514e-22 2.912e-21 0.0 142.12 0.0
S412107 83.0678 54.6739 1.506e-12 1.191e-12 5.448e-13 0.0 142.67 1.0
S412108 82.7965 54.8199 4.618e-23 1.426e-22 1.074e-21 0.0 144.52 0.0
S412109 83.0631 54.6788 1.69e-23 4.924e-23 3.356e-22 0.0 142.61 0.0
S412110 83.038 54.7362 7.722e-18 1.393e-17 3.457e-17 0.0 143.93 0.0
S412111 82.9926 54.8018 1.264e-21 2.528e-21 7.873e-21 0.0 145.2 0.0
S412112 83.1208 54.5969 5.155999999999999e-22 1.197e-21 4.988e-21 0.0 142.56 0.0
S412113 83.0077 54.7066 2.437e-22 5.673e-22 2.342e-21 0.0 142.79 0.0
S412114 82.975 54.7504 7.177e-18 7.321e-18 5.51e-18 0.0 144.8 0.0
S412115 83.0444 54.779 1.649e-19 2.315e-19 3.311e-19 0.0 144.97 0.0
S412116 83.0444 54.6938 9.984e-21 1.746e-20 3.8050000000000005e-20 0.0 142.62 0.0
S412117 83.0594 54.5799 6.238e-17 5.507e-17 3.092e-17 0.0 142.15 0.0
S412118 83.0154 54.7208 7.593e-21 1.3710000000000003e-20 3.4810000000000005e-20 0.0 142.77 0.0
S412119 82.9151 54.6191 2.8180000000000005e-20 4.8810000000000006e-20 1.121e-19 0.0 142.72 0.0
S412120 83.0079 54.7471 2.994e-24 1.1279999999999999e-23 1.2829999999999999e-22 0.0 144.71 0.0
S412121 82.9811 54.7304 3.689e-23 1.0369999999999999e-22 6.2329999999999995e-22 0.0 143.98 0.0
S412122 82.9797 54.7517 5.481e-21 9.489e-21 2.184e-20 0.0 144.77 0.0
S412123 83.0352 54.7263 1.8449999999999998e-23 5.798e-23 4.585e-22 0.0 143.56 0.0
S412124 82.9887 54.7921 2.944e-21 5.821e-21 1.787e-20 0.0 145.04 0.0
S412125 83.0296 54.7566 3.869e-24 1.405e-23 1.492e-22 0.0 144.8 0.0
S412126 83.0152 54.7275 1.37e-22 3.5389999999999997e-22 1.889e-21 0.0 144.09 0.0
S412127 83.033 54.7074 1.01e-18 1.205e-18 1.234e-18 0.0 142.8 0.0
S412128 83.0524 54.6692 6.327e-21 1.237e-20 3.5220000000000005e-20 0.0 142.3 0.0
S412129 82.99 54.7729 7.924000000000001e-26 4.331000000000001e-25 1.057e-23 0.0 145.04 0.0
S412130 83.0051 54.7166 1.452e-19 2.103e-19 3.218e-19 0.0 143.18 0.0
S412131 83.0144 54.7248 1.0249999999999999e-22 3.081e-22 2.251e-21 0.0 143.22 0.0
S412132 82.8353 54.7997 5.389e-20 7.812e-20 1.208e-19 0.0 144.31 0.0
S412133 83.05 54.7216 1.487e-17 1.45e-17 1.017e-17 0.0 143.41 0.0
S412134 83.0249 54.8164 1.943e-20 3.3650000000000004e-20 7.714e-20 0.0 145.1 0.0
S412135 83.0217 54.7287 4.718e-17 1.109e-16 4.892e-16 0.0 143.91 1.0
S412136 83.0315 54.6466 8.584e-22 1.853e-21 6.75e-21 0.0 142.28 0.0
S412137 82.958 54.7817 3.744e-21 2.609e-21 9.336999999999998e-22 0.0 145.04 0.0
S412138 83.0114 54.7227 1.9310000000000002e-20 3.1570000000000004e-20 6.464000000000001e-20 0.0 142.76 0.0
S412139 83.0888 54.8048 2.105e-22 5.317e-22 2.671e-21 0.0 144.55 0.0
S412140 82.7396 54.7356 4.831e-13 5.911e-13 6.429e-13 0.0 143.95 0.0
S412141 83.1537 54.8403 6.562e-18 6.666e-18 5.013e-18 0.0 144.5 0.0
S412142 83.0298 54.7485 4.522e-18 4.765e-18 3.844e-18 0.0 144.45 0.0
S412143 83.0181 54.7255 8.338999999999999e-22 1.897e-21 7.249e-21 0.0 143.29 0.0
S412144 83.0788 54.7847 3.788e-21 7.817e-21 2.584e-20 0.0 144.63 1.0
S412145 82.9697 54.6931 1.052e-18 1.278e-18 1.387e-18 0.0 143.2 0.0
S412146 82.9272 54.7027 6.758e-22 1.653e-21 7.397e-21 0.0 143.58 0.0
S412147 83.018 54.7276 4.0139999999999997e-22 8.393999999999999e-22 2.788e-21 0.0 143.8 0.0
S412148 83.0407 54.7016 2.224e-12 1.982e-12 1.108e-12 0.0 142.59 1.0
S412149 83.0151 54.7262 1.068e-22 2.852e-22 1.588e-21 0.0 142.61 0.0
S412150 83.0218 54.7148 3.528e-21 7.157000000000001e-21 2.1650000000000003e-20 0.0 142.89 0.0
S412151 82.978 54.8887 4.672e-20 7.254000000000001e-20 1.309e-19 0.0 145.32 0.0
S412152 83.0329 54.7138 7.4659999999999995e-22 1.569e-21 5.301e-21 0.0 143.05 0.0
S412153 82.8811 54.774 6.858e-22 1.6420000000000001e-21 7.175e-21 0.0 144.41 0.0
S412154 83.0566 54.6724 4.3640000000000005e-20 6.512e-20 1.073e-19 0.0 142.54 0.0
S412155 82.9355 54.718 4.93e-24 1.6289999999999998e-23 1.4559999999999998e-22 0.0 143.68 0.0
S412156 83.0021 54.8614 6.598999999999999e-22 1.522e-21 6.099e-21 0.0 145.38 0.0
S412157 83.0134 54.7306 2.52e-23 7.158e-23 4.437e-22 0.0 144.67 0.0
S412158 83.0087 54.8236 4.429e-18 4.945e-18 4.413e-18 0.0 145.14 0.0
S412159 83.0373 54.6943 1.9549999999999998e-22 4.904999999999999e-22 2.396e-21 0.0 142.57 0.0
S412160 82.9184 54.6733 8.532e-21 1.5240000000000002e-20 3.589e-20 0.0 143.18 0.0
S412161 82.8464 54.7993 4.6110000000000007e-20 7.008e-20 1.134e-19 0.0 144.55 0.0
S412162 82.9878 54.8177 1.647e-18 1.834e-18 1.676e-18 0.0 145.32 0.0
S412163 83.0117 54.6984 1.304e-17 1.247e-17 8.138e-18 0.0 142.61 0.0
S412164 83.0031 54.7169 1.585e-18 1.858e-18 1.832e-18 0.0 143.26 0.0
S412165 83.0679 54.6894 4.14e-20 6.939000000000001e-20 1.463e-19 0.0 142.78 0.0
S412166 83.004 54.7424 2.494e-24 9.158e-24 9.897e-23 0.0 144.77 0.0
S412167 83.031 54.6652 1.395e-17 1.407e-17 9.858e-18 0.0 142.29 0.0
S412168 83.0067 54.8685 1.376e-18 1.6e-18 1.588e-18 0.0 145.43 0.0
S412169 83.0376 54.6832 2.306e-23 8.011e-23 7.559999999999999e-22 0.0 142.42 0.0
S412170 82.986 54.5094 2.962e-21 6.016e-21 1.9090000000000003e-20 0.0 142.3 0.0
S412171 83.0105 54.6968 3.107e-19 4.365e-19 6.07e-19 0.0 142.51 0.0
S412172 82.9834 54.6699 1.144e-21 2.249e-21 6.868e-21 0.0 142.61 0.0
S412173 83.0002 54.674 7.357999999999999e-22 1.653e-21 6.411e-21 0.0 142.29 0.0
S412174 83.036 54.7466 1.618e-17 2.711e-17 5.674e-17 0.0 144.48 0.0
S412175 83.0745 54.8243 7.749e-19 9.695e-19 1.135e-18 0.0 145.08 0.0
S412176 83.0542 54.7313 4.448e-18 4.591e-18 3.55e-18 0.0 143.75 0.0
S412177 83.0157 54.7172 6.434e-23 1.7429999999999998e-22 1.0060000000000001e-21 0.0 142.79 0.0
S412178 83.0543 54.8649 1.059e-22 2.686e-22 1.304e-21 0.0 145.16 0.0
S412179 83.0235 54.718 2.821e-22 6.655999999999999e-22 2.778e-21 0.0 142.93 0.0
S412180 83.0005 54.8576 3.151e-21 6.11e-21 1.6960000000000002e-20 0.0 145.31 0.0
S412181 83.0069 54.7151 8.359e-20 1.245e-19 2.084e-19 0.0 143.05 0.0
S412182 83.0348 54.7433 1.51e-18 1.701e-18 1.508e-18 0.0 144.34 0.0
S412183 83.0665 54.6452 9.641e-23 2.925e-22 2.11e-21 0.0 142.51 0.0
S412184 83.0366 54.6985 1.9049999999999997e-22 5.241e-22 3.0170000000000002e-21 0.0 142.53 0.0
S412185 83.0131 54.7588 4.912e-18 5.546e-18 5.017e-18 0.0 144.98 0.0
S412186 83.0591 54.6693 1.771e-21 3.5840000000000004e-21 1.087e-20 0.0 142.48 0.0
S412187 83.0803 54.7995 1.133e-22 3.4029999999999996e-22 2.309e-21 0.0 144.64 0.0
S412188 82.9394 54.8283 1.563e-20 2.823e-20 6.61e-20 0.0 145.0 0.0
S412189 82.9816 54.7698 1.232e-19 1.906e-19 3.301e-19 0.0 144.88 0.0
S412190 83.0094 54.7266 9.182e-24 3.356e-23 3.645e-22 0.0 144.55 0.0
S412191 83.1044 54.698 4.55e-17 7.257e-17 1.431e-16 0.0 143.25 0.0
S412192 82.9697 54.6084 4.764e-24 1.612e-23 1.5e-22 0.0 142.32 0.0
S412193 82.9835 54.6622 1.728e-17 1.578e-17 9.832e-18 0.0 142.43 0.0
S412194 82.9562 54.7858 2.617e-18 2.8e-18 2.254e-18 0.0 144.82 0.0
S412195 82.997 54.7302 1.203e-22 3.0769999999999996e-22 1.638e-21 0.0 144.19 0.0
S412196 83.0856 54.7493 1.563e-22 3.7309999999999996e-22 1.6720000000000001e-21 0.0 144.04 0.0
S412197 83.0144 54.7155 1.109e-22 3.1429999999999996e-22 1.936e-21 0.0 142.85 0.0
S412198 82.9795 54.6928 3.592e-21 7.118e-21 2.067e-20 0.0 142.84 0.0
S412199 83.0056 54.7934 6.176e-19 7.657e-19 8.701e-19 0.0 145.21 0.0
S412200 82.9094 54.777 3.957e-22 1.054e-21 5.652e-21 0.0 144.51 0.0
S412201 82.98 54.6277 2.814e-21 5.737e-21 1.78e-20 0.0 142.44 0.0
S412202 83.0496 54.7056 2.1639999999999997e-22 5.2519999999999995e-22 2.445e-21 0.001 142.82 0.0
S412203 83.0175 54.7279 5.055e-21 3.51e-21 1.188e-21 0.0 144.19 0.0
S412204 82.8956 54.9347 1.2200000000000001e-21 2.6900000000000002e-21 9.879e-21 0.0 145.04 0.0
S412205 83.0077 54.7297 1.4920000000000002e-20 2.5100000000000003e-20 5.1740000000000004e-20 0.0 144.05 0.0
S412206 83.0596 54.7263 4.453e-21 8.498e-21 2.3890000000000003e-20 0.0 143.52 0.0
S412207 82.9832 54.682 1.6169999999999998e-22 4.488e-22 2.732e-21 0.0 142.61 0.0
S412208 83.0112 54.7259 1.2149999999999998e-22 3.0379999999999995e-22 1.456e-21 0.0 143.12 0.0
S412209 82.9894 54.7497 8.563e-20 1.292e-19 2.129e-19 0.0 144.8 0.0
S412210 83.0837 54.5945 4.101e-21 8.257e-21 2.5490000000000002e-20 0.0 142.32 0.0
S412211 83.0013 54.7299 3.8509999999999997e-22 8.306999999999999e-22 2.924e-21 0.0 144.07 0.0
S412212 83.1294 54.7526 6.687e-19 8.202e-19 8.926e-19 0.0 143.8 0.0
S412213 83.0126 54.7271 3.536e-17 6.37e-17 1.536e-16 0.0 143.84 0.0
S412214 83.0802 54.7344 5.489e-17 1.241e-16 4.925e-16 0.0 143.62 1.0
S412215 83.0432 54.6874 3.042e-20 5.0080000000000004e-20 1.049e-19 0.0 142.57 0.0
S412216 82.9831 54.7502 7.076999999999999e-22 1.6420000000000001e-21 7.001e-21 0.0 144.66 0.0
S412217 82.9981 54.727 2.356e-23 7.526e-23 5.928999999999999e-22 0.0 143.86 0.0
S412218 83.0461 54.8428 2.6800000000000002e-20 4.6330000000000006e-20 1.059e-19 0.0 144.99 0.0
S412219 82.9381 54.9457 1.117e-19 1.662e-19 2.577e-19 0.0 145.37 0.0
S412220 83.0261 54.7355 6.002e-19 7.894e-19 1.019e-18 0.0 144.22 0.0
S412221 83.0489 54.7004 1.479e-18 1.764e-18 1.878e-18 0.0 142.84 0.0
S412222 82.9715 54.7081 1.852e-21 3.951e-21 1.415e-20 0.0 143.35 0.0
S412223 82.9987 54.6997 7.414e-23 2.206e-22 1.545e-21 0.0 142.81 0.0
S412224 82.9972 54.7147 1.753e-19 2.38e-19 3.259e-19 0.0 143.18 0.0
S412225 82.9165 54.5112 9.5e-18 9.875e-18 7.761e-18 0.0 142.46 0.0
S412226 83.0332 54.731 1.0789999999999999e-22 2.7359999999999997e-22 1.3270000000000001e-21 0.0 143.92 0.0
S412227 82.9532 54.739 2.5400000000000004e-20 4.133e-20 8.174000000000001e-20 0.0 144.09 0.0
S412228 83.0064 54.7323 9.213999999999998e-22 2.2e-21 9.742e-21 0.0 144.55 0.0
S412229 83.0045 54.7251 1.06e-18 1.24e-18 1.208e-18 0.0 143.68 1.0
S412230 83.0188 54.8128 2.357e-17 4.642e-17 1.338e-16 0.0 145.29 0.0
S412231 82.9794 54.7386 8.201e-19 9.976e-19 1.058e-18 0.0 144.32 0.0
S412232 83.0268 54.7356 5.435e-21 9.754e-21 2.3890000000000003e-20 0.0 144.22 0.0
S412233 83.0292 54.6779 6.634999999999999e-23 1.9439999999999998e-22 1.376e-21 0.0 142.22 0.0
S412234 83.034 54.7899 3.642e-21 6.805e-21 1.7920000000000003e-20 0.0 144.98 0.0
S412235 83.0081 54.7392 2.716e-18 2.93e-18 2.437e-18 0.0 144.59 0.0
S412236 83.0093 54.7271 4.1339999999999997e-22 1.097e-21 5.957e-21 0.0 144.46 0.0
S412237 83.0508 54.7347 9.409e-21 1.8130000000000002e-20 4.9810000000000003e-20 0.0 143.88 0.0
S412238 82.9885 54.7359 7.479e-18 7.535e-18 5.538e-18 0.0 144.12 0.0
S412239 82.9738 54.753 3.77e-21 2.647e-21 9.521999999999999e-22 0.0 144.59 0.0
S412240 83.0214 54.7854 6.749e-17 1.606e-16 6.919e-16 0.001 145.23 1.0
S412241 83.0178 54.7306 8.033e-22 1.803e-21 6.832e-21 0.0 144.0 0.0
S412242 82.9965 54.7072 1.8990000000000003e-20 3.491e-20 9.059e-20 0.0 143.04 0.0
S412243 82.9453 54.7949 3.515e-18 3.786e-18 3.247e-18 0.0 144.75 0.0
S412244 83.048 54.7437 2.4470000000000003e-20 4.0190000000000005e-20 8.352e-20 0.0 144.22 0.0
S412245 83.2216 54.7434 1.96e-22 4.57e-22 1.853e-21 0.0 143.83 0.0
S412246 82.9788 54.7541 2.463e-19 3.293e-19 4.313e-19 0.0 144.78 0.0
S412247 83.0185 54.736 7.136e-19 8.747e-19 9.79e-19 0.0 144.6 0.0
S412248 83.0296 54.7793 1.1220000000000001e-21 2.494e-21 9.376e-21 0.0 144.96 0.0
S412249 82.999 54.7415 3.6059999999999997e-22 8.58e-22 3.748e-21 0.0 144.53 0.0
S412250 83.0115 54.7331 3.146e-21 6.417e-21 2.0780000000000003e-20 0.0 144.73 0.0
S412251 82.9571 54.7552 1.0759999999999999e-23 3.4169999999999996e-23 2.711e-22 0.0 144.59 0.0
S412252 82.9139 54.6856 1.313e-19 1.902e-19 2.902e-19 0.0 143.32 0.0
S412253 83.0165 54.7938 5.29e-18 5.679e-18 4.804e-18 0.0 145.19 0.0
S412254 83.0496 54.7677 5.3440000000000004e-21 9.963000000000001e-21 2.5170000000000003e-20 0.0 144.48 0.0
S412255 83.0505 54.6915 2.7040000000000002e-20 4.334e-20 8.153000000000001e-20 0.0 142.69 0.0
S412256 83.0196 54.7398 2.411e-17 2.378e-17 1.598e-17 0.0 144.39 0.0
S412257 83.0122 54.6763 1.47e-21 2.721e-21 7.314e-21 0.0 142.29 0.0
S412258 83.0186 54.7279 1.445e-19 2.119e-19 3.388e-19 0.0 144.45 0.0
S412259 83.0398 54.7256 1.118e-18 1.281e-18 1.236e-18 0.0 143.53 0.0
S412260 83.0006 54.738 9.380000000000001e-20 1.414e-19 2.414e-19 0.0 144.21 0.0
S412261 83.1311 54.7499 1.439e-21 3.101e-21 1.0740000000000001e-20 0.0 143.9 0.0
S412262 83.0194 54.7035 2.138e-21 1.626e-21 6.766999999999999e-22 0.0 142.57 0.0
S412263 83.0272 54.7116 7.468e-21 1.381e-20 3.583e-20 0.0 142.95 0.0
S412264 83.0254 54.7387 3.898e-21 8.064e-21 2.732e-20 0.0 144.48 0.0
S412265 83.0212 54.7561 1.5780000000000003e-20 2.714e-20 6.080000000000001e-20 0.001 144.8 0.0
S412266 82.9909 54.6869 2.241e-22 6.669e-22 4.481e-21 0.0 142.69 0.0
S412267 83.0806 54.6738 6.37e-18 6.658e-18 5.247e-18 0.0 142.52 0.0
S412268 83.0121 54.7375 2.176e-23 6.969999999999999e-23 5.645e-22 0.0 144.8 0.0
S412269 83.0097 54.7952 4.265e-19 5.761e-19 7.552e-19 0.0 145.41 0.0
S412270 82.9963 54.7211 1.446e-20 2.684e-20 6.690000000000001e-20 0.0 143.65 0.0
S412271 83.0002 54.7483 6.348e-21 1.235e-20 3.637e-20 0.0 144.73 0.0
S412272 82.9918 54.7666 1.295e-22 3.3499999999999995e-22 1.781e-21 0.0 144.96 0.0
S412273 83.0077 54.7889 4.908e-21 3.3080000000000002e-21 1.089e-21 0.0 145.18 0.0
S412274 83.0439 54.733 9.921e-23 2.583e-22 1.364e-21 0.0 143.77 0.0
S412275 83.1969 54.6079 1.621e-18 1.893e-18 1.912e-18 0.0 142.79 0.0
S412276 82.8848 54.7333 2.656e-18 2.97e-18 2.676e-18 0.0 144.05 0.0
S412277 83.0293 54.7359 1.634e-25 8.34e-25 1.823e-23 0.0 144.08 0.0
S412278 83.0256 54.7371 4.22e-18 4.531e-18 3.66e-18 0.0 144.45 0.0
S412279 83.0922 54.7944 2.294e-20 3.9360000000000005e-20 8.439e-20 0.0 144.59 0.0
S412280 83.241 54.773 1.1450000000000001e-20 2.039e-20 4.8260000000000006e-20 0.0 143.93 0.0
S412281 83.0977 54.6577 5.147e-19 6.872e-19 8.932e-19 0.0 142.88 0.0
S412282 82.9145 54.6893 2.2370000000000003e-20 3.7840000000000006e-20 8.261e-20 0.0 143.46 0.0
S412283 83.0141 54.7104 3.736e-17 6.669e-17 1.625e-16 0.0 142.73 0.0
S412284 83.0044 54.7258 1.314e-22 3.6869999999999997e-22 2.336e-21 0.0 143.51 0.0
S412285 82.983 54.7524 3.207e-20 5.21e-20 1.038e-19 0.0 144.88 0.0
S412286 83.051 54.7157 4.733e-21 9.379e-21 2.788e-20 0.0 143.28 0.0
S412287 83.0117 54.7361 4.644e-18 4.761e-18 3.679e-18 0.0 144.65 0.0
S412288 82.9421 54.531 1.434e-16 2.074e-16 3.274e-16 0.0 142.45 0.0
S412289 83.0032 54.7711 5.016e-22 1.142e-21 4.468e-21 0.0 145.07 0.0
S412290 83.1261 54.69 2.1620000000000002e-20 3.8610000000000005e-20 9.213e-20 0.0 143.02 0.0
S412291 83.0249 54.6141 5.1360000000000007e-20 8.469e-20 1.766e-19 0.0 142.38 0.0
S412292 83.015 54.7271 2.9100000000000002e-21 2.132e-21 8.280999999999999e-22 0.0 142.62 0.0
S412293 82.994 54.7884 1.779e-16 1.369e-16 6.079e-17 0.0 145.16 0.0
S412294 83.0112 54.7144 1.273e-20 2.312e-20 5.528000000000001e-20 0.0 142.73 0.0
S412295 83.0127 54.7304 1.4499999999999998e-22 3.9299999999999995e-22 2.233e-21 0.0 144.32 0.0
S412296 83.0241 54.7244 1.254e-22 3.7089999999999996e-22 2.534e-21 0.0 143.38 0.0
S412297 83.0202 54.7212 1.0450000000000001e-20 1.8540000000000003e-20 4.4330000000000006e-20 0.0 143.14 0.0
S412298 83.0285 54.7708 1.273e-17 1.205e-17 7.54e-18 0.0 145.07 0.0
S412299 83.0257 54.7187 2.9719999999999995e-22 7.381e-22 3.441e-21 0.0 143.08 0.0
S412300 82.9801 54.7571 1.284e-21 2.682e-21 8.85e-21 0.0 144.89 0.0
S412301 82.9636 54.6983 1.192e-18 1.456e-18 1.613e-18 0.0 143.34 0.0
S412302 82.9977 54.7246 2.779e-20 4.5090000000000005e-20 8.919000000000001e-20 0.0 143.77 0.0
S412303 83.0845 54.7156 1.741e-22 4.400999999999999e-22 2.222e-21 0.0 143.5 0.0
S412304 83.0832 54.7079 7.345e-19 9.489e-19 1.13e-18 0.0 143.35 0.0
S412305 83.1477 54.537 8.522e-21 1.6030000000000002e-20 4.2210000000000004e-20 0.0 142.48 0.0
S412306 83.0304 54.696 3.7679999999999996e-22 9.119e-22 4.157e-21 0.0 142.49 0.0
S412307 83.0053 54.7244 1.015e-17 9.786e-18 6.807e-18 0.0 143.63 0.0
S412308 83.0134 54.7226 3.138e-21 6.5800000000000004e-21 2.2450000000000002e-20 0.0 142.74 0.0
S412309 82.9453 54.7417 1.78e-20 2.9440000000000004e-20 5.915e-20 0.0 144.34 0.0
S412310 83.0217 54.7229 3.2530000000000005e-20 5.466e-20 1.099e-19 0.0 143.44 0.0
S412311 82.9541 54.8176 1.074e-21 2.384e-21 9.377e-21 0.0 145.29 0.0
S412312 82.9653 54.6977 8.942e-24 2.839e-23 2.2469999999999997e-22 0.0 143.02 0.0
S412313 82.9933 54.7462 4.64e-18 4.863e-18 3.995e-18 0.0 144.87 0.0
S412314 82.9912 54.6869 8.476999999999999e-22 1.591e-21 4.18e-21 0.0 142.63 0.0
S412315 82.9718 54.7151 2.139e-20 3.664e-20 8.058e-20 0.0 143.46 0.0
S412316 83.0791 54.6975 4.327e-21 8.468e-21 2.395e-20 0.0 143.04 0.0
S412317 82.8973 54.6826 1.718e-19 2.463e-19 3.819e-19 0.0 143.24 0.0
S412318 82.7606 54.8138 4.61e-17 9.269e-17 2.819e-16 0.0 144.38 0.0
S412319 83.1101 54.6959 2.726e-22 6.185999999999999e-22 2.469e-21 0.0 143.13 0.0
S412320 83.0216 54.7259 8.575e-20 1.299e-19 2.183e-19 0.0 143.54 0.0
S412321 82.9913 54.7373 4.676e-19 6.21e-19 7.885e-19 0.0 144.44 0.0
S412322 83.0164 54.7682 4.27e-17 3.757e-17 2.066e-17 0.0 145.09 0.0
S412323 82.9834 54.6765 3.745e-19 5.156e-19 7.048e-19 0.0 142.54 0.0
S412324 83.0102 54.8239 1.647e-19 2.247e-19 3.156e-19 0.0 145.24 0.0
S412325 82.9977 54.7414 1.0390000000000002e-20 1.9000000000000002e-20 4.9430000000000006e-20 0.0 144.78 0.0
S412326 82.9043 54.7346 4.2909999999999996e-23 1.14e-22 6.045e-22 0.0 143.91 0.0
S412327 83.2318 54.7469 1.887e-24 7.013e-24 7.648e-23 0.0 143.76 0.0
S412328 83.0119 54.7394 2.315e-18 2.658e-18 2.531e-18 0.0 144.66 0.0
S412329 83.0197 54.7318 3.957e-19 5.621e-19 8.395e-19 0.0 144.32 0.0
S412330 82.9601 54.7677 1.516e-24 5.773e-24 6.657e-23 0.0 144.78 0.0
S412331 83.0335 54.7244 5.03e-17 6.894e-17 9.912e-17 0.0 143.55 0.0
S412332 83.0235 54.7208 5.773e-18 6.11e-18 5.083e-18 0.0 143.14 0.0
S412333 83.0007 54.6424 6.246e-17 5.242e-17 2.639e-17 0.0 142.31 0.0
S412334 83.0004 54.7274 1.239e-17 1.227e-17 8.554e-18 0.0 143.84 0.0
S412335 82.959 54.7457 4.32e-22 1.071e-21 5.1780000000000005e-21 0.0 144.57 0.0
S412336 83.02 54.7347 2.347e-17 2.127e-17 1.272e-17 0.0 144.26 0.0
S412337 83.03 54.7302 5.435e-17 4.885e-17 2.825e-17 0.0 143.82 0.0
S412338 82.9845 54.7776 1.716e-19 2.38e-19 3.388e-19 0.0 145.03 0.0
S412339 83.0238 54.7393 1.328e-16 1.058e-16 4.925e-17 0.0 144.2 0.0
S412340 83.0221 54.7312 2.556e-21 5.183e-21 1.56e-20 0.0 143.88 0.0
S412341 82.9893 54.7204 8.772e-18 8.947e-18 6.932e-18 0.0 143.11 0.0
S412342 83.0729 54.712 2.478e-17 2.104e-17 1.069e-17 0.0 142.96 0.0
S412343 83.0372 54.7002 2.328e-21 1.766e-21 7.241999999999999e-22 0.0 142.71 0.0
S412344 83.0216 54.7367 9.711e-19 1.166e-18 1.238e-18 0.001 144.69 0.0
S412345 83.0088 54.6847 7.205e-17 1.174e-16 2.358e-16 0.0 142.32 0.0
S412346 83.0407 54.7531 4.033e-19 5.246e-19 6.608e-19 0.0 145.19 0.0
S412347 83.0121 54.7287 5.313e-21 1.149e-20 4.043e-20 0.001 143.96 0.0
S412348 83.0093 54.7432 8.231e-21 1.487e-20 3.4610000000000004e-20 0.0 144.8 0.0
S412349 82.9839 54.7514 1.324e-12 9.33e-13 3.331e-13 0.0 144.63 0.0
S412350 83.0039 54.7223 1.431e-19 2.01e-19 3.007e-19 0.0 143.3 0.0
S412351 82.9765 54.6955 5.434e-21 1.0030000000000001e-20 2.5860000000000003e-20 0.0 142.86 0.0
S412352 83.0365 54.7096 9.086e-19 1.162e-18 1.36e-18 0.0 142.39 0.0
S412353 83.0552 54.7048 1.31e-21 2.704e-21 8.694e-21 0.0 142.64 0.0
S412354 83.012 54.6961 2.513e-17 4.992e-17 1.43e-16 0.001 142.4 0.0
S412355 82.9912 54.7224 2.949e-16 2.374e-16 1.107e-16 0.0 143.71 0.0
S412356 83.0383 54.7381 1.569e-20 2.9230000000000004e-20 7.387000000000001e-20 0.0 144.67 0.0
S412357 83.0029 54.7521 1.4030000000000002e-20 2.481e-20 5.903e-20 0.0 145.03 0.0
S412358 83.0329 54.6736 2.14e-18 2.474e-18 2.441e-18 0.0 142.21 0.0
S412359 82.9576 54.7212 5.502e-18 5.995e-18 5.141e-18 0.0 143.75 0.0
S412360 83.0183 54.7787 3.528e-13 2.301e-13 6.948e-14 0.0 144.8 0.0
S412361 82.9947 54.7476 9.817e-19 1.214e-18 1.335e-18 0.0 144.86 0.0
S412362 83.02 54.7247 2.645e-16 2.088e-16 9.335e-17 0.0 143.59 1.0
S412363 83.0347 54.7237 3.089e-17 6.06e-17 1.717e-16 0.0 143.25 0.0
S412364 83.0003 54.7156 5.306e-19 6.583e-19 7.692e-19 0.0 143.04 0.0
S412365 83.0327 54.7709 2.499e-17 2.282e-17 1.325e-17 0.0 145.13 0.0
S412366 82.9795 54.7259 2.4820000000000002e-21 1.889e-21 7.811999999999999e-22 0.0 143.87 0.0
S412367 83.0151 54.7494 2.225e-17 3.952e-17 9.116e-17 0.0 144.79 0.0
S412368 83.0288 54.7841 7.134e-23 1.86e-22 9.915e-22 0.0 144.98 0.0
S412369 82.9806 54.7586 8.003e-22 1.733e-21 6.393e-21 0.0 145.25 0.0
S412370 83.0008 54.7093 6.788999999999999e-22 1.471e-21 5.397e-21 0.0 142.65 0.0
S412371 83.0266 54.7321 2.52e-17 4.474e-17 1.023e-16 0.0 143.86 0.0
S412372 83.0478 54.7691 6.932e-21 1.2970000000000001e-20 3.497e-20 0.0 144.97 0.0
S412373 82.9783 54.7247 3.471e-19 4.412e-19 5.162e-19 0.0 143.78 0.0
S412374 83.0045 54.7409 8.832e-17 7.291e-17 3.638e-17 0.0 144.71 0.0
S412375 83.0367 54.6962 4.382e-21 3.019e-21 1.047e-21 0.0 142.52 0.0
S412376 83.0174 54.6813 2.3970000000000002e-20 4.0190000000000005e-20 8.312000000000001e-20 0.0 142.18 0.0
S412377 82.9904 54.7435 3.021e-22 7.950999999999999e-22 4.239e-21 0.0 144.91 0.0
S412378 83.0115 54.7499 1.0210000000000001e-21 2.394e-21 1.04e-20 0.0 144.6 0.0
S412379 82.9514 54.7656 4.433e-21 3.117e-21 1.098e-21 0.0 144.83 0.0
S412380 82.9801 54.724 9.742e-17 7.855e-17 3.591e-17 0.0 143.77 0.0
S412381 83.0344 54.7424 7.366e-17 1.532e-16 5.259e-16 0.0 144.57 0.0
S412382 82.9991 54.7654 2.166e-18 2.44e-18 2.255e-18 0.0 145.13 0.0
S412383 82.9748 54.7133 8.51e-18 8.579e-18 6.554e-18 0.0 143.21 0.0
S412384 82.9885 54.7695 5.465e-21 3.683e-21 1.2290000000000001e-21 0.0 145.11 0.0
S412385 83.0133 54.7371 3.618e-17 5.708e-17 1.051e-16 0.0 144.21 0.0
S412386 83.0463 54.7274 4.02e-21 2.805e-21 1.0120000000000001e-21 0.0 143.77 0.0
S412387 83.0259 54.7154 3.4429999999999996e-23 1.0999999999999998e-22 8.862999999999999e-22 0.0 142.86 0.0
S412388 83.0088 54.7685 5.231e-17 1.027e-16 3.116e-16 0.0 145.04 0.0
S412389 83.0278 54.6894 1.233e-16 1.046e-16 5.507e-17 0.0 142.56 0.0
S412390 83.0113 54.6776 8.235e-19 9.858e-19 9.807e-19 0.0 142.29 0.0
S412391 83.0143 54.7021 6.666e-23 2.019e-22 1.49e-21 0.0 142.65 0.0
S412392 82.9632 54.7685 2.499e-19 3.397e-19 4.424e-19 0.0 145.25 0.0
S412393 82.9832 54.7197 1.551e-12 1.141e-12 4.354e-13 0.0 143.85 0.0
S412394 83.0005 54.7345 4.729e-21 3.218e-21 1.13e-21 0.0 144.81 0.0
S412395 82.9959 54.7341 1.09e-21 2.396e-21 8.857e-21 0.0 144.89 0.0
S412396 83.0185 54.729 7.847e-17 1.164e-16 1.825e-16 0.0 144.69 0.0
S412397 82.9876 54.7175 1.664e-17 3.861e-17 1.657e-16 0.0 142.82 0.0
S412398 83.0352 54.6943 2.099e-21 4.513e-21 1.549e-20 0.0 142.33 0.0
S412399 82.9874 54.738 7.493e-17 6.513e-17 3.538e-17 0.0 144.63 0.0
S412400 83.0194 54.7019 2.795e-24 1.0549999999999999e-23 1.191e-22 0.0 142.79 0.0
S412401 83.0096 54.7374 9.319000000000001e-20 1.485e-19 2.804e-19 0.0 144.76 0.0
S412402 83.0073 54.7578 1.139e-15 8.147e-16 3.136e-16 0.0 145.03 0.0
S412403 83.0354 54.716 1.714e-20 2.948e-20 6.401000000000001e-20 0.0 143.22 0.0
S412404 83.0422 54.7533 3.1379999999999997e-22 7.054e-22 2.708e-21 0.0 144.72 0.0
S412405 83.0349 54.7054 3.312e-19 4.328e-19 5.455e-19 0.0 142.57 0.0
S412406 83.0351 54.7149 3.776e-16 2.851e-16 1.203e-16 0.0 142.67 1.0
S412407 82.9985 54.6921 2.495e-22 5.928999999999999e-22 2.467e-21 0.0 142.51 0.0
S412408 82.9669 54.7552 1.025e-12 6.981e-13 2.451e-13 0.0 144.62 0.0
S412409 83.0106 54.7228 4.352e-21 8.476000000000001e-21 2.3650000000000003e-20 0.0 143.5 0.0
S412410 83.0041 54.7288 1.522e-20 2.6170000000000003e-20 5.759e-20 0.0 144.18 0.0
S412411 83.0337 54.7749 1.459e-17 3.03e-17 1.009e-16 0.0 145.0 0.0
S412412 83.0608 54.7244 2.351e-19 3.36e-19 5.025e-19 0.0 143.35 0.0
S412413 83.0573 54.7044 7.538e-17 6.245e-17 3.112e-17 0.0 142.9 0.0
S412414 82.9471 54.722 3.588e-17 5.982e-17 1.254e-16 0.0 143.72 0.0
S412415 83.041 54.7093 8.638e-17 6.782e-17 3.048e-17 0.0 142.65 0.0
S412416 83.0088 54.7189 8.457000000000001e-20 1.293e-19 2.284e-19 0.0 143.16 0.0
S412417 83.0004 54.736 3.463e-21 2.4460000000000002e-21 8.787e-22 0.0 144.29 0.0
S412418 83.0555 54.7117 2.758e-17 2.604e-17 1.667e-17 0.0 142.32 1.0
S412419 83.0326 54.7005 1.3e-16 1.075e-16 5.348e-17 0.0 142.6 0.0
S412420 83.0279 54.6972 1.36e-12 9.982e-13 3.867e-13 0.0 142.63 0.0
S412421 83.0523 54.7364 1.094e-18 1.301e-18 1.348e-18 0.0 144.26 0.0
S412422 83.0155 54.7197 3.956e-19 5.251e-19 6.739e-19 0.0 143.08 0.0
S412423 83.0013 54.7917 2.346e-15 1.638e-15 5.716e-16 0.0 145.34 0.0
S412424 83.0064 54.7187 6.156e-18 6.422e-18 5.095e-18 0.0 143.4 0.0
S412425 83.0666 54.7112 7.791e-13 5.275e-13 1.743e-13 0.0 143.23 0.0
S412426 83.0289 54.7539 4.395e-17 3.977e-17 2.404e-17 0.0 144.63 0.0
S412427 83.0303 54.7075 9.742999999999999e-23 2.5779999999999995e-22 1.4430000000000001e-21 0.0 142.77 0.0
S412428 82.9643 54.7174 1.041e-16 8.432e-17 3.994e-17 0.0 143.51 0.0
S412429 83.0386 54.6947 2.286e-18 2.699e-18 2.83e-18 0.0 142.45 0.0
S412430 83.0177 54.6992 4.831999999999999e-22 1.2320000000000001e-21 6.387e-21 0.0 142.58 0.0
S412431 82.998 54.7083 2.015e-16 3.28e-16 6.291e-16 0.0 142.78 0.0
S412432 82.9583 54.694 9.598000000000001e-20 1.417e-19 2.265e-19 0.0 142.93 0.0
S412433 83.0293 54.7437 7.644e-19 9.149e-19 9.457e-19 0.0 144.7 0.0
S412434 83.0827 54.7567 5.395e-18 5.887e-18 5.009e-18 0.0 144.21 0.0
S412435 82.9632 54.7035 7.133000000000001e-20 1.137e-19 2.15e-19 0.0 143.35 0.0
S412436 82.9973 54.7123 2.873e-22 7.404999999999999e-22 3.807e-21 0.0 142.65 0.0
S412437 82.9587 54.7342 2.688e-17 4.398e-17 8.714e-17 0.0 144.16 0.0
S412438 83.0102 54.6987 5.6e-19 6.792e-19 7.263e-19 0.0 142.63 0.0
S412439 82.9766 54.6996 8.252e-18 8.399e-18 6.231e-18 0.0 143.03 0.0
S412440 83.0225 54.7053 1.36e-17 1.327e-17 9.037e-18 0.0 142.85 0.0
S412441 83.0104 54.7035 9.798e-19 1.195e-18 1.346e-18 0.0 142.79 0.0
S412442 83.0084 54.6976 4.764e-21 9.581000000000001e-21 2.924e-20 0.0 142.54 0.0
S412443 83.02 54.6998 1.442e-21 3.0230000000000002e-21 1.0270000000000001e-20 0.0 142.72 0.0
S412444 82.9727 54.695 8.447e-17 7.003e-17 3.49e-17 0.0 143.1 0.0
S412445 82.9686 54.7181 3.517e-18 3.948e-18 3.592e-18 0.0 143.61 0.0
S412446 83.0161 54.7662 4.022e-16 3.142e-16 1.45e-16 0.0 144.92 1.0
S412447 83.0428 54.7024 9.006000000000001e-20 1.345e-19 2.208e-19 0.0 142.71 0.0
S412448 83.0328 54.7257 1.176e-19 1.811e-19 3.14e-19 0.0 143.67 0.0
S412449 82.974 54.7148 1.366e-18 1.652e-18 1.782e-18 0.0 143.39 0.0
S412450 82.9896 54.7583 1.951e-19 2.764e-19 4.18e-19 0.0 144.94 0.0
S412451 83.0436 54.7205 5.665e-19 7.501e-19 9.143e-19 0.0 143.0 0.0
S412452 83.0037 54.7602 7.09e-18 7.014e-18 5.012e-18 0.0 144.97 0.0
S412453 83.0461 54.724 1.442e-16 3.708e-16 1.867e-15 0.0 143.61 1.0
S412454 82.9872 54.7422 8.334e-17 6.895e-17 3.36e-17 0.0 145.0 0.0
S412455 82.9836 54.744 4.8e-17 4.295e-17 2.382e-17 0.0 144.24 0.0
S412456 83.0002 54.7321 2.655e-17 2.394e-17 1.399e-17 0.0 144.3 0.0
S412457 82.9746 54.7211 1.954e-18 2.277e-18 2.25e-18 0.0 143.65 0.0
S412458 82.9755 54.7397 2.197e-16 1.771e-16 7.989e-17 0.0 144.41 1.0
S412459 83.0614 54.7421 4.023e-18 4.387e-18 3.903e-18 0.0 144.19 0.0
S412460 82.9829 54.749 9.199999999999999e-23 2.6249999999999997e-22 1.6540000000000001e-21 0.0 144.96 0.0
S412461 83.0273 54.6992 3.716e-16 2.772e-16 1.166e-16 0.0 142.68 1.0
S412462 82.9845 54.7036 4.224e-17 3.813e-17 2.226e-17 0.0 142.63 0.0
S412463 83.017 54.6866 3.895e-21 2.7e-21 9.504e-22 0.0 142.32 1.0
S412464 83.0076 54.7077 1.229e-19 1.84e-19 3.122e-19 0.0 143.0 0.0
S412465 83.0381 54.7408 2.444e-17 2.243e-17 1.384e-17 0.0 144.1 0.0
S412466 82.9957 54.7383 2.613e-23 7.783e-23 5.156999999999999e-22 0.0 144.93 0.0
S412467 82.9841 54.7436 8.53e-19 1.086e-18 1.269e-18 0.0 144.44 0.0
S412468 83.0332 54.725 3.9909999999999996e-22 7.844999999999999e-22 2.288e-21 0.0 143.58 1.0
S412469 83.0172 54.7695 1.102e-18 1.306e-18 1.396e-18 0.0 145.16 0.0
S412470 83.0004 54.7028 6.11e-21 4.046e-21 1.32e-21 0.0 142.49 0.0
S412471 83.054 54.7367 1.567e-17 1.556e-17 1.073e-17 0.0 143.93 0.0
S412472 83.0158 54.7733 1.061e-22 3.1209999999999996e-22 2.089e-21 0.0 145.13 0.0
S412473 83.0311 54.7267 3.202e-16 2.404e-16 9.996e-17 0.0 143.76 1.0
S412474 83.021 54.7514 2.824e-17 2.532e-17 1.421e-17 0.0 144.91 0.0
S412475 83.0331 54.7432 2.8e-16 2.22e-16 9.842e-17 0.0 144.16 0.0
S412476 82.9652 54.7246 1.696e-21 3.482e-21 1.1240000000000001e-20 0.0 144.52 0.0
S412477 83.0543 54.7624 8.381e-17 7.436e-17 4.099e-17 0.0 144.54 0.0
S412478 83.0029 54.7084 1.302e-12 9.078e-13 3.325e-13 0.0 142.61 0.0
S412479 83.0006 54.7499 3.467e-22 8.928999999999999e-22 4.418e-21 0.0 144.89 0.0
S412480 82.9987 54.6955 4.05e-20 6.514e-20 1.247e-19 0.0 142.45 0.0
S412481 82.9957 54.7753 7.114e-17 1.243e-16 2.813e-16 0.0 145.23 0.0
S412482 83.0 54.7567 5.355e-20 8.184e-20 1.474e-19 0.0 145.03 0.0
S412483 82.9936 54.7419 1.6690000000000002e-20 2.858e-20 6.273e-20 0.0 144.91 0.0
S412484 83.0911 54.7077 1.038e-16 1.626e-16 2.983e-16 0.0 143.24 0.0
S412485 82.9725 54.6921 8.114e-21 1.521e-20 4.03e-20 0.0 142.68 0.0
S412486 83.0087 54.7325 2.067e-17 1.937e-17 1.245e-17 0.0 144.05 0.0
S412487 82.9949 54.7335 7.723e-20 1.192e-19 2.059e-19 0.0 144.14 0.0
S412488 83.0367 54.7432 4.581e-17 3.926e-17 2.128e-17 0.0 144.18 0.0
S412489 83.011 54.713 9.711e-17 8.116e-17 4.107e-17 0.0 142.59 0.0
S412490 82.9975 54.7693 3.4789999999999997e-23 1.061e-22 7.441999999999999e-22 0.0 145.16 0.0
S412491 83.0536 54.7075 6.781e-21 1.3090000000000001e-20 3.698e-20 0.0 143.05 0.0
S412492 83.0734 54.739 1.353e-16 3.516e-16 1.803e-15 0.0 143.92 1.0
S412493 82.9525 54.7568 4.782e-22 9.741e-22 3.222e-21 0.0 144.69 0.0
S412494 83.0358 54.7522 3.688e-21 6.646e-21 1.545e-20 0.001 144.83 0.0
S412495 82.954 54.6943 1.178e-16 1.035e-16 5.859e-17 0.0 143.01 0.0
S412496 82.9931 54.7077 1.261e-17 1.218e-17 8.441e-18 0.0 142.54 0.0
S412497 83.0163 54.7691 1.543e-16 1.225e-16 5.783e-17 0.0 145.09 0.0
S412498 82.9671 54.741 4.708e-22 1.141e-21 4.989e-21 0.0 145.01 0.0
S412499 82.9796 54.7565 2.486e-19 3.421e-19 4.797e-19 0.0 144.99 0.0
S412500 83.0144 54.7672 7.439e-18 7.33e-18 4.924e-18 0.0 145.18 0.0
S412501 83.0376 54.6883 1.309e-12 9.91e-13 4.255e-13 0.0 142.33 1.0
S412502 83.011 54.7367 1.709e-18 1.968e-18 1.922e-18 0.0 144.58 0.0
S412503 83.0188 54.7408 1.143e-17 1.15e-17 8.436e-18 0.0 144.59 0.0
S412504 83.0102 54.6888 7.994e-17 6.775e-17 3.535e-17 0.0 142.31 0.0
S412505 83.0022 54.7452 8.636e-19 1.058e-18 1.158e-18 0.0 144.8 0.0
S412506 83.015 54.7265 2.358e-17 2.031e-17 1.079e-17 0.0 143.72 0.0
S412507 82.9898 54.7262 2.57e-18 2.712e-18 2.108e-18 0.0 143.9 0.0
S412508 83.0249 54.693 5.006e-18 5.553e-18 4.946e-18 0.0 142.69 0.0
S412509 82.9914 54.7245 6.332e-20 1.026e-19 1.988e-19 0.0 143.61 0.0
S412510 82.9892 54.7283 2.756e-19 3.914e-19 5.766e-19 0.0 144.01 0.0
S412511 83.024 54.7545 9.029e-21 1.6620000000000002e-20 4.2250000000000006e-20 0.0 145.08 0.0
S412512 82.996 54.7206 9.883e-18 1.024e-17 7.718e-18 0.0 142.68 0.0
S412513 83.0185 54.7055 2.883e-17 5.095e-17 1.207e-16 0.0 142.71 0.0
S412514 83.0293 54.7156 1.621e-23 5.04e-23 3.9389999999999996e-22 0.0 143.19 0.0
S412515 82.9863 54.7412 3.9680000000000002e-25 1.856e-24 3.416e-23 0.0 144.29 0.0
S412516 82.9894 54.6775 1.018e-15 3.143e-15 2.368e-14 0.0 142.42 1.0
S412517 82.9849 54.6884 4.637e-17 4.155e-17 2.341e-17 0.0 142.71 0.0
S412518 82.9609 54.7201 4.758e-21 3.255e-21 1.1e-21 0.0 143.69 0.0
S412519 82.9913 54.7033 4.745e-19 6.178e-19 7.781e-19 0.0 142.88 0.0
S412520 83.0043 54.7222 7.364000000000001e-20 1.164e-19 2.144e-19 0.0 143.06 0.0
S412521 82.9904 54.7391 1.493e-19 2.053e-19 2.832e-19 0.0 144.86 0.0
S412522 83.0034 54.7417 4.289e-18 4.608e-18 3.898e-18 0.0 144.85 0.0
S412523 83.058 54.755 3.165e-19 3.941e-19 4.543e-19 0.0 144.98 0.0
S412524 83.0271 54.7207 3.103e-18 3.434e-18 3.033e-18 0.0 142.75 0.0
S412525 83.02 54.724 1.389e-22 3.763e-22 2.237e-21 0.0 143.31 0.0
S412526 82.9704 54.7272 3.42e-21 2.41e-21 8.824e-22 0.0 143.9 0.0
S412527 83.0336 54.7191 5.513e-24 1.8269999999999998e-23 1.6429999999999998e-22 0.0 143.3 0.0
S412528 83.0469 54.722 5.493000000000001e-20 8.875000000000001e-20 1.764e-19 0.0 143.36 0.0
S412529 82.9987 54.7296 4.735e-21 3.2780000000000002e-21 1.112e-21 0.0 144.05 0.0
S412530 83.0333 54.7182 7.341e-17 6.626e-17 3.897e-17 0.001 143.1 0.0
S412531 82.9837 54.7306 4.241e-21 8.828e-21 3.029e-20 0.0 144.0 0.0
S412532 82.9942 54.7287 4.502e-18 4.628e-18 3.561e-18 0.0 143.93 0.0
S412533 82.9983 54.7338 1.101e-23 3.247e-23 2.228e-22 0.0 144.17 0.0
S412534 83.0317 54.712 2.022e-21 3.96e-21 1.1270000000000002e-20 0.0 142.95 0.0
S412535 83.0298 54.7234 4.552e-21 8.389e-21 2.2100000000000002e-20 0.0 143.52 0.0
S412536 83.0221 54.7301 2.473e-17 2.125e-17 1.128e-17 0.0 143.94 0.0
S412537 83.0406 54.7261 1.362e-17 1.318e-17 8.772e-18 0.0 143.53 0.0
S412538 82.9928 54.7213 5.274e-19 6.66e-19 7.958e-19 0.0 143.66 0.0
S412539 83.0422 54.7154 2.765e-21 5.579e-21 1.7750000000000002e-20 0.0 143.25 0.0
S412540 82.9961 54.7229 8.688e-17 7.174e-17 3.533e-17 0.0 143.75 0.0
S412541 82.9879 54.7274 6.003e-17 1.088e-16 2.713e-16 0.0 143.86 0.0
S412542 82.9813 54.7259 2.632e-21 5.414e-21 1.66e-20 0.0 143.89 0.0
S412543 83.0354 54.7207 1.33e-16 1.078e-16 4.954e-17 0.0 143.3 0.0
S412544 82.9784 54.7358 1.946e-17 3.207e-17 6.38e-17 0.0 144.12 0.0
S412545 82.9933 54.7243 1.073e-25 5.9870000000000005e-25 1.553e-23 0.0 143.72 0.0
S412546 83.0118 54.7358 3.644e-19 4.762e-19 5.862e-19 0.0 144.58 0.0
S412547 83.0361 54.7222 2.661e-21 5.809e-21 2.1130000000000003e-20 0.0 143.47 0.0
S412548 82.9821 54.7294 2.253e-16 1.778e-16 8.134e-17 0.0 143.95 1.0
S412549 83.0403 54.7202 1.532e-16 1.247e-16 6.076e-17 0.0 143.32 0.0
S412550 83.0389 54.7157 6.688e-18 6.935e-18 5.474e-18 0.0 143.36 0.0
S412551 82.9894 54.7398 2.362e-12 1.921e-12 9.135e-13 0.0 144.35 1.0
S412552 83.0015 54.7282 2.516e-19 3.456e-19 4.828e-19 0.0 143.94 0.0
S412553 82.9827 54.7303 9.143e-17 2.123e-16 8.856e-16 0.0 143.99 1.0
S412554 83.0373 54.7192 1.786e-19 2.477e-19 3.377e-19 0.0 143.35 0.0
S412555 83.0423 54.7176 2.4089999999999997e-22 5.858999999999999e-22 2.67e-21 0.0 143.24 0.0
S412556 83.0051 54.7338 1.534e-21 2.931e-21 8.358000000000001e-21 0.0 144.37 0.0
S412557 82.9959 54.7282 1.178e-17 1.185e-17 8.92e-18 0.001 143.95 0.0
S412558 83.0331 54.7193 9.7e-17 2.036e-16 7.035e-16 0.0 143.19 1.0
S412559 83.0339 54.7153 7.821e-21 1.391e-20 3.374e-20 0.0 143.18 0.0
S412560 83.0388 54.727 4.715e-19 6.884e-19 1.047e-18 0.0 143.65 0.0
S412561 83.0448 54.7237 1.984e-20 3.576e-20 8.369e-20 0.0 143.59 0.0
S412562 82.9953 54.7262 2.5649999999999997e-22 6.067999999999999e-22 2.57e-21 0.0 143.86 0.0
S412563 83.0337 54.7134 3.511e-17 2.999e-17 1.592e-17 0.0 143.1 0.0
S412564 82.9898 54.729 5.331e-22 1.215e-21 4.699e-21 0.0 143.95 0.0
S412565 83.0374 54.7221 8.295999999999999e-22 1.7e-21 5.59e-21 0.0 143.4 0.0
S412566 83.0414 54.7101 1.128e-16 2.35e-16 7.874e-16 0.0 142.95 1.0
S412567 83.0398 54.7299 4.355e-19 5.788e-19 7.484e-19 0.0 143.68 0.0
S412568 82.9798 54.7394 2.7449999999999998e-22 7.037e-22 3.767e-21 0.0 144.25 0.0
S412569 82.9801 54.7324 7.898e-19 9.428e-19 9.813e-19 0.0 144.18 0.0
S412570 83.0377 54.7279 4.336e-22 9.458999999999999e-22 3.592e-21 0.0 143.75 0.0
S412571 82.9973 54.7383 3.042e-21 6.234e-21 1.9850000000000003e-20 0.0 144.32 0.0
S412572 82.9754 54.7289 1.6e-19 2.299e-19 3.439e-19 0.0 143.88 0.0
S412573 82.9963 54.726 9.625e-20 1.416e-19 2.262e-19 0.0 143.87 0.0
S412574 83.0438 54.7344 1.9990000000000003e-20 3.616e-20 8.797e-20 0.0 143.88 0.0
S412575 83.0389 54.7276 6.462999999999999e-22 1.377e-21 4.768e-21 0.0 143.73 0.0
S412576 82.9901 54.733 7.884e-17 6.519e-17 3.241e-17 0.0 144.18 0.0
S412577 82.9886 54.748 5.565e-19 6.962e-19 7.893e-19 0.0 144.79 0.0
S412578 83.0409 54.7339 5.711e-21 3.816e-21 1.242e-21 0.0 143.84 0.0
S412579 82.9956 54.7374 6.744e-18 6.925e-18 5.143e-18 0.0 144.3 0.0
S412580 82.9883 54.7247 8.254e-19 9.533e-19 9.071e-19 0.0 143.76 0.0
S412581 82.9904 54.7289 1.275e-17 2.304e-17 5.7e-17 0.0 143.92 0.0
S412582 82.9727 54.7211 1.7799999999999998e-23 4.946e-23 3.015e-22 0.0 143.6 0.0
S412583 82.9813 54.7357 7.576e-21 1.3890000000000002e-20 3.59e-20 0.0 144.18 0.0
S412584 82.9967 54.731 5.128e-18 5.055e-18 3.623e-18 0.0 144.04 0.0
S412585 82.9882 54.7303 1.272e-12 8.894e-13 3.053e-13 0.0 144.01 0.0
S412586 83.0472 54.7138 4.938999999999999e-22 1.057e-21 3.762e-21 0.0 143.26 0.0
S412587 83.051 54.7177 1.746e-18 1.914e-18 1.695e-18 0.0 143.15 0.0
S412588 83.0378 54.724 4.811e-22 1.1130000000000001e-21 4.688e-21 0.0 143.43 0.0
S412589 83.0388 54.7216 2.548e-19 3.519e-19 4.75e-19 0.0 143.4 0.0
S412590 83.0392 54.7242 5.527e-17 5.11e-17 3.098e-17 0.0 143.48 0.0
S412591 83.0506 54.7331 4.189e-17 3.692e-17 2.097e-17 0.0 143.76 0.0
S412592 82.9876 54.7352 2.881e-18 3.027e-18 2.435e-18 0.0 144.32 0.0
S412593 83.0443 54.7183 8.197999999999999e-22 1.71e-21 5.9030000000000005e-21 0.0 143.24 0.0
S412594 82.9888 54.7323 5.267e-19 6.938e-19 8.832e-19 0.0 144.06 0.0
S412595 83.0609 54.7162 1.448e-18 1.676e-18 1.673e-18 0.0 143.11 0.0
S412596 82.9821 54.7404 4.243e-21 2.943e-21 1.038e-21 0.0 144.32 0.0
S412597 82.9796 54.7259 2.3559999999999996e-22 5.79e-22 2.727e-21 0.0 143.88 0.0
S412598 82.9836 54.7313 6.0839999999999995e-22 1.338e-21 4.792e-21 0.0 143.89 0.0
S412599 82.9788 54.7296 1.107e-22 2.7659999999999997e-22 1.32e-21 0.0 143.97 0.0
S412600 83.046 54.7315 3.747e-20 6.24e-20 1.258e-19 0.0 143.8 0.0
S412601 82.9814 54.7321 2.505e-18 2.915e-18 2.847e-18 0.0 144.04 0.0
S412602 83.0503 54.7267 2.05e-17 1.912e-17 1.161e-17 0.0 143.75 0.0
S412603 83.0346 54.7192 3.122e-17 2.847e-17 1.744e-17 0.0 143.29 0.0
S412604 82.9773 54.7269 2.407e-15 1.697e-15 5.913e-16 0.0 143.93 0.0
S412605 82.9851 54.7285 4.145e-21 2.883e-21 1.02e-21 0.0 143.89 0.0
S412606 83.0458 54.7245 6.396e-17 1.237e-16 3.587e-16 0.0 143.47 0.0
S412607 83.041 54.721 1.109e-18 1.323e-18 1.351e-18 0.0 143.41 0.0
S412608 82.9842 54.7331 7.465e-16 2.231e-15 1.537e-14 0.0 144.15 1.0
S412609 82.9939 54.7359 3.19e-17 5.332e-17 1.125e-16 0.0 144.32 0.0
S412610 83.0478 54.722 9.562000000000001e-20 1.431e-19 2.391e-19 0.0 143.31 0.0
S412611 82.9718 54.7379 4.021e-21 2.851e-21 9.854e-22 0.0 144.42 0.0
S412612 82.9767 54.747 1.298e-21 3.014e-21 1.223e-20 0.0 144.46 0.0
S412613 82.9792 54.7322 2.112e-17 1.892e-17 1.133e-17 0.0 144.23 0.0
S412614 83.0551 54.722 4.4520000000000004e-21 3.073e-21 1.084e-21 0.0 143.37 0.0
S412615 83.0476 54.7159 6.019e-18 6.305e-18 5.009e-18 0.0 143.21 0.0
S412616 82.9773 54.7315 4.768e-13 6.169e-13 7.391e-13 0.0 143.88 0.0
S412617 82.9896 54.7323 1.353e-16 1.061e-16 4.776e-17 0.0 144.01 0.0
S412618 83.0456 54.7269 6.967e-18 6.839e-18 4.721e-18 0.0 143.59 0.0
S412619 82.9821 54.7375 8.076e-13 5.593e-13 1.899e-13 0.0 144.35 0.0
S412620 83.0497 54.7236 4.51e-21 8.377e-21 2.0970000000000002e-20 0.0 143.55 0.0
S412621 83.0559 54.7204 5.255e-19 7.42e-19 1.08e-18 0.0 143.52 0.0
S412622 82.9694 54.7307 8.504e-17 7.358e-17 4.054e-17 0.0 144.08 0.0
S412623 83.0487 54.7176 5.133e-17 8.703e-17 1.8e-16 0.0 143.22 0.0
S412624 83.0462 54.7233 1.826e-17 3.733e-17 1.158e-16 0.0 143.55 0.0
S412625 82.9844 54.7354 1.347e-12 9.864e-13 3.854e-13 0.0 144.29 0.0
S412626 83.0476 54.7186 1.338e-18 1.595e-18 1.62e-18 0.0 143.29 0.0
S412627 83.0469 54.722 9.658e-19 1.222e-18 1.382e-18 0.001 143.4 0.0
S412628 83.0625 54.7229 5.352e-17 4.595e-17 2.511e-17 0.0 143.46 0.0
S412629 83.053 54.7189 3.841e-18 4.204e-18 3.648e-18 0.0 143.31 0.0
S412630 82.969 54.7311 1.179e-21 2.602e-21 9.976e-21 0.0 144.11 0.0
S412631 82.9837 54.7265 1.417e-12 1.005e-12 3.666e-13 0.0 143.94 0.0
S412632 83.0519 54.723 5.15e-16 4.084e-16 1.786e-16 0.0 143.5 1.0
S412633 82.9822 54.7345 9.046e-18 8.701e-18 5.919e-18 0.0 144.14 0.0
S412634 83.0482 54.7152 7.895e-19 1.045e-18 1.362e-18 0.0 143.19 0.0
S412635 82.9745 54.7413 4.281e-21 8.065e-21 2.1820000000000003e-20 0.0 144.27 0.0
S412636 82.982 54.7397 4.544e-22 9.743e-22 3.383e-21 0.0 144.38 0.0
S412637 83.0486 54.7185 6.986e-18 7.19e-18 5.481e-18 0.0 143.23 0.0
S412638 82.9789 54.7304 1.97e-19 2.685e-19 3.701e-19 0.0 144.03 0.0
S412639 83.0509 54.7189 8.2089999999999995e-22 1.746e-21 6.161e-21 0.0 143.25 0.0
S412640 83.0377 54.7274 3.223e-23 1.0329999999999999e-22 8.288999999999999e-22 0.0 143.71 0.0
S412641 82.9688 54.7294 4.203e-17 7.292e-17 1.686e-16 0.0 143.92 0.0
S412642 83.037 54.72 2.087e-17 1.944e-17 1.196e-17 0.0 143.29 0.0
S412643 82.9642 54.7353 1.363e-21 3.025e-21 1.1810000000000001e-20 0.0 144.04 0.0
S412644 82.9584 54.7185 8.501e-22 1.799e-21 6.255e-21 0.0 143.84 0.0
S412645 83.0596 54.7238 7.108e-23 2.0349999999999997e-22 1.279e-21 0.0 143.49 0.0
S412646 82.9877 54.7398 7.901e-13 5.612e-13 2.007e-13 0.0 144.33 0.0
S412647 82.97 54.7369 6.865e-21 1.3270000000000002e-20 3.67e-20 0.001 144.17 0.0
S412648 83.0455 54.7271 1.498e-12 1.062e-12 3.853e-13 0.0 143.58 0.0
S412649 82.9745 54.7338 2.824e-19 3.901e-19 5.307e-19 0.0 144.25 0.0
S412650 83.0618 54.7265 1.1500000000000001e-20 2.0240000000000002e-20 4.748e-20 0.0 143.64 0.0
S412651 82.9727 54.7395 4.057e-21 2.859e-21 1.0090000000000001e-21 0.0 144.17 0.0
S412652 83.0519 54.7254 3.0339999999999997e-22 6.679e-22 2.51e-21 0.0 143.61 0.0
S412653 83.0548 54.7149 1.791e-17 2.917e-17 5.607e-17 0.0 143.1 0.0
S412654 83.0557 54.7218 2.151e-23 5.847e-23 3.4869999999999997e-22 0.0 143.28 0.0
S412655 82.963 54.738 2.818e-17 4.935e-17 1.112e-16 0.0 144.39 0.0
S412656 82.9717 54.7249 3.891e-17 3.478e-17 1.972e-17 0.0 143.71 0.0
S412657 83.0571 54.7221 7.191e-17 6.202e-17 3.417e-17 0.0 143.47 0.0
S412658 82.9805 54.7247 8.997e-17 7.635e-17 3.957e-17 0.0 143.86 0.0
S412659 82.9776 54.7373 2.16e-16 1.644e-16 6.924e-17 0.0 144.07 0.0
S412660 83.0636 54.7264 1.434e-17 1.383e-17 9e-18 0.0 143.68 0.0
S412661 83.051 54.7249 3.2239999999999995e-22 8.606e-22 4.8680000000000004e-21 0.0 143.49 0.0
S412662 83.0504 54.7159 6.548e-17 5.578e-17 2.901e-17 0.0 143.35 0.0
S412663 83.0599 54.7221 6.629e-20 1.005e-19 1.731e-19 0.0 143.44 0.0
S412664 82.9645 54.7251 7.485e-18 7.585e-18 5.645e-18 0.0 143.96 0.0
S412665 82.9673 54.7481 6.867e-17 5.994e-17 3.274e-17 0.0 144.49 0.0
S412666 82.9594 54.7303 2.961e-16 2.459e-16 1.233e-16 0.0 144.04 0.0
S412667 82.9663 54.7318 1.91e-17 3.208e-17 6.527e-17 0.0 144.16 0.0
S412668 83.0597 54.7208 6.456e-24 2.231e-23 2.151e-22 0.0 143.45 0.0
S412669 82.9596 54.7383 3.185e-17 2.727e-17 1.415e-17 0.0 144.2 0.0
S412670 82.9701 54.7276 3.524e-18 3.795e-18 3.271e-18 0.0 143.87 0.0
S412671 82.9587 54.722 7.856e-19 9.048e-19 8.692e-19 0.0 143.97 0.0
S412672 82.9784 54.7281 8.602999999999999e-22 1.945e-21 7.317e-21 0.0 143.86 0.0
S412673 83.0592 54.7231 8.34e-13 5.96e-13 2.178e-13 0.0 143.48 0.0
S412674 83.0673 54.7231 1.564e-19 2.177e-19 3.271e-19 0.0 143.45 0.0
S412675 83.0639 54.7081 6.301e-19 7.972e-19 9.11e-19 0.0 143.21 0.0
S412676 83.0546 54.7229 8.958e-17 7.381e-17 3.625e-17 0.0 143.44 0.0
S412677 83.0673 54.7216 1.394e-17 2.765e-17 8.26e-17 0.0 143.59 0.0
S412678 82.96 54.7296 1.16e-16 2.422e-16 8.195e-16 0.0 144.08 1.0
S412679 82.9783 54.7341 1.481e-22 4.312999999999999e-22 2.858e-21 0.0 144.16 0.0
S412680 83.0639 54.7176 2.043e-16 1.69e-16 8.311e-17 0.0 143.41 0.0
S412681 82.9599 54.7316 7.714e-13 5.291e-13 1.822e-13 0.0 144.03 0.0
S412682 83.0566 54.7209 2.7409999999999996e-23 8.75e-23 7.090999999999999e-22 0.0 143.4 0.0
S412683 83.0542 54.7216 6.308e-18 6.487e-18 4.843e-18 0.0 143.44 0.0
S412684 82.9595 54.7345 1.129e-17 1.131e-17 8.121e-18 0.0 144.19 0.0
S412685 82.967 54.736 6.949e-21 1.2530000000000002e-20 3.1310000000000003e-20 0.0 144.21 0.0
S412686 82.968 54.7296 2.084e-21 1.598e-21 6.698e-22 0.0 144.08 0.0
S412687 83.0623 54.7153 7.78e-23 2.34e-22 1.701e-21 0.0 143.13 0.0
S412688 83.0617 54.7203 5.41e-17 4.641e-17 2.469e-17 0.0 143.28 0.0
S412689 82.959 54.7372 6.436e-18 6.81e-18 5.624e-18 0.0 144.17 0.0
S412690 83.0648 54.7157 8.451e-16 6.513e-16 2.684e-16 0.0 143.36 1.0
S412691 82.9729 54.7327 1.8659999999999998e-22 5.21e-22 3.24e-21 0.0 144.1 0.0
S412692 82.9643 54.7348 2.558e-18 2.897e-18 2.769e-18 0.0 144.17 0.0
S412693 83.0624 54.7206 2.612e-21 5.801e-21 2.1610000000000003e-20 0.0 143.42 0.0
S412694 83.0646 54.7212 2.515e-20 4.291e-20 9.461e-20 0.0 143.31 0.0
S412695 82.9596 54.7325 5.65e-18 5.657e-18 4.049e-18 0.0 144.09 0.0
S412696 82.9821 54.7338 6.247e-17 5.465e-17 3.029e-17 0.0 144.25 0.0
S412697 83.0569 54.719 8.023e-19 1.025e-18 1.191e-18 0.0 143.35 0.0
S412698 82.9635 54.7273 1.8850000000000003e-20 3.29e-20 7.287000000000001e-20 0.0 143.94 0.0
S412699 83.0707 54.7287 9.654e-13 6.882e-13 2.552e-13 0.0 143.71 0.0
S412700 82.9676 54.736 2.0609999999999997e-22 5.693999999999999e-22 3.46e-21 0.0 144.13 0.0
S412701 83.0612 54.7155 2.283e-17 2.096e-17 1.306e-17 0.0 143.28 0.0
S412702 83.0499 54.7174 2.471e-21 5.0940000000000004e-21 1.6440000000000002e-20 0.0 143.35 0.0
S412703 83.0609 54.7185 4.474e-21 9.038e-21 2.8120000000000004e-20 0.0 143.47 0.0
S412704 82.9677 54.726 1.588e-18 1.878e-18 1.905e-18 0.0 143.92 0.0
S412705 83.0628 54.7158 2.516e-17 2.243e-17 1.315e-17 0.0 143.49 0.0
S412706 82.9569 54.7438 6.099e-17 1.153e-16 3.117e-16 0.001 144.33 0.0
S412707 83.0478 54.7216 6.371e-17 5.222e-17 2.585e-17 0.0 143.41 0.0
S412708 83.0701 54.7196 4.847e-17 4.254e-17 2.407e-17 0.0 143.38 0.0
S412709 82.9681 54.7437 1.563e-17 1.515e-17 1.039e-17 0.0 144.29 0.0
S412710 82.9637 54.7385 7.804999999999999e-22 1.748e-21 6.865e-21 0.0 144.27 0.0
S412711 83.0586 54.7135 9.397e-24 2.987e-23 2.4469999999999997e-22 0.0 143.28 0.0
S412712 83.0595 54.7209 1.871e-22 4.651e-22 2.231e-21 0.0 143.44 0.0
S412713 82.9596 54.7266 1.568e-12 1.197e-12 5.108e-13 0.0 143.87 1.0
S412714 82.9564 54.7322 1.095e-17 1.941e-17 4.663e-17 0.0 143.97 0.0
S412715 83.0721 54.7212 3.4949999999999996e-23 1.0899999999999999e-22 8.200999999999999e-22 0.0 143.29 0.0
S412716 83.0638 54.7091 1.469e-18 1.719e-18 1.675e-18 0.0 143.19 0.0
S412717 82.9539 54.7354 3.0680000000000004e-20 5.1880000000000003e-20 1.073e-19 0.0 144.14 0.0
S412718 83.0705 54.7143 8.526e-17 1.45e-16 3.066e-16 0.0 143.17 0.0
S412719 83.077 54.7166 2.212e-18 2.454e-18 2.158e-18 0.0 143.35 0.0
S412720 82.9766 54.7275 1.969e-17 1.893e-17 1.252e-17 0.0 143.86 0.0
S412721 82.9494 54.734 2.391e-16 1.941e-16 9.057e-17 0.0 144.05 0.0
S412722 82.961 54.7359 1.497e-26 9.917e-26 3.61e-24 0.0 144.2 0.0
S412723 83.0819 54.7211 9.307e-18 1.018e-17 8.629e-18 0.0 143.47 0.0
S412724 82.9506 54.726 2.4e-17 2.208e-17 1.308e-17 0.0 144.06 0.0
S412725 83.0833 54.7199 6.093e-17 5.362e-17 3.011e-17 0.0 143.44 0.0
S412726 83.0761 54.7121 1.508e-19 2.22e-19 3.668e-19 0.0 143.39 0.0
S412727 83.0843 54.7149 6.635e-17 5.871e-17 3.284e-17 0.0 143.34 0.0
S412728 82.9682 54.726 5.771e-19 7.47e-19 9.322e-19 0.0 143.77 0.0
S412729 82.9458 54.7394 2.269e-16 1.693e-16 6.691e-17 0.0 144.24 0.0
S412730 83.0635 54.7187 1.465e-19 2.082e-19 3.177e-19 0.0 143.32 0.0
S412731 83.0813 54.7158 2.823e-17 2.624e-17 1.593e-17 0.0 143.43 0.0
S412732 82.9489 54.744 3.311e-18 3.533e-18 2.993e-18 0.0 144.27 0.0
S412733 82.9508 54.7341 4.2080000000000003e-20 6.723000000000001e-20 1.262e-19 0.0 144.12 0.0
S412734 83.074 54.7206 3.709e-21 2.604e-21 9.584e-22 0.0 143.35 0.0
S412735 82.9485 54.7443 2.851e-17 2.688e-17 1.765e-17 0.0 144.34 0.0
S412736 83.0762 54.7142 7.506999999999999e-23 1.8309999999999997e-22 8.236999999999999e-22 0.0 143.38 0.0
S412737 83.0666 54.7161 1.378e-19 2.003e-19 3.099e-19 0.0 143.34 0.0
S412738 83.0731 54.7177 2.209e-17 2.069e-17 1.297e-17 0.0 143.31 0.0
S412739 82.9484 54.7414 2.268e-18 2.624e-18 2.543e-18 0.0 143.97 0.0
S412740 83.0671 54.7268 4.559e-22 1.052e-21 4.43e-21 0.0 143.62 0.0
S412741 83.0755 54.7079 3.966e-21 2.764e-21 1.005e-21 0.0 143.11 0.0
S412742 82.9491 54.7364 1.5059999999999999e-22 3.8619999999999995e-22 1.918e-21 0.0 144.18 0.0
S412743 82.9553 54.7419 3.406e-23 9.962e-23 6.631999999999999e-22 0.0 144.2 0.0
S412744 83.0761 54.7176 1.906e-21 3.832e-21 1.1550000000000001e-20 0.0 143.38 0.0
S412745 83.0833 54.7205 5.044e-17 4.373e-17 2.361e-17 0.0 143.53 0.0
S412746 83.0844 54.7106 4.444e-21 3.062e-21 1.071e-21 0.0 143.29 0.0
S412747 83.0793 54.7266 1.437e-17 1.358e-17 9.163e-18 0.0 143.66 0.0
S412748 83.0863 54.7166 1.309e-18 1.504e-18 1.487e-18 0.0 143.31 0.0
S412749 83.0676 54.7265 1.451e-12 1.046e-12 3.92e-13 0.0 143.58 0.0
S412750 83.086 54.7149 4.929e-24 1.8369999999999998e-23 2.0329999999999998e-22 0.0 143.27 0.0
S412751 82.9411 54.7401 3.508e-19 4.518e-19 5.248e-19 0.0 144.12 0.0
S412752 82.9424 54.7396 6.314e-19 7.634e-19 7.895e-19 0.0 144.15 0.0
S412753 82.9442 54.7319 2.354e-17 2.204e-17 1.426e-17 0.0 143.95 0.0
S412754 83.0735 54.7156 1.493e-17 3.018e-17 9.759e-17 0.0 143.31 0.0
S412755 83.0906 54.7186 1.057e-17 1.091e-17 8.547e-18 0.0 143.28 0.0
S412756 82.9527 54.7314 1.953e-23 6.330999999999999e-23 5.393e-22 0.0 143.9 0.0
S412757 83.0799 54.719 1.684e-21 3.383e-21 1.0480000000000001e-20 0.0 143.45 0.0
S412758 82.9421 54.7367 1.231e-12 1.228e-12 8.791e-13 0.0 144.17 1.0
S412759 83.0854 54.7217 1.251e-17 1.25e-17 8.844e-18 0.0 143.44 0.0
S412760 82.9526 54.7325 3.45e-17 2.976e-17 1.622e-17 0.001 144.09 0.0
S412761 82.9575 54.7334 9.401e-24 2.997e-23 2.4389999999999997e-22 0.0 144.13 0.0
S412762 82.9385 54.7331 3.059e-17 5.21e-17 1.139e-16 0.0 144.02 0.0
S412763 83.079 54.7239 1.148e-16 9.346e-17 4.346e-17 0.0 143.42 0.0
S412764 82.943 54.7451 4.777e-21 3.269e-21 1.1280000000000001e-21 0.0 144.23 0.0
S412765 83.0774 54.7328 1.449e-17 2.387e-17 4.762e-17 0.0 143.74 0.0
S412766 82.941 54.7417 5.596e-18 5.856e-18 4.675e-18 0.0 144.16 0.0
S412767 83.0763 54.7297 5.889e-17 5.011e-17 2.62e-17 0.0 143.89 0.0
S412768 82.9516 54.7334 4.533e-19 5.595e-19 6.317e-19 0.0 144.19 0.0
S412769 82.9497 54.7382 1.858e-18 2.094e-18 1.947e-18 0.0 144.0 0.0
S412770 82.9463 54.7413 4.068e-21 8.042e-21 2.4030000000000003e-20 0.0 144.19 0.0
S412771 83.0874 54.7269 8.196e-22 1.7030000000000002e-21 5.683e-21 0.0 143.62 0.0
S412772 83.0884 54.7131 7.016e-18 7.026e-18 5.224e-18 0.0 143.23 0.0
S412773 83.0876 54.7133 8.875e-17 7.24e-17 3.474e-17 0.0 143.3 0.0
S412774 83.0809 54.717 6.921e-16 5.133e-16 2.068e-16 0.0 143.36 0.0
S412775 82.9288 54.7361 1.462e-23 4.843e-23 4.076e-22 0.0 144.02 0.0
S412776 82.9418 54.7424 1.062e-15 7.974e-16 3.261e-16 0.0 144.12 0.0
S412777 82.942 54.7347 1.69e-23 5.656e-23 4.958e-22 0.0 144.13 0.0
S412778 82.9401 54.7383 1.297e-17 1.262e-17 8.454e-18 0.0 144.18 0.0
S412779 83.0871 54.7158 2.847e-18 3.184e-18 2.795e-18 0.0 143.41 0.0
S412780 83.0769 54.7165 3.669e-16 2.792e-16 1.156e-16 0.0 143.33 1.0
S412781 82.9348 54.7383 4.197e-17 3.663e-17 1.994e-17 0.0 144.05 0.0
S412782 83.0786 54.7257 4.697e-17 4.238e-17 2.45e-17 0.0 143.65 0.0
S412783 82.9374 54.7434 5.123e-21 1.0330000000000001e-20 3.2180000000000005e-20 0.0 144.0 0.0
S412784 83.0851 54.7173 2.562e-19 3.577e-19 5.04e-19 0.0 143.32 0.0
S412785 83.0899 54.7175 3.135e-23 9.474999999999999e-23 6.602999999999999e-22 0.0 143.37 0.0
S412786 82.9329 54.7397 1.088e-18 1.413e-18 1.749e-18 0.0 144.17 0.0
S412787 82.9265 54.7454 3.8039999999999995e-22 9.147e-22 4.189e-21 0.0 144.19 0.0
S412788 83.0141 54.7272 2.448e-18 2.851e-18 2.863e-18 0.0 145.36 0.0
S412789 83.0138 54.7269 1.202e-16 1e-16 5.084e-17 0.0 141.66 0.0
S412790 83.0917 54.7105 2.599e-15 1.789e-15 6.165e-16 0.0 143.3 0.0
S412791 82.9348 54.7403 1.064e-15 7.578e-16 2.797e-16 0.0 144.18 0.0
S412792 82.9351 54.7374 2.534e-17 2.302e-17 1.367e-17 0.0 144.16 0.0
S412793 82.9267 54.7354 7.904e-19 1.022e-18 1.207e-18 0.0 144.03 0.0
S412794 83.104 54.7229 2.297e-16 1.86e-16 8.94e-17 0.0 143.56 0.0
S412795 83.0989 54.726 1.021e-16 8.16e-17 3.76e-17 0.0 143.62 0.0
S412796 82.9268 54.7241 5.076e-16 3.958e-16 1.692e-16 0.0 143.88 1.0
S412797 83.0983 54.7358 4.671e-17 4.128e-17 2.281e-17 0.0 143.57 0.0
S412798 83.096 54.7389 3.672e-18 3.997e-18 3.54e-18 0.0 143.77 0.0
S412799 83.0962 54.7444 1.937e-17 1.894e-17 1.299e-17 0.0 143.91 0.0
S412800 83.096 54.7466 8.408e-16 6.411e-16 2.741e-16 0.0 143.84 0.0
S412801 83.1012 54.747 1.359e-16 1.107e-16 5.181e-17 0.0 143.73 0.0
S412802 82.9271 54.6991 3.404e-17 5.514e-17 1.075e-16 0.0 143.41 0.0
S412803 82.9311 54.6983 6.12e-16 4.807e-16 2.132e-16 0.0 143.4 1.0
S412804 83.0944 54.7625 3.993e-17 3.43e-17 1.875e-17 0.001 144.28 0.0
S412805 83.0964 54.767 3.84e-16 2.985e-16 1.304e-16 0.0 144.01 1.0
S412806 82.9329 54.6852 1.756e-16 1.434e-16 7.118e-17 0.0 143.16 0.0
S412807 82.9344 54.6772 9.804000000000001e-20 1.54e-19 2.713e-19 0.0 143.04 0.0
S412808 82.9376 54.6749 7.507e-16 5.627e-16 2.304e-16 0.0 143.12 0.0
S412809 82.9315 54.6693 1.495e-17 2.657e-17 6.106e-17 0.0 143.27 0.0
S412810 82.9427 54.6668 3.346e-13 2.258e-13 7.403e-14 0.0 142.92 0.0
S412811 83.0846 54.7894 1.624e-12 1.268e-12 5.524e-13 0.0 144.28 1.0
S412812 82.9468 54.6677 7.592e-16 5.802e-16 2.405e-16 0.0 142.93 1.0
S412813 82.9455 54.656 1.605e-16 1.36e-16 6.959e-17 0.0 142.84 0.0
S412814 83.0839 54.8014 2.789e-19 3.97e-19 5.883e-19 0.0 144.66 0.0
S412815 82.9535 54.6488 6.257e-17 5.209e-17 2.679e-17 0.0 142.65 0.0
S412816 82.9494 54.6523 1.281e-16 1.04e-16 5.162e-17 0.0 142.8 0.0
S412817 83.0692 54.8105 2.399e-17 4.32e-17 1.042e-16 0.0 144.9 0.0
S412818 82.9611 54.6433 6.107e-21 1.1500000000000001e-20 3.1420000000000005e-20 0.0 142.64 0.0
S412819 83.0673 54.8139 2.875e-15 2.078e-15 7.902e-16 0.0 144.86 0.0
S412820 83.0634 54.8265 1.096e-14 7.585e-15 2.535e-15 0.0 145.05 0.0
S412821 83.0595 54.8231 3.048e-17 2.659e-17 1.501e-17 0.0 144.91 0.0
S412822 82.9743 54.6264 9.377e-17 2.517e-16 1.451e-15 0.0 142.45 1.0
S412823 82.9772 54.6234 2.71e-16 2.156e-16 9.963e-17 0.0 142.53 0.0
S412824 83.0489 54.8356 6.25e-16 4.708e-16 1.976e-16 0.0 145.03 1.0
S412825 82.9831 54.6191 1.311e-14 8.737e-15 2.754e-15 0.0 142.51 0.0
S412826 83.0388 54.8379 7.357e-16 5.234e-16 1.959e-16 0.0 145.19 0.0
S412827 82.992 54.6178 1.098e-18 1.23e-18 1.108e-18 0.0 142.5 0.0
S412828 82.9969 54.6079 8.664e-16 6.337e-16 2.354e-16 0.0 142.36 0.0
S412829 83.0282 54.853 1.477e-17 1.441e-17 9.754e-18 0.0 145.15 0.0
S412830 83.004 54.6074 4.302e-17 5.946e-17 8.22e-17 0.0 142.25 0.0
S412831 83.0117 54.606 6.855e-18 7.106e-18 5.661e-18 0.0 142.21 0.0
S412832 83.012 54.8368 4.108e-16 3.32e-16 1.53e-16 0.0 145.32 0.0
S412833 83.0219 54.6128 3.528e-17 5.15e-17 8.11e-17 0.0 142.3 0.0
S412834 83.0061 54.8478 4.743e-17 4.229e-17 2.476e-17 0.0 145.24 0.0
S412835 82.9994 54.8483 5.242e-18 5.27e-18 3.883e-18 0.0 145.18 0.0
S412836 82.9942 54.8531 1.591e-17 1.574e-17 1.107e-17 0.0 145.35 0.0
S412837 82.99 54.8473 4.034e-17 3.584e-17 1.997e-17 0.0 145.21 0.0
S412838 82.9852 54.8551 3.919e-16 3.109e-16 1.443e-16 0.0 145.09 0.0
S412839 83.0482 54.6065 2.052e-17 1.98e-17 1.276e-17 0.0 142.43 0.0
S412840 82.9743 54.8559 9.804e-17 8.341e-17 4.564e-17 0.0 145.25 0.0
S412841 82.9686 54.8474 2.08e-20 3.4190000000000005e-20 6.956e-20 0.0 145.15 0.0
S412842 82.9633 54.8549 1.14e-18 1.344e-18 1.33e-18 0.0 145.16 0.0
S412843 83.0653 54.6053 1.697e-15 1.253e-15 4.801e-16 0.001 142.31 0.0
S412844 83.0736 54.6108 1.487e-17 1.512e-17 1.085e-17 0.0 142.44 0.0
S412845 82.9481 54.8435 3.088e-15 2.189e-15 8.133e-16 0.0 145.14 0.0
S412846 82.9477 54.8456 5.006e-17 8.065e-17 1.549e-16 0.0 145.22 1.0
S412847 82.9441 54.8385 1.656e-19 2.339e-19 3.35e-19 0.0 145.12 0.0
S412848 83.0957 54.6204 4.443e-17 4.009e-17 2.385e-17 0.0 142.49 0.0
S412849 83.101 54.6179 3.921e-16 3.061e-16 1.348e-16 0.0 142.45 1.0
S412850 82.9294 54.8289 3.346e-16 2.525e-16 1.037e-16 0.0 144.95 1.0
S412851 83.1134 54.6238 1.091e-12 7.655e-13 2.691e-13 0.0 142.46 0.0
S412852 83.1122 54.6218 3.341e-16 2.469e-16 1.009e-16 0.0 142.47 0.0
S412853 82.9229 54.8294 1.213e-16 1.03e-16 5.267e-17 0.0 145.05 0.0
S412854 83.1171 54.6377 5.788e-17 9.691e-17 1.949e-16 0.0 142.67 0.0
S412855 83.1171 54.6372 4.356e-15 2.939e-15 1.012e-15 0.0 142.71 0.0
S412856 83.1287 54.64 3.442e-16 2.791e-16 1.312e-16 0.0 142.81 0.0
S412857 82.9011 54.805 5.882e-13 4.013e-13 1.383e-13 0.0 144.7 0.0
S412858 83.1372 54.6495 4.47e-16 3.432e-16 1.416e-16 0.0 142.79 1.0
S412859 83.1359 54.6538 4.6e-18 4.786e-18 3.846e-18 0.0 143.01 0.0
S412860 82.8922 54.7949 9.246e-17 7.662e-17 3.762e-17 0.001 144.63 0.0
S412861 82.8932 54.7843 4.362e-17 6.981e-17 1.384e-16 0.0 144.52 0.0
S412862 83.151 54.6712 3.251e-16 2.481e-16 1.026e-16 0.0 142.85 1.0
S412863 83.1383 54.6758 4.848e-16 3.712e-16 1.557e-16 0.0 142.89 1.0
S412864 82.8799 54.7727 2.055e-12 1.543e-12 6.543e-13 0.0 144.62 1.0
S412865 82.8786 54.7684 5.129e-15 3.488e-15 1.165e-15 0.0 144.32 0.0
S412866 82.8748 54.7628 2.956e-16 2.364e-16 1.086e-16 0.0 144.11 0.0
S412867 82.8823 54.7585 6.506e-16 5.155e-16 2.314e-16 0.0 144.27 1.0
S412868 82.8749 54.7516 2.505e-16 1.951e-16 8.525e-17 0.0 144.24 0.0
S412869 83.1521 54.7077 2.808e-15 2.01e-15 7.575e-16 0.0 143.24 0.0
S412870 82.8728 54.7407 6.404e-17 1.548e-16 7.006e-16 0.0 143.94 1.0
S412871 82.8709 54.7367 3.385e-15 2.397e-15 8.705e-16 0.0 143.9 0.0
S412872 82.8786 54.729 3.329e-18 3.619e-18 3.079e-18 0.0 144.02 0.0
S412873 83.1495 54.7316 6.18e-15 4.399e-15 1.602e-15 0.0 143.59 0.0
S412874 82.8691 54.716 7.607e-16 5.912e-16 2.484e-16 0.0 143.94 1.0
S412875 83.1606 54.743 4.434e-16 3.296e-16 1.298e-16 0.0 143.88 0.0
S412876 82.8756 54.7063 6.222e-16 4.648e-16 1.86e-16 0.0 143.61 0.0
S412877 83.1619 54.7543 2.418e-15 1.709e-15 6.124e-16 0.0 143.91 0.0
S412878 83.142 54.7616 2.964e-16 2.219e-16 9.286e-17 0.0 144.01 1.0
S412879 82.8732 54.6869 6.802e-16 5.067e-16 2.037e-16 0.0 143.51 0.0
S412880 82.8723 54.68 1.805e-15 1.276e-15 4.839e-16 0.0 143.33 0.0
S412881 83.1497 54.7793 1.185e-16 2.668e-16 1.003e-15 0.0 143.88 1.0
S412882 83.1413 54.7877 1.486e-15 1.108e-15 4.44e-16 0.0 144.13 0.0
S412883 83.1442 54.7881 5.021e-17 4.294e-17 2.282e-17 0.0 144.3 0.0
S412884 82.8912 54.6528 2.861e-16 2.383e-16 1.2e-16 0.0 143.21 0.0
S412885 82.8885 54.6503 1.445e-18 1.717e-18 1.765e-18 0.0 143.16 0.0
S412886 83.1362 54.811 1.339e-17 1.279e-17 8.264e-18 0.0 144.44 0.0
S412887 82.894 54.634 4.219e-16 3.268e-16 1.362e-16 0.0 143.02 1.0
S412888 82.8934 54.6312 6.432e-16 4.777e-16 1.894e-16 0.0 142.89 0.0
S412889 82.9071 54.6238 1.258e-12 1.231e-12 8.803e-13 0.0 142.83 1.0
S412890 83.1168 54.8364 2.162e-15 1.518e-15 5.513e-16 0.0 144.66 0.0
S412891 82.9095 54.619 2.636e-15 1.779e-15 5.95e-16 0.0 142.91 0.0
S412892 83.1149 54.8434 4.831e-13 3.257e-13 1.058e-13 0.0 144.72 0.0
S412893 82.9231 54.6033 2.441e-15 1.738e-15 6.174e-16 0.0 142.57 0.0
S412894 82.9272 54.5938 2.283e-15 1.636e-15 5.917e-16 0.0 142.53 0.0
S412895 83.0945 54.8502 1.217e-15 8.992e-16 3.538e-16 0.0 145.04 0.0
S412896 83.0892 54.8554 1.703e-17 1.623e-17 1.07e-17 0.0 144.88 0.0
S412897 83.0901 54.866 6.011e-18 6.445e-18 5.624e-18 0.0 144.88 0.0
S412898 82.9435 54.5819 7.02e-16 5.12e-16 2.035e-16 0.0 142.54 0.0
S412899 82.9507 54.5827 2.907e-17 5.087e-17 1.168e-16 0.0 142.36 0.0
S412900 83.0734 54.8793 7.036e-15 4.614e-15 1.489e-15 0.0 145.19 0.0
S412901 82.9678 54.5727 1.018e-16 8.502e-17 4.351e-17 0.0 142.46 0.0
S412902 83.0548 54.875 5.373e-15 3.873e-15 1.411e-15 0.0 145.02 0.0
S412903 82.9771 54.5653 2.869e-15 2.036e-15 7.577e-16 0.0 142.34 0.0
S412904 82.9797 54.5719 6.923e-15 4.835e-15 1.716e-15 0.0 142.34 0.0
S412905 83.0421 54.8951 2.553e-17 4.674e-17 1.197e-16 0.0 145.13 0.0
S412906 83.0343 54.889 4.722e-17 4.156e-17 2.381e-17 0.0 145.23 0.0
S412907 83.0281 54.8874 3.581e-15 2.556e-15 9.64e-16 0.0 145.19 0.0
S412908 83.0051 54.5551 6.631e-19 8.732e-19 1.119e-18 0.0 142.17 0.0
S412909 83.0151 54.8942 1.527e-15 1.07e-15 3.963e-16 0.0 145.24 0.0
S412910 83.0202 54.552 1.36e-17 2.973e-17 1.064e-16 0.0 142.25 0.0
S412911 83.0248 54.5522 2.49e-15 1.849e-15 7.314e-16 0.0 142.3 0.0
S412912 83.0313 54.5434 1.743e-21 3.39e-21 9.760000000000001e-21 0.0 142.07 0.0
S412913 82.9904 54.8976 4.744e-16 3.671e-16 1.562e-16 0.0 145.34 1.0
S412914 83.0472 54.5507 2.702e-16 2.178e-16 1.046e-16 0.0 142.42 0.0
S412915 82.9742 54.9014 3.363e-15 2.397e-15 8.72e-16 0.0 145.13 0.0
S412916 82.9667 54.8909 5.701e-16 4.232e-16 1.705e-16 0.0 145.3 0.0
S412917 82.9602 54.8927 1.972e-17 4.011e-17 1.23e-16 0.0 145.15 0.0
S412918 82.9543 54.8948 1.579e-15 1.179e-15 4.658e-16 0.0 145.21 0.0
S412919 83.0778 54.5637 5.925e-15 4.038e-15 1.379e-15 0.0 142.14 0.0
S412920 83.0808 54.5617 1.791e-15 1.218e-15 4.191e-16 0.0 142.16 0.0
S412921 82.9337 54.8791 6.105e-15 4.261e-15 1.54e-15 0.0 144.95 0.0
S412922 82.9304 54.8897 7.079e-15 4.788e-15 1.579e-15 0.0 145.19 0.0
S412923 82.9191 54.8856 3.411e-18 3.855e-18 3.648e-18 0.0 145.27 0.0
S412924 82.9177 54.8786 2.761e-15 2.014e-15 7.872e-16 0.0 145.1 0.0
S412925 83.1205 54.5671 1.582e-17 1.503e-17 9.941e-18 0.0 142.29 0.0
S412926 82.9152 54.8715 1.636e-16 1.367e-16 6.722e-17 0.0 145.03 0.0
S412927 83.1267 54.5744 1.858e-16 1.497e-16 7.151e-17 0.0 142.28 0.0
S412928 82.9014 54.8703 2.874e-15 2.077e-15 7.992e-16 0.0 144.98 0.0
S412929 83.1384 54.5968 1.944e-16 1.537e-16 7.086e-17 0.0 142.58 0.0
S412930 83.1466 54.593 2.173e-19 2.999e-19 4.158e-19 0.0 142.49 0.0
S412931 82.8863 54.8572 3.758e-15 2.584e-15 8.961e-16 0.0 144.97 0.0
S412932 83.1616 54.5973 9.862e-15 6.831e-15 2.279e-15 0.0 142.78 0.0
S412933 82.8632 54.8468 4.707e-16 3.631e-16 1.561e-16 0.0 145.11 1.0
S412934 82.8634 54.8327 1.029e-16 8.406e-17 4.169e-17 0.0 144.88 0.0
S412935 82.8628 54.8288 1.56e-15 1.132e-15 4.204e-16 0.0 144.83 0.0
S412936 82.8719 54.8249 6.597e-16 4.979e-16 2.107e-16 0.0 144.85 1.0
S412937 82.8497 54.8189 1.211e-15 8.622e-16 3.108e-16 0.0 144.7 0.0
S412938 83.1652 54.6442 1.347e-18 1.58e-18 1.569e-18 0.0 142.82 0.0
S412939 83.1756 54.6521 2.96e-15 2.112e-15 7.846e-16 0.0 142.85 0.0
S412940 82.8368 54.7939 6.496e-17 1.069e-16 2.139e-16 0.0 144.5 0.0
S412941 82.8564 54.7895 1.391e-12 9.674e-13 3.379e-13 0.0 144.55 0.0
S412942 82.8439 54.7813 9.404e-16 6.799e-16 2.666e-16 0.0 144.33 0.0
S412943 82.8369 54.7785 7.539e-16 5.799e-16 2.5e-16 0.0 144.13 0.0
S412944 82.8366 54.767 4.009e-16 3.214e-16 1.486e-16 0.0 144.14 0.0
S412945 82.8341 54.7618 4.628e-16 3.581e-16 1.567e-16 0.0 144.05 1.0
S412946 82.8269 54.7556 1.149e-16 9.318e-17 4.473e-17 0.0 144.16 0.0
S412947 83.1886 54.7102 4.426e-18 4.889e-18 4.344e-18 0.0 143.41 0.0
S412948 83.2021 54.7144 5.053e-15 3.628e-15 1.362e-15 0.0 143.4 0.0
S412949 82.8388 54.7319 2.535e-15 1.755e-15 6.307e-16 0.0 144.07 0.0
S412950 83.2101 54.7271 1.592e-15 1.155e-15 4.327e-16 0.0 143.72 0.0
S412951 83.193 54.7384 1.171e-15 8.232e-16 3.073e-16 0.0 143.71 0.0
S412952 83.1934 54.744 9.812e-17 1.741e-16 4.04e-16 0.0 143.74 0.0
S412953 82.8366 54.6983 1.476e-16 1.22e-16 6.301e-17 0.0 143.66 0.0
S412954 83.1921 54.7664 2.568e-17 2.421e-17 1.566e-17 0.0 144.08 0.0
S412955 83.1905 54.7753 4.929e-16 3.833e-16 1.741e-16 0.0 143.91 1.0
S412956 83.1975 54.7738 2.911e-16 2.297e-16 1.041e-16 0.0 143.87 1.0
S412957 83.1892 54.7865 2.012e-16 1.673e-16 8.19e-17 0.0 144.11 0.0
S412958 82.8482 54.6631 1.979e-16 4.587e-16 1.904e-15 0.0 143.49 1.0
S412959 83.1781 54.7993 5.786e-17 4.818e-17 2.387e-17 0.0 144.26 0.0
S412960 83.1722 54.8083 4.324e-17 4.025e-17 2.532e-17 0.0 144.32 0.0
S412961 82.855 54.6355 7.391e-16 5.626e-16 2.383e-16 0.0 143.21 0.0
S412962 82.8614 54.6283 2.44e-16 1.846e-16 7.733e-17 0.0 143.07 1.0
S412963 83.1649 54.8282 1.719e-17 1.559e-17 9.543e-18 0.0 144.53 0.0
S412964 82.8612 54.6261 1.134e-17 2.404e-17 8.486e-17 0.0 143.02 0.0
S412965 83.1703 54.843 1.645e-16 1.317e-16 6.055e-17 0.0 144.48 0.0
S412966 83.1608 54.8589 2.091e-16 1.618e-16 7.145e-17 0.0 144.69 0.0
S412967 82.8726 54.5981 3.795e-15 2.715e-15 9.982e-16 0.001 143.06 0.0
S412968 83.1465 54.8661 1.114e-15 8.33e-16 3.416e-16 0.0 144.7 0.0
S412969 83.1399 54.8721 2.747e-16 2.15e-16 9.262e-17 0.001 144.57 1.0
S412970 82.8928 54.5749 2.591e-15 1.818e-15 6.493e-16 0.001 142.69 0.0
S412971 82.8961 54.5721 8.245e-16 5.882e-16 2.234e-16 0.0 142.76 0.0
S412972 83.1205 54.8936 9.971e-17 8.333e-17 4.19e-17 0.0 145.03 0.0
S412973 83.1101 54.8921 1.886e-15 1.401e-15 5.448e-16 0.0 145.0 0.0
S412974 82.9152 54.5483 1.714e-15 1.287e-15 5.28e-16 0.0 142.47 0.0
S412975 83.102 54.8931 1.995e-16 1.561e-16 7.03e-17 0.0 144.97 1.0
S412976 83.0933 54.9056 8.308e-16 2.317e-15 1.46e-14 0.0 145.11 1.0
S412977 82.9461 54.5333 1.234e-15 9.556e-16 4.26e-16 0.0 142.46 0.0
S412978 82.9471 54.5354 4.474e-17 6.657e-17 1.099e-16 0.0 142.32 0.0
S412979 82.9589 54.5409 1.84e-12 1.621e-12 9.315e-13 0.0 142.24 1.0
S412980 83.0603 54.9182 4.9e-17 4.154e-17 2.148e-17 0.0 145.29 0.0
S412981 83.0533 54.9216 3.77e-15 2.493e-15 8.187e-16 0.0 145.07 0.0
S412982 82.9784 54.5107 7.42e-17 6.521e-17 3.811e-17 0.0 142.08 0.0
S412983 82.9878 54.5296 7.814e-16 5.84e-16 2.269e-16 0.0 142.37 0.0
S412984 82.9945 54.5296 6.013e-17 5.275e-17 2.844e-17 0.0 142.13 0.0
S412985 83.0251 54.924 7.855e-16 5.916e-16 2.493e-16 0.0 145.41 1.0
S412986 82.9354 54.7278 8.368000000000001e-20 1.351e-19 2.529e-19 0.0 144.08 0.0
S412987 82.9505 54.7241 4.638e-18 4.845e-18 3.76e-18 0.0 143.97 0.0
S412988 83.0856 54.7332 3.112e-15 2.263e-15 8.796e-16 0.0 143.66 0.0
S412989 83.098 54.7343 4.665e-24 1.614e-23 1.5729999999999999e-22 0.0 143.61 0.0
S412990 82.9342 54.718 2.653e-16 1.997e-16 8.196e-17 0.0 143.72 1.0
S412991 83.0875 54.7389 7.867e-18 7.938e-18 5.735e-18 0.0 143.85 0.0
S412992 83.0776 54.7452 9.102e-18 9.145e-18 6.42e-18 0.0 144.13 0.0
S412993 82.9321 54.7104 8.445e-17 6.874e-17 3.379e-17 0.0 143.63 0.0
S412994 83.0994 54.751 2.101e-18 2.332e-18 2.111e-18 0.0 143.98 0.0
S412995 83.0889 54.7559 3.8539999999999994e-22 9.806e-22 4.865e-21 0.0 144.15 0.0
S412996 83.082 54.7565 7.334e-17 1.651e-16 6.162e-16 0.0 144.14 1.0
S412997 83.0892 54.7615 6.154e-20 8.883e-20 1.337e-19 0.0 144.18 0.0
S412998 82.9478 54.6908 2.028e-24 7.917999999999999e-24 9.494e-23 0.0 143.32 0.0
S412999 83.0932 54.7643 4.141e-20 6.879e-20 1.352e-19 0.0 144.19 0.0
S413000 82.9361 54.6899 3.179e-18 3.288e-18 2.608e-18 0.0 143.31 0.0
S413001 83.092 54.7671 2.859e-16 2.318e-16 1.07e-16 0.0 144.21 0.0
S413002 82.9358 54.6872 8.991999999999999e-23 2.273e-22 1.1100000000000001e-21 0.0 143.24 0.0
S413003 83.0957 54.7707 1.66e-17 1.59e-17 1.025e-17 0.0 144.34 0.0
S413004 83.088 54.7726 7.118e-21 1.299e-20 3.383e-20 0.0 144.42 0.0
S413005 82.9498 54.6752 9.71e-19 1.18e-18 1.285e-18 0.0 143.08 0.0
S413006 83.0794 54.7903 3.333e-17 3.178e-17 2.104e-17 0.0 144.55 0.0
S413007 82.949 54.6687 3.463e-18 3.806e-18 3.19e-18 0.0 142.96 0.0
S413008 82.9407 54.6616 4.94e-16 1.448e-15 1.016e-14 0.0 143.02 1.0
S413009 83.0899 54.8012 2.829e-17 2.557e-17 1.576e-17 0.001 144.63 0.0
S413010 83.0813 54.7943 8.657e-18 1.625e-17 4.279e-17 0.0 144.72 0.0
S413011 83.0796 54.7957 3.222e-17 3.113e-17 2.077e-17 0.0 144.7 0.0
S413012 82.9481 54.6535 5.587000000000001e-20 8.488e-20 1.44e-19 0.0 142.9 0.0
S413013 83.0749 54.7955 1.15e-12 8.116e-13 2.872e-13 0.0 144.65 0.0
S413014 83.0714 54.8221 1.8689999999999998e-22 4.555e-22 2.1490000000000002e-21 0.0 144.88 0.0
S413015 83.0713 54.8151 2.765e-15 1.984e-15 7.269e-16 0.0 144.96 0.0
S413016 82.96 54.6344 1.441e-17 3.068e-17 1.085e-16 0.0 142.62 0.0
S413017 82.9611 54.6411 2.285e-17 2.106e-17 1.325e-17 0.0 142.59 0.0
S413018 82.9611 54.6448 1.047e-17 1.029e-17 7.366e-18 0.0 142.71 0.0
S413019 83.0619 54.8205 1.33e-15 9.908e-16 4.025e-16 0.0 144.96 0.0
S413020 83.0596 54.8116 3.787e-21 7.469e-21 2.194e-20 0.0 144.91 0.0
S413021 82.965 54.6333 2.944e-17 2.691e-17 1.691e-17 0.0 142.54 0.0
S413022 82.9647 54.6207 4.128e-21 8.137e-21 2.4510000000000003e-20 0.0 142.53 0.0
S413023 82.978 54.6151 5.043e-16 1.297e-15 6.608e-15 0.0 142.35 1.0
S413024 83.0442 54.821 1.878e-19 2.699e-19 4.08e-19 0.0 145.01 0.0
S413025 83.0412 54.8308 3.747e-19 5.068e-19 6.811e-19 0.0 144.98 0.0
S413026 83.0447 54.8408 3.137e-17 5.103e-17 9.994e-17 0.0 145.17 0.0
S413027 82.9885 54.6207 2.049e-16 1.637e-16 7.824e-17 0.0 142.44 0.0
S413028 82.9893 54.61 1.796e-17 1.735e-17 1.183e-17 0.0 142.26 0.0
S413029 83.0316 54.831 5.272e-17 1.234e-16 5.216e-16 0.0 145.22 1.0
S413030 83.0278 54.8271 2.58e-15 1.85e-15 7.043e-16 0.0 145.19 0.0
S413031 83.0004 54.6145 7.075e-19 9.011e-19 1.035e-18 0.0 142.25 0.0
S413032 83.0018 54.6124 6.109e-21 1.1410000000000001e-20 3.057e-20 0.0 142.36 0.0
S413033 83.0207 54.8408 3.783e-20 5.965000000000001e-20 1.13e-19 0.0 145.23 0.0
S413034 83.021 54.844 9.21e-17 1.45e-16 2.647e-16 0.0 145.08 0.0
S413035 83.0175 54.8469 1.059e-17 1.058e-17 7.36e-18 0.0 145.26 0.0
S413036 83.014 54.6115 2.189e-17 2.016e-17 1.226e-17 0.0 142.23 0.0
S413037 83.015 54.6087 4.654e-17 8.496e-17 2.044e-16 0.0 142.29 0.0
S413038 83.0266 54.622 7.499e-17 6.365e-17 3.319e-17 0.0 142.18 0.0
S413039 83.0231 54.5854 4.455e-16 3.435e-16 1.418e-16 0.0 142.25 1.0
S413040 83.0305 54.5933 1.398e-15 1.021e-15 3.911e-16 0.0 142.32 0.0
S413041 83.0334 54.6089 4.14e-21 2.865e-21 1.017e-21 0.0 142.1 0.0
S413042 82.9879 54.8452 1.934e-17 3.463e-17 8.263e-17 0.0 145.2 0.0
S413043 82.9892 54.8471 2.084e-21 4.504e-21 1.581e-20 0.0 145.12 0.0
S413044 82.9827 54.8427 1.414e-16 2.739e-16 7.703e-16 0.0 145.25 0.0
S413045 82.9769 54.8473 2.254e-17 3.895e-17 8.975e-17 0.0 145.11 0.0
S413046 82.9782 54.8462 4.2129999999999996e-23 1.14e-22 6.463999999999999e-22 0.0 145.28 0.0
S413047 82.9776 54.8317 2.626e-21 5.8190000000000004e-21 2.118e-20 0.0 145.1 0.0
S413048 82.9741 54.8367 2.427e-18 2.753e-18 2.546e-18 0.0 144.95 0.0
S413049 83.0653 54.6044 7.287e-17 1.229e-16 2.631e-16 0.0 142.31 0.0
S413050 83.0605 54.6102 1.759e-16 1.399e-16 6.323e-17 0.0 142.29 0.0
S413051 82.958 54.845 2.403e-24 8.849e-24 9.618e-23 0.0 145.31 0.0
S413052 82.9605 54.848 3.298e-17 3.169e-17 2.041e-17 0.0 145.15 0.0
S413053 83.0742 54.6174 7.729e-18 7.773e-18 5.643e-18 0.0 142.44 0.0
S413054 83.074 54.6054 7.594e-17 6.843e-17 4.023e-17 0.0 142.2 0.0
S413055 83.0774 54.6327 4.061e-18 4.164e-18 3.22e-18 0.0 142.47 0.0
S413056 83.0815 54.6171 2.301e-16 1.857e-16 8.616e-17 0.0 142.33 0.0
S413057 83.0899 54.6223 6.81e-17 5.85e-17 3.144e-17 0.0 142.35 0.0
S413058 83.0928 54.6242 2.2169999999999998e-23 6.772999999999999e-23 5.033e-22 0.0 142.47 0.0
S413059 82.9338 54.8376 1.9140000000000002e-20 3.2730000000000006e-20 7.111000000000001e-20 0.0 145.07 0.0
S413060 82.9342 54.8306 9.915e-19 1.225e-18 1.329e-18 0.0 145.13 0.0
S413061 82.918 54.8326 4.313e-20 6.789000000000001e-20 1.237e-19 0.0 145.06 0.0
S413062 82.9263 54.8268 5.061e-17 9.527e-17 2.562e-16 0.0 145.0 0.0
S413063 83.117 54.6193 9.869999999999999e-23 2.599e-22 1.424e-21 0.0 142.48 0.0
S413064 83.1041 54.6442 2.403e-15 1.686e-15 6.105e-16 0.0 142.67 0.0
S413065 82.9157 54.8217 1.567e-16 1.272e-16 5.961e-17 0.0 144.76 0.0
S413066 82.9124 54.8179 8.462e-20 1.226e-19 1.89e-19 0.0 144.89 0.0
S413067 82.9054 54.8107 5.207e-18 5.37e-18 4.156e-18 0.0 144.8 0.0
S413068 83.1136 54.646 2.249e-17 3.817e-17 7.995e-17 0.0 142.62 0.0
S413069 82.8948 54.805 5.592e-16 4.146e-16 1.628e-16 0.0 144.77 0.0
S413070 82.9076 54.8066 3.2e-21 2.301e-21 8.798e-22 0.0 144.78 0.0
S413071 83.1169 54.6529 4.809e-16 3.848e-16 1.716e-16 0.0 142.76 1.0
S413072 82.8973 54.7935 1.63e-16 1.326e-16 6.079e-17 0.0 144.55 0.0
S413073 82.8831 54.7946 1.136e-16 1.733e-16 2.916e-16 0.0 144.64 0.0
S413074 83.1199 54.6651 1.647e-17 1.565e-17 9.923e-18 0.0 142.62 1.0
S413075 82.8998 54.7801 9.158e-16 6.762e-16 2.623e-16 0.0 144.64 0.0
S413076 82.9031 54.7782 3.823e-16 2.947e-16 1.3e-16 0.001 144.48 1.0
S413077 83.1416 54.6777 1.662e-23 5.337e-23 4.29e-22 0.0 143.04 0.0
S413078 83.1309 54.6846 4.7500000000000005e-21 8.626e-21 2.0690000000000002e-20 0.0 143.1 0.0
S413079 82.8897 54.7654 2.603e-16 2.06e-16 9.284e-17 0.0 144.21 1.0
S413080 82.877 54.7671 1.485e-15 1.089e-15 4.148e-16 0.0 144.38 0.0
S413081 82.8788 54.7576 3.689e-23 9.959e-23 5.497e-22 0.0 144.22 0.0
S413082 83.1496 54.694 7.294e-19 9.421e-19 1.157e-18 0.0 143.27 0.0
S413083 83.1258 54.702 2.5189999999999996e-22 6.372999999999999e-22 3.3320000000000002e-21 0.0 143.4 0.0
S413084 82.8773 54.7492 1.407e-19 2.031e-19 3.093e-19 0.0 143.91 0.0
S413085 83.1572 54.7091 4.868e-17 4.57e-17 2.924e-17 0.0 143.49 0.0
S413086 83.1419 54.7151 3.479e-16 2.804e-16 1.289e-16 0.0 143.52 0.0
S413087 83.1698 54.7134 4.731e-19 6.175e-19 7.62e-19 0.0 143.33 0.0
S413088 83.16 54.7231 4.904e-16 3.679e-16 1.509e-16 0.0 143.57 0.0
S413089 82.8748 54.7316 1.338e-16 1.101e-16 5.376e-17 0.0 144.0 0.0
S413090 82.8912 54.7168 2.047e-16 1.631e-16 7.536e-17 0.0 143.88 0.0
S413091 83.1423 54.7347 3.612e-17 3.177e-17 1.742e-17 0.0 143.48 0.0
S413092 83.1556 54.7382 3.32e-19 4.306e-19 5.348e-19 0.0 143.66 0.0
S413093 83.1613 54.744 5.123e-22 1.1100000000000001e-21 3.904e-21 0.0 143.82 0.0
S413094 83.1579 54.7535 4.313e-19 5.805e-19 7.392e-19 0.0 143.77 0.0
S413095 83.1523 54.7558 2.623e-18 2.967e-18 2.736e-18 0.0 143.86 0.0
S413096 82.8774 54.6952 4.63e-18 4.739e-18 3.521e-18 0.0 143.67 0.0
S413097 83.1358 54.7636 1.986e-16 1.633e-16 7.85e-17 0.0 144.1 0.0
S413098 82.8643 54.6935 2.649e-16 2.063e-16 8.829e-17 0.0 143.52 0.0
S413099 83.1531 54.7739 1.75e-18 2.04e-18 1.975e-18 0.0 144.08 0.0
S413100 83.1514 54.7771 4.239e-21 2.935e-21 1.013e-21 0.0 144.17 0.0
S413101 82.8977 54.6702 7.168e-16 2.446e-15 2.328e-14 0.0 143.4 1.0
S413102 82.8991 54.6578 1.024e-16 2.779e-16 1.62e-15 0.0 143.15 1.0
S413103 83.141 54.7924 1.0340000000000001e-20 1.8790000000000002e-20 4.7370000000000005e-20 0.0 144.08 0.0
S413104 82.8956 54.663 3.455e-16 2.562e-16 1.013e-16 0.0 143.18 0.0
S413105 83.1354 54.801 1.265e-22 3.6629999999999996e-22 2.457e-21 0.0 144.16 0.0
S413106 83.1313 54.7918 5.064e-17 4.442e-17 2.458e-17 0.0 144.3 0.0
S413107 83.1162 54.808 1.237e-22 3.252e-22 1.7210000000000002e-21 0.0 144.64 0.0
S413108 83.1311 54.822 3.548e-16 2.872e-16 1.34e-16 0.0 144.34 0.0
S413109 82.8933 54.6321 3.842e-16 3.012e-16 1.334e-16 0.0 143.08 1.0
S413110 82.8975 54.6357 7.462e-17 6.398e-17 3.489e-17 0.0 142.87 0.0
S413111 83.1099 54.8124 4.647e-17 4.031e-17 2.141e-17 0.0 144.68 0.0
S413112 82.8985 54.6222 5.946e-17 5.016e-17 2.577e-17 0.001 143.05 0.0
S413113 83.1224 54.8421 1.609e-17 2.566e-17 4.912e-17 0.0 144.82 0.0
S413114 83.1023 54.8347 4.497e-17 8.349e-17 2.142e-16 0.0 144.72 0.0
S413115 83.1065 54.8527 3.646e-16 2.858e-16 1.259e-16 0.0 144.81 0.0
S413116 82.9207 54.6042 4.459e-17 3.796e-17 1.926e-17 0.0 142.65 0.0
S413117 83.1133 54.8589 1.477e-17 1.435e-17 9.693e-18 0.0 145.07 0.0
S413118 83.1026 54.8378 2.902e-17 2.646e-17 1.585e-17 0.0 144.98 0.0
S413119 83.1092 54.8424 4.85e-21 3.3260000000000002e-21 1.147e-21 0.0 144.78 0.0
S413120 83.0864 54.8564 2.737e-16 2.152e-16 9.473e-17 0.0 145.05 1.0
S413121 82.9332 54.6083 1.501e-19 2.176e-19 3.374e-19 0.0 142.73 0.0
S413122 83.0864 54.8553 7.633e-16 5.396e-16 1.91e-16 0.0 145.04 0.0
S413123 83.0741 54.8566 5.775e-22 5.317e-22 3.281e-22 0.0 145.05 0.0
S413124 82.9457 54.5886 5.217e-18 5.615e-18 4.564e-18 0.0 142.5 0.0
S413125 83.0791 54.8947 2.142e-17 2.072e-17 1.394e-17 0.0 145.12 0.0
S413126 82.9584 54.5735 2.501e-17 3.854e-17 6.959e-17 0.0 142.55 0.0
S413127 82.9593 54.5796 1.5160000000000003e-20 2.8390000000000005e-20 7.344e-20 0.0 142.51 0.0
S413128 82.9724 54.592 1.004e-17 1.031e-17 8.026e-18 0.0 142.48 0.0
S413129 83.0579 54.8841 3.793e-19 5.36e-19 7.912e-19 0.0 145.15 0.0
S413130 82.9755 54.5794 6.983e-19 8.839e-19 1.061e-18 0.0 142.26 0.0
S413131 83.0475 54.8928 4.368e-22 1.0180000000000001e-21 4.129e-21 0.001 145.33 0.0
S413132 82.9846 54.5603 5.162e-17 1.112e-16 3.995e-16 0.0 142.3 0.0
S413133 83.0383 54.897 1.386e-19 2.049e-19 3.357e-19 0.0 145.33 0.0
S413134 82.9968 54.564 1.13e-16 9.566e-17 5.12e-17 0.0 142.32 0.0
S413135 83.0276 54.8914 1.244e-22 3.021e-22 1.373e-21 0.0 145.32 0.0
S413136 83.0035 54.5529 5.0680000000000006e-20 8.245e-20 1.62e-19 0.0 142.23 0.0
S413137 83.0151 54.5803 2.584e-17 4.642e-17 1.115e-16 0.0 142.21 0.0
S413138 83.0138 54.5674 2.6240000000000003e-20 4.41e-20 8.988000000000001e-20 0.0 142.24 0.0
S413139 83.0083 54.8943 1.189e-16 9.584e-17 4.506e-17 0.0 145.36 0.0
S413140 83.0075 54.9057 2.307e-17 2.135e-17 1.342e-17 0.001 145.35 0.0
S413141 83.0263 54.5722 1.142e-19 1.703e-19 2.845e-19 0.0 142.18 0.0
S413142 83.0292 54.5762 1.412e-17 2.287e-17 4.385e-17 0.0 142.24 0.0
S413143 83.0376 54.5675 7.482e-17 6.061e-17 2.839e-17 0.0 142.13 0.0
S413144 83.0445 54.5517 8.749e-18 1.543e-17 3.542e-17 0.0 142.24 0.0
S413145 83.0441 54.553 2.211e-18 2.476e-18 2.324e-18 0.0 142.26 0.0
S413146 83.0582 54.5495 5.667e-17 4.741e-17 2.506e-17 0.0 142.2 0.0
S413147 83.0413 54.5517 1.957e-17 2.03e-17 1.608e-17 0.0 142.08 0.0
S413148 82.9742 54.8873 8.733e-17 7.339e-17 3.721e-17 0.0 145.29 0.0
S413149 83.0718 54.5849 7.425e-19 9.322e-19 1.043e-18 0.0 142.14 0.0
S413150 83.0728 54.5509 3.626e-16 2.808e-16 1.181e-16 0.0 142.06 1.0
S413151 82.9473 54.9071 1.521e-20 2.581e-20 5.427e-20 0.0 145.28 0.0
S413152 82.9487 54.8712 2.614e-15 1.905e-15 7.182e-16 0.0 145.25 0.0
S413153 83.0929 54.5661 9.751e-20 1.401e-19 2.212e-19 0.0 142.33 0.0
S413154 82.9311 54.8794 1.547e-23 4.767e-23 3.5829999999999997e-22 0.0 145.22 0.0
S413155 83.1113 54.5549 1.217e-17 1.154e-17 7.572e-18 0.0 142.28 0.0
S413156 82.9345 54.8868 1.634e-21 3.869e-21 1.6480000000000002e-20 0.0 145.17 0.0
S413157 83.0954 54.5613 4.421e-17 3.848e-17 2.053e-17 0.0 142.29 1.0
S413158 82.9106 54.8849 1.443e-23 4.4989999999999996e-23 3.4399999999999995e-22 0.0 145.28 0.0
S413159 82.9072 54.8895 7.521e-18 1.336e-17 3.097e-17 0.0 145.25 0.0
S413160 82.9101 54.8738 3.108e-15 2.118e-15 7.247e-16 0.0 145.13 0.0
S413161 83.1365 54.5889 1.6440000000000002e-20 2.989e-20 7.137000000000001e-20 0.0 142.58 0.0
S413162 82.8961 54.8631 2.121e-19 2.661e-19 2.994e-19 0.0 145.1 0.0
S413163 82.9065 54.8707 2.795e-18 3.074e-18 2.754e-18 0.0 145.14 0.0
S413164 82.8903 54.8748 4.586e-17 4.096e-17 2.346e-17 0.0 145.09 0.0
S413165 83.1523 54.5937 1.413e-18 1.732e-18 1.822e-18 0.0 142.55 0.0
S413166 83.1493 54.5878 4.61e-20 7.363e-20 1.404e-19 0.0 142.51 0.0
S413167 82.8735 54.8651 5.46e-21 1.0690000000000001e-20 2.993e-20 0.0 144.9 0.0
S413168 82.8949 54.8388 1.175e-17 2.206e-17 6.047e-17 0.0 144.97 0.0
S413169 82.8796 54.8437 8.287999999999999e-22 1.9170000000000002e-21 8.029e-21 0.0 144.89 0.0
S413170 83.1707 54.61 1.611e-13 1.065e-13 3.427e-14 0.0 142.48 0.0
S413171 83.151 54.6064 3.085e-21 2.197e-21 8.321999999999999e-22 0.0 142.62 0.0
S413172 83.1696 54.6244 8.994e-16 6.862e-16 2.854e-16 0.0 142.52 1.0
S413173 83.1635 54.6191 1.166e-17 1.129e-17 7.66e-18 0.0 142.62 0.0
S413174 82.8657 54.826 5.937e-17 1.006e-16 2.251e-16 0.0 144.8 0.0
S413175 83.1696 54.6331 1.658e-16 1.342e-16 6.267e-17 0.0 142.82 0.0
S413176 82.8665 54.8133 2.9619999999999996e-23 9.401e-23 7.646e-22 0.0 144.74 0.0
S413177 83.1803 54.639 9.162e-17 1.364e-16 2.198e-16 0.0 142.99 0.0
S413178 82.8374 54.8036 1.526e-20 2.732e-20 6.57e-20 0.0 144.3 0.0
S413179 83.1872 54.6509 2.008e-17 3.349e-17 7.04e-17 0.0 142.89 0.0
S413180 83.1906 54.657 7.441e-17 1.303e-16 3.023e-16 0.0 143.04 0.0
S413181 82.8586 54.7811 5.644e-16 4.213e-16 1.65e-16 0.0 144.41 0.0
S413182 83.1846 54.6688 9.328e-20 1.432e-19 2.543e-19 0.0 143.12 0.0
S413183 82.8283 54.7817 1.063e-18 1.306e-18 1.416e-18 0.0 144.37 0.0
S413184 83.1777 54.6797 7.202e-17 1.653e-16 6.742e-16 0.0 143.22 1.0
S413185 82.8549 54.7633 3.149e-15 2.198e-15 7.746e-16 0.0 144.09 0.0
S413186 83.1988 54.6915 5.611e-17 1.436e-16 7.298e-16 0.0 143.33 1.0
S413187 82.8623 54.7539 3.574e-17 5.442e-17 9.077e-17 0.0 144.13 0.0
S413188 83.1994 54.7016 1.25e-18 1.487e-18 1.596e-18 0.0 143.35 0.0
S413189 82.8434 54.7423 1.225e-19 1.811e-19 2.97e-19 0.0 143.94 0.0
S413190 83.2342 54.7094 7.732e-17 6.122e-17 2.812e-17 0.0 143.35 0.0
S413191 82.8293 54.7345 6.607e-22 1.655e-21 8.312e-21 0.0 143.97 0.0
S413192 83.1783 54.7309 2.739e-16 2.178e-16 9.935e-17 0.0 143.63 0.0
S413193 82.7996 54.7302 1.484e-16 2.212e-16 3.606e-16 0.0 144.05 0.0
S413194 83.1786 54.7371 4.115e-17 6.053e-17 9.473e-17 0.0 143.76 0.0
S413195 82.8413 54.7082 3.373e-20 5.659000000000001e-20 1.182e-19 0.0 143.67 0.0
S413196 83.1818 54.7523 4.841e-21 3.311e-21 1.12e-21 0.0 143.81 0.0
S413197 82.8423 54.7008 7.511e-16 5.59e-16 2.238e-16 0.0 143.7 0.0
S413198 82.8731 54.7038 4.329e-21 2.984e-21 1.061e-21 0.0 143.57 0.0
S413199 82.8172 54.6905 9.379e-17 1.318e-16 1.922e-16 0.0 143.77 0.0
S413200 82.8261 54.6902 8.57e-17 1.827e-16 6.549e-16 0.0 143.69 1.0
S413201 83.1987 54.7758 8.621e-17 7.297e-17 3.788e-17 0.0 144.08 0.0
S413202 83.1936 54.7884 5.789e-20 9.287000000000001e-20 1.734e-19 0.0 143.84 0.0
S413203 82.8477 54.6679 1.171e-21 2.781e-21 1.1620000000000001e-20 0.001 143.35 0.0
S413204 82.879 54.6565 2.578e-17 2.284e-17 1.31e-17 0.0 143.19 0.0
S413205 83.1863 54.7971 9.376e-17 8.007e-17 4.172e-17 0.0 144.09 0.0
S413206 82.8377 54.6473 3.615e-21 7.036e-21 2.088e-20 0.0 143.23 0.0
S413207 83.1665 54.8225 2.661e-18 3.07e-18 2.875e-18 0.0 144.29 0.0
S413208 82.8552 54.6437 4.986e-16 3.974e-16 1.829e-16 0.0 142.95 0.0
S413209 83.1687 54.8256 2.996e-17 2.774e-17 1.697e-17 0.0 144.22 0.0
S413210 83.1552 54.814 1.014e-17 9.919e-18 6.83e-18 0.0 144.36 0.0
S413211 83.1596 54.8459 1.831e-19 2.712e-19 4.302e-19 0.0 144.62 0.0
S413212 83.16 54.8445 8.485e-17 7.272e-17 3.822e-17 0.0 144.55 0.0
S413213 83.1465 54.8454 3.904e-21 7.899e-21 2.5230000000000003e-20 0.0 144.47 0.0
S413214 82.8748 54.6155 1.351e-16 1.152e-16 6.156e-17 0.0 142.86 0.0
S413215 82.8609 54.6203 2.8969999999999996e-23 9.742e-23 8.498e-22 0.0 143.17 0.0
S413216 82.8859 54.5914 5.025e-18 5.259e-18 4.224e-18 0.0 142.77 0.0
S413217 82.8746 54.594 1.375e-18 1.67e-18 1.82e-18 0.0 142.76 0.0
S413218 83.1421 54.836 1.121e-22 3.0409999999999997e-22 1.681e-21 0.0 144.55 0.0
S413219 82.8769 54.581 2.674e-17 5.174e-17 1.414e-16 0.0 142.82 0.0
S413220 82.9021 54.5737 1.049e-17 1.818e-17 4.057e-17 0.0 142.83 0.0
S413221 83.127 54.8871 9.274e-17 7.567e-17 3.802e-17 0.0 144.8 0.0
S413222 82.9164 54.5777 2.107e-12 1.959e-12 1.244e-12 0.0 142.59 1.0
S413223 82.9194 54.5728 1.647e-16 1.299e-16 5.723e-17 0.0 142.63 0.0
S413224 82.8977 54.5577 2.584e-21 5.419e-21 1.784e-20 0.0 142.59 0.0
S413225 83.0958 54.8812 7.149e-30 1.201e-28 3.132e-26 0.0 145.09 0.0
S413226 83.1135 54.9074 9.013e-18 8.785e-18 6.22e-18 0.0 144.93 0.0
S413227 83.096 54.9079 2.889e-16 2.208e-16 9.03e-17 0.0 145.08 0.0
S413228 82.9391 54.5617 1.4960000000000002e-20 2.491e-20 5.2900000000000005e-20 0.0 142.45 0.0
S413229 83.0797 54.8973 9.752000000000001e-20 1.413e-19 2.202e-19 0.0 144.98 0.0
S413230 82.9516 54.5353 4.62e-16 3.508e-16 1.52e-16 0.0 142.42 1.0
S413231 82.9567 54.5547 3.075e-21 5.936e-21 1.705e-20 0.0 142.38 0.0
S413232 82.9643 54.5486 9.506000000000001e-20 1.3e-19 1.846e-19 0.0 142.22 0.0
S413233 82.9669 54.5513 1.409e-16 2.969e-16 1.014e-15 0.0 142.35 1.0
S413234 83.0517 54.9409 6.517e-17 5.756e-17 3.149e-17 0.0 145.17 0.0
S413235 83.0512 54.9308 2.233e-22 5.936e-22 3.2780000000000002e-21 0.001 145.28 0.0
S413236 82.9867 54.5424 1.956e-15 1.453e-15 5.827e-16 0.001 142.3 0.0
S413237 82.9879 54.5032 4.96e-17 7.408e-17 1.255e-16 0.0 142.44 0.0
S413238 82.9944 54.5092 1.824e-19 2.659e-19 4.285e-19 0.0 142.46 0.0
S413239 83.0264 54.9395 3.832e-21 2.718e-21 9.716e-22 0.0 145.29 0.0
S413240 83.0023 54.5309 1.717e-17 2.676e-17 4.712e-17 0.0 142.11 0.0
S413241 83.0138 54.9477 4.035e-21 7.986e-21 2.3380000000000002e-20 0.0 145.18 0.0
S413242 83.024 54.5366 7.822e-19 1.02e-18 1.322e-18 0.0 142.29 0.0
S413243 83.0077 54.9778 4.841e-17 4.303e-17 2.407e-17 0.0 145.32 0.0
S413244 83.0025 54.9411 3.934e-16 2.969e-16 1.246e-16 0.0 145.35 1.0
S413245 83.0377 54.5198 1.67e-17 1.61e-17 1.084e-17 0.0 141.94 0.0
S413246 83.0419 54.5204 1.259e-22 2.887e-22 1.187e-21 0.0 142.06 0.0
