Name Equatorial Polar BlueF GreenF RedF Parallax RadialVelocity Variable?
S103009 113.0463 65.8686 3.519e-18 3.594e-18 2.652e-18 0.0 96.24 0.0
S103010 113.0095 65.8049 2.335e-23 7.286e-23 5.512999999999999e-22 0.0 97.53 0.0
S103011 113.0236 65.8227 1.979e-21 4.038e-21 1.3230000000000001e-20 0.0 96.8 0.0
S103012 113.0312 65.8159 1.091e-18 1.332e-18 1.433e-18 0.0 97.66 0.0
S103013 113.0072 65.8225 8.813e-21 1.477e-20 3.035e-20 0.0 96.99 0.0
S103014 113.0194 65.7639 1.572e-21 3.2660000000000002e-21 1.09e-20 0.0 97.94 0.0
S103015 113.0947 66.0667 3.269e-17 2.722e-17 1.368e-17 0.0 95.99 0.0
S103016 113.0225 65.8225 2.798e-17 4.707e-17 1.013e-16 0.0 96.79 0.0
S103017 113.0326 65.8164 3.272e-23 8.384e-23 4.437e-22 0.0 97.53 0.0
S103018 112.9802 65.8016 3.044e-18 3.245e-18 2.713e-18 0.0 97.41 0.0
S103019 113.0436 65.7857 5.589e-18 5.565e-18 4.12e-18 0.0 97.76 0.0
S103020 112.9963 65.8534 2.4009999999999999e-23 7.156e-23 5.045e-22 0.0 96.48 0.0
S103021 113.003 65.7268 5.738e-18 5.284e-18 3.27e-18 0.0 97.81 0.0
S103022 113.2164 65.9149 9.097e-23 2.265e-22 1.089e-21 0.0 96.7 0.0
S103023 113.1859 66.1149 4.4299999999999996e-24 1.402e-23 1.166e-22 0.001 96.03 0.0
S103024 113.0522 65.8023 4.083e-22 9.882e-22 4.582e-21 0.0 97.73 0.0
S103025 112.9981 65.8734 5.854e-17 4.905e-17 2.584e-17 0.0 96.34 0.0
S103026 113.0936 65.8948 5.185e-24 1.732e-23 1.5309999999999998e-22 0.0 96.35 0.0
S103027 113.1346 65.7431 1.4860000000000002e-20 2.3870000000000002e-20 4.7110000000000004e-20 0.0 97.72 1.0
S103028 113.0268 65.6843 7.353e-19 8.508e-19 8.428e-19 0.0 98.16 0.0
S103029 112.9148 65.8839 1.105e-17 1.011e-17 6.077e-18 0.0 96.43 0.0
S103030 113.0495 65.7796 1.696e-21 3.115e-21 7.947e-21 0.0 98.07 0.0
S103031 113.0243 65.8228 3.0340000000000003e-20 4.845e-20 9.099000000000001e-20 0.0 96.88 0.0
S103032 113.0151 65.838 4.798e-21 7.991e-21 1.618e-20 0.0 96.66 0.0
S103033 113.0274 65.8179 2.9069999999999997e-23 7.794e-23 4.267999999999999e-22 0.0 97.52 0.0
S103034 113.0323 65.8199 2.857e-21 1.927e-21 6.418999999999999e-22 0.0 97.12 0.0
S103035 113.0713 65.8083 5.576999999999999e-22 1.28e-21 5.3e-21 0.0 97.32 0.0
S103036 113.0396 65.7441 1.077e-17 1.011e-17 6.366e-18 0.0 98.15 0.0
S103037 113.0391 65.8119 9.793e-19 1.083e-18 9.412e-19 0.0 97.57 0.0
S103038 113.0196 65.8037 5.364e-23 1.6599999999999997e-22 1.234e-21 0.0 97.67 0.0
S103039 113.0368 65.8223 8.893e-23 2.064e-22 8.76e-22 0.0 96.7 0.0
S103040 113.0132 65.8092 1.551e-21 3.317e-21 1.166e-20 0.0 97.43 0.0
S103041 113.259 65.862 8.699e-24 3.0239999999999997e-23 2.963e-22 0.0 96.77 0.0
S103042 112.9094 65.8375 3.025e-21 5.238e-21 1.204e-20 0.0 96.81 0.0
S103043 112.8867 65.9126 7.589999999999999e-22 1.582e-21 5.247e-21 0.0 96.36 0.0
S103044 112.9671 65.8496 3.6469999999999995e-22 8.3429999999999995e-22 3.236e-21 0.0 96.61 0.0
S103045 112.9886 65.8945 5.601e-21 9.804e-21 2.2860000000000002e-20 0.0 96.16 0.0
S103046 112.9331 65.833 5.279e-19 6.683e-19 7.603e-19 0.0 96.87 0.0
S103047 113.1153 65.9789 3.5619999999999997e-22 8.472e-22 3.864e-21 0.0 96.02 0.0
S103048 113.0064 65.8533 4.514e-22 1.088e-21 4.935e-21 0.0 96.42 0.0
S103049 112.8919 65.7154 2.036e-17 3.212e-17 5.833e-17 0.0 97.82 0.0
S103050 113.074 65.6767 2.495e-20 4.1040000000000003e-20 7.978e-20 0.0 98.15 0.0
S103051 112.9815 65.8105 1.558e-21 3.107e-21 9.398e-21 0.0 96.99 0.0
S103052 113.0737 65.7862 3.635e-21 6.4610000000000004e-21 1.6030000000000002e-20 0.0 97.65 0.0
S103053 113.0276 65.8207 3.683e-22 7.616e-22 2.479e-21 0.0 96.81 0.0
S103054 112.9521 65.7873 9.932e-23 2.5809999999999997e-22 1.334e-21 0.001 97.49 0.0
S103055 113.0218 65.811 4.2329999999999994e-22 9.542999999999998e-22 3.707e-21 0.0 97.46 0.0
S103056 113.0689 65.9572 9.394e-18 1.531e-17 2.975e-17 0.0 96.05 0.0
S103057 112.9998 65.8574 2.023e-21 1.424e-21 5.108e-22 0.0 96.33 0.0
S103058 113.0582 65.7067 5.171e-23 1.3909999999999999e-22 7.662e-22 0.0 98.14 0.0
S103059 113.0242 65.8181 6.058e-22 1.279e-21 4.185e-21 0.0 97.21 0.0
S103060 113.0487 65.8129 5.353e-23 1.4189999999999998e-22 7.849999999999999e-22 0.0 97.26 0.0
S103061 113.0261 65.7815 2.337e-23 5.992999999999999e-23 3.148e-22 0.001 97.9 0.0
S103062 113.0972 65.9032 1.079e-18 1.144e-18 9.388e-19 0.0 96.22 0.0
S103063 112.9791 65.7796 3.036e-25 1.569e-24 3.509e-23 0.0 97.57 0.0
S103064 113.0079 65.8154 9.568e-18 9.28e-18 6.277e-18 0.0 97.29 0.0
S103065 112.9224 65.8651 2.8039999999999997e-22 6.756e-22 2.988e-21 0.0 96.53 0.0
S103066 113.0229 65.804 2.94e-22 6.512999999999999e-22 2.556e-21 0.0 97.67 0.0
S103067 113.0183 65.84 2.544e-19 3.197e-19 3.654e-19 0.0 96.52 0.0
S103068 112.8986 65.8029 2.949e-21 5.387e-21 1.3280000000000001e-20 0.0 97.2 0.0
S103069 113.0302 65.8231 4.542e-24 1.553e-23 1.4459999999999998e-22 0.0 96.54 0.0
S103070 113.0217 65.8101 2.978e-21 5.5690000000000004e-21 1.456e-20 0.0 97.58 0.0
S103071 112.9611 65.7297 2.09e-22 5.4449999999999995e-22 2.882e-21 0.0 97.91 0.0
S103072 112.9262 65.8152 8.896e-19 1.039e-18 1.038e-18 0.0 97.07 0.0
S103073 112.9331 65.7848 8.098999999999999e-22 1.634e-21 5.056e-21 0.0 97.5 0.0
S103074 112.946 65.9555 2.476e-23 6.326e-23 3.111e-22 0.0 95.96 0.0
S103075 113.037 65.7802 4.261e-24 1.4759999999999998e-23 1.425e-22 0.0 97.89 0.0
S103076 113.029 65.8193 3.498e-18 3.419e-18 2.348e-18 0.0 97.55 0.0
S103077 112.9184 65.9106 1.041e-12 8.334e-13 3.959e-13 0.0 96.22 1.0
S103078 113.043 65.8137 2.376e-21 1.646e-21 5.767999999999999e-22 0.0 97.33 0.0
S103079 113.1557 65.8631 1.11e-22 2.812e-22 1.427e-21 0.0 96.69 0.0
S103080 113.0939 65.8858 4.888e-22 1.074e-21 4.046e-21 0.0 96.37 0.0
S103081 113.0396 65.8289 3.111e-23 9.04e-23 5.927999999999999e-22 0.0 96.7 0.0
S103082 112.9056 65.9204 1.685e-22 3.898e-22 1.5560000000000001e-21 0.0 96.39 0.0
S103083 113.0489 65.7977 5.606e-18 5.696e-18 4.356e-18 0.0 97.53 0.0
S103084 113.0497 65.8246 8.672e-19 1.004e-18 9.856e-19 0.0 96.92 0.0
S103085 113.036 65.817 2.804e-19 3.544e-19 4.203e-19 0.0 97.33 0.0
S103086 113.315 65.8433 3.872e-21 7.19e-21 1.8230000000000003e-20 0.0 97.31 0.0
S103087 113.0905 65.8485 3.73e-19 4.653e-19 5.244e-19 0.0 96.72 0.0
S103088 113.031 65.8229 9.103999999999999e-22 1.9230000000000002e-21 6.491e-21 0.0 96.52 0.0
S103089 113.0336 65.8177 8.916e-24 2.656e-23 1.8589999999999999e-22 0.0 97.31 0.0
S103090 113.0325 65.8291 4.742e-21 8.736e-21 2.2160000000000003e-20 0.0 96.53 0.0
S103091 112.9724 65.9704 1.058e-22 2.9139999999999996e-22 1.706e-21 0.0 95.99 0.0
S103092 113.0335 65.8009 3.575e-24 1.183e-23 1.0339999999999998e-22 0.0 97.69 0.0
S103093 113.1092 65.8155 1.843e-24 6.434e-24 6.404e-23 0.0 96.94 0.0
S103094 113.0693 65.8369 1.367e-20 2.2380000000000002e-20 4.423e-20 0.0 96.64 0.0
S103095 113.0245 65.811 1.26e-17 2.447e-17 6.944e-17 0.0 97.55 0.0
S103096 113.0414 65.943 4.2700000000000005e-26 2.241e-25 5.177e-24 0.0 96.04 0.0
S103097 113.0372 65.8218 1.697e-22 3.6799999999999997e-22 1.3390000000000001e-21 0.0 96.93 0.0
S103098 113.0424 65.8197 2.446e-19 3.092e-19 3.622e-19 0.0 97.03 0.0
S103099 113.0313 65.8075 3.2e-23 8.601e-23 4.785e-22 0.0 97.62 0.0
S103100 112.9874 65.8078 4.772999999999999e-22 1.089e-21 4.3570000000000004e-21 0.0 97.39 0.0
S103101 113.0046 65.8351 9.246e-24 2.954e-23 2.4249999999999997e-22 0.0 96.59 0.0
S103102 113.0348 65.8244 4.054e-19 5.065e-19 5.805e-19 0.0 96.7 0.0
S103103 112.9921 65.7805 3.377e-22 7.744999999999999e-22 3.208e-21 0.0 97.8 0.0
S103104 113.0413 65.8444 1.629e-17 2.576e-17 4.755e-17 0.0 96.51 0.0
S103105 113.0387 65.8238 2.453e-20 3.8950000000000005e-20 7.287000000000001e-20 0.0 96.65 0.0
S103106 112.9961 65.8154 5.245e-27 3.6750000000000005e-26 1.522e-24 0.0 97.23 0.0
S103107 112.8314 65.9471 9.942000000000001e-20 1.388e-19 2.028e-19 0.0 96.36 0.0
S103108 113.0461 65.817 1.706e-24 7.099e-24 1.0249999999999999e-22 0.0 97.17 0.0
S103109 112.947 65.6375 2.138e-19 2.875e-19 3.762e-19 0.0 97.94 0.0
S103110 112.9617 65.7104 2.1089999999999997e-22 4.949999999999999e-22 2.043e-21 0.0 98.1 0.0
S103111 113.1079 65.809 9.527e-19 1.109e-18 1.102e-18 0.0 97.22 0.0
S103112 113.1362 65.8053 9.291e-22 2.039e-21 7.38e-21 0.0 97.15 0.0
S103113 113.1574 65.8848 1.93e-18 2.124e-18 1.886e-18 0.0 96.78 0.0
S103114 112.9969 65.8678 1.4229999999999998e-22 3.452e-22 1.569e-21 0.0 96.08 0.0
S103115 113.0058 65.8958 6.679e-19 8.068e-19 8.784e-19 0.0 95.93 0.0
S103116 113.0472 65.792 6.068e-19 7.114e-19 6.893e-19 0.0 97.66 0.0
S103117 113.0305 65.8101 1.462e-21 2.777e-21 7.642e-21 0.0 97.66 0.0
S103118 113.09 65.6995 6.461e-19 7.829e-19 8.43e-19 0.0 97.83 0.0
S103119 112.9903 65.8048 1.96e-17 1.588e-17 7.607e-18 0.0 97.2 0.0
S103120 113.0501 65.7529 5.648e-23 1.618e-22 1.043e-21 0.0 97.99 0.0
S103121 112.9275 65.9876 2.1030000000000002e-20 3.6480000000000004e-20 8.369e-20 0.0 95.83 0.0
S103122 113.0021 65.8325 2.02e-21 4.192e-21 1.3260000000000001e-20 0.0 96.63 0.0
S103123 113.0349 65.8848 3.291e-24 1.03e-23 8.054e-23 0.0 95.89 0.0
S103124 113.0987 65.7994 5.643e-13 3.94e-13 1.402e-13 0.0 97.43 0.0
S103125 113.0134 65.9156 8.774e-17 2.048e-16 8.522e-16 0.0 95.96 1.0
S103126 113.1175 65.8431 6.749e-23 1.9589999999999999e-22 1.351e-21 0.0 96.65 0.0
S103127 113.0319 65.8411 2.057e-21 1.447e-21 5.234999999999999e-22 0.0 96.41 0.0
S103128 112.9954 65.8424 5.026999999999999e-22 1.173e-21 4.663e-21 0.0 96.61 0.0
S103129 113.0451 65.8145 1.401e-21 2.728e-21 7.98e-21 0.0 97.3 0.0
S103130 113.0509 65.8508 8.198e-19 9.567e-19 9.586e-19 0.0 96.35 0.0
S103131 113.0154 65.801 4.5579999999999997e-23 1.1669999999999998e-22 5.972999999999999e-22 0.0 97.56 0.0
S103132 113.0508 65.8519 1.0499999999999999e-22 2.791e-22 1.479e-21 0.0 96.24 0.0
S103133 113.0405 65.7474 1.269e-19 1.728e-19 2.359e-19 0.0 98.09 0.0
S103134 113.0965 65.8215 2.5949999999999998e-24 9.516e-24 1.0099999999999999e-22 0.0 97.14 0.0
S103135 113.0512 65.8184 2.1109999999999998e-22 4.926e-22 2.123e-21 0.0 97.16 0.0
S103136 113.1189 65.8264 3.953e-20 5.851000000000001e-20 9.463e-20 0.0 97.13 0.0
S103137 112.9547 65.8369 3.551e-17 3.066e-17 1.676e-17 0.0 96.67 0.0
S103138 113.133 65.6878 1.683e-23 5.306e-23 4.0219999999999997e-22 0.001 97.94 0.0
S103139 113.0314 65.8133 7.047e-20 9.907000000000001e-20 1.415e-19 0.0 97.72 0.0
S103140 113.0799 65.716 1.7099999999999998e-22 3.9999999999999997e-22 1.671e-21 0.0 98.09 0.0
S103141 113.0629 65.8795 3.491e-23 9.309999999999999e-23 5.245999999999999e-22 0.0 96.31 0.0
S103142 113.065 65.8078 6.552999999999999e-22 1.388e-21 4.751e-21 0.0 97.36 0.0
S103143 113.0604 65.8198 1.642e-19 2.304e-19 3.164e-19 0.0 97.25 0.0
S103144 113.0071 65.8342 8.5e-19 9.946e-19 1.011e-18 0.0 96.69 0.0
S103145 113.0226 65.8139 9.862e-19 1.159e-18 1.203e-18 0.0 97.4 0.0
S103146 113.2224 66.0269 1.018e-20 1.666e-20 3.29e-20 0.0 96.32 0.0
S103147 113.0226 65.8216 5.565e-18 5.422e-18 3.845e-18 0.0 96.96 0.0
S103148 113.0406 65.8267 3.019e-24 1.031e-23 9.656999999999999e-23 0.0 96.76 0.0
S103149 113.0753 65.9105 1.618e-23 5.148e-23 4.1239999999999996e-22 0.0 96.15 0.0
S103150 113.0398 65.8389 2.554e-23 7.105e-23 4.288e-22 0.0 96.37 0.0
S103151 112.9755 65.6309 2.765e-19 3.634e-19 4.436e-19 0.0 97.91 0.0
S103152 113.0954 65.8558 1.5969999999999997e-22 3.8289999999999997e-22 1.693e-21 0.0 96.48 0.0
S103153 112.992 65.7946 1.639e-19 2.23e-19 3.129e-19 0.0 97.7 0.0
S103154 113.0576 65.8309 2.2749999999999996e-22 5.111999999999999e-22 2.021e-21 0.0 96.77 0.0
S103155 113.0321 65.8389 3.735e-22 9.102999999999999e-22 4.085e-21 0.0 96.32 0.0
S103156 113.0482 65.7758 1.4e-21 2.931e-21 9.409e-21 0.0 97.91 0.0
S103157 112.9943 65.8733 4.096e-17 3.42e-17 1.726e-17 0.0 96.26 0.0
S103158 113.0327 65.8156 1.281e-21 2.572e-21 8.089e-21 0.0 97.6 0.0
S103159 113.0416 65.8279 3.3969999999999996e-22 9.035e-22 4.9750000000000004e-21 0.0 96.7 0.0
S103160 113.0677 65.8699 6.763e-21 1.211e-20 2.9860000000000003e-20 0.0 96.51 0.0
S103161 113.0205 65.841 7.765e-22 1.549e-21 4.641e-21 0.0 96.4 0.0
S103162 113.0501 65.8505 8.424e-24 2.419e-23 1.548e-22 0.0 96.33 0.0
S103163 113.0477 65.8874 3.664e-21 6.469e-21 1.498e-20 0.0 96.1 0.0
S103164 112.9857 65.8789 1.778e-21 1.303e-21 4.93e-22 0.0 96.33 0.0
S103165 113.0234 65.8274 3.143e-18 3.199e-18 2.379e-18 0.0 96.62 0.0
S103166 113.0406 65.8128 4.736e-18 4.691e-18 3.318e-18 0.0 97.58 0.0
S103167 113.0439 65.8291 7.752999999999999e-22 1.678e-21 5.81e-21 0.0 96.54 0.0
S103168 113.0068 65.7735 1.101e-21 2.056e-21 5.43e-21 0.0 97.98 0.0
S103169 113.0347 65.7875 9.768999999999999e-23 2.598e-22 1.389e-21 0.0 97.83 0.0
S103170 113.0325 65.841 4.67e-18 4.54e-18 3.149e-18 0.0 96.36 0.0
S103171 113.0404 65.83 1.3229999999999999e-23 3.733e-23 2.451e-22 0.0 96.56 0.0
S103172 113.0339 65.8235 6.804e-24 2.047e-23 1.4119999999999998e-22 0.0 96.64 0.0
S103173 112.9921 65.8335 3.4689999999999996e-23 1.032e-22 7.220999999999999e-22 0.0 96.78 0.0
S103174 113.0273 65.819 1.12e-18 1.237e-18 1.068e-18 0.0 97.36 0.0
S103175 113.0595 65.8259 1.548e-22 3.7909999999999997e-22 1.711e-21 0.0 97.02 0.0
S103176 113.0364 65.8502 1.6489999999999997e-22 4.274e-22 2.202e-21 0.0 96.5 0.0
S103177 113.0325 65.7808 9.639000000000001e-25 3.82e-24 4.817e-23 0.0 97.94 0.0
S103178 113.0185 65.8252 1.076e-21 2.174e-21 7.029e-21 0.0 96.93 0.0
S103179 112.9621 65.8426 3.268e-23 9.889e-23 6.913999999999999e-22 0.0 96.94 0.0
S103180 113.0162 65.8368 1.957e-21 1.372e-21 4.946e-22 0.0 96.48 0.0
S103181 113.0333 65.8118 2.126e-21 4.205e-21 1.2780000000000001e-20 0.0 97.64 0.0
S103182 112.9843 65.9334 2.188e-19 2.632e-19 2.763e-19 0.0 96.02 0.0
S103183 113.0378 65.8079 3.705e-20 5.978e-20 1.15e-19 0.001 97.65 0.0
S103184 113.0649 65.8387 5.594e-18 5.422e-18 3.771e-18 0.0 96.73 0.0
S103185 113.0223 65.8269 6.439999999999999e-22 1.359e-21 4.747e-21 0.0 96.7 0.0
S103186 113.0383 65.8266 1.441e-22 3.7889999999999995e-22 2.049e-21 0.0 96.59 0.0
S103187 113.065 65.8327 2.9700000000000005e-20 4.657e-20 8.342000000000001e-20 0.0 96.72 0.0
S103188 113.0248 65.8035 4.2199999999999997e-23 1.2049999999999999e-22 7.738999999999999e-22 0.0 97.7 0.0
S103189 113.0058 65.7364 8.350999999999999e-23 2.1569999999999997e-22 1.133e-21 0.0 98.04 0.0
S103190 113.0139 65.8027 4.071e-27 3.1300000000000003e-26 1.567e-24 0.0 97.63 1.0
S103191 113.0068 65.823 5.613e-23 1.399e-22 6.820999999999999e-22 0.0 96.99 0.0
S103192 112.9535 65.7991 3.94e-17 6.12e-17 1.11e-16 0.0 97.21 0.0
S103193 113.018 65.8505 6.179e-18 5.886e-18 3.721e-18 0.0 96.23 0.0
S103194 112.9966 65.7974 6.742000000000001e-20 1.045e-19 1.941e-19 0.0 97.41 0.0
S103195 113.0815 65.8003 7.088e-19 8.175e-19 7.886e-19 0.0 97.28 0.0
S103196 112.9989 65.8176 2.7149999999999997e-22 6.743999999999999e-22 3.3440000000000002e-21 0.0 97.22 0.0
S103197 112.9851 65.7848 1.421e-22 3.4319999999999995e-22 1.597e-21 0.0 97.6 0.0
S103198 113.2404 65.9588 1.535e-19 2.01e-19 2.522e-19 0.0 96.43 0.0
S103199 113.014 65.8249 7.586e-21 1.3090000000000001e-20 2.858e-20 0.0 96.72 0.0
S103200 113.0212 65.8022 4.649e-17 1.182e-16 5.903e-16 0.0 97.7 1.0
S103201 113.0483 65.7823 6.249e-21 1.1760000000000001e-20 3.152e-20 0.0 97.99 0.0
S103202 113.1507 65.8206 2.206e-21 1.521e-21 5.377e-22 0.001 97.12 0.0
S103203 113.0374 65.8767 1.8230000000000003e-20 3.252e-20 7.798e-20 0.0 96.05 0.0
S103204 113.0003 65.7566 1.483e-20 2.4470000000000003e-20 4.9300000000000006e-20 0.0 97.96 0.0
S103205 113.0435 65.9206 6.986999999999999e-23 1.689e-22 7.695999999999999e-22 0.0 95.88 0.0
S103206 113.0343 65.8991 3.364e-22 7.263999999999999e-22 2.656e-21 0.0 96.04 0.0
S103207 112.8535 65.7711 2.659e-18 2.743e-18 2.136e-18 0.0 97.44 0.0
S103208 112.9533 66.1183 8.324e-19 9.358e-19 8.7e-19 0.0 95.92 0.0
S103209 112.9407 65.6024 1.032e-12 7.928e-13 3.381e-13 0.0 98.15 1.0
S103210 113.0421 65.8531 3.338e-23 1.0199999999999999e-22 7.3169999999999995e-22 0.0 96.35 0.0
S103211 113.0118 65.8868 5.111e-19 6.109e-19 6.372e-19 0.0 96.08 0.0
S103212 113.0427 65.948 1.307e-22 3.0319999999999996e-22 1.264e-21 0.0 96.03 0.0
S103213 113.042 65.8371 2.4999999999999998e-23 6.992e-23 4.31e-22 0.0 96.51 0.0
S103214 113.0394 65.8296 1.497e-23 4.586e-23 3.274e-22 0.0 96.52 0.0
S103215 113.0343 65.8144 3.041e-17 5.258e-17 1.146e-16 0.0 97.49 0.0
S103216 112.9589 65.8087 5.4149999999999995e-22 1.3e-21 5.738e-21 0.0 97.2 0.0
S103217 113.0357 65.8156 5.956e-13 5.685e-13 3.624e-13 0.0 97.35 1.0
S103218 113.0097 65.8398 2.763e-24 9.501e-24 8.711e-23 0.0 96.56 0.0
S103219 113.0877 65.9412 6.949e-22 1.504e-21 5.304e-21 0.0 96.16 0.0
S103220 113.0239 65.8108 4.873e-18 4.652e-18 3.089e-18 0.0 97.47 1.0
S103221 113.0279 65.8241 2.138e-17 1.914e-17 1.108e-17 0.0 96.66 0.0
S103222 112.975 65.7908 3.471e-17 7.338e-17 2.524e-16 0.0 97.67 0.0
S103223 112.9927 65.8353 6.786e-21 1.213e-20 2.925e-20 0.0 96.76 0.0
S103224 112.9237 65.9471 8.378e-17 1.955e-16 8.083e-16 0.0 96.18 1.0
S103225 113.0303 65.7469 1.013e-18 1.194e-18 1.231e-18 0.0 98.1 0.0
S103226 113.0068 65.6937 2.9419999999999995e-22 6.6779999999999995e-22 2.615e-21 0.0 98.02 0.0
S103227 113.0163 65.8696 7.834e-24 2.2839999999999999e-23 1.488e-22 0.0 96.17 0.0
S103228 113.0191 65.7964 2.319e-18 2.485e-18 2.103e-18 0.0 97.66 0.0
S103229 113.0332 65.8194 1.278e-17 2.119e-17 4.281e-17 0.0 97.34 0.0
S103230 113.0239 65.8373 3.574e-18 3.757e-18 3.031e-18 0.0 96.39 0.0
S103231 112.9897 65.7345 2.362e-24 8.224e-24 8.164e-23 0.0 98.03 0.0
S103232 113.0554 65.9132 2.371e-17 2.114e-17 1.205e-17 0.0 95.96 0.0
S103233 113.0857 65.7709 1.079e-19 1.527e-19 2.162e-19 0.0 97.8 1.0
S103234 113.0362 65.7937 8.482999999999999e-22 1.896e-21 7.295e-21 0.0 98.02 0.0
S103235 113.0243 65.8513 3.691e-23 1.121e-22 8.138999999999999e-22 0.0 96.21 0.0
S103236 112.9447 65.7895 7.240000000000001e-20 1.103e-19 1.879e-19 0.001 97.34 0.0
S103237 113.061 65.8109 3.505e-22 6.691999999999999e-22 1.868e-21 0.0 97.22 0.0
S103238 113.0317 65.822 1.553e-19 2.24e-19 3.462e-19 0.0 96.76 0.0
S103239 113.053 65.7525 5.037e-23 1.332e-22 7.255999999999999e-22 0.0 97.99 0.0
S103240 113.139 65.8062 1.8990000000000003e-20 3.0540000000000004e-20 5.799000000000001e-20 0.0 97.07 0.0
S103241 113.0156 65.682 4.1849999999999997e-22 8.950999999999999e-22 3.038e-21 0.0 98.12 0.0
S103242 113.0486 65.8023 7.399e-23 1.8789999999999997e-22 9.491999999999999e-22 0.0 97.45 0.0
S103243 113.0318 65.8206 1.483e-17 1.318e-17 7.353e-18 0.001 96.74 0.0
S103244 112.8802 66.0142 2.247e-19 3.046e-19 4.215e-19 0.0 96.1 0.0
S103245 112.8976 65.7348 1.302e-17 1.227e-17 7.668e-18 0.0 97.54 0.0
S103246 113.0479 65.8038 4.387e-19 5.117e-19 4.856e-19 0.0 97.52 0.0
S103247 112.9932 65.8162 1.115e-21 2.326e-21 7.723e-21 0.0 97.13 0.0
S103248 113.0692 65.7576 3.468e-21 6.558e-21 1.7760000000000002e-20 0.0 98.0 0.0
S103249 113.1057 65.873 2.692e-19 3.457e-19 4.086e-19 0.0 96.45 0.0
S103250 113.0115 65.7729 3.67e-21 6.925e-21 1.8930000000000002e-20 0.0 97.99 0.0
S103251 113.0178 65.8198 8.994000000000001e-20 1.195e-19 1.59e-19 0.0 97.0 0.0
S103252 113.0374 65.8224 4.597e-18 4.37e-18 2.814e-18 0.0 96.82 0.0
S103253 113.1366 65.6957 1.275e-24 4.507e-24 4.531e-23 0.0 97.87 0.0
S103254 112.883 65.8074 5.4750000000000004e-21 1.0270000000000001e-20 2.7000000000000003e-20 0.0 97.06 1.0
S103255 113.0553 65.8273 3.658e-26 2.1770000000000003e-25 6.528e-24 0.0 96.93 0.0
S103256 113.0364 65.8216 1.7419999999999998e-22 4.416999999999999e-22 2.218e-21 0.0 96.82 0.0
S103257 112.9188 65.743 2.2160000000000003e-20 3.4610000000000004e-20 6.226e-20 0.0 97.8 0.0
S103258 113.0338 65.8199 2.001e-22 4.926e-22 2.258e-21 0.0 97.39 0.0
S103259 113.1063 65.7771 7.011000000000001e-20 1.022e-19 1.615e-19 0.0 97.54 0.0
S103260 112.99 65.7705 2.127e-21 1.475e-21 5.217999999999999e-22 0.0 97.91 0.0
S103261 113.0524 65.8237 3.547e-19 4.149e-19 4.236e-19 0.0 97.0 0.0
S103262 113.0323 65.8244 7.512e-21 1.282e-20 2.836e-20 0.0 96.58 0.0
S103263 113.0914 65.8144 1.708e-21 3.355e-21 9.892e-21 0.0 97.0 0.0
S103264 113.0515 65.815 3.092e-18 3.096e-18 2.247e-18 0.0 97.3 0.0
S103265 112.9945 65.7761 1.093e-18 1.182e-18 1.01e-18 0.0 97.97 0.0
S103266 113.0987 65.748 2.639e-19 3.432e-19 4.153e-19 0.0 97.7 0.0
S103267 113.0404 65.8519 1.693e-17 1.566e-17 9.49e-18 0.0 96.05 0.0
S103268 113.03 65.8058 5.1e-18 5.234e-18 4.131e-18 0.0 97.85 0.0
S103269 113.0307 65.8157 3.907e-17 3.368e-17 1.787e-17 0.0 97.39 0.0
S103270 112.9134 65.8724 2.568e-18 2.738e-18 2.218e-18 0.0 96.66 0.0
S103271 113.035 65.8454 4.5150000000000006e-20 7.035e-20 1.222e-19 0.0 96.31 0.0
S103272 112.9725 65.9197 9.568e-19 1.092e-18 1.034e-18 0.0 96.28 0.0
S103273 113.0786 65.7847 3.4999999999999996e-22 8.617e-22 3.884e-21 0.0 97.58 0.0
S103274 112.9839 65.8397 1.841e-19 2.611e-19 3.852e-19 0.0 96.56 0.0
S103275 113.0326 65.8153 5.627e-21 9.915000000000001e-21 2.336e-20 0.0 97.48 0.0
S103276 113.0199 65.8735 1.28e-13 8.395e-14 2.697e-14 0.0 95.99 0.0
S103277 113.031 65.8259 1.306e-20 2.1240000000000002e-20 4.245e-20 0.0 96.5 0.0
S103278 113.0009 65.8223 2.282e-21 1.591e-21 5.6529999999999995e-22 0.0 96.85 0.0
S103279 113.0549 65.8358 5.138e-19 6.881e-19 9.09e-19 0.0 96.7 0.0
S103280 113.1944 65.7284 1.996e-24 7.245e-24 7.558999999999999e-23 0.0 97.64 0.0
S103281 113.0354 65.7753 1.3100000000000002e-20 2.4790000000000003e-20 6.674000000000001e-20 0.0 97.98 0.0
S103282 113.023 65.8354 8.862e-20 1.258e-19 1.801e-19 0.0 96.58 0.0
S103283 113.0399 65.8515 2.719e-23 6.91e-23 3.4609999999999995e-22 0.0 96.32 0.0
S103284 113.0343 65.8252 2.57e-21 5.182e-21 1.5270000000000002e-20 0.0 96.58 0.0
S103285 113.127 65.8122 1.906e-21 3.769e-21 1.111e-20 0.0 96.98 0.0
S103286 113.0221 65.8294 2.3229999999999999e-23 7.512e-23 6.13e-22 0.0 96.45 0.0
S103287 113.0345 65.9729 8.399999999999999e-22 1.5290000000000001e-21 3.863e-21 0.0 96.0 0.0
S103288 113.0755 65.8506 1.619e-21 3.0880000000000002e-21 8.717e-21 0.001 96.4 0.0
S103289 113.0372 65.8574 1.163e-21 2.513e-21 9.017e-21 0.001 96.02 0.0
S103290 113.0274 65.8192 3.431e-17 2.845e-17 1.366e-17 0.0 97.31 0.0
S103291 113.0342 65.8292 1.26e-12 1.055e-12 5.215e-13 0.0 96.58 1.0
S103292 113.0292 65.82 2.548e-22 5.516999999999999e-22 1.889e-21 0.0 96.9 0.0
S103293 113.0072 65.761 2.437e-22 5.3109999999999995e-22 1.8930000000000002e-21 0.0 97.94 0.0
S103294 113.0228 65.7727 8.734e-18 8.253e-18 5.259e-18 0.0 97.91 0.0
S103295 113.0426 65.8042 3.334e-22 7.902999999999999e-22 3.369e-21 0.0 97.65 0.0
S103296 113.0241 65.8435 9.657e-22 1.986e-21 6.184e-21 0.0 96.52 0.0
S103297 113.0082 65.8877 2.725e-19 3.541e-19 4.316e-19 0.0 96.27 0.0
S103298 113.0537 65.816 4.723e-19 5.636e-19 5.878e-19 0.0 97.12 0.0
S103299 113.0385 65.8163 1.426e-20 2.3720000000000003e-20 5.0330000000000006e-20 0.0 97.48 0.0
S103300 113.098 65.7318 2.344e-21 4.3690000000000004e-21 1.149e-20 0.0 97.93 0.0
S103301 113.0286 65.817 8.174999999999999e-22 1.738e-21 5.922e-21 0.0 97.39 0.0
S103302 113.0275 65.8317 5.251e-20 7.617000000000001e-20 1.201e-19 0.0 96.52 0.0
S103303 113.0481 65.8281 9.327e-22 2.112e-21 8.124e-21 0.0 96.84 0.0
S103304 112.9439 65.8514 3.468e-18 3.679e-18 2.958e-18 0.0 96.9 0.0
S103305 113.0286 65.8199 4.752e-22 1.12e-21 4.889e-21 0.0 96.95 0.0
S103306 113.0501 65.8288 1.61e-19 2.303e-19 3.586e-19 0.0 96.72 0.0
S103307 113.0686 65.8201 2.631e-19 3.199e-19 3.53e-19 0.0 97.04 0.0
S103308 112.9606 65.8702 1.062e-22 2.7889999999999997e-22 1.512e-21 0.0 96.31 0.0
S103309 113.0307 65.8087 1.209e-18 1.431e-18 1.485e-18 0.0 97.81 0.0
S103310 113.0294 65.8379 4.328e-29 5.7430000000000005e-28 9.135e-26 0.0 96.28 0.0
S103311 113.0167 65.8341 2.2140000000000002e-21 4.373e-21 1.3280000000000001e-20 0.0 96.37 0.0
S103312 113.0018 65.808 3.861e-22 8.501999999999998e-22 3.059e-21 0.0 97.4 0.0
S103313 113.1342 65.8742 2.539e-24 8.562e-24 7.58e-23 0.0 96.79 0.0
S103314 113.0016 65.7945 2.343e-19 3.179e-19 4.191e-19 0.0 97.48 0.0
S103315 113.0345 65.8414 2.772e-21 1.895e-21 6.502e-22 0.0 96.31 0.0
S103316 113.0311 65.766 7.192999999999999e-22 1.5620000000000001e-21 5.574e-21 0.0 98.05 0.0
S103317 113.0268 65.7601 2.852e-21 1.908e-21 6.496999999999999e-22 0.0 98.09 0.0
S103318 113.0696 65.8471 3.372e-25 1.486e-24 2.3029999999999998e-23 0.0 96.39 0.0
S103319 113.0499 65.8164 2.769e-21 1.889e-21 6.349999999999999e-22 0.0 97.19 0.0
S103320 113.0655 65.8275 3.342e-17 2.922e-17 1.657e-17 0.0 96.69 0.0
S103321 113.0295 65.802 7.527e-20 1.044e-19 1.495e-19 0.0 97.93 0.0
S103322 113.0695 65.8685 1.12e-12 1.029e-12 6.249e-13 0.0 96.27 1.0
S103323 112.9988 65.8335 2.653e-23 7.951999999999999e-23 5.436e-22 0.0 96.3 0.0
S103324 112.9915 65.7705 8.908e-18 8.803e-18 6.256e-18 0.0 97.86 0.0
S103325 113.0394 65.7793 2.258e-21 1.578e-21 5.601999999999999e-22 0.0 97.93 0.0
S103326 113.0261 65.7914 1.116e-17 2.505e-17 9.655e-17 0.0 98.02 0.0
S103327 113.048 65.8289 6.795e-13 4.831e-13 1.741e-13 0.0 96.44 0.0
S103328 112.9983 65.8312 2.311e-21 1.609e-21 5.575999999999999e-22 0.0 96.64 0.0
S103329 113.058 65.8336 2.799e-16 2.114e-16 8.587e-17 0.0 96.6 0.0
S103330 113.0749 65.8172 1.419e-17 1.311e-17 8.018e-18 0.0 96.97 0.0
S103331 113.0418 65.794 6.481e-21 1.201e-20 3.272e-20 0.0 97.84 0.0
S103332 113.0215 65.7865 1.059e-21 2.189e-21 7.241e-21 0.0 97.79 0.0
S103333 113.0605 65.807 3.323e-17 2.899e-17 1.601e-17 0.0 97.54 0.0
S103334 113.0466 65.8289 1.7550000000000002e-20 2.779e-20 5.315000000000001e-20 0.0 96.39 0.0
S103335 113.0618 65.7987 1.971e-18 2.153e-18 1.876e-18 0.0 97.54 0.0
S103336 113.0721 65.7818 3.676e-23 1.0709999999999998e-22 7.009e-22 0.0 97.57 0.0
S103337 113.0343 65.855 2.049e-17 1.892e-17 1.135e-17 0.0 96.31 0.0
S103338 113.0084 65.8186 1.732e-20 2.7990000000000004e-20 5.4080000000000004e-20 0.0 97.0 0.0
S103339 113.0502 65.7485 5.567e-17 4.526e-17 2.19e-17 0.0 98.22 0.0
S103340 113.0764 65.816 2.8e-18 3.031e-18 2.576e-18 0.0 97.3 0.0
S103341 113.0047 65.8174 1.09e-12 8.049e-13 3.107e-13 0.0 97.23 0.0
S103342 113.0527 65.8075 1.337e-17 2.625e-17 7.827e-17 0.0 97.67 0.0
S103343 113.0294 65.8322 2.51e-23 7.532e-23 5.298e-22 0.0 96.39 0.0
S103344 113.0359 65.8152 2.352e-17 3.63e-17 6.25e-17 0.0 97.74 0.0
S103345 113.0522 65.8096 1.505e-16 1.197e-16 5.727e-17 0.001 97.36 0.0
S103346 113.0311 65.7785 3.036e-17 2.521e-17 1.249e-17 0.0 97.81 0.0
S103347 113.0511 65.8134 3.064e-17 7.487e-17 3.57e-16 0.0 97.43 1.0
S103348 113.0266 65.8116 5.322e-18 5.211e-18 3.619e-18 0.0 97.58 0.0
S103349 113.0049 65.7926 2.079e-18 2.225e-18 1.81e-18 0.0 97.73 0.0
S103350 112.9885 65.8511 4.931e-18 4.647e-18 3.075e-18 0.0 96.52 0.0
S103351 112.9785 65.8192 3.682e-22 8.714999999999999e-22 3.737e-21 0.0 97.08 0.0
S103352 113.0341 65.8734 1.418e-22 3.557e-22 1.787e-21 0.0 96.18 0.0
S103353 113.0603 65.8146 6.802e-19 8.333e-19 8.99e-19 0.0 97.23 0.0
S103354 113.0386 65.8348 5.19e-17 4.2e-17 2.027e-17 0.0 96.44 0.0
S103355 113.0559 65.8232 7.702e-18 7.662e-18 5.568e-18 0.0 96.77 0.0
S103356 113.0519 65.8229 2.79e-21 1.857e-21 6.206e-22 0.0 96.83 0.0
S103357 112.9887 65.783 2.279e-21 4.421e-21 1.2330000000000001e-20 0.0 97.62 0.0
S103358 113.0494 65.8049 8.446e-18 8.283e-18 5.93e-18 0.0 97.53 0.0
S103359 113.0145 65.779 1.015e-15 3.209e-15 2.569e-14 0.0 97.81 1.0
S103360 113.037 65.7951 8.289e-20 1.265e-19 2.172e-19 0.0 97.83 1.0
S103361 113.0655 65.8257 5.627e-16 4.104e-16 1.597e-16 0.0 96.87 0.0
S103362 113.0686 65.8504 1.115e-17 1.985e-17 4.65e-17 0.0 96.24 0.0
S103363 113.0833 65.8134 7.105e-19 8.492e-19 8.587e-19 0.0 97.17 0.0
S103364 113.0423 65.8003 6.979e-23 1.8099999999999998e-22 9.359e-22 0.0 97.54 0.0
S103365 113.0814 65.8478 6.2769999999999995e-22 1.384e-21 5.111e-21 0.0 96.69 0.0
S103366 112.9893 65.8566 6.965e-21 1.201e-20 2.633e-20 0.0 96.69 0.0
S103367 112.9886 65.7942 1.026e-15 7.071e-16 2.475e-16 0.0 97.63 0.0
S103368 112.9776 65.8223 3.596e-20 5.811000000000001e-20 1.097e-19 0.0 96.97 0.0
S103369 112.9811 65.7991 6.541e-21 1.2100000000000001e-20 3.134e-20 0.0 97.44 0.0
S103370 113.0418 65.8072 5.493e-21 1.042e-20 2.824e-20 0.0 97.68 0.0
S103371 113.0135 65.8053 2.792e-18 2.927e-18 2.265e-18 0.0 97.59 0.0
S103372 113.0009 65.8126 5.826e-20 8.135e-20 1.205e-19 0.0 97.23 0.0
S103373 113.0419 65.8579 2.288e-18 2.393e-18 1.887e-18 0.0 96.32 0.0
S103374 113.0217 65.7878 1.4310000000000001e-21 2.766e-21 7.933e-21 0.0 97.91 0.0
S103375 113.0591 65.8292 1.129e-17 1.061e-17 6.767e-18 0.0 96.67 0.0
S103376 113.0619 65.7633 2.011e-18 2.199e-18 1.961e-18 0.0 97.93 0.0
S103377 113.023 65.8251 7.148e-18 6.813e-18 4.591e-18 0.0 96.65 0.0
S103378 113.0706 65.8514 1.094e-12 8.069e-13 3.147e-13 0.001 96.38 0.0
S103379 113.0267 65.8278 8.007e-19 9.719e-19 1.086e-18 0.0 96.55 0.0
S103380 112.9856 65.8431 5.027e-21 9.52e-21 2.5560000000000002e-20 0.0 96.57 0.0
S103381 113.0597 65.7761 5.409e-17 1.116e-16 3.762e-16 0.0 97.9 1.0
S103382 113.0469 65.8038 3.6439999999999998e-22 8.740999999999998e-22 3.921e-21 0.0 97.73 0.0
S103383 113.0307 65.8461 1.533e-18 1.682e-18 1.481e-18 0.0 96.28 0.0
S103384 112.9888 65.8028 1.948e-17 1.709e-17 9.461e-18 0.0 97.67 0.0
S103385 113.0238 65.8132 1.1220000000000001e-20 1.8890000000000002e-20 4.016e-20 0.0 97.71 0.0
S103386 113.0134 65.8417 5.5189999999999995e-22 1.188e-21 4.244e-21 0.0 96.55 0.0
S103387 113.0154 65.8278 6.776e-17 5.838e-17 3.22e-17 0.0 96.86 0.0
S103388 113.0356 65.8163 6.779e-18 6.502e-18 4.272e-18 0.0 97.41 0.0
S103389 113.0191 65.7802 3.31e-21 6.352e-21 1.773e-20 0.0 98.06 0.0
S103390 113.039 65.8402 8.712000000000001e-20 1.224e-19 1.799e-19 0.0 96.28 0.0
S103391 112.9672 65.7934 1.253e-18 1.384e-18 1.276e-18 0.0 97.67 0.0
S103392 112.9975 65.8343 1.01e-17 2.044e-17 6.212e-17 0.0 96.65 0.0
S103393 113.0269 65.833 3.259e-19 4.024e-19 4.673e-19 0.0 96.31 0.0
S103394 113.0157 65.8117 1.158e-17 1.993e-17 4.484e-17 0.0 97.38 0.0
S103395 113.0171 65.8285 7.981e-19 9.403e-19 9.914e-19 0.0 96.78 0.0
S103396 113.0008 65.855 1.936e-19 2.512e-19 3.202e-19 0.0 96.13 0.0
S103397 112.9834 65.7807 2.043e-24 7.419e-24 7.618e-23 0.0 97.88 0.0
S103398 113.0986 65.7748 2.6039999999999998e-23 6.979e-23 3.9559999999999998e-22 0.0 97.62 0.0
S103399 113.0166 65.7924 2.587e-21 1.764e-21 5.837e-22 0.0 97.77 0.0
S103400 112.9929 65.8299 6.36e-21 1.2210000000000001e-20 3.2880000000000005e-20 0.0 96.69 0.0
S103401 113.0746 65.8248 7.485e-19 8.424e-19 7.987e-19 0.0 96.84 0.0
S103402 113.0202 65.7714 6.581e-18 6.153e-18 3.886e-18 0.0 98.29 0.0
S103403 113.0573 65.8604 6.299e-23 1.8829999999999997e-22 1.378e-21 0.0 96.28 0.0
S103404 113.041 65.8085 6.96e-18 6.41e-18 3.969e-18 0.0 97.71 0.0
S103405 113.0386 65.7984 7.39e-21 1.2710000000000001e-20 2.94e-20 0.0 97.73 0.0
S103406 113.0351 65.7876 2.78e-21 5.49e-21 1.6000000000000002e-20 0.0 97.94 0.0
S103407 113.0189 65.8442 2.694e-21 1.87e-21 6.404999999999999e-22 0.0 96.34 0.0
S103408 113.0582 65.8097 8.295e-19 9.55e-19 9.187e-19 0.0 97.25 0.0
S103409 113.0606 65.8267 2.034e-17 3.099e-17 5.398e-17 0.0 96.47 0.0
S103410 113.0212 65.7988 2.2839999999999999e-23 6.241999999999999e-23 3.6139999999999997e-22 0.0 97.77 0.0
S103411 113.0839 65.8268 7.824e-22 1.61e-21 5.222e-21 0.0 96.94 0.0
S103412 113.0439 65.7922 7.43e-18 7.28e-18 4.924e-18 0.0 97.82 0.0
S103413 113.0578 65.8455 1.971e-21 1.368e-21 4.9e-22 0.0 96.56 0.0
S103414 113.0286 65.8185 3.097e-26 1.774e-25 4.864e-24 0.0 97.21 0.0
S103415 113.0526 65.8247 6.798999999999999e-23 1.8269999999999997e-22 1.038e-21 0.0 96.95 0.0
S103416 113.0126 65.837 8.875e-19 1.046e-18 1.08e-18 0.0 96.57 0.0
S103417 112.9964 65.778 6.925e-19 8.064e-19 8.022e-19 0.0 97.85 0.0
S103418 113.0268 65.8267 3.265e-17 2.76e-17 1.393e-17 0.0 96.41 0.0
S103419 113.0339 65.8308 5.69e-25 2.267e-24 2.914e-23 0.0 96.33 0.0
S103420 113.0353 65.8244 7.467e-24 2.931e-23 3.683e-22 0.0 96.67 0.0
S103421 113.0092 65.8435 5.277999999999999e-22 1.154e-21 4.266e-21 0.0 96.44 0.0
S103422 112.9857 65.8597 4.723e-17 7.632e-17 1.465e-16 0.0 96.29 0.0
S103423 113.033 65.8552 2.5960000000000003e-20 3.962e-20 6.917000000000001e-20 0.0 96.26 0.0
S103424 112.9985 65.8174 1.6869999999999998e-22 4.2249999999999994e-22 2.051e-21 0.0 97.0 0.0
S103425 113.0291 65.7723 7.373e-21 1.263e-20 2.897e-20 0.0 98.07 1.0
S103426 113.032 65.8519 2.291e-21 1.579e-21 5.61e-22 0.0 96.16 0.0
S103427 113.0144 65.8582 4.971e-19 6.14e-19 6.785e-19 0.0 96.3 1.0
S103428 113.0176 65.8215 7.033999999999999e-22 1.555e-21 5.7600000000000004e-21 0.0 96.79 0.0
S103429 113.0555 65.8215 2.6329999999999997e-22 6.807999999999999e-22 3.505e-21 0.0 97.03 0.0
S103430 112.9856 65.8171 1.885e-19 2.568e-19 3.552e-19 0.0 97.17 0.0
S103431 113.0512 65.807 3.135e-17 2.697e-17 1.394e-17 0.0 97.47 0.0
S103432 113.0436 65.858 5.073e-13 4.11e-13 1.907e-13 0.0 96.09 1.0
S103433 113.0075 65.8468 5.361e-18 5.312e-18 3.769e-18 0.0 96.38 0.0
S103434 113.0877 65.8545 2.274e-21 1.58e-21 5.5489999999999995e-22 0.0 96.31 0.0
S103435 113.0331 65.8182 5.3940000000000004e-20 8.242e-20 1.419e-19 0.0 97.62 0.0
S103436 113.0855 65.896 2.851e-19 3.613e-19 4.135e-19 0.0 96.24 0.0
S103437 113.0149 65.8174 2.526e-21 1.724e-21 5.833e-22 0.0 97.25 0.0
S103438 113.0227 65.825 1.634e-24 6.431e-24 7.777e-23 0.0 96.47 0.0
S103439 113.0125 65.7824 8.861e-18 8.412e-18 5.611e-18 0.0 97.99 0.0
S103440 113.0747 65.8093 4.204e-18 4.318e-18 3.201e-18 0.0 97.83 0.0
S103441 113.0293 65.7873 1.245e-21 2.716e-21 9.735e-21 0.0 97.96 0.0
S103442 113.0535 65.8248 1.925e-20 3.245e-20 6.904e-20 0.0 96.93 0.0
S103443 113.0732 65.8179 9.571000000000001e-26 4.831e-25 1.0279999999999999e-23 0.0 97.23 0.0
S103444 113.03 65.7839 8.908e-21 1.59e-20 3.912e-20 0.0 98.01 0.0
S103445 113.01 65.8346 7.754e-17 6.288e-17 2.987e-17 0.0 96.45 0.0
S103446 112.9993 65.7991 9.676e-23 2.494e-22 1.29e-21 0.0 97.51 0.0
S103447 113.0552 65.8596 1.105e-19 1.439e-19 1.779e-19 0.0 96.39 0.0
S103448 112.9743 65.7931 2.471e-21 4.829e-21 1.425e-20 0.0 97.47 0.0
S103449 113.0578 65.8128 1.725e-18 1.878e-18 1.668e-18 0.0 97.25 0.0
S103450 112.9601 65.8464 1.757e-21 1.253e-21 4.712999999999999e-22 0.0 96.76 0.0
S103451 112.9856 65.8178 8.198e-20 1.21e-19 1.961e-19 0.0 97.07 0.0
S103452 113.0461 65.8353 7.888e-18 1.563e-17 4.533e-17 0.0 96.45 0.0
S103453 113.0184 65.7912 2.175e-16 1.693e-16 7.594e-17 0.0 97.95 1.0
S103454 113.01 65.8514 2.245e-18 2.395e-18 2.067e-18 0.0 96.35 0.0
S103455 113.0382 65.8435 2.278e-23 7.200999999999999e-23 5.826999999999999e-22 0.0 96.33 0.0
S103456 112.9872 65.8281 3.142e-23 9.456e-23 6.4999999999999995e-22 0.0 96.8 0.0
S103457 113.0314 65.8797 2.1310000000000002e-21 1.507e-21 5.3e-22 0.0 96.27 0.0
S103458 112.9997 65.8149 3.547e-18 3.653e-18 2.757e-18 0.0 97.2 0.0
S103459 113.0454 65.7943 4.345e-13 2.947e-13 9.873e-14 0.0 97.78 0.0
S103460 113.0601 65.7912 8.466e-21 1.519e-20 3.534e-20 0.0 97.71 0.0
S103461 113.0612 65.7688 5.617000000000001e-25 2.242e-24 2.979e-23 0.0 98.0 0.0
S103462 113.0237 65.795 2.267e-19 3.005e-19 3.866e-19 0.0 97.75 0.0
S103463 113.052 65.8744 7.703e-19 8.876e-19 8.402e-19 0.0 96.04 0.0
S103464 113.0364 65.7998 6.476e-18 6.285e-18 4.317e-18 0.0 97.83 0.0
S103465 113.0705 65.8458 1.191e-24 5.086e-24 7.616e-23 0.0 96.51 0.0
S103466 113.0762 65.799 2.141e-21 1.514e-21 5.39e-22 0.0 97.72 0.0
S103467 113.0344 65.771 2.201e-16 1.7e-16 7.296e-17 0.0 97.94 1.0
S103468 113.0463 65.8211 1.218e-21 2.512e-21 7.932e-21 0.0 96.87 0.0
S103469 113.0095 65.7865 8.477e-19 9.454e-19 8.341e-19 0.0 97.71 0.0
S103470 113.068 65.8265 6.326e-17 5.284e-17 2.566e-17 0.0 96.96 0.0
S103471 113.0191 65.802 7.398e-21 1.3100000000000002e-20 3.1030000000000003e-20 0.0 97.65 0.0
S103472 113.0211 65.8005 5.3300000000000006e-20 7.615000000000001e-20 1.19e-19 0.0 97.69 0.0
S103473 113.0128 65.8036 9.473e-18 8.971e-18 5.687e-18 0.0 97.63 0.0
S103474 113.0361 65.8443 1.251e-21 2.423e-21 6.874e-21 0.0 96.4 0.0
S103475 113.036 65.8401 3.93e-18 4.084e-18 3.225e-18 0.0 96.37 0.0
S103476 113.0144 65.7987 4.955e-23 1.4689999999999999e-22 1.017e-21 0.0 97.54 0.0
S103477 113.0478 65.849 6.13e-22 1.401e-21 5.538e-21 0.0 96.43 0.0
S103478 113.0136 65.7948 1.01e-15 7.318e-16 2.731e-16 0.0 97.64 0.0
S103479 113.0219 65.7963 2.179e-19 2.867e-19 3.694e-19 0.0 97.78 0.0
S103480 113.0451 65.848 4.324e-18 4.142e-18 2.832e-18 0.0 96.34 0.0
S103481 113.0206 65.8079 7.085e-24 2.038e-23 1.3599999999999998e-22 0.0 97.54 0.0
S103482 113.0443 65.8308 8.913e-13 6.558e-13 2.683e-13 0.0 96.75 0.0
S103483 113.047 65.836 5.676e-23 1.5969999999999997e-22 1.031e-21 0.0 96.57 0.0
S103484 113.0199 65.8006 1.243e-16 9.51e-17 3.956e-17 0.0 97.76 0.0
S103485 113.0407 65.8397 3.233e-18 3.263e-18 2.418e-18 0.0 96.57 0.0
S103486 113.0184 65.7995 1.494e-17 2.337e-17 4.271e-17 0.0 97.68 0.0
S103487 113.0207 65.7979 1.517e-23 4.264e-23 2.6819999999999995e-22 0.0 97.7 0.0
S103488 113.0096 65.8022 6.972e-24 2.397e-23 2.339e-22 0.0 97.5 0.0
S103489 113.0196 65.8099 3.059e-25 1.377e-24 2.2509999999999998e-23 0.0 97.53 0.0
S103490 113.0084 65.7972 4.54e-21 7.929e-21 1.8720000000000002e-20 0.0 97.58 0.0
S103491 113.0245 65.7893 5.0900000000000005e-20 7.185e-20 1.021e-19 0.0 98.0 0.0
S103492 113.0515 65.8413 2.911e-18 3.06e-18 2.448e-18 0.0 96.6 0.0
S103493 113.0484 65.8348 2.638e-18 2.731e-18 2.153e-18 0.0 96.74 0.0
S103494 113.0253 65.807 1.168e-17 1.143e-17 7.557e-18 0.0 97.7 0.0
S103495 113.0555 65.8497 5.237e-18 5.081e-18 3.506e-18 0.0 96.31 0.0
S103496 113.0098 65.792 4.503e-22 1.1160000000000001e-21 5.342e-21 0.0 97.68 0.0
S103497 113.0449 65.8392 4.093e-18 4.418e-18 3.745e-18 0.0 96.39 0.0
S103498 113.0429 65.8345 5.958e-23 1.7019999999999998e-22 1.127e-21 0.0 96.69 0.0
S103499 113.0119 65.8018 1.3709999999999998e-22 3.459e-22 1.7270000000000002e-21 0.0 97.41 0.0
S103500 113.0332 65.8435 3.116e-17 2.856e-17 1.709e-17 0.0 96.28 0.0
S103501 113.0152 65.8051 1.1070000000000001e-21 2.084e-21 5.438e-21 0.0 97.62 0.0
S103502 113.0174 65.7896 5.736e-19 7.207e-19 8.437e-19 0.0 97.76 0.0
S103503 113.0177 65.7953 5.299e-17 4.366e-17 2.175e-17 0.0 97.76 0.0
S103504 113.0228 65.8042 1.874e-20 3.062e-20 6.148000000000001e-20 0.0 97.71 0.0
S103505 113.0464 65.8385 1.799e-21 1.292e-21 4.751e-22 0.0 96.54 0.0
S103506 113.0112 65.7975 8.47e-17 7.083e-17 3.554e-17 0.0 97.71 0.0
S103507 113.0356 65.8324 8.87e-18 8.519e-18 5.643e-18 0.0 96.43 0.0
S103508 113.0145 65.7949 2.376e-21 4.671e-21 1.393e-20 0.0 97.77 0.0
S103509 113.0481 65.8373 1.561e-19 2.149e-19 2.867e-19 0.0 96.54 0.0
S103510 113.0334 65.8373 8.774999999999999e-23 2.122e-22 9.269e-22 0.0 96.34 0.0
S103511 113.0281 65.7883 1.216e-18 1.358e-18 1.21e-18 0.0 97.73 0.0
S103512 113.0549 65.8379 1.2019999999999999e-23 3.36e-23 2.0629999999999999e-22 0.0 96.57 0.0
S103513 113.0193 65.7959 1.749e-17 2.714e-17 4.92e-17 0.0 97.66 0.0
S103514 113.014 65.8075 1.841e-21 3.937e-21 1.394e-20 0.0 97.65 0.0
S103515 113.0415 65.8327 1.248e-21 2.448e-21 7.048e-21 0.0 96.58 0.0
S103516 113.0133 65.7984 2.354e-19 3e-19 3.625e-19 0.0 97.63 0.0
S103517 113.0174 65.8078 5.562e-18 5.231e-18 3.448e-18 0.0 97.54 0.0
S103518 113.014 65.7968 2.632e-19 3.308e-19 3.824e-19 0.0 97.73 0.0
S103519 113.0077 65.792 1.72e-17 1.56e-17 9.186e-18 0.0 97.73 0.0
S103520 113.0478 65.8438 4.905999999999999e-22 1.013e-21 3.389e-21 0.0 96.41 0.0
S103521 113.0404 65.8466 2.435e-17 2.092e-17 1.13e-17 0.0 96.58 0.0
S103522 113.0429 65.8443 1.882e-21 1.3180000000000001e-21 4.883e-22 0.0 96.45 0.0
S103523 113.043 65.8442 3.022e-17 2.596e-17 1.385e-17 0.0 96.37 0.0
S103524 113.0085 65.7947 1.014e-19 1.376e-19 1.959e-19 0.0 97.68 0.0
S103525 113.0152 65.7928 7.402e-23 1.9069999999999999e-22 9.388e-22 0.0 97.81 0.0
S103526 113.0116 65.793 7.66e-13 5.984e-13 2.737e-13 0.0 97.78 1.0
S103527 113.0534 65.8359 4.909e-17 8.457e-17 1.908e-16 0.0 96.65 0.0
S103528 113.0411 65.8412 2.361e-21 1.6660000000000001e-21 5.830999999999999e-22 0.0 96.48 0.0
S103529 113.0443 65.8367 9.785000000000001e-20 1.364e-19 1.994e-19 0.0 96.46 0.0
S103530 113.0471 65.8391 7.676e-21 1.3080000000000002e-20 2.7920000000000004e-20 0.0 96.55 0.0
S103531 113.05 65.8462 4.0669999999999996e-23 1.1519999999999998e-22 7.352999999999999e-22 0.0 96.26 0.0
S103532 113.0356 65.8423 3.179e-18 3.381e-18 2.664e-18 0.0 96.4 0.0
S103533 113.011 65.7882 1.688e-16 1.379e-16 6.606e-17 0.0 97.73 0.0
S103534 113.018 65.7978 2.603e-21 1.805e-21 6.12e-22 0.001 97.62 0.0
S103535 113.025 65.7961 7.804e-18 7.276e-18 4.556e-18 0.0 97.85 0.0
S103536 113.0548 65.8471 1.847e-17 1.698e-17 1.082e-17 0.0 96.54 0.0
S103537 113.0484 65.8301 3.319e-19 3.868e-19 3.915e-19 0.0 96.64 0.0
S103538 113.0536 65.8477 1.658e-17 1.508e-17 9.098e-18 0.0 96.59 0.0
S103539 113.0488 65.8417 1.3290000000000002e-20 2.108e-20 4.0200000000000004e-20 0.0 96.56 0.0
S103540 113.0108 65.7908 1.501e-17 2.105e-17 3.031e-17 0.0 97.74 0.0
S103541 113.0495 65.8496 5.244999999999999e-22 1.207e-21 5.004e-21 0.0 96.41 0.0
S103542 113.0338 65.8 2.736e-18 2.867e-18 2.188e-18 0.001 97.74 0.0
S103543 113.045 65.8535 2.7430000000000002e-21 1.849e-21 6.168999999999999e-22 0.0 96.37 0.0
S103544 113.0449 65.8464 2.0179999999999998e-22 4.394e-22 1.604e-21 0.0 96.4 0.0
S103545 113.0584 65.855 2.885e-18 3.016e-18 2.415e-18 0.0 96.42 0.0
S103546 113.0598 65.8562 1.5e-17 1.424e-17 9.277e-18 0.0 96.44 0.0
S103547 113.0193 65.7952 1.203e-16 9.701e-17 4.641e-17 0.0 97.79 0.0
S103548 113.0079 65.7877 3.735e-17 6.86e-17 1.734e-16 0.0 97.77 0.0
S103549 113.0486 65.8506 7.433e-21 1.2700000000000002e-20 2.851e-20 0.0 96.47 0.0
S103550 113.0445 65.8385 9.398e-18 9.457e-18 6.879e-18 0.0 96.53 0.0
S103551 113.017 65.7945 3.6790000000000004e-21 6.81e-21 1.815e-20 0.0 97.77 0.0
S103552 113.003 65.793 1.986e-17 3.442e-17 7.646e-17 0.0 97.45 0.0
S103553 113.0107 65.7818 3.021e-21 5.751e-21 1.545e-20 0.0 97.79 0.0
S103554 113.0418 65.8572 5.674e-24 1.8709999999999998e-23 1.644e-22 0.0 96.29 0.0
S103555 113.0527 65.8637 7.458e-13 6.372e-13 3.415e-13 0.0 96.32 1.0
S103556 113.0464 65.8629 7.442e-20 1.034e-19 1.486e-19 0.0 96.3 0.0
S103557 113.0074 65.7914 3.221e-20 4.866e-20 8.356000000000001e-20 0.0 97.67 0.0
S103558 113.0456 65.8454 3.098e-17 2.729e-17 1.557e-17 0.0 96.32 0.0
S103559 113.0095 65.7904 2.359e-19 3.083e-19 3.801e-19 0.0 97.78 0.0
S103560 113.055 65.8542 1.4400000000000001e-21 1.053e-21 4.091e-22 0.0 96.39 0.0
S103561 113.0075 65.7834 9.487e-20 1.376e-19 2.09e-19 0.0 97.87 0.0
S103562 113.0166 65.7918 4.855e-23 1.37e-22 8.288999999999999e-22 0.0 97.65 0.0
S103563 113.0585 65.8454 7.312e-20 1.087e-19 1.761e-19 0.0 96.56 0.0
S103564 113.0514 65.8493 3.8110000000000006e-20 5.771000000000001e-20 9.852000000000001e-20 0.0 96.43 0.0
S103565 113.0091 65.7981 1.262e-19 1.687e-19 2.128e-19 0.0 97.66 0.0
S103566 113.052 65.8505 6.054e-17 1.093e-16 2.64e-16 0.0 96.35 0.0
S103567 113.007 65.7876 1.333e-17 2.46e-17 6.457e-17 0.0 97.69 0.0
S103568 113.0021 65.791 3.091e-16 2.294e-16 8.993e-17 0.0 97.68 0.0
S103569 113.0005 65.7928 1.2049999999999999e-22 2.961e-22 1.379e-21 0.0 97.74 0.0
S103570 113.0104 65.783 1.233e-22 3.4919999999999995e-22 2.189e-21 0.0 98.04 0.0
S103571 113.0449 65.8473 2.491e-19 3.123e-19 3.63e-19 0.0 96.3 0.0
S103572 113.0072 65.783 4.429e-18 4.498e-18 3.249e-18 0.0 97.85 0.0
S103573 113.0476 65.8571 1.876e-17 3.938e-17 1.34e-16 0.0 96.2 0.0
S103574 112.9997 65.7773 5.005e-19 6.268e-19 7.212e-19 0.0 97.87 0.0
S103575 113.0468 65.8577 7.126e-18 6.998e-18 4.767e-18 0.0 96.43 0.0
S103576 113.0137 65.7883 7.804e-13 5.674e-13 2.135e-13 0.0 97.77 0.0
S103577 113.0143 65.7855 1.5069999999999998e-23 4.44e-23 3.1369999999999996e-22 0.0 97.75 0.0
S103578 113.0473 65.8631 6.271e-20 9.207000000000001e-20 1.431e-19 0.0 96.23 0.0
S103579 113.0527 65.8533 1.596e-22 3.816e-22 1.679e-21 0.0 96.33 0.0
S103580 113.009 65.7927 7.309e-19 8.805e-19 9.126e-19 0.0 97.64 0.0
S103581 113.0051 65.7909 5.0820000000000004e-21 9.315e-21 2.3690000000000002e-20 0.0 97.73 0.0
S103582 113.0009 65.7776 9.987e-13 6.953e-13 2.538e-13 0.0 97.85 0.0
S103583 112.9988 65.7649 2.455e-21 1.681e-21 5.565e-22 0.0 97.9 0.0
S103584 113.0048 65.7859 3.063e-17 5.675e-17 1.466e-16 0.0 97.77 0.0
S103585 113.0578 65.8558 3.724e-17 5.436e-17 8.498e-17 0.0 96.4 0.0
S103586 113.0071 65.7857 4.927e-20 7.059e-20 1.076e-19 0.0 97.88 0.0
S103587 112.9996 65.7773 1.804e-17 2.772e-17 4.688e-17 0.0 97.9 0.0
S103588 113.0075 65.7863 7.316e-23 1.8799999999999998e-22 9.717e-22 0.0 97.85 0.0
S103589 113.0523 65.8463 1.144e-12 8.963e-13 4.001e-13 0.0 96.41 1.0
S103590 113.0419 65.8394 1.392e-18 1.574e-18 1.452e-18 0.0 96.47 0.0
S103591 113.0574 65.8524 2.532e-18 2.758e-18 2.364e-18 0.001 96.56 0.0
S103592 113.0595 65.8534 2.432e-19 3.202e-19 4.004e-19 0.0 96.34 0.0
S103593 113.0635 65.8567 2.401e-21 1.647e-21 5.586999999999999e-22 0.0 96.29 0.0
S103594 112.9973 65.7832 8.008e-18 1.329e-17 2.749e-17 0.0 97.85 0.0
S103595 113.0057 65.7868 6.954999999999999e-22 1.614e-21 6.512e-21 0.0 97.72 0.0
S103596 113.0605 65.8683 1.8340000000000002e-21 1.297e-21 4.782e-22 0.0 96.26 0.0
S103597 113.0567 65.8553 3.137e-17 2.521e-17 1.176e-17 0.0 96.2 0.0
S103598 113.0641 65.8611 7.364e-24 2.246e-23 1.6349999999999998e-22 0.0 96.29 0.0
S103599 113.059 65.8547 2.253e-19 2.889e-19 3.394e-19 0.0 96.44 0.0
S103600 112.9973 65.7806 1.283e-18 1.422e-18 1.269e-18 0.0 97.82 0.0
S103601 113.049 65.8596 1.457e-21 1.065e-21 4.0289999999999997e-22 0.0 96.38 0.0
S103602 113.0726 65.86 1.415e-12 1.137e-12 5.265e-13 0.0 96.47 1.0
S103603 112.999 65.7695 1.502e-25 6.867e-25 1.208e-23 0.0 97.89 0.0
S103604 113.0024 65.78 1.22e-19 1.644e-19 2.274e-19 0.0 97.85 0.0
S103605 113.013 65.7904 3.713e-17 3.093e-17 1.559e-17 0.0 97.99 0.0
S103606 113.0558 65.8631 1.592e-17 2.432e-17 4.282e-17 0.0 96.34 0.0
S103607 113.0124 65.7853 2.938e-21 1.986e-21 6.471e-22 0.0 97.84 0.0
S103608 113.0024 65.7768 6.123e-20 8.904e-20 1.375e-19 0.0 97.82 0.0
S103609 113.0529 65.8634 3.914e-18 4.03e-18 3.019e-18 0.0 96.22 0.0
S103610 113.0021 65.779 1.581e-21 3.107e-21 9.05e-21 0.0 97.87 0.0
S103611 112.9944 65.7712 5.56e-17 4.815e-17 2.498e-17 0.0 97.76 0.0
S103612 113.061 65.8558 5.496e-19 6.603e-19 7.049e-19 0.0 96.24 0.0
S103613 113.0626 65.8538 4.676e-17 3.76e-17 1.772e-17 0.0 96.28 0.0
S103614 113.0627 65.8593 1.9270000000000002e-20 3.2330000000000004e-20 6.652e-20 0.0 96.25 0.0
S103615 113.0491 65.8555 1.871e-19 2.315e-19 2.7e-19 0.0 96.38 0.0
S103616 113.0002 65.7845 1.603e-22 4.1909999999999996e-22 2.146e-21 0.001 97.86 0.0
S103617 113.0592 65.8679 8.606e-21 1.446e-20 2.9850000000000004e-20 0.0 96.35 0.0
S103618 113.0579 65.86 2.153e-20 3.3220000000000005e-20 5.787e-20 0.0 96.42 0.0
S103619 113.0028 65.7738 1.523e-17 2.538e-17 5.121e-17 0.0 97.84 0.0
S103620 113.0041 65.7898 1e-16 2.631e-16 1.469e-15 0.0 97.72 1.0
S103621 113.0053 65.7755 6.839e-19 8.149e-19 8.577e-19 0.0 97.91 0.0
S103622 113.0486 65.8567 4.901e-22 1.04e-21 3.693e-21 0.0 96.31 0.0
S103623 113.0138 65.7913 5.684e-13 3.864e-13 1.332e-13 0.0 97.75 0.0
S103624 113.0575 65.86 1.463e-21 2.8740000000000002e-21 8.303e-21 0.0 96.36 0.0
S103625 113.0078 65.7706 1.008e-18 1.109e-18 9.629e-19 0.0 97.94 0.0
S103626 113.0706 65.8664 6.394000000000001e-20 9.221000000000001e-20 1.409e-19 0.0 96.1 0.0
S103627 113.0004 65.7772 7.18e-20 1.054e-19 1.641e-19 0.0 97.77 0.0
S103628 113.0475 65.8572 2.829e-19 3.529e-19 4.018e-19 0.0 96.33 0.0
S103629 113.0071 65.7787 2.557e-17 5.505e-17 1.915e-16 0.0 97.7 0.0
S103630 112.9879 65.7674 1.593e-21 3.364e-21 1.1340000000000002e-20 0.0 97.91 0.0
S103631 113.0708 65.8667 2.405e-17 4.755e-17 1.416e-16 0.0 96.33 0.0
S103632 113.0007 65.7831 7.138e-21 1.0880000000000001e-20 1.8340000000000002e-20 0.0 97.95 0.0
S103633 112.9938 65.7701 4.384e-19 5.605e-19 6.655e-19 0.0 97.84 0.0
S103634 112.9995 65.7721 5.628e-22 1.268e-21 4.973e-21 0.0 97.64 0.0
S103635 112.9958 65.7751 1.781e-17 1.594e-17 9.231e-18 0.0 97.71 0.0
S103636 112.9915 65.7768 1.839e-18 1.886e-18 1.404e-18 0.0 97.77 0.0
S103637 113.0109 65.7795 8.796e-18 1.355e-17 2.402e-17 0.0 97.73 0.0
S103638 113.0566 65.8669 4.12e-22 9.828e-22 4.154e-21 0.0 96.07 0.0
S103639 112.9956 65.7791 6.289e-17 5.177e-17 2.44e-17 0.0 97.79 0.0
S103640 112.9936 65.7702 3.529e-18 3.721e-18 2.963e-18 0.0 98.03 0.0
S103641 112.9927 65.7785 7.477e-18 7.012e-18 4.48e-18 0.0 97.7 0.0
S103642 113.0692 65.8823 2.09e-19 2.595e-19 2.964e-19 0.0 96.07 0.0
S103643 112.9957 65.7745 1.145e-17 2.032e-17 4.721e-17 0.0 97.74 0.0
S103644 113.0548 65.8649 7.054e-20 1.041e-19 1.713e-19 0.0 96.18 0.0
S103645 112.99 65.7629 1.183e-16 9.071e-17 3.856e-17 0.0 98.07 0.0
S103646 112.9854 65.7636 2.079e-19 2.697e-19 3.382e-19 0.001 97.67 0.0
S103647 113.0655 65.8686 9.109e-24 2.592e-23 1.6249999999999999e-22 0.0 96.33 0.0
S103648 112.9898 65.7742 1.474e-18 1.698e-18 1.651e-18 0.0 98.12 0.0
S103649 112.9975 65.7697 2.1280000000000002e-20 3.348e-20 6.146000000000001e-20 0.0 97.97 0.0
S103650 112.9921 65.769 1.555e-23 4.3329999999999995e-23 2.6249999999999997e-22 0.0 97.66 0.0
S103651 113.0698 65.8873 8.692e-17 7.308e-17 3.865e-17 0.0 96.16 0.0
S103652 112.9976 65.7672 3.691e-17 3.125e-17 1.603e-17 0.0 97.89 0.0
S103653 112.9868 65.7626 4.767e-19 5.699e-19 6.064e-19 0.0 97.78 0.0
S103654 113.0745 65.8738 1.239e-17 1.977e-17 3.832e-17 0.0 96.35 0.0
S103655 113.0725 65.875 1.1770000000000002e-20 2.033e-20 4.5240000000000004e-20 0.0 96.07 0.0
S103656 112.9907 65.7565 5.041999999999999e-22 1.148e-21 4.584e-21 0.0 97.81 0.0
S103657 112.9877 65.7609 1.926e-20 3.2200000000000004e-20 6.905e-20 0.0 97.98 0.0
S103658 113.0703 65.885 4.381e-24 1.6239999999999998e-23 1.8289999999999999e-22 0.0 96.29 0.0
S103659 113.0619 65.8857 1.633e-22 4.0709999999999995e-22 2.022e-21 0.0 96.02 0.0
S103660 113.0775 65.8816 2.72e-19 3.772e-19 5.204e-19 0.0 96.29 0.0
S103661 112.9923 65.7661 6.665e-13 7.008e-13 5.401e-13 0.0 98.01 1.0
S103662 113.0732 65.8773 2.195e-25 1.045e-24 1.8869999999999998e-23 0.0 96.3 0.0
S103663 113.077 65.8796 7.022e-13 4.849e-13 1.74e-13 0.0 96.43 0.0
S103664 113.0751 65.8879 8.775999999999999e-22 1.784e-21 5.503e-21 0.0 96.03 0.0
S103665 113.0633 65.8804 4.632e-13 4.792e-13 3.625e-13 0.0 96.21 1.0
S103666 113.073 65.8684 2.343e-21 4.165e-21 1.0150000000000001e-20 0.0 96.34 0.0
S103667 113.0705 65.8862 1.475e-12 1.096e-12 4.514e-13 0.0 96.35 0.0
S103668 113.0626 65.8728 1.708e-17 1.625e-17 1.035e-17 0.0 96.37 0.0
S103669 112.9927 65.7471 2.156e-19 2.669e-19 2.932e-19 0.0 98.08 0.0
S103670 113.076 65.8836 8.646e-17 7.703e-17 4.254e-17 0.0 96.25 0.0
S103671 113.0698 65.892 1.0509999999999999e-22 2.5879999999999997e-22 1.2290000000000001e-21 0.0 96.15 0.0
S103672 112.9878 65.7681 2.707e-18 2.926e-18 2.391e-18 0.0 97.8 0.0
S103673 113.0696 65.8724 3.156e-22 6.4e-22 1.958e-21 0.0 96.28 0.0
S103674 113.0751 65.8793 1.532e-20 2.5660000000000002e-20 5.516000000000001e-20 0.0 96.24 0.0
S103675 113.0737 65.8982 5.274e-22 1.144e-21 4.181e-21 0.0 96.15 0.0
S103676 113.0304 65.8198 5.941e-15 3.865e-15 1.212e-15 0.0 98.97 0.0
S103677 113.0304 65.8198 6.427e-21 1.187e-20 3.0680000000000004e-20 0.0 97.87 0.0
S103678 113.0306 65.8199 3.55e-17 7.66e-17 2.673e-16 0.0 97.32 0.0
S103679 112.9798 65.7572 2.128e-16 1.73e-16 7.97e-17 0.0 98.09 0.0
S103680 112.9864 65.7577 5.264e-16 3.851e-16 1.507e-16 0.0 98.09 0.0
S103681 113.0699 65.8815 5.224e-18 9.976e-18 2.715e-17 0.0 96.17 0.0
S103682 113.0697 65.8872 1.111e-17 2.206e-17 6.67e-17 0.0 96.08 0.0
S103683 113.0654 65.8882 8.077e-16 6.121e-16 2.568e-16 0.0 96.16 0.0
S103684 113.0687 65.8984 1.082e-14 7.253e-15 2.373e-15 0.0 96.07 0.0
S103685 113.0601 65.8968 5.987e-13 4.163e-13 1.504e-13 0.0 96.15 0.0
S103686 113.0017 65.7349 4.497e-16 3.451e-16 1.473e-16 0.0 98.23 1.0
S103687 113.0542 65.9037 5.741e-17 4.756e-17 2.358e-17 0.0 96.03 0.0
S103688 113.0502 65.9068 3.172e-16 2.327e-16 9.257e-17 0.0 96.13 0.0
S103689 113.0119 65.7234 2.208e-17 1.896e-17 1.005e-17 0.0 98.07 0.0
S103690 113.0411 65.914 2.58e-16 1.951e-16 8.265e-17 0.0 95.98 1.0
S103691 113.0353 65.9145 1.884e-16 1.529e-16 7.44e-17 0.0 96.16 0.0
S103692 113.0321 65.7335 2.778e-16 2.178e-16 9.553e-17 0.0 98.02 1.0
S103693 113.0375 65.7288 5.135e-21 9.212e-21 2.1620000000000002e-20 0.0 98.15 0.0
S103694 113.038 65.7272 5.932e-18 5.816e-18 4.122e-18 0.0 97.93 0.0
S103695 113.042 65.723 8.326e-13 5.938e-13 2.184e-13 0.0 98.2 0.0
S103696 113.0086 65.9149 1.885e-13 1.245e-13 4.095e-14 0.0 96.14 0.0
S103697 113.0581 65.7229 8.887e-17 7.252e-17 3.444e-17 0.0 97.89 0.0
S103698 113.0001 65.9127 8.181e-16 6.114e-16 2.398e-16 0.0 96.17 0.0
S103699 113.0645 65.7254 6.629e-17 5.397e-17 2.598e-17 0.0 98.13 0.0
S103700 113.0742 65.7251 3.975e-15 2.778e-15 9.971e-16 0.0 97.97 0.0
S103701 112.983 65.9091 5.255e-18 5.313e-18 3.857e-18 0.0 95.93 0.0
S103702 112.9756 65.9091 3.057e-17 2.704e-17 1.572e-17 0.0 96.28 0.0
S103703 113.0895 65.7305 3.376e-16 2.676e-16 1.197e-16 0.0 97.99 1.0
S103704 112.9704 65.9076 8.186e-17 6.923e-17 3.62e-17 0.0 96.01 0.0
S103705 112.9681 65.9006 1.753e-15 1.265e-15 4.792e-16 0.0 96.19 0.0
S103706 112.9592 65.8977 6.045e-17 5.16e-17 2.674e-17 0.0 96.4 0.0
S103707 113.1068 65.7402 1.829e-15 1.292e-15 4.552e-16 0.0 97.71 0.0
S103708 112.9521 65.8933 8.562e-16 6.277e-16 2.458e-16 0.0 96.19 0.0
S103709 112.9541 65.8861 1.042e-17 1.689e-17 3.316e-17 0.0 96.4 0.0
S103710 113.1172 65.7513 6.384e-16 4.706e-16 1.784e-16 0.0 97.79 0.0
S103711 113.1187 65.7591 5.254e-18 5.15e-18 3.603e-18 0.0 97.81 0.0
S103712 113.1269 65.763 5.8e-16 4.216e-16 1.613e-16 0.0 97.6 0.0
S103713 113.1363 65.7622 2.208e-15 1.539e-15 5.353e-16 0.0 97.63 0.0
S103714 112.9319 65.8639 2.871e-16 2.268e-16 1.001e-16 0.0 96.39 1.0
S103715 112.9187 65.8699 2.891e-17 2.481e-17 1.311e-17 0.0 96.85 0.0
S103716 113.1316 65.7849 1.387e-18 1.528e-18 1.313e-18 0.0 97.54 0.0
S103717 112.9225 65.852 2.206e-17 1.966e-17 1.103e-17 0.0 96.77 0.0
S103718 113.1496 65.7872 1.194e-17 2.386e-17 7.231e-17 0.0 97.42 0.0
S103719 113.1505 65.7968 3.336e-18 3.405e-18 2.598e-18 0.0 97.3 0.0
S103720 113.1485 65.8041 3.906e-18 4.008e-18 3.068e-18 0.0 97.4 0.0
S103721 112.9098 65.8324 3.798e-15 2.573e-15 8.552e-16 0.0 97.01 0.0
S103722 113.1552 65.8143 2.912e-16 2.197e-16 9.247e-17 0.0 96.95 1.0
S103723 112.9078 65.8132 1.636e-14 1.109e-14 3.63e-15 0.0 97.13 0.0
S103724 113.1507 65.8293 7.653e-13 5.566e-13 2.149e-13 0.0 96.87 0.0
S103725 113.1573 65.836 3.74e-18 3.943e-18 3.065e-18 0.0 96.73 0.0
S103726 112.9067 65.7976 5.463e-16 4.006e-16 1.556e-16 0.0 97.1 0.0
S103727 112.9002 65.7993 7.378e-15 5.105e-15 1.751e-15 0.0 97.03 0.0
S103728 112.9126 65.7901 1.766e-16 1.339e-16 5.499e-17 0.0 97.34 1.0
S103729 113.1505 65.8647 4.444e-16 3.303e-16 1.345e-16 0.0 96.68 0.0
S103730 112.9141 65.7767 8.744e-16 6.385e-16 2.47e-16 0.0 97.5 0.0
S103731 112.9174 65.7618 9.897e-16 6.999e-16 2.562e-16 0.0 97.4 0.0
S103732 112.9259 65.771 2.953e-16 2.116e-16 8.17e-17 0.0 97.57 0.0
S103733 112.9133 65.7478 1.577e-17 2.809e-17 6.683e-17 0.0 97.23 0.0
S103734 112.9238 65.7451 1.09e-15 7.869e-16 2.916e-16 0.0 97.77 0.0
S103735 112.9274 65.7427 1.748e-16 1.365e-16 5.989e-17 0.0 97.63 1.0
S103736 112.9241 65.7317 2.329e-17 2.106e-17 1.284e-17 0.0 97.87 0.0
S103737 113.125 65.9087 9.485e-16 6.811e-16 2.549e-16 0.0 96.3 0.0
S103738 112.9407 65.7261 2.589e-18 2.809e-18 2.371e-18 0.0 97.91 0.0
S103739 112.9435 65.7169 3.025e-15 2.09e-15 7.422e-16 0.0 97.83 0.0
S103740 113.1112 65.9232 4.908e-16 3.63e-16 1.383e-16 0.0 96.24 0.0
S103741 112.9546 65.7144 2.298e-17 1.967e-17 1.051e-17 0.0 97.98 0.0
S103742 112.9588 65.7061 2.935e-16 2.283e-16 9.64e-17 0.0 97.9 1.0
S103743 112.9636 65.6977 1.611e-17 3.156e-17 9.152e-17 0.0 97.73 0.0
S103744 113.0924 65.9454 1.728e-17 1.582e-17 9.612e-18 0.0 96.07 0.0
S103745 113.0837 65.946 1.543e-17 1.432e-17 9.032e-18 0.0 96.24 0.0
S103746 112.9876 65.6897 4.015e-15 2.724e-15 9.194e-16 0.0 98.15 0.0
S103747 113.0731 65.9556 5.681e-15 3.905e-15 1.348e-15 0.0 95.91 0.0
S103748 112.9928 65.6742 1.088e-15 7.952e-16 3.205e-16 0.0 98.28 0.0
S103749 113.0004 65.6808 1.13e-16 8.48e-17 3.502e-17 0.0 98.02 0.0
S103750 113.0518 65.9638 2.107e-15 1.412e-15 4.699e-16 0.0 96.14 0.0
S103751 113.0167 65.6789 1.972e-17 1.753e-17 1.02e-17 0.0 98.21 0.0
S103752 113.0341 65.9638 8.698e-13 6.641e-13 2.692e-13 0.0 95.92 1.0
S103753 113.0287 65.672 3.615e-17 3e-17 1.535e-17 0.0 98.2 0.0
S103754 113.0293 65.6687 6.69e-14 4.525e-14 1.44e-14 0.0 98.4 0.0
S103755 113.039 65.6782 6.368e-17 5.18e-17 2.458e-17 0.0 97.96 0.0
S103756 113.0545 65.671 3.408e-15 2.382e-15 8.718e-16 0.0 98.34 0.0
S103757 112.9956 65.9664 6.641e-15 4.459e-15 1.447e-15 0.0 96.04 0.0
S103758 113.0676 65.6826 4.442e-18 4.421e-18 3.161e-18 0.0 97.79 0.0
S103759 112.9826 65.9585 1.536e-19 1.963e-19 2.409e-19 0.0 96.07 0.0
S103760 112.9665 65.9616 1.602e-17 2.865e-17 6.895e-17 0.0 95.85 0.0
S103761 112.9695 65.9545 8.576e-18 1.768e-17 5.723e-17 0.0 96.03 0.0
S103762 113.102 65.6833 4.153e-15 2.832e-15 9.457e-16 0.0 98.22 0.0
S103763 113.1021 65.691 8.815e-16 6.472e-16 2.462e-16 0.0 98.05 0.0
S103764 112.9521 65.9435 2.009e-18 2.107e-18 1.716e-18 0.0 96.07 0.0
S103765 113.1214 65.6943 9.107e-17 6.772e-17 2.755e-17 0.0 97.96 0.0
S103766 112.9373 65.9383 1.803e-16 1.478e-16 7.13e-17 0.0 96.27 0.0
S103767 113.1265 65.7082 3.176e-17 2.696e-17 1.391e-17 0.0 97.74 0.0
S103768 112.9265 65.9244 1.433e-15 9.941e-16 3.55e-16 0.0 96.21 0.0
S103769 113.1406 65.7183 4.962e-15 3.452e-15 1.2e-15 0.0 97.76 0.0
S103770 113.1508 65.7222 1.52e-17 1.381e-17 8.039e-18 0.0 97.59 0.0
S103771 113.1522 65.7309 5.007e-15 3.349e-15 1.057e-15 0.0 97.91 0.0
S103772 112.9097 65.8969 2.029e-15 1.461e-15 5.433e-16 0.0 96.28 0.0
S103773 113.1676 65.7396 1.461e-16 1.18e-16 5.504e-17 0.0 97.79 0.0
S103774 113.1716 65.747 8.126e-18 7.511e-18 4.639e-18 0.0 97.49 0.0
S103775 113.1767 65.7559 3.643e-17 3.075e-17 1.584e-17 0.0 97.62 0.0
S103776 113.1715 65.766 2.581e-17 2.302e-17 1.295e-17 0.0 97.46 0.0
S103777 112.878 65.8682 5.594e-17 4.628e-17 2.182e-17 0.0 96.88 0.0
S103778 113.1889 65.7755 7.111e-16 5.261e-16 2.06e-16 0.0 97.56 0.0
S103779 113.185 65.7854 2.344e-17 2.16e-17 1.295e-17 0.0 97.48 0.0
S103780 113.1873 65.7984 8.292e-14 5.44e-14 1.685e-14 0.0 97.16 0.0
S103781 112.869 65.8431 3.47e-15 2.401e-15 8.673e-16 0.0 96.86 0.0
S103782 113.1882 65.8195 8.947e-17 7.225e-17 3.482e-17 0.0 96.92 0.0
S103783 112.8611 65.8172 1.536e-16 1.23e-16 5.715e-17 0.0 97.04 0.0
S103784 112.8596 65.8096 2.452e-19 3.073e-19 3.691e-19 0.0 96.9 0.0
S103785 112.871 65.8066 5.124e-16 3.946e-16 1.671e-16 0.0 97.03 0.0
S103786 112.8561 65.7921 4.319e-16 3.199e-16 1.274e-16 0.0 97.27 0.0
S103787 112.8702 65.7884 4.511e-19 5.571e-19 6.098e-19 0.0 97.47 0.0
S103788 112.8745 65.7707 1.5e-15 1.009e-15 3.301e-16 0.0 97.38 0.0
S103789 113.1936 65.877 8.211e-16 5.987e-16 2.332e-16 0.0 96.78 0.0
S103790 112.8702 65.7565 6.43e-18 6.272e-18 4.207e-18 0.0 97.4 0.0
S103791 113.19 65.8874 2.613e-17 2.229e-17 1.156e-17 0.0 96.43 0.0
S103792 113.1874 65.8926 1.302e-16 1.059e-16 5.229e-17 0.0 96.45 0.0
S103793 113.1836 65.9156 1.888e-18 2.207e-18 2.316e-18 0.0 96.43 0.0
S103794 113.1754 65.9176 3.771e-15 2.603e-15 8.74e-16 0.0 96.58 0.0
S103795 113.1661 65.9124 6.093e-16 4.584e-16 1.833e-16 0.0 96.24 0.0
S103796 113.1674 65.927 9.675e-17 7.715e-17 3.639e-17 0.0 96.38 0.0
S103797 113.1568 65.9268 5.479e-16 3.892e-16 1.476e-16 0.0 96.24 0.0
S103798 112.907 65.6992 2.861e-16 2.217e-16 9.591e-17 0.0 97.78 1.0
S103799 112.9092 65.6887 1.443e-12 1.202e-12 5.787e-13 0.0 97.79 1.0
S103800 113.1353 65.9453 4.55e-17 3.886e-17 1.964e-17 0.0 96.07 0.0
S103801 112.9223 65.6761 5.053e-16 3.839e-16 1.597e-16 0.0 98.02 0.0
S103802 113.1247 65.961 2.917e-16 2.227e-16 9.234e-17 0.0 96.13 1.0
S103803 112.9444 65.6754 1.066e-12 9.098e-13 4.873e-13 0.0 97.98 1.0
S103804 113.1078 65.968 1.217e-16 9.602e-17 4.171e-17 0.0 95.88 1.0
S103805 113.1063 65.9894 1.921e-16 1.465e-16 6.331e-17 0.0 95.98 1.0
S103806 113.0989 65.9839 2.894e-15 2.04e-15 7.189e-16 0.0 96.0 0.0
S103807 112.9773 65.6517 1.623e-17 1.46e-17 8.701e-18 0.0 98.06 0.0
S103808 113.0701 65.9834 1.535e-15 1.097e-15 4.24e-16 0.0 96.0 0.0
S103809 112.9917 65.6356 9.507e-13 8.458e-13 5.015e-13 0.0 98.38 1.0
S103810 112.9944 65.6432 4.409e-16 3.234e-16 1.308e-16 0.0 98.1 0.0
S103811 113.0526 66.0058 8.284e-16 6.077e-16 2.344e-16 0.0 95.86 0.0
S103812 113.0315 65.655 1.107e-17 1.058e-17 6.873e-18 0.0 98.18 0.0
S103813 113.0323 65.9981 1.675e-17 2.796e-17 5.685e-17 0.0 95.94 0.0
S103814 113.0226 66.0066 3.208e-19 4.03e-19 4.702e-19 0.0 95.85 0.0
S103815 113.0085 66.0091 2.986e-17 2.749e-17 1.649e-17 0.0 96.03 0.0
S103816 113.0528 65.6356 1.521e-17 3.015e-17 8.96e-17 0.0 98.27 0.0
S103817 113.0057 65.9967 6.807e-16 4.993e-16 1.927e-16 0.0 95.8 0.0
S103818 112.9885 66.0012 2.862e-23 7.486999999999999e-23 3.8629999999999995e-22 0.0 95.93 0.0
S103819 113.0838 65.6396 8.018e-20 1.144e-19 1.799e-19 0.0 98.24 0.0
S103820 112.9701 65.9957 6.398e-17 5.165e-17 2.414e-17 0.0 95.97 0.0
S103821 113.0945 65.6512 9.632e-18 1.845e-17 5.129e-17 0.0 98.12 0.0
S103822 112.9493 65.992 9.732e-17 7.802e-17 3.685e-17 0.0 96.21 0.0
S103823 112.9293 65.9954 2.505e-15 1.737e-15 6.008e-16 0.0 96.16 0.0
S103824 112.9353 65.9779 6.45e-13 4.826e-13 1.955e-13 0.0 96.05 0.0
S103825 113.1449 65.6567 6.83e-16 4.883e-16 1.827e-16 0.0 98.18 0.0
S103826 113.1416 65.6662 7.255e-16 5.344e-16 2.176e-16 0.0 97.95 0.0
S103827 112.9068 65.9637 1.659e-15 1.154e-15 4.147e-16 0.0 95.99 0.0
S103828 112.8973 65.9603 1.366e-17 1.279e-17 8.274e-18 0.0 96.34 0.0
S103829 112.8959 65.9509 3.298e-16 2.458e-16 9.795e-17 0.0 96.26 0.0
S103830 113.1836 65.6874 7.069e-16 5.461e-16 2.274e-16 0.0 98.02 0.0
S103831 112.8789 65.9383 4.173e-17 3.693e-17 2.033e-17 0.0 96.2 0.0
S103832 112.8716 65.9319 2.113e-19 2.756e-19 3.515e-19 0.0 96.38 0.0
S103833 112.9919 65.7464 7.691e-23 1.9769999999999998e-22 1.036e-21 0.0 98.01 0.0
S103834 113.0626 65.8884 3.699e-17 7.98e-17 2.892e-16 0.0 96.25 1.0
S103835 113.0576 65.8898 1.182e-16 2.061e-16 4.654e-16 0.0 95.99 0.0
S103836 112.9946 65.7346 3.511e-18 7.219e-18 2.3e-17 0.0 98.18 0.0
S103837 113.0071 65.7484 5.6e-18 1.017e-17 2.585e-17 0.0 98.22 0.0
S103838 113.0536 65.9027 1.288e-16 1.05e-16 4.826e-17 0.0 96.16 0.0
S103839 113.048 65.8901 3.02e-17 7.257e-17 3.33e-16 0.0 95.92 1.0
S103840 113.0147 65.7404 3.326e-18 3.547e-18 3.014e-18 0.0 98.19 0.0
S103841 113.0384 65.8959 5.265e-16 3.882e-16 1.496e-16 0.0 96.04 0.0
S103842 113.0433 65.906 6.551e-17 1.208e-16 3.035e-16 0.0 96.25 0.0
S103843 113.0248 65.7358 7.648e-20 1.08e-19 1.614e-19 0.0 97.92 0.0
S103844 113.0248 65.7386 1.06e-17 1.008e-17 6.591e-18 0.0 98.0 0.0
S103845 113.0401 65.9052 3.785e-18 3.854e-18 2.93e-18 0.0 96.03 0.0
S103846 113.0199 65.7162 4.143e-17 3.62e-17 1.963e-17 0.0 98.0 0.0
S103847 113.0202 65.9129 1.2229999999999998e-22 3.029e-22 1.414e-21 0.0 96.16 0.0
S103848 113.0428 65.7378 1.796e-16 1.386e-16 5.997e-17 0.0 98.04 1.0
S103849 113.017 65.9032 2.854e-24 1.03e-23 1.095e-22 0.0 96.02 0.0
S103850 113.0491 65.7295 4.747e-16 3.402e-16 1.26e-16 0.0 98.1 0.0
S103851 113.0426 65.7258 3.602e-17 3.015e-17 1.52e-17 0.0 98.16 0.0
S103852 113.0072 65.9108 8.757999999999999e-23 2.318e-22 1.273e-21 0.0 95.74 0.0
S103853 113.0602 65.7355 1.15e-17 1.703e-17 2.74e-17 0.0 97.95 0.0
S103854 113.0618 65.7356 6.97e-18 6.943e-18 5.02e-18 0.0 98.12 0.0
S103855 113.072 65.7221 1.264e-19 1.69e-19 2.307e-19 0.0 98.16 0.0
S103856 112.9876 65.9047 2.595e-20 4.1780000000000005e-20 7.828e-20 0.0 96.09 0.0
S103857 112.9856 65.915 7.713e-17 5.97e-17 2.625e-17 0.0 96.06 0.0
S103858 112.9875 65.9064 2.069e-19 2.77e-19 3.587e-19 0.0 96.15 0.0
S103859 113.0796 65.7334 1.314e-16 1.041e-16 4.751e-17 0.0 97.85 1.0
S103860 112.9726 65.9125 1.79e-16 1.402e-16 6.096e-17 0.0 96.21 1.0
S103861 112.976 65.8981 1.118e-16 8.997e-17 4.295e-17 0.0 96.32 0.0
S103862 113.0889 65.7431 2.226e-17 1.984e-17 1.097e-17 0.0 98.08 0.0
S103863 112.968 65.9037 2.309e-19 2.969e-19 3.554e-19 0.0 96.11 0.0
S103864 113.1061 65.7376 4.155e-16 3.202e-16 1.354e-16 0.0 97.85 1.0
S103865 112.9592 65.8967 1.347e-16 1.061e-16 4.774e-17 0.0 96.29 0.0
S103866 113.1051 65.7507 1.101e-16 9.057e-17 4.456e-17 0.0 97.75 0.0
S103867 112.9601 65.8803 1.288e-17 2.548e-17 7.792e-17 0.0 96.6 0.0
S103868 113.1094 65.7564 1.138e-16 9.639e-17 4.828e-17 0.0 97.94 0.0
S103869 112.9416 65.8879 2.974e-20 4.8740000000000006e-20 9.824000000000001e-20 0.0 96.26 0.0
S103870 112.9469 65.8798 1.421e-22 3.4719999999999997e-22 1.64e-21 0.0 96.43 0.0
S103871 113.1191 65.7597 1.812e-19 2.444e-19 3.21e-19 0.0 97.65 0.0
S103872 113.1185 65.7688 1.839e-17 3.692e-17 1.11e-16 0.0 97.77 0.0
S103873 113.1145 65.7725 2.302e-17 4.492e-17 1.299e-16 0.0 97.7 0.0
S103874 113.1322 65.771 1.323e-16 1.131e-16 5.798e-17 0.001 97.69 0.0
S103875 113.1277 65.7787 6.905e-17 1.285e-16 3.265e-16 0.0 97.58 0.0
S103876 113.1386 65.7689 3.636e-18 3.606e-18 2.575e-18 0.0 97.51 0.0
S103877 112.9297 65.857 1.605e-18 1.808e-18 1.679e-18 0.0 96.76 0.0
S103878 112.9442 65.8431 7.425e-17 6.005e-17 2.922e-17 0.0 96.7 0.0
S103879 113.1423 65.7942 7.018e-18 6.761e-18 4.625e-18 0.0 97.42 0.0
S103880 113.1487 65.7851 2.49e-17 2.326e-17 1.417e-17 0.0 97.36 0.0
S103881 113.1389 65.7954 9.755e-21 1.752e-20 4.3300000000000005e-20 0.0 97.41 0.0
S103882 113.1511 65.7947 1.146e-16 9.977e-17 5.326e-17 0.0 97.11 0.0
S103883 112.916 65.8381 5.503e-18 5.274e-18 3.497e-18 0.0 96.73 0.0
S103884 113.1497 65.8116 1.1810000000000001e-20 1.9100000000000002e-20 3.892e-20 0.0 97.22 0.0
S103885 112.9175 65.8225 3.723e-24 1.2539999999999999e-23 1.1149999999999998e-22 0.0 97.07 0.0
S103886 113.132 65.8257 3.562e-16 2.761e-16 1.19e-16 0.0 97.03 0.0
S103887 112.9151 65.8066 1.4280000000000001e-21 2.94e-21 9.317e-21 0.0 97.0 0.0
S103888 113.1461 65.8376 1.785e-22 4.417999999999999e-22 2.072e-21 0.0 97.04 0.0
S103889 113.1651 65.8298 1.19e-16 2.377e-16 7.459e-16 0.0 97.06 1.0
S103890 112.9047 65.793 1.106e-19 1.486e-19 1.927e-19 0.0 97.25 0.0
S103891 113.1411 65.8528 7.568e-18 7.639e-18 5.658e-18 0.0 96.79 0.0
S103892 112.9017 65.7893 1.2499999999999999e-23 3.8779999999999995e-23 3.0039999999999997e-22 0.0 97.36 0.0
S103893 113.1372 65.8571 2.85e-17 5.781e-17 1.815e-16 0.0 96.52 0.0
S103894 112.927 65.8002 3.441e-21 2.291e-21 7.143e-22 0.0 97.17 0.0
S103895 113.1569 65.8713 2.675e-21 1.843e-21 6.297e-22 0.0 96.68 0.0
S103896 113.136 65.873 9.148e-17 7.297e-17 3.459e-17 0.0 96.53 0.0
S103897 113.1424 65.8726 2.57e-22 6.848999999999999e-22 3.852e-21 0.0 96.58 0.0
S103898 113.1341 65.8646 1.022e-18 1.127e-18 1.005e-18 0.0 96.54 0.0
S103899 112.9276 65.7585 2.505e-13 1.674e-13 5.438e-14 0.0 97.39 0.0
S103900 113.1353 65.8723 6.075e-18 5.912e-18 4.189e-18 0.0 96.75 0.0
S103901 112.9271 65.7595 8.235e-18 1.468e-17 3.468e-17 0.0 97.47 0.0
S103902 113.1318 65.8953 7.736e-24 2.491e-23 2.118e-22 0.0 96.31 0.0
S103903 112.9265 65.7414 4.142e-17 3.41e-17 1.713e-17 0.0 97.5 0.0
S103904 112.94 65.743 7.98e-16 5.905e-16 2.315e-16 0.0 97.72 0.0
S103905 112.9447 65.7488 4.9500000000000006e-20 7.216e-20 1.138e-19 0.0 97.85 0.0
S103906 113.1296 65.9236 2.992e-21 5.707e-21 1.536e-20 0.001 96.49 0.0
S103907 112.9343 65.7126 8.605e-16 6.156e-16 2.277e-16 0.0 97.97 0.0
S103908 113.1223 65.9296 2.581e-18 2.686e-18 2.094e-18 0.0 96.2 0.0
S103909 113.1113 65.9215 2.264e-21 1.578e-21 5.565e-22 0.0 96.27 0.0
S103910 112.9406 65.6935 2.034e-16 1.6e-16 6.847e-17 0.0 97.92 1.0
S103911 112.9603 65.7169 1.957e-17 1.803e-17 1.083e-17 0.001 97.99 0.0
S103912 112.9624 65.7111 1.07e-17 1.08e-17 7.775e-18 0.0 97.93 0.0
S103913 112.9556 65.6942 2.405e-17 4.914e-17 1.591e-16 0.0 97.89 0.0
S103914 113.0906 65.944 1.025e-18 1.134e-18 1.013e-18 0.0 96.16 0.0
S103915 113.0763 65.9301 2.614e-21 4.985e-21 1.3640000000000003e-20 0.0 95.92 0.0
S103916 112.9868 65.7161 5.051e-19 6.21e-19 6.659e-19 0.0 97.94 0.0
S103917 112.9808 65.6903 2.715e-16 2.064e-16 8.865e-17 0.0 98.16 1.0
S103918 112.9796 65.6832 6.775e-16 5.064e-16 2.021e-16 0.0 98.11 0.0
S103919 113.0732 65.9589 2.268e-17 3.719e-17 7.648e-17 0.0 96.17 0.0
S103920 112.9848 65.6659 2.793e-18 3.171e-18 2.991e-18 0.0 98.3 0.0
S103921 112.9952 65.6767 4.192e-16 3.143e-16 1.302e-16 0.0 98.26 1.0
S103922 113.0064 65.6876 2.938e-20 4.6550000000000005e-20 8.327e-20 0.0 98.18 0.0
S103923 113.0508 65.9607 9.391e-18 1.733e-17 4.418e-17 0.0 95.95 0.0
S103924 113.0199 65.6925 9.053e-17 7.406e-17 3.666e-17 0.0 98.19 0.0
S103925 113.0245 65.6759 9.285e-18 8.532e-18 5.321e-18 0.0 98.16 0.0
S103926 113.018 65.6797 1.787e-18 1.922e-18 1.654e-18 0.0 98.12 0.0
S103927 113.0302 65.6863 1.863e-20 3.07e-20 6.098e-20 0.0 98.27 0.0
S103928 113.0123 65.9559 5.921e-18 5.829e-18 4.023e-18 0.0 96.06 0.0
S103929 113.0627 65.6873 4.642e-16 3.581e-16 1.57e-16 0.0 98.07 1.0
S103930 112.9986 65.9655 2.771e-21 5.472e-21 1.604e-20 0.0 96.04 0.0
S103931 113.0552 65.6821 1.162e-22 3.111e-22 1.67e-21 0.0 98.07 0.0
S103932 113.0567 65.6793 5.156e-18 5.304e-18 3.978e-18 0.0 98.28 0.0
S103933 112.9938 65.9674 8.58e-13 6.98e-13 3.365e-13 0.0 95.96 1.0
S103934 112.9951 65.9546 3.497e-17 2.945e-17 1.466e-17 0.0 95.87 0.0
S103935 113.0848 65.6784 1.563e-17 1.444e-17 8.584e-18 0.0 98.12 0.0
S103936 113.0978 65.6771 1.281e-23 3.9079999999999997e-23 2.7489999999999995e-22 0.0 98.17 0.0
S103937 112.9737 65.9651 1.39e-20 2.3200000000000003e-20 4.7660000000000004e-20 0.0 96.09 0.0
S103938 113.0816 65.6865 5.321e-17 4.499e-17 2.228e-17 0.0 98.21 0.0
S103939 112.9678 65.939 5.048e-17 4.219e-17 2.111e-17 0.0 96.15 0.0
S103940 112.9455 65.954 1.255e-17 1.141e-17 6.978e-18 0.0 96.47 0.0
S103941 113.1191 65.6955 4.962e-23 1.3609999999999999e-22 8.078999999999999e-22 0.0 97.93 0.0
S103942 113.1238 65.6944 1.839e-18 2.025e-18 1.811e-18 0.0 97.93 0.0
S103943 112.9279 65.9486 2.607e-17 2.384e-17 1.417e-17 0.0 96.3 0.0
S103944 112.9378 65.9349 6.933e-16 5.101e-16 1.974e-16 0.0 96.1 0.0
S103945 113.1257 65.707 5.751e-20 8.522000000000001e-20 1.411e-19 0.0 97.94 0.0
S103946 112.936 65.9202 1.294e-17 1.15e-17 6.696e-18 0.0 96.11 0.0
S103947 113.1261 65.7224 3.149e-16 2.36e-16 9.733e-17 0.0 97.79 1.0
S103948 112.9014 65.9329 6.832e-18 6.707e-18 4.504e-18 0.0 96.38 0.0
S103949 113.1444 65.7229 1.319e-17 2.289e-17 5.171e-17 0.0 97.79 0.0
S103950 113.1459 65.7295 1.992e-21 1.395e-21 5.078e-22 0.0 97.91 0.0
S103951 113.1557 65.7317 1.4460000000000001e-21 1.072e-21 4.376e-22 0.0 97.78 0.0
S103952 113.1584 65.7371 3.952e-17 7.067e-17 1.749e-16 0.0 97.77 0.0
S103953 112.8935 65.9015 8.942e-19 1.031e-18 1.016e-18 0.0 96.47 0.0
S103954 112.8856 65.8981 6.725e-18 6.594e-18 4.538e-18 0.0 96.7 0.0
S103955 113.1734 65.7471 2.345e-15 1.638e-15 5.624e-16 0.0 97.68 0.0
S103956 113.1782 65.7544 3.908e-19 4.933e-19 5.771e-19 0.0 97.49 0.0
S103957 112.8755 65.8832 2.829e-21 5.692e-21 1.767e-20 0.0 96.8 0.0
S103958 112.8866 65.8681 2.756e-19 3.478e-19 4.012e-19 0.0 96.58 0.0
S103959 113.1768 65.7753 8.048e-20 1.159e-19 1.752e-19 0.0 97.4 0.0
S103960 113.1781 65.7727 4.2249999999999994e-22 9.357e-22 3.458e-21 0.001 97.57 0.0
S103961 113.1993 65.772 2.135e-21 1.512e-21 5.402e-22 0.0 97.2 0.0
S103962 113.1911 65.7882 4.332e-17 3.709e-17 1.972e-17 0.0 97.24 0.0
S103963 113.2027 65.794 6.684e-18 1.024e-17 1.757e-17 0.0 97.18 0.0
S103964 113.1956 65.7942 5.425e-17 8.561e-17 1.596e-16 0.0 97.32 0.0
S103965 113.2015 65.8069 2.355e-16 1.765e-16 7.446e-17 0.0 97.4 1.0
S103966 113.1866 65.8082 1.27e-17 2.542e-17 7.78e-17 0.001 97.03 0.0
S103967 113.1947 65.835 7.094e-24 2.096e-23 1.4679999999999998e-22 0.0 96.78 0.0
S103968 112.8651 65.8209 1.65e-16 1.313e-16 6.047e-17 0.0 97.11 1.0
S103969 112.8722 65.8098 5.253e-17 4.429e-17 2.267e-17 0.0 97.09 0.0
S103970 112.8764 65.7912 8.227e-18 8.125e-18 5.721e-18 0.0 97.4 0.0
S103971 112.8674 65.7898 8.948e-16 6.381e-16 2.414e-16 0.0 97.19 0.0
S103972 112.8609 65.7927 1.214e-17 2.099e-17 4.707e-17 0.0 97.4 0.0
S103973 113.195 65.8616 3.095e-17 2.703e-17 1.557e-17 0.0 96.75 0.0
S103974 112.8881 65.7895 5.157e-19 6.342e-19 6.834e-19 0.0 97.33 0.0
S103975 112.8752 65.7625 1.44e-19 1.983e-19 2.796e-19 0.0 97.36 0.0
S103976 112.8835 65.7841 1.607e-17 2.668e-17 5.357e-17 0.0 97.17 0.0
S103977 113.1801 65.862 6.211e-17 4.996e-17 2.302e-17 0.0 96.84 0.0
S103978 112.876 65.7355 2.435e-17 4.356e-17 1.029e-16 0.0 97.52 0.0
S103979 113.172 65.8913 6.269e-13 4.478e-13 1.623e-13 0.0 96.53 0.0
S103980 113.1825 65.9093 1.992e-16 1.511e-16 6.358e-17 0.0 96.48 1.0
S103981 112.8871 65.7253 1.463e-16 1.149e-16 5.16e-17 0.0 97.63 1.0
S103982 112.8732 65.6959 2.127e-21 1.49e-21 5.248999999999999e-22 0.0 97.83 0.0
S103983 112.8887 65.7097 9.094e-18 1.453e-17 2.621e-17 0.0 97.74 0.0
S103984 113.1651 65.9286 4.407e-17 7.41e-17 1.556e-16 0.0 96.19 0.0
S103985 112.9062 65.7173 1.679e-19 2.182e-19 2.66e-19 0.0 97.62 0.0
S103986 112.921 65.7146 2.172e-21 1.514e-21 5.353999999999999e-22 0.0 97.82 0.0
S103987 113.1645 65.9613 1.53e-17 2.694e-17 6.295e-17 0.0 96.03 0.0
S103988 112.9136 65.6974 1.933e-17 3.421e-17 7.933e-17 0.0 97.82 0.0
S103989 113.1341 65.9432 1.382e-21 2.818e-21 9.172e-21 0.0 96.17 0.0
S103990 113.1384 65.9657 3.678e-18 3.921e-18 3.143e-18 0.0 96.02 0.0
S103991 113.1335 65.963 2.982e-17 4.907e-17 9.965e-17 0.0 96.21 0.0
S103992 113.1227 65.963 1.358e-17 1.319e-17 9.124e-18 0.0 96.05 0.0
S103993 112.9496 65.679 3.303e-16 2.606e-16 1.171e-16 0.0 98.07 1.0
S103994 112.9532 65.6745 1.176e-16 9.722e-17 4.675e-17 0.0 98.31 0.0
S103995 112.9499 65.663 1.149e-13 1.474e-13 1.715e-13 0.0 98.14 0.0
S103996 113.099 65.9698 1.933e-21 4.025e-21 1.2970000000000001e-20 0.0 96.17 0.0
S103997 113.1013 65.9883 7.326e-19 9.299e-19 1.105e-18 0.0 95.92 0.0
S103998 113.0849 65.9797 6.765e-19 8.313e-19 8.79e-19 0.0 95.87 0.0
S103999 112.9644 65.6519 5.822e-20 8.769e-20 1.443e-19 0.0 98.1 0.0
S104000 113.0698 65.9878 1.2e-17 2.25e-17 5.803e-17 0.0 95.87 0.0
S104001 112.9899 65.6407 2.029e-15 1.415e-15 4.869e-16 0.0 98.15 0.0
S104002 113.0038 65.6601 5.861e-18 1.023e-17 2.367e-17 0.0 98.14 0.0
S104003 113.0706 66.0053 1.382e-21 2.722e-21 8.038e-21 0.0 95.81 0.0
S104004 113.0091 65.6396 3.832e-23 1.1009999999999999e-22 6.818999999999999e-22 0.0 98.22 0.0
S104005 113.0185 65.6324 1.8220000000000002e-21 3.151e-21 7.113e-21 0.0 98.13 0.0
S104006 113.0488 65.9818 4.556e-23 1.0749999999999999e-22 4.638999999999999e-22 0.0 95.86 0.0
S104007 113.0138 65.6229 6.995e-23 1.8879999999999998e-22 1.124e-21 0.0 98.43 0.0
S104008 113.0184 66.0021 5.363e-17 1.296e-16 5.787e-16 0.0 95.99 1.0
S104009 113.0024 65.9966 1.468e-17 2.219e-17 3.784e-17 0.0 95.96 0.0
S104010 112.9935 65.9982 6.424000000000001e-20 9.420000000000001e-20 1.481e-19 0.0 96.1 0.0
S104011 113.0556 65.6248 1.159e-16 9.607e-17 4.761e-17 0.0 98.26 0.0
S104012 112.9797 66.0197 6.033e-16 4.301e-16 1.549e-16 0.0 96.11 0.0
S104013 113.0854 65.6595 1.744e-17 1.601e-17 9.809e-18 0.0 98.07 0.0
S104014 113.0942 65.6379 2.22e-16 1.681e-16 6.947e-17 0.0 98.23 1.0
S104015 113.0772 65.6625 4.881e-17 8.586e-17 1.945e-16 0.0 98.19 0.0
S104016 113.0977 65.6603 1.64e-19 2.18e-19 2.86e-19 0.0 98.01 0.0
S104017 112.9532 65.9893 4.1229999999999995e-22 9.876999999999999e-22 4.276e-21 0.0 95.9 0.0
S104018 113.1018 65.6362 2.475e-18 2.704e-18 2.364e-18 0.0 98.2 0.0
S104019 112.9504 65.9815 6.78e-18 6.859e-18 5.14e-18 0.0 95.93 1.0
S104020 113.1239 65.6537 3.837e-18 3.955e-18 3.078e-18 0.0 98.09 0.0
S104021 112.9386 65.9752 2.593e-17 2.261e-17 1.236e-17 0.0 96.02 0.0
S104022 113.1426 65.651 1.7510000000000002e-20 2.945e-20 6.388e-20 0.0 98.13 0.0
S104023 112.9237 65.9826 5.248e-17 1.258e-16 5.637e-16 0.0 96.05 1.0
S104024 112.9155 65.9789 1.143e-17 2.019e-17 4.64e-17 0.0 96.1 0.0
S104025 112.9178 65.9661 2.761e-17 4.52e-17 9.169e-17 0.0 96.44 0.0
S104026 113.1526 65.6859 1.174e-16 9.693e-17 4.824e-17 0.0 97.89 0.0
S104027 112.9003 65.9466 4.287e-19 5.616e-19 7.02e-19 0.0 96.14 0.0
S104028 112.8901 65.9508 1.77e-21 3.128e-21 7.17e-21 0.0 96.26 0.0
S104029 113.1669 65.6997 5.41e-18 5.449e-18 3.839e-18 0.0 97.8 0.0
S104030 113.1732 65.704 1.977e-17 1.838e-17 1.161e-17 0.0 97.69 0.0
S104031 113.1907 65.701 1.638e-23 5.1009999999999997e-23 3.9749999999999996e-22 0.0 97.62 0.0
S104032 113.1922 65.7069 1.0309999999999999e-22 2.7589999999999997e-22 1.594e-21 0.0 97.84 0.0
S104033 112.8801 65.9134 3.682e-17 2.985e-17 1.386e-17 0.0 96.22 0.0
S104034 112.8678 65.9155 1.047e-16 1.789e-16 3.787e-16 0.0 96.35 0.0
S104035 112.8739 65.9026 1.863e-17 4.049e-17 1.449e-16 0.0 96.64 0.0
S104036 112.8641 65.8991 2.142e-21 4.265e-21 1.2450000000000001e-20 0.0 96.62 0.0
S104037 113.1846 65.7554 2.954e-21 5.848e-21 1.7720000000000002e-20 0.0 97.64 0.0
