Name Equatorial Polar BlueF GreenF RedF Parallax RadialVelocity Variable?
S027729 114.2907 51.4223 1.114e-23 3.5499999999999996e-23 2.888e-22 0.0 71.53 0.0
S027730 114.2348 51.3219 2.5059999999999997e-22 5.924e-22 2.579e-21 0.0 75.07 0.0
S027731 114.218 51.3746 2.843e-22 6.8e-22 2.902e-21 0.0 73.06 0.0
S027732 114.2004 51.2363 1.581e-22 4.422e-22 2.639e-21 0.0 76.25 0.0
S027733 114.2515 51.327 3.299e-21 6.3310000000000005e-21 1.79e-20 0.0 74.14 0.0
S027734 114.3081 51.4463 1.367e-18 1.537e-18 1.403e-18 0.0 71.41 0.0
S027735 114.1252 51.2631 9.057000000000001e-20 1.333e-19 2.211e-19 0.0 75.06 0.0
S027737 114.2346 51.338 1.839e-24 6.828999999999999e-24 7.474999999999999e-23 0.0 73.67 0.0
S027738 114.1395 51.1686 3.611e-21 7.21e-21 2.1380000000000002e-20 0.0 76.54 0.0
S027739 114.2383 51.284 5.821e-13 4.278e-13 1.67e-13 0.0 75.57 0.0
S027740 114.2602 51.5095 4.4180000000000007e-20 7.193000000000001e-20 1.465e-19 0.0 71.79 0.0
S027741 114.2813 51.3729 2.661e-17 4.902e-17 1.237e-16 0.0 72.84 0.0
S027742 114.2996 51.3796 1.5650000000000001e-21 3.057e-21 8.961e-21 0.0 72.54 0.0
S027743 114.2305 51.3035 2.074e-21 4.318e-21 1.391e-20 0.0 75.57 0.0
S027744 114.2586 51.341 3.534e-22 8.537999999999999e-22 3.793e-21 0.0 73.4 0.0
S027745 114.1926 51.2944 1.736e-21 3.794e-21 1.384e-20 0.0 74.9 0.0
S027746 114.2364 51.3336 2.8599999999999995e-22 5.746e-22 1.749e-21 0.0 74.43 0.0
S027747 114.2324 51.325 4.697999999999999e-22 1.063e-21 4.005e-21 0.0 74.55 0.0
S027748 114.2246 51.2747 1.129e-22 2.8459999999999996e-22 1.426e-21 0.0 76.1 0.0
S027749 114.2455 51.3297 5.158e-18 5.102e-18 3.613e-18 0.0 75.16 0.0
S027750 114.2554 51.2923 1.107e-19 1.636e-19 2.604e-19 0.0 74.71 0.0
S027751 114.2546 51.4037 1.809e-19 2.641e-19 4.157e-19 0.0 71.49 0.0
S027752 114.1746 51.2237 4.8079999999999996e-23 1.3899999999999998e-22 9.101999999999999e-22 0.0 76.33 0.0
S027753 114.2691 51.4215 4.7720000000000005e-20 7.342e-20 1.286e-19 0.0 71.35 1.0
S027754 114.2145 51.3362 5.3910000000000004e-21 9.791e-21 2.4680000000000003e-20 0.0 74.12 0.0
S027755 114.2203 51.2918 3.195e-20 5.3530000000000004e-20 1.144e-19 0.0 75.84 0.0
S027756 114.2352 51.329 7.916999999999999e-22 1.855e-21 8.097e-21 0.0 74.88 0.0
S027757 114.2265 51.223 1.253e-17 2.195e-17 5.146e-17 0.0 76.15 0.0
S027758 114.2433 51.3441 2.255e-19 3.019e-19 3.94e-19 0.0 72.71 0.0
S027759 114.2423 51.3425 3.7479999999999998e-22 9.396999999999999e-22 4.427e-21 0.0 73.08 0.0
S027760 114.2555 51.3523 1.243e-21 2.628e-21 8.913e-21 0.0 73.04 0.0
S027761 114.1922 51.2446 1.181e-21 2.616e-21 9.376e-21 0.0 76.28 0.0
S027762 114.2571 51.3606 1.24e-19 1.833e-19 2.879e-19 0.0 72.29 0.0
S027763 114.2549 51.3403 4.392e-21 3.057e-21 1.028e-21 0.0 72.73 0.0
S027764 114.2501 51.3402 1.4459999999999998e-22 3.8439999999999997e-22 2.1010000000000002e-21 0.0 72.72 1.0
S027765 114.2095 51.3361 1.138e-19 1.557e-19 2.191e-19 0.0 74.13 0.0
S027766 114.2315 51.3228 1.041e-24 4.006e-24 4.8439999999999997e-23 0.0 75.09 0.0
S027767 114.2942 51.4801 1.276e-22 2.94e-22 1.247e-21 0.0 71.21 0.0
S027768 114.2471 51.3544 5.544000000000001e-20 8.529000000000001e-20 1.5e-19 0.0 72.67 0.0
S027769 114.1472 51.292 4.197e-20 6.372000000000001e-20 1.087e-19 0.0 74.63 0.0
S027770 114.2302 51.3457 4.0049999999999996e-22 9.965999999999999e-22 4.967e-21 0.0 73.46 0.0
S027772 114.2735 51.3737 5.1e-18 5.28e-18 3.942e-18 0.001 71.8 0.0
S027773 114.2449 51.3298 3.96e-21 7.85e-21 2.312e-20 0.0 75.21 0.0
S027774 114.2769 51.3335 4.652999999999999e-22 1.108e-21 4.8090000000000004e-21 0.0 73.72 0.0
S027775 114.3235 51.464 3.849e-18 3.902e-18 2.948e-18 0.0 71.7 0.0
S027776 114.2743 51.3496 1.375e-19 2.007e-19 3.204e-19 0.0 73.28 0.0
S027777 114.2818 51.3106 9.003e-22 1.982e-21 7.456e-21 0.0 74.08 0.0
S027779 114.244 51.4119 7.865e-19 1.012e-18 1.249e-18 0.0 71.88 0.0
S027780 114.2263 51.3094 9.296e-19 1.136e-18 1.231e-18 0.0 75.38 0.0
S027781 114.2377 51.3354 2.2500000000000002e-21 4.032e-21 9.842e-21 0.0 74.34 0.0
S027782 114.2739 51.396 4.011e-21 2.79e-21 9.593e-22 0.0 71.59 0.0
S027783 114.2464 51.4659 8.227000000000001e-21 1.4680000000000002e-20 3.5770000000000005e-20 0.0 71.91 0.0
S027784 114.2466 51.2858 1.089e-19 1.486e-19 2.087e-19 0.0 74.91 0.0
S027785 114.2279 51.3275 5.653e-17 4.743e-17 2.461e-17 0.0 74.51 0.0
S027786 114.1285 51.1229 2.6669999999999995e-22 5.6529999999999995e-22 1.9230000000000002e-21 0.0 76.66 0.0
S027787 114.2465 51.3771 1.811e-22 4.629e-22 2.399e-21 0.0 72.0 0.0
S027788 114.1518 51.2286 3.8939999999999996e-22 7.605999999999999e-22 2.184e-21 0.0 75.94 0.0
S027789 114.2554 51.3727 7.841999999999999e-23 2.0099999999999998e-22 9.813999999999999e-22 0.0 72.01 0.0
S027790 114.2609 51.3379 6.593e-20 1.034e-19 1.912e-19 0.0 73.51 0.0
S027791 114.263 51.2877 5.445e-20 7.995e-20 1.302e-19 0.0 74.98 0.0
S027792 114.2089 51.2174 8.277999999999999e-22 1.9290000000000002e-21 8.209e-21 0.0 76.38 0.0
S027793 114.301 51.4596 2.613e-21 5.345e-21 1.69e-20 0.0 71.18 0.0
S027794 114.2542 51.3785 2.05e-18 2.224e-18 1.947e-18 0.0 71.97 0.0
S027795 114.1462 51.219 2.298e-21 4.481e-21 1.263e-20 0.0 75.96 0.0
S027796 114.2384 51.3383 9.78e-23 2.4899999999999996e-22 1.237e-21 0.0 73.13 0.0
S027797 114.2186 51.3061 4.046e-22 9.123e-22 3.388e-21 0.0 75.6 0.0
S027798 114.2379 51.3373 2.73e-17 2.389e-17 1.382e-17 0.0 73.77 0.0
S027799 114.2255 51.2562 2.111e-18 2.338e-18 2.127e-18 0.0 76.28 1.0
S027800 114.1997 51.3209 1.061e-20 1.818e-20 4.0830000000000004e-20 0.0 74.73 0.0
S027801 114.2262 51.277 1.088e-12 9.413e-13 5.073e-13 0.0 75.6 1.0
S027802 114.2021 51.2394 6.301e-13 6.646e-13 5.376e-13 0.0 76.4 1.0
S027803 114.245 51.3227 1.111e-21 2.2380000000000002e-21 6.981e-21 0.001 74.75 0.0
S027804 114.1846 51.3341 2.02e-18 2.112e-18 1.74e-18 0.0 74.22 0.0
S027805 114.2163 51.3794 6.098e-17 5.2e-17 2.745e-17 0.0 73.14 0.0
S027806 114.2849 51.4609 3.103e-24 1.1889999999999999e-23 1.3749999999999998e-22 0.0 71.38 0.0
S027807 114.2033 51.1577 1.289e-16 3.285e-16 1.646e-15 0.0 76.18 1.0
S027808 114.2495 51.3439 1.075e-17 1.031e-17 6.912e-18 0.0 73.31 0.0
S027809 114.2473 51.4101 1.1750000000000001e-25 6.766e-25 1.849e-23 0.0 71.92 0.0
S027810 114.2854 51.3747 2.413e-19 3.332e-19 4.461e-19 0.0 72.2 0.0
S027811 114.2818 51.3388 1.473e-21 3.1950000000000002e-21 1.163e-20 0.0 73.52 0.0
S027812 114.2688 51.3617 5.8900000000000004e-21 1.1290000000000001e-20 3.147e-20 0.0 72.55 0.0
S027813 114.2214 51.3771 5.382e-23 1.441e-22 8.201999999999999e-22 0.0 73.21 0.0
S027814 114.208 51.3096 1.192e-21 2.807e-21 1.163e-20 0.0 74.97 0.0
S027815 114.2239 51.3281 4.628e-17 3.98e-17 2.135e-17 0.0 74.58 0.0
S027816 114.2511 51.3188 1.958e-18 2.122e-18 1.809e-18 0.0 74.55 0.0
S027817 114.2594 51.3282 5.631999999999999e-22 1.259e-21 4.815e-21 0.0 73.96 0.0
S027818 114.2588 51.3587 1.318e-16 1.038e-16 4.614e-17 0.0 72.32 0.0
S027819 114.2018 51.278 4.129e-17 7.721e-17 2.04e-16 0.0 75.98 0.0
S027820 114.2275 51.3138 2.988e-18 3.285e-18 2.865e-18 0.0 74.86 0.0
S027821 114.2384 51.3419 3.581e-20 6.387e-20 1.51e-19 0.0 72.79 0.0
S027822 114.2325 51.3209 3.675e-21 6.807e-21 1.76e-20 0.0 75.06 0.0
S027823 114.2387 51.3215 7.567e-13 8.056e-13 6.754e-13 0.0 74.96 1.0
S027824 114.243 51.3577 1.102e-21 2.5230000000000002e-21 1.0340000000000001e-20 0.0 72.37 0.0
S027825 114.2018 51.2792 4.0340000000000004e-20 6.121e-20 1.041e-19 0.0 75.39 0.0
S027826 114.2124 51.3173 1.139e-16 2.454e-16 8.817e-16 0.0 74.92 1.0
S027827 114.2735 51.3396 6.856e-20 1.011e-19 1.698e-19 0.0 73.41 0.0
S027828 114.2386 51.3528 7.150999999999999e-22 1.652e-21 6.63e-21 0.0 73.26 0.0
S027829 114.2305 51.3434 5.2960000000000006e-20 8.070000000000001e-20 1.39e-19 0.0 73.72 0.0
S027830 114.2302 51.3365 2.395e-24 9.483e-24 1.1789999999999999e-22 0.0 74.29 0.0
S027831 114.2248 51.3455 7.987e-21 1.498e-20 3.9220000000000006e-20 0.0 73.6 0.0
S027832 114.2447 51.3204 1.057e-19 1.483e-19 2.108e-19 0.0 74.75 0.0
S027833 114.2315 51.3448 8.9e-20 1.336e-19 2.294e-19 0.0 73.5 0.0
S027834 114.2386 51.3439 5.895e-18 5.915e-18 4.459e-18 0.0 72.72 0.0
S027835 114.2386 51.3896 5.987999999999999e-22 1.436e-21 6.308e-21 0.0 72.15 0.0
S027836 114.3247 51.4206 1.806e-17 1.588e-17 8.987e-18 0.0 72.37 0.0
S027837 114.255 51.3321 1.59e-21 3.336e-21 1.161e-20 0.0 73.72 0.0
S027838 114.2377 51.3369 5.24e-21 9.361e-21 2.2340000000000003e-20 0.0 72.66 0.0
S027839 114.2295 51.3034 2.924e-22 6.874e-22 2.9510000000000002e-21 0.0 75.63 0.0
S027840 114.2652 51.4549 4.106e-21 7.924e-21 2.308e-20 0.0 71.64 0.0
S027841 114.3061 51.437 1.546e-20 2.598e-20 5.3570000000000007e-20 0.0 71.34 0.0
S027842 114.2611 51.4027 7.632e-19 9.681e-19 1.165e-18 0.0 71.76 0.0
S027843 114.241 51.3452 1.0620000000000001e-20 1.9450000000000002e-20 4.913e-20 0.0 73.2 0.0
S027845 114.3058 51.4663 8.236e-18 8.34e-18 6.103e-18 0.0 71.16 0.0
S027846 114.2456 51.339 3.006e-19 4.018e-19 5.204e-19 0.0 73.43 0.0
S027847 114.2577 51.3766 1.79e-23 5.469e-23 3.9069999999999995e-22 0.0 71.91 0.0
S027848 114.2101 51.3134 6.261e-13 4.249e-13 1.445e-13 0.0 75.05 0.0
S027849 114.241 51.3169 2.0579999999999998e-22 4.501e-22 1.675e-21 0.0 74.73 0.0
S027850 114.2426 51.3593 1.0049999999999999e-22 2.604e-22 1.383e-21 0.0 72.99 0.0
S027851 114.2597 51.3227 1.24e-22 3.512e-22 2.176e-21 0.0 74.21 0.0
S027852 114.2437 51.3285 1.7609999999999998e-22 4.379e-22 2.115e-21 0.0 74.17 0.0
S027853 114.2382 51.3397 6.126999999999999e-22 1.429e-21 6.094e-21 0.0 72.64 0.0
S027854 114.2853 51.4372 3.281e-23 9.53e-23 6.532e-22 0.0 71.37 0.0
S027855 114.2378 51.3678 9.274e-21 1.808e-20 5.1510000000000006e-20 0.0 73.08 0.0
S027856 114.2357 51.3375 2.832e-18 3.078e-18 2.659e-18 0.0 72.56 0.0
S027857 114.2102 51.2906 1.656e-21 3.618e-21 1.3380000000000001e-20 0.0 75.71 0.0
S027858 114.23 51.3408 5.385e-19 6.304e-19 6.564e-19 0.0 73.65 0.0
S027859 114.2328 51.3103 3.034e-23 9.485e-23 7.400999999999999e-22 0.0 75.45 0.0
S027860 114.2246 51.312 8.426999999999999e-22 1.869e-21 6.821e-21 0.0 75.52 0.0
S027861 114.2191 51.3103 7.737e-19 9.279e-19 9.89e-19 0.0 75.18 0.0
S027862 114.2509 51.38 1.027e-17 1.053e-17 8.081e-18 0.0 71.88 0.0
S027863 114.2477 51.3421 3.2910000000000003e-25 1.633e-24 3.241e-23 0.0 73.29 0.0
S027864 114.2172 51.2449 8.466e-18 9.259e-18 7.937e-18 0.0 76.21 0.0
S027865 114.2074 51.1997 1.148e-23 3.704e-23 3.0529999999999995e-22 0.0 76.31 0.0
S027866 114.3044 51.4433 2.935e-17 2.702e-17 1.643e-17 0.0 71.23 0.0
S027867 114.2173 51.3016 4.644e-19 5.669e-19 6.208e-19 0.0 75.74 0.0
S027868 114.2449 51.3355 6.978e-24 2.241e-23 1.7809999999999999e-22 0.0 73.57 0.0
S027869 114.2581 51.3538 2.6969999999999995e-22 6.942999999999999e-22 3.554e-21 0.0 72.53 0.0
S027870 114.3421 51.5523 7.636e-21 1.4860000000000002e-20 4.057e-20 0.0 70.88 0.0
S027871 114.2527 51.3668 8.846e-23 2.515e-22 1.61e-21 0.0 72.43 0.0
S027872 114.1925 51.2935 1.045e-19 1.529e-19 2.412e-19 0.0 75.01 0.0
S027873 114.1876 51.341 4.276e-22 1.008e-21 4.303e-21 0.0 74.01 0.0
S027874 114.2508 51.3263 4.663e-18 4.672e-18 3.311e-18 0.0 75.0 0.0
S027875 114.2376 51.3454 4.972e-24 1.6e-23 1.3409999999999998e-22 0.0 73.16 0.0
S027877 114.2279 51.3403 1.287e-19 1.874e-19 2.93e-19 0.0 73.79 0.0
S027878 114.2665 51.4066 3.335e-23 9.092e-23 5.27e-22 0.0 71.46 0.0
S027879 114.2324 51.2986 4.817e-19 6.263e-19 8.018e-19 0.0 75.6 0.0
S027880 114.2192 51.26 8.924e-21 1.6850000000000003e-20 4.4550000000000004e-20 0.0 76.08 0.0
S027881 114.2755 51.3706 9.892000000000001e-20 1.499e-19 2.509e-19 0.0 72.34 0.0
S027882 114.302 51.421 1.2410000000000001e-21 2.663e-21 9.382e-21 0.0 71.52 0.0
S027883 114.2606 51.3227 3.039e-18 3.284e-18 2.667e-18 0.0 74.29 0.0
S027884 114.2894 51.4143 7.396e-19 9.537e-19 1.162e-18 0.0 71.55 0.0
S027885 114.1802 51.2414 2.836e-23 9.002e-23 7.348e-22 0.0 76.31 0.0
S027886 114.2637 51.3932 6.775e-23 1.7769999999999999e-22 9.641999999999999e-22 0.0 71.73 0.0
S027887 114.3653 51.3856 4.451e-24 1.755e-23 2.296e-22 0.0 73.28 0.0
S027888 114.1991 51.4038 5.863000000000001e-20 8.869e-20 1.451e-19 0.0 73.14 0.0
S027889 114.2221 51.3106 6.304999999999999e-22 1.411e-21 5.317e-21 0.0 75.1 0.0
S027890 114.2493 51.3545 1.01e-19 1.433e-19 2.105e-19 0.0 72.7 0.0
S027891 114.2259 51.334 2.784e-22 7.178999999999999e-22 3.702e-21 0.0 75.2 0.0
S027892 114.2183 51.2072 3.9889999999999995e-22 8.7e-22 3.1240000000000002e-21 0.0 75.98 0.0
S027893 114.2209 51.42 6.77e-23 1.9799999999999998e-22 1.352e-21 0.0 72.8 0.0
S027894 114.3245 51.4048 3.164e-23 8.864e-23 5.507e-22 0.0 72.47 0.0
S027895 114.2475 51.3353 9.193000000000001e-20 1.29e-19 1.895e-19 0.0 73.71 0.0
S027896 114.2472 51.3358 3.93e-21 2.688e-21 9.274999999999998e-22 0.0 72.69 0.0
S027897 114.2467 51.3416 3.9149999999999995e-22 9.357e-22 4.053e-21 0.0 72.98 0.0
S027898 114.3592 51.5475 5.14e-17 4.558e-17 2.532e-17 0.0 71.03 0.0
S027899 114.2358 51.3691 3.665e-21 2.517e-21 8.711999999999998e-22 0.0 72.25 0.0
S027900 114.22 51.3438 4.278e-21 2.924e-21 9.790999999999999e-22 0.001 73.77 0.0
S027901 114.1987 51.2311 1.027e-23 2.994e-23 2.0369999999999999e-22 0.0 76.39 0.0
S027902 114.3122 51.4066 6.772e-22 1.454e-21 5.036e-21 0.0 72.04 0.0
S027903 114.2085 51.3846 1.7e-19 2.457e-19 3.688e-19 0.0 73.17 0.0
S027904 114.303 51.2079 2.6759999999999996e-23 8.873999999999999e-23 7.581999999999999e-22 0.0 74.79 0.0
S027905 114.1387 51.1065 3.927e-18 4.204e-18 3.407e-18 0.0 76.79 0.0
S027906 114.2642 51.3489 4.563e-17 9.378e-17 3.022e-16 0.0 72.83 0.0
S027907 114.1897 51.2805 4.082e-23 1.176e-22 7.7329999999999995e-22 0.0 75.76 0.0
S027908 114.2254 51.3505 1.435e-21 3.097e-21 1.061e-20 0.0 73.44 0.0
S027909 114.2419 51.3542 2.5660000000000002e-20 4.527e-20 1.043e-19 0.0 72.45 1.0
S027910 114.1622 51.1976 6.368e-18 1.233e-17 3.517e-17 0.0 76.52 0.0
S027911 114.1444 51.1067 3.422e-21 2.373e-21 8.345e-22 0.0 76.69 0.0
S027912 114.2192 51.3235 3.759e-17 3.432e-17 2.064e-17 0.0 74.82 0.0
S027913 114.263 51.4063 8.997e-17 7.329e-17 3.514e-17 0.0 71.5 0.0
S027914 114.3026 51.4702 7.031e-17 5.743e-17 2.825e-17 0.0 71.24 0.0
S027915 114.2338 51.2496 2.754e-22 6.432999999999999e-22 2.709e-21 0.0 75.58 0.0
S027916 114.1529 51.182 4.808e-19 6.563e-19 8.974e-19 0.0 76.35 0.0
S027917 114.2845 51.3762 2.2619999999999998e-22 5.961999999999999e-22 3.258e-21 0.0 72.29 0.0
S027918 114.2986 51.4872 2.312e-21 4.9870000000000004e-21 1.7580000000000002e-20 0.0 71.1 0.0
S027919 114.2452 51.3115 3.353e-21 6.624e-21 1.9070000000000002e-20 0.0 74.68 0.0
S027920 114.2433 51.3195 2.301e-19 2.786e-19 3.001e-19 0.0 74.48 0.0
S027921 114.1189 51.2016 3.249e-21 2.301e-21 8.156999999999999e-22 0.0 75.55 0.0
S027922 114.2541 51.3114 8.191e-20 1.175e-19 1.85e-19 0.0 75.51 0.0
S027923 114.2184 51.2774 4.7870000000000004e-20 7.505000000000001e-20 1.384e-19 0.0 75.67 0.0
S027924 114.2341 51.3119 3.929e-23 1.091e-22 6.525999999999999e-22 0.0 75.28 0.0
S027926 114.2161 51.2287 6.402e-18 6.423e-18 4.546e-18 0.0 75.74 0.0
S027927 114.2115 51.3567 4.5160000000000005e-20 7.05e-20 1.265e-19 0.0 73.6 0.0
S027928 114.2094 51.2904 4.544e-22 1.209e-21 6.682e-21 0.0 75.87 0.0
S027929 114.2822 51.3326 2.4169999999999998e-23 7.476e-23 5.625e-22 0.0 73.65 0.0
S027930 114.2276 51.3387 5.073e-23 1.436e-22 9.069999999999999e-22 0.0 74.26 0.0
S027931 114.2509 51.3326 1.774e-18 2.076e-18 2.117e-18 0.0 73.89 0.0
S027932 114.2063 51.3832 4.4409999999999997e-23 1.2199999999999999e-22 7.224999999999999e-22 0.0 73.14 0.0
S027933 114.2573 51.4461 1.288e-21 2.603e-21 8.083e-21 0.0 71.96 0.0
S027934 114.2265 51.3238 1.087e-20 1.97e-20 4.7580000000000005e-20 0.0 74.81 0.0
S027935 114.2445 51.3458 3.25e-21 2.31e-21 8.046e-22 0.0 72.56 0.0
S027936 114.2031 51.2683 3.247e-17 6.414e-17 1.862e-16 0.0 76.3 0.0
S027937 114.2065 51.3008 1.048e-19 1.537e-19 2.412e-19 0.0 75.76 0.0
S027938 114.2228 51.3193 2.468e-21 5.147e-21 1.7380000000000002e-20 0.0 75.35 0.0
S027939 114.2806 51.4684 2.4940000000000002e-20 4.1780000000000005e-20 8.564000000000001e-20 0.0 71.52 0.0
S027940 114.2417 51.3596 4.875e-23 1.3229999999999998e-22 7.416999999999999e-22 0.0 72.29 0.0
S027941 114.2649 51.3458 5.788e-21 1.0770000000000002e-20 2.897e-20 0.0 73.12 0.0
S027942 114.1808 51.2247 1.073e-21 2.279e-21 7.728e-21 0.0 76.33 0.0
S027943 114.2487 51.3337 7.529e-18 7.431e-18 5.244e-18 0.0 72.55 0.0
S027944 114.2895 51.3587 1.368e-17 1.337e-17 9.285e-18 0.0 73.19 0.0
S027945 114.1753 51.2333 1.035e-23 3.174e-23 2.3129999999999997e-22 0.0 76.36 0.0
S027946 114.2926 51.4805 2.5760000000000003e-26 1.557e-25 4.65e-24 0.001 71.25 0.0
S027947 114.2382 51.3325 1.898e-18 2.099e-18 1.945e-18 0.0 74.43 0.0
S027948 114.2646 51.3811 6.172e-20 9.59e-20 1.744e-19 0.0 71.79 0.0
S027949 114.2029 51.2725 1.066e-21 2.365e-21 8.895e-21 0.0 75.79 0.0
S027950 114.236 51.3037 1.027e-21 2.252e-21 8.241e-21 0.0 75.19 0.0
S027951 114.2172 51.2979 6.164e-17 1.041e-16 2.141e-16 0.0 75.66 0.0
S027952 114.2337 51.3387 8.297e-17 1.405e-16 2.93e-16 0.0 73.18 0.0
S027953 114.2554 51.3555 4.391e-21 8.982e-21 2.933e-20 0.0 72.77 0.0
S027954 114.2242 51.2422 7.645e-21 1.4410000000000002e-20 3.7520000000000003e-20 0.0 75.65 0.0
S027955 114.2956 51.391 2.188e-17 4.042e-17 9.973e-17 0.0 72.41 0.0
S027956 114.2789 51.4777 3.2e-19 4.403e-19 5.881e-19 0.0 71.68 0.0
S027957 114.2378 51.3368 2.575e-23 7.393e-23 4.593999999999999e-22 0.0 73.01 0.0
S027958 114.2598 51.3379 5.810999999999999e-23 1.671e-22 1.063e-21 0.0 73.17 0.0
S027959 114.2329 51.3411 4.9e-24 1.664e-23 1.577e-22 0.0 73.69 0.0
S027960 114.2915 51.4345 4.364e-19 5.729e-19 7.159e-19 0.0 71.39 0.0
S027961 114.2503 51.3212 3.496e-23 1.0159999999999999e-22 7.055e-22 0.0 75.16 0.0
S027962 114.1373 51.1679 4.2289999999999996e-22 1.085e-21 5.721e-21 0.0 76.66 0.0
S027963 114.2378 51.3458 5.849e-20 8.990000000000001e-20 1.557e-19 0.0 73.12 0.0
S027964 114.2415 51.3236 2.283e-21 5.0460000000000004e-21 1.9170000000000002e-20 0.0 75.16 0.0
S027965 114.2487 51.2094 4.168e-19 5.193e-19 6.19e-19 0.0 75.29 0.0
S027966 114.232 51.2586 2.134e-19 2.934e-19 4.248e-19 0.0 75.69 0.0
S027967 114.2592 51.4518 9.769e-19 1.073e-18 9.381e-19 0.0 71.8 0.0
S027968 114.2931 51.3316 1.8029999999999999e-22 4.552999999999999e-22 2.241e-21 0.0 73.66 0.0
S027970 114.1787 51.2448 5.989999999999999e-22 1.364e-21 5.466e-21 0.0 75.75 0.0
S027971 114.2195 51.3321 5.533e-19 6.945e-19 7.849e-19 0.0 74.4 0.0
S027972 114.2972 51.3888 1.593e-17 1.521e-17 1.015e-17 0.0 72.3 0.0
S027973 114.2169 51.3704 2.5820000000000003e-20 4.252e-20 8.560000000000001e-20 0.0 73.32 0.0
S027974 114.2505 51.3905 2.764e-25 1.425e-24 3.148e-23 0.0 72.27 0.0
S027975 114.2021 51.2631 2.333e-22 4.715999999999999e-22 1.487e-21 0.0 75.99 0.0
S027976 114.2385 51.3548 1.792e-19 2.573e-19 3.848e-19 0.0 72.56 0.0
S027977 114.2455 51.3623 1.088e-21 2.441e-21 9.44e-21 0.0 72.21 0.0
S027978 114.2302 51.2695 2.124e-23 6.845e-23 5.840999999999999e-22 0.0 75.42 0.0
S027979 114.2178 51.3344 4.9530000000000004e-20 7.885e-20 1.527e-19 0.0 75.32 0.0
S027980 114.233 51.3374 4.382e-20 6.736e-20 1.124e-19 0.0 74.42 0.0
S027981 114.2091 51.2961 1.081e-22 3.0119999999999997e-22 1.873e-21 0.0 75.94 0.0
S027982 114.1595 51.2009 1.245e-19 1.67e-19 2.22e-19 0.001 76.46 0.0
S027983 114.2425 51.2912 2.0949999999999998e-22 4.9849999999999995e-22 2.202e-21 0.0 75.02 0.0
S027984 114.291 51.3787 4.91e-23 1.2869999999999999e-22 6.712e-22 0.0 72.58 0.0
S027985 114.2694 51.3857 2.767e-20 5.004e-20 1.207e-19 0.0 71.79 0.0
S027986 114.2174 51.3692 5.512e-19 6.649e-19 7.128e-19 0.0 73.32 0.0
S027987 114.2347 51.3382 1.76e-18 2.034e-18 2.02e-18 0.0 73.72 0.0
S027988 114.2833 51.3782 3.844e-21 2.6300000000000002e-21 9.153e-22 0.0 72.08 0.0
S027989 114.255 51.3374 1.2080000000000002e-20 2.1350000000000002e-20 5.0640000000000003e-20 0.0 73.14 0.0
S027990 114.2372 51.3212 3.571e-23 1.095e-22 8.245999999999999e-22 0.0 74.54 0.0
S027991 114.208 51.3492 7.512999999999999e-23 1.9849999999999999e-22 1.1e-21 0.0 73.57 0.0
S027992 114.2625 51.3479 4.236999999999999e-22 1.087e-21 5.626e-21 0.0 73.34 0.0
S027993 114.2679 51.4169 3.383e-18 3.631e-18 3.105e-18 0.0 71.44 0.0
S027994 114.2629 51.3598 8.173e-23 2.0239999999999997e-22 9.679e-22 0.0 72.38 0.0
S027995 114.2867 51.447 3.617e-17 3.129e-17 1.717e-17 0.0 71.51 0.0
S027996 114.2286 51.3297 9.692999999999998e-22 2.088e-21 7.171e-21 0.0 74.35 0.0
S027997 114.242 51.3426 2.759e-23 7.934999999999999e-23 5.21e-22 0.0 72.97 0.0
S027998 114.291 51.5317 3.9149999999999995e-22 8.96e-22 3.605e-21 0.0 71.52 0.0
S027999 114.2308 51.334 3.7179999999999997e-22 8.838999999999999e-22 3.897e-21 0.0 74.16 0.0
S028000 114.1952 51.2579 8.399999999999999e-22 1.805e-21 6.467e-21 0.0 75.6 0.0
S028001 114.2479 51.3877 3.799e-23 1.1379999999999998e-22 8.314e-22 0.0 71.74 0.0
S028002 114.2832 51.3456 3.36e-19 4.283e-19 5.077e-19 0.0 73.38 0.0
S028003 114.2395 51.3103 1.6480000000000001e-21 3.395e-21 1.094e-20 0.001 75.35 0.0
S028004 114.2312 51.3379 1.063e-16 8.984e-17 4.511e-17 0.0 74.26 0.0
S028005 114.2194 51.3289 5.987e-18 6.134e-18 4.754e-18 0.0 74.85 0.0
S028006 114.2109 51.2616 1.279e-21 2.846e-21 1.068e-20 0.0 76.26 0.0
S028007 114.2177 51.2336 1.616e-17 2.896e-17 7.129e-17 0.0 75.79 0.0
S028008 114.2408 51.3687 3.847e-17 3.389e-17 1.9e-17 0.0 72.41 0.0
S028009 114.2087 51.2897 3.463e-18 3.655e-18 3.016e-18 0.0 75.95 0.0
S028010 114.2471 51.3454 1.385e-21 2.95e-21 1.0340000000000001e-20 0.0 73.34 0.0
S028011 114.2034 51.3141 1.409e-19 2.048e-19 3.132e-19 0.0 74.86 0.0
S028012 114.251 51.3708 4.4899999999999997e-23 1.1829999999999999e-22 6.329999999999999e-22 0.0 72.5 0.0
S028013 114.2221 51.3644 1.014e-21 2.284e-21 9.043e-21 0.0 73.2 0.0
S028014 114.2423 51.3081 7.033e-17 5.824e-17 2.866e-17 0.0 75.48 0.0
S028015 114.2539 51.3303 1.319e-17 1.344e-17 1.008e-17 0.0 73.96 0.0
S028016 114.2092 51.3229 1.4230000000000002e-20 2.3780000000000003e-20 5.0560000000000004e-20 0.0 74.42 0.0
S028017 114.2683 51.3478 5.317e-19 6.566e-19 7.129e-19 0.0 73.15 0.0
S028018 114.2255 51.3491 1.308e-24 5.537e-24 7.862e-23 0.0 72.98 0.0
S028019 114.2115 51.3218 5.545999999999999e-22 1.26e-21 5.1650000000000004e-21 0.0 74.54 0.0
S028020 114.257 51.3821 3.856e-18 4.137e-18 3.45e-18 0.0 71.82 0.0
S028021 114.3091 51.481 2.579e-19 3.34e-19 4.278e-19 0.0 71.13 0.0
S028022 114.3743 51.5182 6.675e-24 2.341e-23 2.323e-22 0.0 71.48 0.0
S028023 114.2377 51.3362 9.240999999999999e-27 6.515000000000001e-26 2.704e-24 0.0 74.12 0.0
S028024 114.2068 51.1573 1.1070000000000001e-21 2.324e-21 7.735e-21 0.0 76.08 0.0
S028025 114.3552 51.5297 2.2889999999999996e-22 5.435e-22 2.384e-21 0.0 71.12 0.0
S028026 114.2305 51.2894 3.388e-21 7.004e-21 2.2780000000000003e-20 0.0 75.89 0.0
S028027 114.2248 51.4549 2.6729999999999997e-23 8.323e-23 6.428e-22 0.0 72.68 0.0
S028028 114.2565 51.3611 1.284e-22 2.8929999999999997e-22 1.133e-21 0.0 72.22 0.0
S028029 114.2494 51.3244 3.475e-22 8.689999999999999e-22 4.205e-21 0.0 74.91 0.0
S028030 114.2132 51.3578 3.236e-17 2.822e-17 1.558e-17 0.0 73.53 0.0
S028031 114.2172 51.3383 3.368e-19 4.5e-19 6.135e-19 0.0 73.92 0.0
S028032 114.2549 51.3018 7.894999999999999e-22 1.741e-21 6.221e-21 0.0 74.84 0.0
S028033 114.2275 51.3429 2.618e-23 7.908999999999999e-23 5.838e-22 0.0 73.66 0.0
S028034 114.2861 51.4035 5.746e-18 5.994e-18 4.631e-18 0.0 71.61 0.0
S028035 114.2535 51.2641 3.405e-21 6.6630000000000004e-21 1.973e-20 0.0 75.02 0.0
S028036 114.23 51.2739 1.4330000000000003e-20 2.5370000000000003e-20 6.015000000000001e-20 0.0 76.04 0.0
S028038 114.2293 51.3377 1.805e-19 2.478e-19 3.518e-19 0.0 74.33 0.0
S028039 114.2055 51.2797 1.5569999999999998e-22 3.793e-22 1.737e-21 0.0 76.09 0.0
S028040 114.2335 51.3584 8.57e-21 1.4510000000000002e-20 3.152e-20 0.0 73.03 0.0
S028041 114.2859 51.4129 4.249e-21 8.393000000000001e-21 2.5440000000000003e-20 0.0 71.72 0.0
S028042 114.2737 51.3314 4.193e-21 7.706e-21 1.9860000000000002e-20 0.0 73.77 0.0
S028043 114.1034 51.2645 2.746e-21 5.382e-21 1.5130000000000002e-20 0.0 74.85 0.0
S028044 114.247 51.3485 1.48e-23 4.189e-23 2.5709999999999996e-22 0.0 72.71 0.0
S028045 114.2141 51.3279 1.8329999999999999e-22 4.7169999999999995e-22 2.3690000000000002e-21 0.001 74.98 0.0
S028046 114.2532 51.2748 8.594e-25 3.568e-24 4.9349999999999997e-23 0.0 75.07 0.0
S028047 114.2257 51.2619 4.722e-18 5.038e-18 4.126e-18 0.0 76.26 0.0
S028048 114.2628 51.3721 1.621e-20 2.6920000000000004e-20 5.704e-20 0.0 72.01 0.0
S028049 114.2959 51.3232 1.209e-18 1.416e-18 1.458e-18 0.0 73.81 0.0
S028050 114.2864 51.3171 3.126e-18 3.449e-18 2.977e-18 0.0 73.98 0.0
S028051 114.2205 51.298 1.397e-23 4.4499999999999995e-23 3.5309999999999997e-22 0.0 75.71 0.0
S028052 114.2206 51.2889 1.1250000000000001e-21 2.233e-21 6.623e-21 0.0 75.84 0.0
S028053 114.2433 51.3229 5.812e-19 7.162e-19 7.864e-19 0.0 74.88 0.0
S028054 114.1559 51.2981 7.566999999999999e-22 1.887e-21 8.993e-21 0.0 74.61 0.0
S028055 114.2417 51.2709 2.0399999999999998e-23 6.246e-23 4.75e-22 0.0 75.23 0.0
S028056 114.1908 51.3352 1.517e-19 2.016e-19 2.659e-19 0.0 74.12 0.0
S028057 114.2618 51.3224 5.412e-24 1.823e-23 1.6229999999999997e-22 0.0 74.75 0.0
S028058 114.261 51.28 9.101e-17 7.301e-17 3.31e-17 0.0 75.68 0.0
S028059 114.2445 51.3932 2.342e-17 3.927e-17 8.216e-17 0.0 71.7 0.0
S028060 114.3098 51.3985 2.278e-21 4.588e-21 1.401e-20 0.0 71.44 0.0
S028061 114.1692 51.3856 2.199e-21 1.607e-21 6.265e-22 0.0 71.87 0.0
S028062 114.3097 51.275 2.883e-13 1.214e-12 1.752e-11 0.0 75.57 0.0
S028063 114.2097 51.2678 4.569e-23 1.206e-22 6.593e-22 0.0 75.63 0.0
S028064 114.2455 51.3298 1.713e-17 3.688e-17 1.353e-16 0.0 74.08 0.0
S028065 114.2778 51.3948 6.108e-21 1.1860000000000001e-20 3.2670000000000005e-20 0.0 71.82 0.0
S028066 114.252 51.3536 5.135e-17 4.482e-17 2.463e-17 0.0 72.62 0.0
S028067 114.1696 51.3257 3.015e-20 5.0690000000000005e-20 1.055e-19 0.0 75.47 0.0
S028068 114.1694 51.3508 5.801e-17 5.102e-17 2.789e-17 0.0 74.08 0.0
S028069 114.2018 51.3353 2.4889999999999995e-22 6.248e-22 2.985e-21 0.0 74.78 0.0
S028070 114.2858 51.3563 2.782e-25 1.301e-24 2.2639999999999998e-23 0.0 72.41 1.0
S028071 114.2332 51.2735 8.449999999999999e-22 1.683e-21 5.182e-21 0.0 75.94 0.0
S028072 114.2481 51.3373 5.52e-17 1.089e-16 3.207e-16 0.0 73.48 0.0
S028073 114.2462 51.3342 5.977e-17 5.199e-17 2.891e-17 0.0 73.86 0.0
S028074 114.2497 51.2773 4.765e-17 4.18e-17 2.315e-17 0.0 75.37 0.0
S028075 114.2319 51.3458 6.646999999999999e-22 1.47e-21 5.397e-21 0.0 73.67 0.0
S028076 114.3009 51.3806 1.541e-12 1.158e-12 4.738e-13 0.0 71.61 0.0
S028077 114.2527 51.377 1.308e-12 9.176e-13 3.261e-13 0.0 71.98 0.0
S028078 114.2592 51.3606 5.56e-28 5.3039999999999996e-27 4.428e-25 0.0 72.3 0.0
S028079 114.161 51.3647 9.317e-17 1.643e-16 3.665e-16 0.0 72.09 0.0
S028080 114.281 51.3098 1.987e-17 1.813e-17 1.135e-17 0.0 75.32 0.0
S028081 114.2866 51.3437 5.561e-21 1.0030000000000001e-20 2.4610000000000003e-20 0.0 72.91 0.0
S028082 114.2149 51.3867 5.926e-16 4.479e-16 1.929e-16 0.0 71.98 1.0
S028083 114.2703 51.347 1.2290000000000001e-20 2.17e-20 5.0690000000000005e-20 0.001 72.96 0.0
S028084 114.2559 51.3021 1.324e-24 5.205e-24 6.309e-23 0.0 75.61 0.0
S028085 114.1884 51.3219 2.329e-21 4.988e-21 1.6710000000000003e-20 0.0 75.26 0.0
S028086 114.2046 51.3135 1.437e-17 2.638e-17 6.939e-17 0.0 74.94 0.0
S028087 114.2316 51.2809 3.624e-20 5.2830000000000005e-20 8.351000000000001e-20 0.0 76.03 0.0
S028088 114.3126 51.3079 2.569e-19 3.702e-19 5.599e-19 0.0 75.09 0.0
S028089 114.2282 51.3222 1.688e-23 4.942e-23 3.222e-22 0.0 74.71 0.0
S028090 114.2676 51.3137 2.577e-19 3.452e-19 4.444e-19 0.0 75.32 0.0
S028091 114.2274 51.2977 1.613e-19 2.174e-19 3.004e-19 0.0 75.55 0.0
S028092 114.2803 51.3837 1.794e-12 1.433e-12 6.561e-13 0.0 71.72 1.0
S028093 114.2429 51.3657 8.005e-18 8.003e-18 5.72e-18 0.0 72.14 0.0
S028094 114.2736 51.3072 2.9450000000000002e-21 2.072e-21 7.801999999999999e-22 0.0 74.64 0.0
S028095 114.2677 51.4066 7.352000000000001e-20 1.145e-19 2.108e-19 0.0 71.82 0.0
S028096 114.2406 51.4036 2.502e-22 6.576e-22 3.457e-21 0.0 71.93 0.0
S028097 114.2981 51.2977 3.353e-21 2.354e-21 8.713999999999999e-22 0.0 74.98 0.0
S028098 114.2082 51.3545 7.562e-20 1.151e-19 1.941e-19 0.0 73.48 0.0
S028099 114.1714 51.3722 1.157e-16 9.955e-17 5.34e-17 0.0 71.51 0.0
S028100 114.2304 51.3646 3.521e-17 5.01e-17 7.44e-17 0.0 72.48 0.0
S028101 114.1739 51.3577 3.72e-17 3.163e-17 1.662e-17 0.0 73.6 0.0
S028102 114.262 51.2864 5.093e-19 6.496e-19 7.703e-19 0.0 75.88 0.0
S028103 114.2332 51.3668 3.606e-18 3.755e-18 2.936e-18 0.0 72.72 0.0
S028104 114.2076 51.357 1.641e-12 1.322e-12 6.46e-13 0.0 72.56 1.0
S028105 114.2099 51.2804 1.349e-18 1.522e-18 1.355e-18 0.0 76.04 0.0
S028106 114.2156 51.2623 2.631e-16 2.026e-16 8.86e-17 0.0 76.11 1.0
S028107 114.2164 51.3307 5.689999999999999e-23 1.4949999999999999e-22 7.770999999999999e-22 0.0 74.26 0.0
S028108 114.3057 51.3527 9.228e-21 1.6650000000000002e-20 4.1320000000000003e-20 0.0 72.72 0.0
S028109 114.2466 51.3298 7.748e-18 8.016e-18 5.893e-18 0.0 74.74 0.0
S028110 114.3567 51.3496 9.935e-21 1.7330000000000003e-20 4.167e-20 0.0 71.95 0.0
S028111 114.2751 51.3866 3.061e-17 2.824e-17 1.684e-17 0.0 72.12 0.0
S028112 114.2768 51.3539 3.287e-21 2.277e-21 8.117999999999999e-22 0.0 72.12 0.0
S028113 114.1933 51.3548 1.457e-20 2.3800000000000002e-20 4.8290000000000003e-20 0.0 73.51 0.0
S028114 114.2269 51.283 3.1970000000000006e-20 5.1390000000000004e-20 9.814e-20 0.0 75.85 0.0
S028115 114.2556 51.3754 2.274e-19 3.143e-19 4.486e-19 0.0 72.56 0.0
S028116 114.2034 51.3476 1.2049999999999999e-22 3.371e-22 1.975e-21 0.0 73.76 0.0
S028117 114.2721 51.3446 1.296e-22 3.2549999999999996e-22 1.588e-21 0.0 73.19 0.0
S028118 114.2621 51.3509 1.38e-12 1.03e-12 3.999e-13 0.0 72.9 0.0
S028119 114.2497 51.3186 6.916e-20 9.859000000000001e-20 1.459e-19 0.0 74.46 0.0
S028120 114.3224 51.3116 6.664e-20 1.101e-19 2.215e-19 0.0 74.09 0.0
S028121 114.2081 51.328 9.491e-18 9.916e-18 7.635e-18 0.0 74.34 0.0
S028122 114.2249 51.2731 7.804e-23 2.4029999999999997e-22 1.72e-21 0.0 76.15 0.0
S028123 114.1947 51.3191 1.817e-18 2.24e-18 2.41e-18 0.0 75.22 0.0
S028124 114.2839 51.3577 1.009e-16 8.478e-17 4.462e-17 0.0 72.74 0.0
S028125 114.2522 51.3598 2.608e-17 2.441e-17 1.548e-17 0.0 72.47 0.0
S028126 114.2289 51.3027 1.592e-16 1.286e-16 6.265e-17 0.0 75.02 0.0
S028127 114.2442 51.2455 8.733e-21 1.564e-20 3.9360000000000005e-20 0.0 76.1 0.0
S028128 114.2357 51.3632 1.934e-18 2.111e-18 1.753e-18 0.0 72.19 0.0
S028129 114.2168 51.3314 3.762e-21 2.581e-21 8.927999999999999e-22 0.0 74.76 0.0
S028130 114.2141 51.2999 2.233e-17 2.141e-17 1.4e-17 0.0 75.35 0.0
S028131 114.3164 51.3825 6.349999999999999e-22 1.412e-21 5.229e-21 0.0 72.08 0.0
S028132 114.2741 51.3615 7.573999999999999e-23 1.8839999999999998e-22 8.958999999999999e-22 0.0 72.51 0.0
S028133 114.273 51.4057 1.748e-12 1.296e-12 5.252e-13 0.0 71.77 0.0
S028134 114.2517 51.3655 2.966e-21 5.977e-21 1.85e-20 0.0 72.18 0.0
S028135 114.3132 51.3642 3.754e-17 8.029e-17 2.845e-16 0.0 71.75 0.0
S028136 114.2749 51.3792 3.59e-21 5.5940000000000005e-21 1.0270000000000001e-20 0.0 71.86 0.0
S028137 114.2306 51.3563 9.586000000000001e-20 1.356e-19 1.968e-19 0.0 72.94 0.0
S028138 114.1716 51.3203 9.060000000000001e-20 1.37e-19 2.323e-19 0.001 75.74 0.0
S028139 114.2088 51.3047 1.046e-12 7.221e-13 2.408e-13 0.0 75.76 0.0
S028140 114.2553 51.354 1.678e-22 4.372999999999999e-22 2.231e-21 0.0 73.0 0.0
S028141 114.2928 51.4123 4.658e-17 3.874e-17 1.989e-17 0.0 71.51 0.0
S028142 114.2916 51.3604 2.794e-17 2.588e-17 1.571e-17 0.0 71.8 0.0
S028143 114.2639 51.3337 2.046e-16 1.61e-16 7.388e-17 0.0 73.79 1.0
S028144 114.2326 51.3566 6.675e-17 5.544e-17 2.665e-17 0.0 73.09 0.0
S028145 114.1821 51.3264 2.603e-17 2.291e-17 1.284e-17 0.0 75.2 0.0
S028146 114.2301 51.347 3.129e-18 3.306e-18 2.606e-18 0.0 73.28 0.0
S028147 114.1549 51.3709 4.625e-19 6.219e-19 8.639e-19 0.0 73.17 0.0
S028148 114.2279 51.3357 9.376e-19 1.092e-18 1.098e-18 0.0 74.1 0.0
S028149 114.2415 51.2615 2.119e-12 1.661e-12 7.62e-13 0.0 76.21 1.0
S028150 114.2516 51.3214 2.564e-17 2.337e-17 1.385e-17 0.0 74.26 0.0
S028151 114.2183 51.2951 3.846e-22 9.26e-22 4.209e-21 0.0 75.88 0.0
S028152 114.2685 51.3435 4.356e-21 2.989e-21 1.01e-21 0.0 73.26 0.0
S028153 114.2367 51.3057 1.373e-18 1.479e-18 1.276e-18 0.0 75.14 0.0
S028154 114.2503 51.3341 1.537e-18 1.67e-18 1.423e-18 0.0 73.7 0.0
S028155 114.1819 51.334 1.1e-19 1.605e-19 2.609e-19 0.001 74.79 0.0
S028156 114.2667 51.3393 5.45e-18 5.685e-18 4.441e-18 0.0 73.36 0.0
S028157 114.2451 51.3497 1.625e-17 1.511e-17 9.691e-18 0.0 72.91 0.0
S028158 114.3278 51.3287 7.405e-21 1.435e-20 3.9450000000000004e-20 0.0 72.81 0.0
S028159 114.261 51.3196 1.638e-21 1.236e-21 5.241e-22 0.0 74.65 0.0
S028160 114.2887 51.2911 8.697e-18 1.318e-17 2.244e-17 0.0 75.32 0.0
S028161 114.2113 51.3544 3.671e-20 5.883e-20 1.107e-19 0.0 73.35 0.0
S028162 114.2345 51.2969 9.834e-21 1.822e-20 4.7290000000000006e-20 0.0 75.03 0.0
S028163 114.2794 51.3371 2.782e-23 8.821e-23 6.8859999999999995e-22 0.0 73.01 0.0
S028164 114.2612 51.3413 4.659e-17 4.163e-17 2.349e-17 0.0 72.84 0.0
S028165 114.2815 51.3497 1.836e-17 3.793e-17 1.191e-16 0.0 72.62 0.0
S028166 114.2966 51.3241 7.966e-20 1.224e-19 2.188e-19 0.0 73.23 0.0
S028167 114.1987 51.313 5.182e-18 5.732e-18 4.964e-18 0.0 75.53 0.0
S028168 114.2599 51.3258 2.396e-18 2.622e-18 2.288e-18 0.0 74.07 0.0
S028169 114.1952 51.3674 1.342e-24 5.892e-24 8.974999999999999e-23 0.0 72.27 0.0
S028170 114.2427 51.3593 6.37e-23 1.544e-22 7.030999999999999e-22 0.0 72.91 0.0
S028171 114.1784 51.3741 1.622e-20 2.9e-20 6.815000000000001e-20 0.0 71.6 0.0
S028172 114.2732 51.3722 1.008e-16 2.333e-16 9.643e-16 0.0 71.95 1.0
S028173 114.2504 51.296 9.149e-17 7.734e-17 3.934e-17 0.0 75.28 0.0
S028174 114.2629 51.354 3.39e-21 6.898e-21 2.0960000000000002e-20 0.0 72.27 0.0
S028175 114.1814 51.3486 1.135e-21 2.611e-21 1.035e-20 0.0 73.99 0.0
S028176 114.1991 51.3224 3.01e-21 2.171e-21 8.034999999999999e-22 0.0 75.02 0.0
S028177 114.2308 51.3314 2.878e-17 4.787e-17 9.506e-17 0.0 74.17 0.0
S028178 114.2228 51.3312 3.213e-18 3.631e-18 3.445e-18 0.0 74.42 0.0
S028179 114.2201 51.4029 8.332000000000001e-20 1.183e-19 1.755e-19 0.0 71.96 0.0
S028180 114.2558 51.3527 8.426e-18 8.188e-18 5.461e-18 0.0 73.12 0.0
S028181 114.2647 51.3234 2.218e-21 1.684e-21 6.730999999999999e-22 0.0 74.26 0.0
S028182 114.2766 51.3266 4.382e-19 5.57e-19 6.586e-19 0.0 73.7 0.0
S028183 114.2026 51.3294 7.073e-19 8.74e-19 9.841e-19 0.0 75.59 0.0
S028184 114.2495 51.3119 5.347e-21 1.0480000000000001e-20 3.1560000000000005e-20 0.0 75.21 0.0
S028185 114.292 51.3206 3.203e-17 2.715e-17 1.415e-17 0.0 74.02 0.0
S028186 114.2209 51.347 1.483e-17 2.578e-17 5.819e-17 0.0 73.47 0.0
S028187 114.2197 51.3717 2.6690000000000003e-20 4.9310000000000005e-20 1.306e-19 0.0 72.01 0.0
S028188 114.2482 51.3358 1.197e-12 8.419e-13 3.139e-13 0.0 73.73 0.0
S028189 114.2201 51.3234 3.6509999999999997e-22 8.643e-22 3.735e-21 0.0 74.87 0.0
S028190 114.2221 51.3253 3.145e-17 4.314e-17 6.078e-17 0.0 74.53 0.0
S028191 114.2315 51.3457 2.506e-17 5.066e-17 1.586e-16 0.0 73.56 0.0
S028192 114.3108 51.3842 6.963e-18 7.136e-18 5.465e-18 0.0 71.51 0.0
S028193 114.191 51.3736 3.558e-21 2.475e-21 8.588e-22 0.0 72.08 0.0
S028194 114.263 51.3228 5.951e-23 1.7179999999999999e-22 1.115e-21 0.0 74.04 0.0
S028195 114.2296 51.3185 5.587e-18 5.73e-18 4.394e-18 0.0 75.16 0.0
S028196 114.1894 51.3163 4.5650000000000005e-20 6.668e-20 1.036e-19 0.0 75.42 0.0
S028197 114.2993 51.39 3.0819999999999996e-23 9.562e-23 7.313999999999999e-22 0.0 71.53 0.0
S028198 114.3063 51.2852 6.579e-19 8.422e-19 9.725e-19 0.0 75.18 0.0
S028199 114.2487 51.2887 3.0549999999999996e-22 7.66e-22 3.797e-21 0.0 75.58 0.0
S028200 114.2775 51.3154 9e-17 7.515e-17 3.838e-17 0.0 74.59 0.0
S028201 114.241 51.2598 4.32e-18 4.357e-18 3.226e-18 0.0 76.3 0.0
S028202 114.1911 51.4223 1.839e-21 3.776e-21 1.2470000000000001e-20 0.0 71.35 0.0
S028203 114.2088 51.3872 8.741999999999998e-22 1.927e-21 7.125e-21 0.0 72.06 0.0
S028204 114.3008 51.3084 4.857e-25 2.096e-24 3.1729999999999996e-23 0.0 74.4 0.0
S028205 114.225 51.3377 1.444e-18 1.64e-18 1.509e-18 0.0 73.93 0.0
S028206 114.2068 51.3676 2.618e-19 3.756e-19 5.715e-19 0.0 72.54 0.0
S028207 114.3127 51.4006 7.725e-20 1.16e-19 2.022e-19 0.0 71.73 0.0
S028208 114.2466 51.3312 4.685999999999999e-22 1.058e-21 3.915e-21 0.0 74.23 0.0
S028209 114.1673 51.3167 6.569e-19 8.21e-19 9.559e-19 0.0 75.79 0.0
S028210 114.2483 51.2644 9.223e-18 8.869e-18 5.735e-18 0.0 75.52 0.0
S028211 114.2238 51.4235 1e-17 1e-17 7.031e-18 0.0 71.38 0.0
S028212 114.1933 51.367 3.654e-21 2.505e-21 8.749999999999999e-22 0.0 72.98 0.0
S028213 114.2555 51.3892 4.138e-18 4.337e-18 3.344e-18 0.0 71.79 0.0
S028214 114.1801 51.3406 3.328e-21 2.323e-21 8.314e-22 0.0 74.4 0.0
S028215 114.2362 51.3315 3.095e-21 2.187e-21 7.817999999999999e-22 0.0 74.04 0.0
S028216 114.276 51.3196 1.409e-17 1.332e-17 8.666e-18 0.0 74.16 0.0
S028217 114.2657 51.377 4.3159999999999995e-22 1.053e-21 4.874e-21 0.0 72.04 0.0
S028218 114.19 51.3439 1.149e-18 1.383e-18 1.445e-18 0.0 74.2 0.0
S028219 114.2406 51.2847 2.782e-17 2.392e-17 1.261e-17 0.0 75.94 0.0
S028220 114.1984 51.3239 3.226e-21 6.633e-21 2.1580000000000003e-20 0.0 75.28 0.0
S028221 114.2886 51.3916 1.322e-19 1.843e-19 2.531e-19 0.0 71.74 0.0
S028222 114.2302 51.306 4.062e-21 7.681e-21 2.153e-20 0.0 75.51 0.0
S028223 114.2245 51.3168 2.936e-18 3.066e-18 2.444e-18 0.0 75.13 0.0
S028224 114.2623 51.3746 1.842e-20 3.037e-20 5.993e-20 0.0 71.88 0.0
S028225 114.2293 51.3138 5.1780000000000005e-21 9.558e-21 2.4580000000000003e-20 0.0 75.32 0.0
S028226 114.2437 51.3605 5.817e-21 1.0150000000000001e-20 2.4490000000000002e-20 0.0 72.29 0.0
S028227 114.2485 51.3749 1.378e-23 4.4019999999999997e-23 3.5529999999999996e-22 0.0 72.09 0.0
S028228 114.2315 51.2971 3.1289999999999996e-22 7.325999999999999e-22 3.054e-21 0.0 75.79 0.0
S028229 114.2451 51.3198 6.831e-18 1.125e-17 2.306e-17 0.0 75.06 0.0
S028230 114.2365 51.3038 3.443e-17 3.187e-17 1.943e-17 0.0 75.6 0.0
S028231 114.2273 51.2952 5.126e-13 3.558e-13 1.24e-13 0.0 75.83 0.0
S028232 114.2208 51.2819 1.441e-18 1.692e-18 1.644e-18 0.0 76.04 0.0
S028233 114.2609 51.3691 2.094e-18 2.394e-18 2.271e-18 0.0 72.11 0.0
S028234 114.2346 51.3145 3.219e-17 5.073e-17 9.224e-17 0.0 75.39 0.0
S028235 114.2374 51.3133 6.307e-17 9.946e-17 1.8e-16 0.0 75.18 0.0
S028236 114.2293 51.2959 4.347e-24 1.4469999999999998e-23 1.277e-22 0.0 75.76 0.0
S028237 114.2521 51.3573 1.475e-16 1.212e-16 5.71e-17 0.0 72.32 0.0
S028238 114.2481 51.3696 1.225e-21 2.6720000000000002e-21 9.566e-21 0.0 72.06 0.0
S028239 114.2437 51.3782 4.373e-13 4.823e-13 4.303e-13 0.0 71.89 0.0
S028240 114.2236 51.2995 3.567e-23 9.708999999999999e-23 5.645e-22 0.0 75.7 0.0
S028241 114.2323 51.2918 6.948e-23 1.9589999999999999e-22 1.25e-21 0.0 75.83 0.0
S028242 114.2366 51.3207 3.874e-21 2.665e-21 9.26e-22 0.001 74.85 0.0
S028243 114.2367 51.3051 1.145e-16 9.196e-17 4.244e-17 0.0 75.56 0.0
S028244 114.2374 51.3491 2.701e-21 1.95e-21 7.394e-22 0.0 72.5 0.0
S028245 114.2247 51.2995 9.149e-23 2.5269999999999996e-22 1.512e-21 0.0 75.71 0.0
S028246 114.2247 51.3111 3.821e-21 2.673e-21 9.243e-22 0.0 75.53 0.0
S028247 114.2141 51.2952 2.28e-19 3.22e-19 4.939e-19 0.0 75.92 0.0
S028248 114.2432 51.3525 2.2260000000000002e-21 4.334e-21 1.2080000000000002e-20 0.0 72.46 0.0
S028249 114.2354 51.3103 1.543e-17 1.414e-17 8.513e-18 0.0 75.46 0.0
S028250 114.2266 51.3142 2.023e-22 5.111999999999999e-22 2.573e-21 0.001 75.46 0.0
S028251 114.2398 51.325 1.429e-21 3.186e-21 1.2460000000000002e-20 0.0 74.87 0.0
S028252 114.2314 51.3124 1.897e-21 3.796e-21 1.168e-20 0.0 75.45 0.0
S028253 114.2187 51.2843 4.2299999999999997e-22 1.053e-21 4.925e-21 0.0 76.06 0.0
S028254 114.2247 51.3126 5.519e-17 4.917e-17 2.828e-17 0.0 75.36 0.0
S028255 114.2624 51.3839 1.7759999999999998e-22 4.799e-22 2.697e-21 0.0 71.72 0.0
S028256 114.2562 51.3774 8.046e-18 8.366e-18 6.343e-18 0.0 71.93 0.0
S028257 114.2183 51.2958 4.374e-17 3.745e-17 1.949e-17 0.0 75.91 0.0
S028258 114.2238 51.306 1.58e-17 2.664e-17 5.44e-17 0.0 75.52 0.0
S028259 114.2494 51.3643 3.2040000000000006e-20 5.483e-20 1.169e-19 0.0 72.28 0.0
S028260 114.2295 51.3058 1.78e-17 1.703e-17 1.14e-17 0.0 75.44 0.0
S028261 114.2352 51.3106 5.103e-18 4.988e-18 3.354e-18 0.0 75.46 1.0
S028262 114.2207 51.3117 1.221e-12 1.018e-12 4.993e-13 0.0 75.37 1.0
S028263 114.2634 51.3711 3.33e-16 2.559e-16 1.123e-16 0.001 71.95 1.0
S028264 114.2742 51.3858 7.717999999999999e-23 2.0439999999999998e-22 1.12e-21 0.0 71.69 0.0
S028265 114.2318 51.3104 7.162e-17 5.904e-17 2.849e-17 0.0 75.4 1.0
S028266 114.2307 51.2988 5.798e-17 9.4e-17 1.892e-16 0.0 75.69 0.0
S028267 114.2381 51.2974 4.333e-22 1.038e-21 4.683e-21 0.0 75.68 0.0
S028268 114.2607 51.3758 4.7850000000000004e-21 9.479e-21 2.6730000000000002e-20 0.0 71.93 0.0
S028269 114.2627 51.3742 1.99e-16 1.564e-16 7.072e-17 0.0 71.91 1.0
S028270 114.2648 51.3906 3.3389999999999996e-23 1.0099999999999999e-22 7.387999999999999e-22 0.0 71.7 0.0
S028271 114.26 51.3774 1.8270000000000002e-20 3.0680000000000004e-20 6.531000000000001e-20 0.0 71.86 0.0
S028272 114.2639 51.3791 6.401e-17 1.169e-16 2.876e-16 0.0 71.83 0.0
S028273 114.2564 51.3696 3.028e-17 2.807e-17 1.803e-17 0.0 72.08 0.0
S028274 114.222 51.2839 5.396e-23 1.4169999999999999e-22 7.485999999999999e-22 0.0 76.0 0.0
S028275 114.2238 51.3004 3.441e-24 1.1279999999999999e-23 9.560999999999999e-23 0.0 75.72 0.0
S028276 114.2155 51.2856 5.787e-21 1.0790000000000001e-20 2.783e-20 0.0 76.02 0.0
S028277 114.2193 51.3276 1.137e-21 2.772e-21 1.2360000000000001e-20 0.0 74.94 0.0
S028278 114.2225 51.2939 8.463e-13 5.795e-13 1.956e-13 0.0 75.77 0.0
S028279 114.2292 51.3044 3.443e-16 2.638e-16 1.098e-16 0.0 75.59 1.0
S028280 114.2229 51.2805 1.352e-17 1.269e-17 8.34e-18 0.0 76.06 0.0
S028281 114.2294 51.3148 5.691e-23 1.6399999999999999e-22 1.027e-21 0.001 75.37 0.0
S028282 114.2171 51.2847 3.556e-21 2.494e-21 8.639e-22 0.0 76.03 0.0
S028283 114.2292 51.287 1.3040000000000001e-20 2.2760000000000002e-20 5.2560000000000004e-20 0.0 75.96 0.0
S028284 114.2267 51.3 3.0680000000000004e-20 5.114e-20 1.06e-19 0.0 75.73 0.0
S028285 114.2611 51.3648 1.86e-18 2.101e-18 1.927e-18 0.0 72.04 0.0
S028286 114.2613 51.3711 7.406e-17 1.296e-16 3.051e-16 0.0 72.0 0.0
S028287 114.2367 51.3151 2.9899999999999997e-22 7.964999999999999e-22 4.3090000000000004e-21 0.0 75.31 0.0
S028288 114.2674 51.3875 6.204e-17 1.108e-16 2.562e-16 0.0 71.69 0.0
S028289 114.2195 51.2946 7.143e-20 1.054e-19 1.742e-19 0.0 75.89 0.0
S028290 114.2683 51.3968 7.787e-21 1.4440000000000002e-20 3.754e-20 0.0 71.57 0.0
S028291 114.2565 51.3652 1.092e-16 9.053e-17 4.383e-17 0.0 72.15 0.0
S028292 114.2306 51.2926 4.723e-21 9.385e-21 2.912e-20 0.0 75.75 0.0
S028293 114.2179 51.2882 1.036e-24 4.455e-24 6.426e-23 0.001 75.9 0.0
S028294 114.2532 51.3877 2.724e-18 2.844e-18 2.228e-18 0.0 71.7 0.0
S028295 114.2185 51.2786 1.397e-17 1.328e-17 8.777e-18 0.0 76.06 0.0
S028296 114.2517 51.3818 5.852e-19 6.956e-19 6.986e-19 0.0 71.78 0.0
S028297 114.2582 51.37 3.533e-16 2.817e-16 1.312e-16 0.0 72.06 0.0
S028298 114.2661 51.3714 4.521e-17 4.011e-17 2.223e-17 0.0 71.97 0.0
S028299 114.251 51.3756 3.853e-21 2.667e-21 9.244999999999998e-22 0.0 72.01 0.0
S028300 114.208 51.2895 9.935e-17 7.872e-17 3.585e-17 0.0 75.94 0.0
S028301 114.2576 51.3717 1.462e-19 2.009e-19 2.679e-19 0.0 72.02 0.0
S028302 114.2205 51.2921 1.849e-23 5.501999999999999e-23 3.9249999999999997e-22 0.0 75.86 0.0
S028303 114.249 51.3682 5.672e-17 4.919e-17 2.604e-17 0.0 72.13 0.0
S028304 114.2135 51.2918 6.771e-13 4.807e-13 1.767e-13 0.0 75.99 0.0
S028305 114.2549 51.3772 1.958e-18 2.077e-18 1.743e-18 0.0 71.97 0.0
S028306 114.2086 51.2751 1.162e-17 1.122e-17 7.863e-18 0.0 76.17 0.0
S028307 114.2154 51.283 2.613e-19 3.567e-19 4.989e-19 0.0 76.06 0.0
S028308 114.2225 51.279 5.872e-19 6.977e-19 7.505e-19 0.0 76.03 0.0
S028309 114.2151 51.2809 1.02e-16 8.498e-17 4.222e-17 0.0 76.1 0.0
S028310 114.2793 51.3937 1.182e-20 1.9780000000000003e-20 4.196e-20 0.0 71.55 0.0
S028311 114.2638 51.383 7.206e-17 6.579e-17 3.813e-17 0.0 71.76 0.0
S028312 114.2174 51.2729 7.713e-18 7.504e-18 5.193e-18 0.0 76.25 0.0
S028313 114.2243 51.2894 3.2549999999999996e-22 8.040999999999999e-22 3.618e-21 0.0 75.96 0.0
S028314 114.2317 51.2985 5.707e-19 7.162e-19 8.186e-19 0.0 75.76 0.0
S028315 114.2549 51.3746 1.091e-23 4.001e-23 4.323e-22 0.0 71.99 0.0
S028316 114.2154 51.2823 3.747e-18 4.069e-18 3.444e-18 0.0 76.02 0.0
S028317 114.2053 51.2698 2.164e-16 1.692e-16 7.51e-17 0.0 76.18 1.0
S028318 114.2642 51.3989 1.512e-16 1.246e-16 5.866e-17 0.0 71.59 0.0
S028319 114.2179 51.2842 1.045e-23 3.361e-23 2.65e-22 0.0 76.0 0.0
S028320 114.26 51.3842 1.951e-21 3.8930000000000004e-21 1.1650000000000002e-20 0.0 71.78 0.0
S028321 114.2248 51.2729 2.789e-21 5.596e-21 1.6380000000000002e-20 0.0 76.16 0.0
S028322 114.262 51.387 4.1150000000000006e-20 6.822000000000001e-20 1.418e-19 0.0 71.72 0.0
S028323 114.2653 51.3917 1.688e-17 1.515e-17 9.097e-18 0.0 71.7 0.0
S028324 114.21 51.2719 2.704e-16 2.053e-16 8.135e-17 0.0 76.19 0.0
S028325 114.2669 51.4073 3.999e-21 8.028e-21 2.498e-20 0.0 71.55 0.0
S028326 114.2251 51.2744 3.057e-17 4.123e-17 5.385e-17 0.0 76.2 0.0
S028327 114.2609 51.3716 1.782e-19 2.606e-19 4.051e-19 0.0 71.94 0.0
S028328 114.2656 51.3953 1.4709999999999998e-22 3.601e-22 1.667e-21 0.0 71.59 0.0
S028329 114.2063 51.2854 1.108e-16 8.721e-17 4.085e-17 0.001 76.01 0.0
S028330 114.2752 51.385 3.453e-21 2.393e-21 8.373e-22 0.0 71.7 0.0
S028331 114.2062 51.2679 8.537999999999999e-23 2.0799999999999998e-22 9.750999999999998e-22 0.0 76.2 0.0
S028332 114.2738 51.3868 9.220999999999999e-22 1.997e-21 7.347000000000001e-21 0.0 71.77 0.0
S028333 114.2188 51.2786 5.121e-18 5.02e-18 3.534e-18 0.0 76.04 0.0
S028334 114.2108 51.2806 1.116e-17 1.128e-17 8.447e-18 0.0 76.11 0.0
S028335 114.2142 51.2856 3.034e-13 2.031e-13 6.74e-14 0.0 76.06 0.0
S028336 114.2191 51.2636 9.358e-20 1.334e-19 1.99e-19 0.0 76.33 0.0
S028337 114.2172 51.2737 3.836e-21 2.645e-21 9.276999999999998e-22 0.0 76.15 0.0
S028338 114.2641 51.397 1.393e-18 1.516e-18 1.324e-18 0.0 71.57 0.0
S028339 114.2096 51.2811 3.244e-17 6.62e-17 2.169e-16 0.0 76.14 0.0
S028340 114.2703 51.409 1.325e-12 9.31e-13 3.278e-13 0.0 71.5 0.0
S028341 114.2104 51.2582 3.247e-21 2.273e-21 7.925999999999999e-22 0.0 76.34 0.0
S028342 114.2713 51.3968 2.995e-21 2.1010000000000002e-21 7.5699999999999995e-22 0.0 71.6 0.0
S028343 114.2217 51.2767 1.051e-18 1.247e-18 1.228e-18 0.0 76.14 0.0
S028344 114.2725 51.3809 3.189e-17 2.771e-17 1.471e-17 0.0 71.71 0.0
S028345 114.266 51.396 3.257e-21 6.593e-21 2.046e-20 0.0 71.64 0.0
S028346 114.2285 51.291 1.34e-12 9.68e-13 3.691e-13 0.0 75.82 0.0
S028347 114.2084 51.2755 1.56e-23 4.95e-23 4.038e-22 0.0 76.16 0.0
S028348 114.2183 51.2888 3.4e-21 6.926e-21 2.1440000000000003e-20 0.001 75.96 0.0
S028349 114.2694 51.3945 1.129e-12 8.035e-13 3.015e-13 0.0 71.63 0.0
S028350 114.27 51.4003 1.857e-18 2.114e-18 1.98e-18 0.0 71.53 1.0
S028351 114.2196 51.2859 5.294e-17 4.599e-17 2.421e-17 0.0 76.0 0.0
S028352 114.2013 51.2676 5.532999999999999e-22 1.1250000000000001e-21 3.456e-21 0.0 76.26 0.0
S028353 114.2695 51.3965 7.252e-13 4.991e-13 1.772e-13 0.0 71.59 0.0
S028354 114.1979 51.2645 1.9029999999999998e-22 4.817999999999999e-22 2.32e-21 0.0 76.27 0.0
S028355 114.2066 51.2776 1.753e-18 1.98e-18 1.861e-18 0.0 76.18 0.0
S028356 114.2067 51.2706 4.651e-13 5.409e-13 5.256e-13 0.0 76.19 0.0
S028357 114.2657 51.3914 6.838999999999999e-22 1.611e-21 7.059e-21 0.0 71.65 0.0
S028358 114.2721 51.4175 1.142e-16 1.876e-16 3.756e-16 0.0 71.33 0.0
S028359 114.2057 51.2743 8.714999999999999e-22 1.865e-21 6.583e-21 0.0 76.23 0.0
S028360 114.2717 51.3972 7.239e-20 1.127e-19 2.03e-19 0.0 71.59 0.0
S028361 114.2595 51.3915 9.203000000000001e-20 1.395e-19 2.327e-19 0.0 71.68 0.0
S028362 114.2796 51.3955 3.582e-17 5.623e-17 1.075e-16 0.0 71.57 0.0
S028363 114.2776 51.394 1.448e-21 3.303e-21 1.3260000000000001e-20 0.0 71.6 0.0
S028364 114.2941 51.4069 8.183000000000001e-20 1.234e-19 2.117e-19 0.0 71.42 0.0
S028365 114.2069 51.2535 1.7869999999999998e-22 4.759999999999999e-22 2.688e-21 0.0 76.3 0.0
S028366 114.2133 51.259 2.983e-17 5.309e-17 1.225e-16 0.0 76.3 0.0
S028367 114.2654 51.3961 2.51e-13 1.719e-13 5.831e-14 0.0 71.59 0.0
S028368 114.212 51.2731 1.748e-17 1.633e-17 1.051e-17 0.0 76.12 0.0
S028369 114.201 51.257 1.947e-18 2.118e-18 1.847e-18 0.0 76.31 0.0
S028370 114.2804 51.4077 7.9240000000000005e-25 3.368e-24 4.8859999999999996e-23 0.0 71.47 0.0
S028371 114.207 51.2612 1.595e-17 1.51e-17 9.638e-18 0.0 76.33 0.0
S028372 114.21 51.2684 4.343e-17 8.206e-17 2.2e-16 0.0 76.2 0.0
S028373 114.2796 51.4152 3.157e-17 2.734e-17 1.454e-17 0.0 71.37 0.0
S028374 114.2116 51.274 1.008e-16 8.721e-17 4.658e-17 0.0 76.12 0.0
S028375 114.2165 51.2681 9.68e-18 1.823e-17 4.825e-17 0.0 76.18 0.0
S028376 114.274 51.3972 1.779e-19 2.524e-19 3.648e-19 0.0 71.55 0.0
S028377 114.2676 51.4007 5.618e-20 8.412000000000001e-20 1.419e-19 0.0 71.55 0.0
S028378 114.214 51.2613 3.7669999999999996e-22 9.621e-22 4.826e-21 0.0 76.24 0.0
S028379 114.2834 51.417 6.080000000000001e-20 8.796000000000001e-20 1.342e-19 0.0 71.32 0.0
S028380 114.2743 51.4079 1.6359999999999999e-22 4.531e-22 2.75e-21 0.0 71.47 0.0
S028381 114.1955 51.2552 1.681e-18 1.954e-18 1.918e-18 0.0 76.32 0.0
S028382 114.2025 51.2656 3.462e-21 2.398e-21 8.544e-22 0.0 76.29 0.0
S028383 114.1988 51.2478 6.716e-23 1.778e-22 9.673e-22 0.0 76.38 0.0
S028384 114.2676 51.4082 2.556e-18 2.617e-18 2.06e-18 0.0 71.5 0.0
S028385 114.2005 51.2656 4.276e-21 2.863e-21 9.576999999999999e-22 0.0 76.29 0.0
S028386 114.276 51.4218 5.424e-18 5.562e-18 4.322e-18 0.0 71.4 0.0
S028387 114.2716 51.4195 3.1700000000000005e-20 5.1980000000000007e-20 1.05e-19 0.0 71.4 0.0
S028388 114.2726 51.4181 2.75e-18 3.079e-18 2.803e-18 0.0 71.41 0.0
S028389 114.2185 51.264 2.121e-19 3.034e-19 4.65e-19 0.0 76.29 0.0
S028390 114.2755 51.4229 5.776000000000001e-20 9.412e-20 1.8e-19 0.0 71.44 0.0
S028391 114.2826 51.4222 2.323e-17 3.346e-17 5.317e-17 0.0 71.4 0.0
S028392 114.2689 51.4059 3.527e-23 9.719e-23 5.782999999999999e-22 0.0 71.47 0.0
S028393 114.2038 51.245 2.118e-17 1.967e-17 1.255e-17 0.0 76.27 0.0
S028394 114.2087 51.2405 3.2610000000000004e-20 5.301000000000001e-20 1.061e-19 0.0 76.36 0.0
S028395 114.2717 51.4138 3.006e-17 2.736e-17 1.623e-17 0.0 71.34 0.0
S028396 114.2707 51.4148 3.508e-19 4.38e-19 4.847e-19 0.0 71.42 0.0
S028397 114.2848 51.4122 1.47e-20 2.4480000000000003e-20 5.154e-20 0.0 71.44 0.0
S028398 114.2719 51.4057 6.632999999999999e-22 1.424e-21 5.103e-21 0.0 71.52 0.0
S028399 114.2195 51.2594 9.78e-13 8.929e-13 5.419e-13 0.0 76.3 1.0
S028400 114.2968 51.427 4.926e-17 4.256e-17 2.321e-17 0.0 71.33 0.0
S028401 114.2835 51.41 1.065e-16 2.452e-16 9.822e-16 0.0 71.47 1.0
S028402 114.1999 51.2468 6.199e-18 6.21e-18 4.608e-18 0.001 76.33 0.0
S028403 114.2814 51.417 9.003999999999999e-23 2.384e-22 1.289e-21 0.0 71.41 0.0
S028404 114.207 51.2631 7.678e-21 1.626e-20 5.522e-20 0.0 76.23 0.0
S028405 114.2784 51.4478 8.244e-17 6.801e-17 3.401e-17 0.0 71.33 0.0
S028406 114.2063 51.2462 1.805e-17 1.605e-17 9.454e-18 0.0 76.36 0.0
S028407 114.2122 51.2419 5.869e-19 7.329e-19 8.367e-19 0.0 76.48 0.0
S028408 114.2032 51.2543 2.064e-17 1.947e-17 1.252e-17 0.0 76.29 0.0
S028409 114.1935 51.2356 9.561e-22 2.038e-21 7.091e-21 0.0 76.37 0.0
S028410 114.1886 51.2423 3.5290000000000005e-20 5.507000000000001e-20 1.003e-19 0.0 76.37 0.0
S028411 114.2783 51.4105 2.614e-18 2.797e-18 2.259e-18 0.0 71.41 0.0
S028412 114.2949 51.4352 2.504e-17 3.472e-17 4.88e-17 0.0 71.29 0.0
S028413 114.2158 51.255 2.159e-21 4.372e-21 1.3990000000000002e-20 0.0 76.29 0.0
S028414 114.3009 51.4301 5.058e-17 4.461e-17 2.42e-17 0.0 71.34 0.0
S028415 114.2831 51.4268 7.363e-20 1.101e-19 1.781e-19 0.0 71.34 0.0
S028416 114.2863 51.4345 2.2159999999999997e-22 4.84e-22 1.784e-21 0.0 71.3 0.0
S028417 114.1941 51.2415 5.107e-18 5.464e-18 4.396e-18 0.0 76.38 1.0
S028418 114.2048 51.2526 1.387e-21 2.929e-21 1.021e-20 0.0 76.31 0.0
S028419 114.2018 51.2486 5.322e-18 5.542e-18 4.325e-18 0.0 76.37 0.0
S028420 114.2807 51.4237 1.131e-16 9.65e-17 5.083e-17 0.0 71.33 0.0
S028421 114.2798 51.4086 1.362e-19 1.846e-19 2.562e-19 0.0 71.51 0.0
S028422 114.273 51.4255 1.354e-18 1.592e-18 1.571e-18 0.0 71.41 0.0
S028423 114.2792 51.429 6.973e-17 1.334e-16 3.776e-16 0.0 71.37 0.0
S028424 114.1857 51.2193 9.91e-19 1.134e-18 1.069e-18 0.0 76.44 0.0
S028425 114.2839 51.4322 2.5030000000000003e-20 4.3010000000000006e-20 9.559e-20 0.0 71.27 0.0
S028426 114.2893 51.4126 9.445e-17 8.082e-17 4.163e-17 0.0 71.46 0.0
S028427 114.1978 51.2515 1.741e-18 2.009e-18 2.017e-18 0.0 76.39 0.0
S028428 114.1931 51.2441 5.063e-17 4.422e-17 2.444e-17 0.0 76.47 0.0
S028429 114.199 51.2463 7.960999999999999e-22 1.749e-21 6.457e-21 0.0 76.34 0.0
S028430 114.2848 51.4341 1.168e-18 1.3e-18 1.208e-18 0.0 71.3 0.0
S028431 114.2044 51.2461 1.865e-17 3.774e-17 1.206e-16 0.001 76.34 0.0
S028432 114.2693 51.4142 1.176e-18 1.348e-18 1.271e-18 0.0 71.36 0.0
S028433 114.28 51.44 4.0559999999999995e-22 9.667999999999999e-22 4.3330000000000004e-21 0.0 71.31 0.0
S028434 114.1874 51.2348 3.417e-18 3.577e-18 2.895e-18 0.0 76.39 0.0
S028435 114.2031 51.2394 2.107e-19 2.9e-19 3.915e-19 0.0 76.37 0.0
S028436 114.2887 51.4423 1.813e-12 1.366e-12 5.709e-13 0.0 71.24 1.0
S028437 114.3033 51.4442 1.601e-18 1.915e-18 2.041e-18 0.0 71.26 0.0
S028438 114.2909 51.4476 5.293e-20 8.396000000000001e-20 1.508e-19 0.0 71.27 0.0
S028439 114.2809 51.4375 3.812e-17 6.946e-17 1.734e-16 0.0 71.32 0.0
S028440 114.192 51.2281 6.732999999999999e-22 1.377e-21 4.287e-21 0.0 76.45 0.0
S028441 114.2414 51.3351 4.089e-16 3.041e-16 1.231e-16 0.0 78.75 0.0
S028442 114.2418 51.3355 9.743e-17 8.269e-17 4.249e-17 0.0 69.05 0.0
S028443 114.2419 51.3355 2.318e-15 1.681e-15 6.307e-16 0.0 69.98 0.0
S028444 114.2415 51.3355 1.632e-16 2.825e-16 6.268e-16 0.0 68.08 0.0
S028445 114.1945 51.2299 2.831e-15 2.02e-15 7.259e-16 0.0 76.43 0.0
S028446 114.1943 51.2266 6.196e-19 7.596e-19 8.303e-19 0.0 76.51 0.0
S028447 114.1958 51.2314 7.684e-17 6.717e-17 3.699e-17 0.0 76.44 0.0
S028448 114.1976 51.225 2.183e-17 4.185e-17 1.148e-16 0.0 76.44 0.0
S028449 114.1985 51.2256 9.922e-16 7.274e-16 2.86e-16 0.0 76.43 0.0
S028450 114.1968 51.2259 3.707e-15 2.53e-15 8.516e-16 0.0 76.44 0.0
S028451 114.282 51.445 1.137e-17 1.178e-17 8.966e-18 0.0 71.34 0.0
S028452 114.2004 51.2217 1.074e-17 1.06e-17 7.315e-18 0.0 76.36 0.0
S028453 114.2763 51.4463 5.636e-16 4.42e-16 1.935e-16 0.0 71.36 1.0
S028454 114.2729 51.4467 4.212e-17 3.634e-17 1.958e-17 0.0 71.41 0.0
S028455 114.2042 51.2216 1.84e-15 1.26e-15 4.247e-16 0.0 76.28 0.0
S028456 114.2746 51.447 2.939e-16 2.317e-16 1.034e-16 0.0 71.46 1.0
S028457 114.2136 51.2298 1.418e-12 1e-12 3.622e-13 0.0 76.09 0.0
S028458 114.2704 51.4451 2.65e-15 1.833e-15 6.353e-16 0.0 71.61 0.0
S028459 114.26 51.441 6.181e-17 5.287e-17 2.701e-17 0.0 71.73 0.0
S028460 114.2641 51.4367 2.405e-15 1.702e-15 6.251e-16 0.0 71.71 0.0
S028461 114.2617 51.4418 6.202e-16 4.755e-16 1.985e-16 0.0 71.79 1.0
S028462 114.2286 51.233 1.003e-14 7.099e-15 2.554e-15 0.0 75.81 0.0
S028463 114.233 51.2415 3.826e-16 2.744e-16 1.053e-16 0.0 75.67 0.0
S028464 114.252 51.4382 2.038e-17 3.621e-17 8.689e-17 0.0 72.03 0.0
S028465 114.2433 51.4254 4.76e-13 3.21e-13 1.104e-13 0.0 72.27 0.0
S028466 114.2429 51.2451 9.932e-16 7.254e-16 2.879e-16 0.0 75.4 0.0
S028467 114.2386 51.4179 3.166e-17 5.599e-17 1.265e-16 0.0 72.4 0.0
S028468 114.239 51.4171 8.751e-15 5.688e-15 1.751e-15 0.0 72.45 1.0
S028469 114.2268 51.4113 1.248e-15 9.442e-16 3.893e-16 0.0 72.71 0.0
S028470 114.2314 51.4026 2.801e-20 4.6490000000000004e-20 9.473e-20 0.0 72.74 0.0
S028471 114.259 51.2761 2.123e-17 1.994e-17 1.25e-17 0.0 74.8 0.0
S028472 114.2268 51.3909 2.639e-16 2.102e-16 9.601e-17 0.0 72.88 0.0
S028473 114.2671 51.2835 8.043e-16 5.692e-16 2.052e-16 0.0 74.63 0.0
S028474 114.2666 51.291 2.373e-15 1.636e-15 5.873e-16 0.0 74.56 0.0
S028475 114.2757 51.2949 1.344e-16 1.158e-16 6.13e-17 0.0 74.37 0.0
S028476 114.2027 51.3662 3.986e-17 8.651e-17 3.093e-16 0.0 73.53 0.0
S028477 114.1999 51.3623 3.705e-20 5.757000000000001e-20 1.066e-19 0.0 73.57 0.0
S028478 114.1968 51.3551 3.235e-17 2.973e-17 1.83e-17 0.0 73.75 0.0
S028479 114.1956 51.3485 6.274e-15 4.374e-15 1.512e-15 0.0 73.86 0.0
S028480 114.2932 51.3314 1.894e-16 1.482e-16 6.469e-17 0.0 73.64 1.0
S028481 114.2943 51.339 3.133e-16 2.439e-16 1.048e-16 0.0 73.63 1.0
S028482 114.3043 51.344 8.2e-18 8.816e-18 7.144e-18 0.0 73.49 0.0
S028483 114.3051 51.3524 3.345e-16 2.564e-16 1.067e-16 0.001 73.34 1.0
S028484 114.3073 51.365 4.434e-17 4.119e-17 2.519e-17 0.0 73.13 0.0
S028485 114.3033 51.3666 2.759e-17 2.59e-17 1.591e-17 0.0 73.11 0.0
S028486 114.169 51.2955 3.578e-22 8.349999999999999e-22 3.659e-21 0.0 74.82 0.0
S028487 114.1696 51.2857 2.593e-15 1.848e-15 6.959e-16 0.0 74.99 0.0
S028488 114.1666 51.2767 7.675e-17 1.364e-16 3.085e-16 0.0 75.15 0.0
S028489 114.1541 51.27 9.822e-16 7.259e-16 2.852e-16 0.0 75.18 0.0
S028490 114.3214 51.4102 8.065e-18 1.548e-17 4.165e-17 0.0 72.35 0.0
S028491 114.325 51.4182 2.544e-17 2.38e-17 1.439e-17 0.0 72.35 0.0
S028492 114.1591 51.2577 1.306e-16 3.223e-16 1.537e-15 0.0 75.4 1.0
S028493 114.3305 51.4267 4.476e-13 2.862e-13 8.407e-14 0.0 72.19 0.0
S028494 114.3262 51.429 1.565e-15 1.149e-15 4.495e-16 0.0 72.03 0.0
S028495 114.3262 51.4362 2.015e-15 1.39e-15 4.794e-16 0.0 71.99 0.0
S028496 114.1483 51.225 7.19e-17 1.28e-16 3.025e-16 0.0 75.75 0.0
S028497 114.3319 51.4555 2.019e-14 1.33e-14 4.274e-15 0.0 71.79 0.0
S028498 114.3317 51.46 5.219e-16 3.976e-16 1.617e-16 0.0 71.63 0.0
S028499 114.3329 51.4727 2.514e-16 2.004e-16 9.127e-17 0.0 71.62 0.0
S028500 114.1515 51.2047 5.842e-15 3.979e-15 1.374e-15 0.0 76.19 0.0
S028501 114.3407 51.482 3.175e-17 2.926e-17 1.797e-17 0.0 71.43 0.0
S028502 114.1436 51.1809 5.502e-13 3.695e-13 1.202e-13 0.0 76.51 0.0
S028503 114.1553 51.1911 2.661e-16 2.018e-16 8.458e-17 0.0 76.47 0.0
S028504 114.1496 51.1679 4.485e-16 3.486e-16 1.547e-16 0.0 76.51 1.0
S028505 114.3434 51.5187 1.636e-15 1.227e-15 5.047e-16 0.0 71.11 0.0
S028506 114.3259 51.4921 5.141e-18 5.147e-18 3.83e-18 0.0 71.18 0.0
S028507 114.1532 51.1576 4.814e-17 4.149e-17 2.218e-17 0.0 76.6 0.0
S028508 114.3262 51.5051 5.081e-16 3.788e-16 1.515e-16 0.0 71.13 0.0
S028509 114.3251 51.5065 3.582e-19 4.738e-19 5.947e-19 0.0 71.14 0.0
S028510 114.1541 51.1518 2.312e-15 1.685e-15 6.354e-16 0.0 76.69 0.0
S028511 114.1644 51.1594 1.063e-12 7.845e-13 3.105e-13 0.0 76.72 0.0
S028512 114.318 51.5133 9.087e-17 1.458e-16 2.731e-16 0.0 70.99 0.0
S028513 114.3163 51.5174 1.35e-14 9.35e-15 3.21e-15 0.0 71.11 0.0
S028514 114.3095 51.5068 1.436e-14 9.616e-15 3.16e-15 0.0 71.06 0.0
S028515 114.173 51.1465 2.998e-15 2.049e-15 7.082e-16 0.0 76.65 0.0
S028516 114.3062 51.5225 9.205e-15 6.079e-15 1.965e-15 0.0 71.09 0.0
S028517 114.2995 51.514 1.243e-12 9.27e-13 3.832e-13 0.0 71.16 1.0
S028518 114.3043 51.5285 1.641e-17 2.861e-17 6.503e-17 0.0 71.15 0.0
S028519 114.1872 51.1502 6.413e-15 4.42e-15 1.55e-15 0.0 76.46 0.0
S028520 114.1863 51.1559 2.802e-15 2.041e-15 7.7e-16 0.0 76.46 0.0
S028521 114.2963 51.5338 5.727e-15 4.029e-15 1.468e-15 0.0 71.27 0.0
S028522 114.2845 51.5141 1.723e-17 1.731e-17 1.267e-17 0.0 71.43 0.0
S028523 114.2857 51.5141 1.736e-12 1.437e-12 7.028e-13 0.0 71.36 1.0
S028524 114.207 51.1708 1.188e-13 7.796e-14 2.384e-14 0.0 76.14 0.0
S028525 114.2729 51.5013 5.829e-17 5.242e-17 3.044e-17 0.0 71.61 0.0
S028526 114.2148 51.1737 1.484e-14 9.667e-15 3.028e-15 0.0 76.04 0.0
S028527 114.2216 51.1918 2.943e-17 4.87e-17 1.018e-16 0.0 75.84 0.0
S028528 114.2535 51.4812 6.898e-15 4.657e-15 1.592e-15 0.0 71.97 0.0
S028529 114.2508 51.4826 2.417e-18 2.759e-18 2.597e-18 0.0 72.06 0.0
S028530 114.2359 51.2024 7.842e-14 5.178e-14 1.664e-14 0.0 75.63 0.0
S028531 114.2368 51.4676 7.193e-13 4.933e-13 1.705e-13 0.0 72.29 0.0
S028532 114.2439 51.2107 5.789e-17 1.052e-16 2.65e-16 0.0 75.4 0.0
S028533 114.2448 51.2177 1.612e-15 1.138e-15 4.281e-16 0.0 75.39 0.0
S028534 114.2217 51.4425 4.692e-16 3.395e-16 1.259e-16 0.0 72.57 0.0
S028535 114.2605 51.2373 1.64e-16 1.315e-16 6.1e-17 0.0 75.04 0.0
S028536 114.2198 51.427 1.36e-16 1.095e-16 5.163e-17 0.0 72.75 0.0
S028537 114.2714 51.2546 5.658e-16 4.023e-16 1.453e-16 0.0 74.82 0.0
S028538 114.2843 51.2623 2.727e-18 3.171e-18 3.118e-18 0.0 74.56 0.0
S028539 114.2846 51.2716 7.076e-13 5.03e-13 1.804e-13 0.0 74.51 0.0
S028540 114.2863 51.2824 2.208e-16 1.76e-16 8.249e-17 0.0 74.38 0.0
S028541 114.3027 51.2923 2.02e-17 1.894e-17 1.231e-17 0.0 74.22 0.0
S028542 114.3047 51.3014 1.099e-15 7.737e-16 2.78e-16 0.0 74.11 0.0
S028543 114.179 51.3571 3.809e-17 3.481e-17 2.051e-17 0.0 73.77 0.0
S028544 114.1724 51.3472 2.217e-15 1.619e-15 5.985e-16 0.0 73.99 0.0
S028545 114.3069 51.3357 1.083e-16 8.619e-17 4.073e-17 0.0 73.64 0.0
S028546 114.1655 51.3272 2.039e-17 2.025e-17 1.408e-17 0.0 74.18 0.0
S028547 114.3273 51.3514 1.352e-12 1.011e-12 4.253e-13 0.0 73.52 1.0
S028548 114.319 51.3624 6.877e-17 5.889e-17 3.038e-17 0.0 73.3 0.0
S028549 114.1526 51.2979 1.899e-17 2.983e-17 5.392e-17 0.0 74.54 0.0
S028550 114.3341 51.384 1.715e-12 1.339e-12 6.139e-13 0.0 73.02 1.0
S028551 114.1411 51.2777 7.748e-16 5.732e-16 2.224e-16 0.0 74.93 0.0
S028552 114.138 51.2617 5.211e-16 4.039e-16 1.771e-16 0.0 75.1 1.0
S028553 114.3452 51.416 4.224e-15 2.802e-15 9.231e-16 0.0 72.59 0.0
S028554 114.3528 51.4338 2.645e-15 1.858e-15 6.474e-16 0.0 72.45 0.0
S028555 114.3526 51.4361 1.41e-19 1.945e-19 2.728e-19 0.0 72.38 0.0
S028556 114.1328 51.2248 1.682e-15 1.223e-15 4.724e-16 0.0 75.54 0.0
S028557 114.1281 51.2076 3.607e-17 3.086e-17 1.634e-17 0.0 75.76 0.0
S028558 114.3595 51.4671 1.598e-17 1.574e-17 1.145e-17 0.0 72.0 0.0
S028559 114.3607 51.4731 3.112e-16 2.512e-16 1.138e-16 0.0 71.97 0.0
S028560 114.119 51.1854 2.508e-17 2.13e-17 1.145e-17 0.0 75.96 0.0
S028561 114.1211 51.1893 8.916e-16 6.697e-16 2.727e-16 0.0 75.95 0.0
S028562 114.1174 51.1688 8.208e-16 6.093e-16 2.451e-16 0.0 76.19 0.0
S028563 114.3627 51.5059 3.252e-16 2.568e-16 1.126e-16 0.0 71.42 1.0
S028564 114.1165 51.1537 1.038e-12 9.919e-13 6.891e-13 0.0 76.33 1.0
S028565 114.1256 51.1543 1.485e-16 1.19e-16 5.751e-17 0.0 76.39 0.0
S028566 114.3637 51.5289 2.316e-15 1.656e-15 6.024e-16 0.0 71.32 0.0
S028567 114.1109 51.1239 4.498e-15 3.217e-15 1.17e-15 0.0 76.54 0.0
S028568 114.3654 51.5363 2.474e-16 1.96e-16 9.26e-17 0.0 71.22 0.0
S028569 114.1224 51.1219 1.62e-15 1.139e-15 4.035e-16 0.0 76.62 0.0
S028570 114.3584 51.5464 1.938e-16 1.586e-16 7.496e-17 0.0 71.1 0.0
S028571 114.3625 51.5527 9.395e-18 9.163e-18 6.178e-18 0.0 71.1 0.0
S028572 114.3601 51.565 7.242e-16 5.626e-16 2.551e-16 0.0 71.02 0.0
S028573 114.1248 51.1095 1.216e-17 1.183e-17 8.243e-18 0.0 76.74 0.0
S028574 114.133 51.1023 2.899e-21 6.0330000000000004e-21 1.9520000000000002e-20 0.0 76.85 0.0
S028575 114.137 51.1027 5.064e-17 4.35e-17 2.283e-17 0.0 76.82 0.0
S028576 114.3402 51.5603 4.2480000000000004e-20 6.593e-20 1.206e-19 0.0 70.93 0.0
S028577 114.3386 51.5689 5.132e-16 3.875e-16 1.612e-16 0.0 71.06 1.0
S028578 114.146 51.0909 1.147e-16 9.833e-17 5.11e-17 0.0 76.76 0.0
S028579 114.1595 51.1127 1.557e-16 1.256e-16 5.875e-17 0.0 76.71 0.0
S028580 114.3373 51.5843 1.813e-19 2.359e-19 3.007e-19 0.0 70.96 0.0
S028581 114.3277 51.5736 1.266e-18 1.481e-18 1.439e-18 0.0 71.06 0.0
S028582 114.1618 51.1069 9.164e-16 6.419e-16 2.259e-16 0.0 76.54 0.0
S028583 114.309 51.5589 1.7270000000000002e-21 3.793e-21 1.4680000000000002e-20 0.0 71.14 0.0
S028584 114.1775 51.1225 2.081e-16 1.594e-16 6.766e-17 0.0 76.51 0.0
S028585 114.1777 51.1093 1.724e-15 1.212e-15 4.402e-16 0.0 76.6 0.0
S028586 114.1765 51.1044 1.762e-15 1.216e-15 4.179e-16 0.0 76.45 0.0
S028587 114.2991 51.5679 1.09e-16 8.698e-17 3.941e-17 0.0 71.3 0.0
S028588 114.1953 51.1221 1.526e-15 1.107e-15 4.083e-16 0.0 76.32 0.0
S028589 114.2763 51.5345 1.756e-16 1.405e-16 6.29e-17 0.0 71.52 0.0
S028590 114.2736 51.536 2.702e-19 3.639e-19 4.961e-19 0.0 71.64 0.0
S028591 114.2206 51.143 1.669e-17 2.326e-17 3.231e-17 0.0 75.99 0.0
S028592 114.2649 51.5267 1.958e-13 1.314e-13 4.199e-14 0.0 71.81 0.0
S028593 114.2258 51.149 3.191e-13 2.135e-13 7.026e-14 0.0 75.87 0.0
S028594 114.2514 51.5131 9.13e-15 6.241e-15 2.072e-15 0.0 72.05 0.0
S028595 114.247 51.1738 2.486e-16 1.967e-16 9.239e-17 0.0 75.58 0.0
S028596 114.2364 51.4876 1.51e-14 9.982e-15 3.278e-15 0.0 72.27 0.0
S028597 114.249 51.1816 2.324e-16 1.815e-16 7.826e-17 0.0 75.4 0.0
S028598 114.2247 51.4802 4.438e-19 5.698e-19 6.825e-19 0.001 72.43 0.0
S028599 114.2674 51.216 4.746e-17 1.076e-16 4.434e-16 0.0 74.99 1.0
S028600 114.2124 51.4575 4.387e-15 3.053e-15 1.075e-15 0.0 72.67 0.0
S028601 114.2801 51.2346 6.813e-17 1.127e-16 2.233e-16 0.0 74.81 0.0
S028602 114.2032 51.4331 7.287e-16 5.408e-16 2.146e-16 0.0 72.91 0.0
S028603 114.1931 51.4185 9.635e-17 7.625e-17 3.288e-17 0.0 73.15 0.0
S028604 114.1846 51.406 5.42e-15 3.667e-15 1.252e-15 0.0 73.37 0.0
S028605 114.2965 51.2769 6.764e-16 5.177e-16 2.107e-16 0.0 74.26 0.0
S028606 114.173 51.3834 6.026e-16 4.786e-16 2.077e-16 0.0 73.58 1.0
S028607 114.3174 51.2996 6.237e-23 1.5949999999999999e-22 7.9119999999999995e-22 0.0 74.05 0.0
S028608 114.1625 51.3578 1.565e-15 1.166e-15 4.516e-16 0.0 73.84 0.0
S028609 114.285 51.445 1.855e-17 1.761e-17 1.116e-17 0.0 71.28 0.0
S028610 114.283 51.4466 7.091e-18 7.114e-18 5.14e-18 0.001 71.23 0.0
S028611 114.2053 51.2303 5.865e-21 1.051e-20 2.4800000000000002e-20 0.0 76.38 0.0
S028612 114.283 51.4446 3.684e-16 2.84e-16 1.212e-16 0.0 71.34 1.0
S028613 114.2801 51.4519 4.217e-21 7.719e-21 1.9300000000000003e-20 0.0 71.29 0.0
S028614 114.2812 51.4371 9.353e-17 7.609e-17 3.606e-17 0.0 71.4 0.0
S028615 114.207 51.2336 1.395e-18 1.562e-18 1.485e-18 0.0 76.27 0.0
S028616 114.2123 51.212 2.279e-21 4.591e-21 1.4200000000000002e-20 0.0 76.32 0.0
S028617 114.2598 51.4285 4.977e-18 4.849e-18 3.374e-18 0.0 71.61 0.0
S028618 114.2767 51.4349 2.0920000000000003e-20 3.7030000000000004e-20 8.751000000000001e-20 0.0 71.5 0.0
S028619 114.2655 51.4426 4.888e-24 1.592e-23 1.318e-22 0.0 71.69 0.0
S028620 114.2664 51.4517 7.525e-24 2.69e-23 2.777e-22 0.0 71.6 0.0
S028621 114.2756 51.4434 1.375e-16 1.167e-16 5.781e-17 0.0 71.5 0.0
S028622 114.2607 51.4386 1.22e-16 9.939e-17 4.758e-17 0.0 71.78 0.0
S028623 114.2193 51.2111 9.352e-21 1.7450000000000002e-20 4.6910000000000003e-20 0.0 76.17 0.0
S028624 114.2294 51.2369 4.884e-18 5.27e-18 4.371e-18 0.0 75.91 0.0
S028625 114.218 51.224 6.018e-18 6.216e-18 4.78e-18 0.0 76.03 0.0
S028626 114.2578 51.4391 4.554e-13 3.118e-13 1.035e-13 0.0 71.82 0.0
S028627 114.2203 51.2252 3.713e-16 2.692e-16 1.065e-16 0.0 75.9 0.0
S028628 114.2362 51.2406 2.5300000000000003e-20 3.9840000000000006e-20 7.247000000000001e-20 0.0 75.68 0.0
S028629 114.2385 51.2475 2.028e-21 4.534e-21 1.715e-20 0.0 75.54 0.0
S028630 114.2506 51.4254 1.401e-12 1.01e-12 3.808e-13 0.0 72.18 0.0
S028631 114.2429 51.2495 4.393e-22 1.095e-21 5.233e-21 0.0 75.49 0.0
S028632 114.2411 51.2523 3.003e-17 2.675e-17 1.533e-17 0.0 75.36 0.0
S028633 114.2489 51.2704 4.313e-17 3.707e-17 1.997e-17 0.0 74.99 0.0
S028634 114.2438 51.402 6.993e-19 8.579e-19 9.212e-19 0.0 72.54 0.0
S028635 114.2319 51.4055 1.5170000000000002e-20 2.591e-20 5.640000000000001e-20 0.0 72.72 0.0
S028636 114.2502 51.2699 2.012e-18 2.387e-18 2.467e-18 0.0 74.99 0.0
S028637 114.2548 51.2707 2.3809999999999998e-23 7.339e-23 5.615999999999999e-22 0.0 74.99 0.0
S028638 114.2544 51.2751 5.993e-21 1.1580000000000002e-20 3.366e-20 0.0 74.99 0.0
S028639 114.2313 51.3953 3.884e-19 5.125e-19 6.524e-19 0.0 72.82 0.0
S028640 114.2235 51.3889 4.4e-23 1.2199999999999999e-22 7.339999999999999e-22 0.0 72.95 0.0
S028641 114.2188 51.3892 1.142e-18 1.374e-18 1.4e-18 0.0 73.05 0.0
S028642 114.2119 51.3822 1.496e-12 1.09e-12 4.121e-13 0.0 73.19 0.0
S028643 114.2779 51.2961 1.731e-17 3.73e-17 1.333e-16 0.0 74.35 0.0
S028644 114.2138 51.3731 7.443e-18 7.551e-18 5.553e-18 0.0 73.36 0.0
S028645 114.2031 51.3659 1.074e-21 2.385e-21 8.99e-21 0.0 73.59 0.0
S028646 114.288 51.3048 2.623e-19 3.705e-19 5.375e-19 0.0 74.11 0.0
S028647 114.2732 51.3137 8.666e-22 2.076e-21 9.345000000000001e-21 0.0 74.07 0.0
S028648 114.2868 51.318 5.774e-16 4.207e-16 1.624e-16 0.0 73.92 0.0
S028649 114.2879 51.3241 1.389e-23 4.1739999999999996e-23 3.0469999999999996e-22 0.0 73.89 0.0
S028650 114.1983 51.342 4.036e-23 1.091e-22 6.1139999999999995e-22 0.0 74.02 0.0
S028651 114.1915 51.3342 3.075e-18 3.265e-18 2.755e-18 0.0 74.06 0.0
S028652 114.296 51.3437 2.014e-17 1.92e-17 1.248e-17 0.0 73.53 0.0
S028653 114.2957 51.3461 8.783999999999999e-23 2.0219999999999998e-22 8.510999999999999e-22 0.0 73.45 0.0
S028654 114.1867 51.3204 7.132e-17 6.323e-17 3.674e-17 0.0 74.34 0.0
S028655 114.3077 51.3541 7.369e-18 7.27e-18 5.172e-18 0.0 73.38 0.0
S028656 114.3046 51.3652 8.518e-18 8.02e-18 5.033e-18 0.0 73.15 0.0
S028657 114.1783 51.3001 3.8460000000000004e-21 2.653e-21 9.223999999999999e-22 0.0 74.72 0.0
S028658 114.3002 51.3811 1.635e-19 2.288e-19 3.316e-19 0.0 72.71 0.0
S028659 114.1695 51.2943 1.003e-12 6.933e-13 2.478e-13 0.0 74.79 0.0
S028660 114.2965 51.3804 2.225e-17 1.984e-17 1.187e-17 0.0 72.87 0.0
S028661 114.3148 51.394 8.694e-16 6.33e-16 2.404e-16 0.0 72.6 0.0
S028662 114.3217 51.4105 2.976e-21 2.086e-21 7.537999999999999e-22 0.0 72.47 0.0
S028663 114.3038 51.3959 7.754e-19 9.606e-19 1.077e-18 0.0 72.59 0.0
S028664 114.3256 51.4134 3.603e-19 4.625e-19 5.578e-19 0.0 72.34 0.0
S028665 114.3179 51.41 1.159e-19 1.726e-19 2.787e-19 0.0 72.4 0.0
S028666 114.3115 51.4168 5.919e-17 4.89e-17 2.475e-17 0.0 72.26 0.0
S028667 114.1497 51.2406 3.542e-19 4.697e-19 6.189e-19 0.0 75.51 0.0
S028668 114.1557 51.2331 4.568e-17 1.161e-16 5.833e-16 0.0 75.81 1.0
S028669 114.3304 51.4294 3.946e-21 2.721e-21 9.305999999999998e-22 0.0 72.19 0.0
S028670 114.1401 51.2154 6.549e-17 5.717e-17 3.205e-17 0.0 75.91 0.0
S028671 114.1502 51.2353 8.607e-22 1.746e-21 5.405e-21 0.0 75.81 0.0
S028672 114.326 51.4333 3.999e-17 3.485e-17 1.979e-17 0.0 71.97 0.0
S028673 114.1459 51.1977 3.998e-16 3.02e-16 1.288e-16 0.0 76.17 1.0
S028674 114.1583 51.2061 6.6e-19 8.203e-19 9.042e-19 0.0 76.14 0.0
S028675 114.3335 51.4763 8.267e-16 6.193e-16 2.562e-16 0.0 71.5 1.0
S028676 114.3282 51.4408 2.738e-16 2.084e-16 8.611e-17 0.0 71.85 1.0
S028677 114.3321 51.4747 1.309e-17 1.25e-17 8.56e-18 0.0 71.53 0.0
S028678 114.1615 51.2144 1.696e-13 1.128e-13 3.54e-14 0.0 76.16 0.0
S028679 114.1604 51.1972 2.943e-21 2.096e-21 7.716999999999999e-22 0.0 76.27 0.0
S028680 114.152 51.1957 2.36e-21 4.819e-21 1.4960000000000002e-20 0.0 76.32 0.0
S028681 114.347 51.4918 1.9369999999999999e-22 4.876999999999999e-22 2.4e-21 0.001 71.26 0.0
S028682 114.1456 51.1724 2.724e-21 5.223e-21 1.4470000000000002e-20 0.0 76.46 0.0
S028683 114.3185 51.4739 5.785999999999999e-22 1.335e-21 5.7250000000000005e-21 0.0 71.28 0.0
S028684 114.1533 51.1698 7.135e-24 2.211e-23 1.7289999999999999e-22 0.0 76.53 0.0
S028685 114.325 51.5067 7.615e-19 9.273e-19 1.013e-18 0.0 71.15 0.0
S028686 114.1578 51.1741 1.7300000000000003e-20 2.886e-20 6.023e-20 0.0 76.59 0.0
S028687 114.3408 51.5267 1.629e-13 1.083e-13 3.417e-14 0.0 71.05 0.0
S028688 114.3135 51.4856 6.895e-17 1.301e-16 3.422e-16 0.0 71.13 0.0
S028689 114.3383 51.5303 2.071e-17 4.212e-17 1.33e-16 0.0 71.03 0.0
S028690 114.1586 51.1533 7.083e-17 6.435e-17 3.849e-17 0.0 76.67 0.0
S028691 114.3273 51.4949 2.382e-16 1.933e-16 8.989e-17 0.0 71.12 0.0
S028692 114.1634 51.1463 1.851e-18 2.06e-18 1.877e-18 0.0 76.69 0.0
S028693 114.1649 51.1671 1.05e-21 2.41e-21 9.711e-21 0.0 76.66 0.0
S028694 114.1659 51.1704 2.287e-17 3.859e-17 7.924e-17 0.0 76.63 0.0
S028695 114.1594 51.1562 3.089e-17 2.861e-17 1.686e-17 0.0 76.72 0.0
S028696 114.3255 51.5336 1.177e-21 2.231e-21 6.107e-21 0.0 71.08 0.0
S028697 114.1727 51.153 2.3e-18 2.482e-18 2.113e-18 0.0 76.7 0.0
S028698 114.3152 51.5434 5.405e-17 4.624e-17 2.482e-17 0.0 70.97 0.0
S028699 114.1831 51.1639 1.639e-16 1.299e-16 6.146e-17 0.0 76.57 0.0
S028700 114.3007 51.5082 3.952e-18 4.24e-18 3.485e-18 0.0 71.13 0.0
S028701 114.3004 51.5121 2.593e-16 2.005e-16 8.374e-17 0.0 71.25 1.0
S028702 114.2993 51.5089 3.106e-16 2.52e-16 1.22e-16 0.0 71.2 0.0
S028703 114.1948 51.1631 6.513000000000001e-20 9.986000000000001e-20 1.738e-19 0.0 76.45 0.0
S028704 114.2815 51.4809 9.359e-17 7.735e-17 3.777e-17 0.0 71.53 0.0
S028705 114.2863 51.5052 4.755e-13 3.178e-13 1.039e-13 0.0 71.33 0.0
S028706 114.1977 51.1669 4.137e-24 1.419e-23 1.277e-22 0.0 76.31 0.0
S028707 114.2024 51.1812 2.224e-16 1.801e-16 8.497e-17 0.0 76.31 0.0
S028708 114.209 51.1732 2.193e-16 1.703e-16 7.163e-17 0.0 76.07 1.0
S028709 114.2115 51.1897 9.005e-18 1.666e-17 4.352e-17 0.0 76.0 0.0
S028710 114.2714 51.4763 1.291e-17 2.217e-17 5.111e-17 0.0 71.69 0.0
S028711 114.2831 51.5231 1.727e-19 2.46e-19 3.766e-19 0.001 71.47 0.0
S028712 114.2691 51.4871 9.136e-17 8.061e-17 4.531e-17 0.0 71.71 0.0
S028713 114.2247 51.1753 5.892e-18 9.343e-18 1.727e-17 0.0 75.96 0.0
S028714 114.2585 51.4735 3.015e-21 2.134e-21 7.592999999999999e-22 0.0 71.79 0.0
S028715 114.2564 51.4976 1.406e-16 1.158e-16 5.604e-17 0.0 71.95 0.0
S028716 114.2161 51.1905 2.113e-18 2.376e-18 2.136e-18 0.0 75.86 0.0
S028717 114.2513 51.4679 5.491e-22 1.262e-21 5.206e-21 0.0 72.0 0.0
S028718 114.2399 51.4608 6.137e-18 6.336e-18 4.752e-18 0.0 72.15 0.0
S028719 114.2419 51.2017 2.292e-17 4.977e-17 1.796e-16 0.0 75.61 0.0
S028720 114.2483 51.2272 8.984e-17 7.5e-17 3.695e-17 0.0 75.35 0.0
S028721 114.2188 51.4431 1.806e-18 2.007e-18 1.782e-18 0.0 72.63 0.0
S028722 114.2316 51.4537 2.203e-16 1.675e-16 7.19e-17 0.0 72.45 1.0
S028723 114.26 51.2387 7.264000000000001e-20 1.142e-19 2.08e-19 0.0 75.01 0.0
S028724 114.2225 51.4318 7.36e-18 7.377e-18 5.505e-18 0.0 72.62 0.0
S028725 114.274 51.2482 5.136e-22 1.155e-21 4.463e-21 0.0 74.79 0.0
S028726 114.267 51.2556 4.139e-13 4.845e-13 4.74e-13 0.0 74.82 0.0
S028727 114.2707 51.2522 4.625e-19 5.696e-19 6.488e-19 0.0 74.79 0.0
S028728 114.2018 51.4054 6.466e-19 8.277e-19 9.964e-19 0.0 73.18 0.0
S028729 114.2047 51.4029 1.765e-15 1.215e-15 4.243e-16 0.0 73.14 0.0
S028730 114.2935 51.2784 7.286e-16 5.32e-16 2.035e-16 0.0 74.38 0.0
S028731 114.2887 51.2872 1.193e-18 1.389e-18 1.35e-18 0.0 74.29 0.0
S028732 114.1903 51.3774 1.362e-21 2.914e-21 1.0290000000000001e-20 0.0 73.53 0.0
S028733 114.1892 51.3718 1.034e-16 8.553e-17 4.246e-17 0.0 73.55 0.0
S028734 114.3146 51.3065 1.776e-16 1.466e-16 7.429e-17 0.0 73.99 0.0
S028735 114.1727 51.3527 2.671e-17 5.017e-17 1.386e-16 0.0 73.9 0.0
S028736 114.317 51.3213 6.071e-17 5.15e-17 2.707e-17 0.0 73.79 0.0
S028737 114.1759 51.3378 3.697e-17 4.88e-17 6.232e-17 0.0 74.09 0.0
S028738 114.3202 51.3391 5.368e-18 9.448e-18 2.195e-17 0.0 73.56 0.0
S028739 114.1613 51.3247 3.156e-16 2.437e-16 1.009e-16 0.0 74.37 1.0
S028740 114.1601 51.313 1.626e-17 1.518e-17 9.515e-18 0.0 74.44 0.0
S028741 114.1534 51.304 1.427e-17 2.186e-17 3.837e-17 0.0 74.6 0.0
S028742 114.152 51.2978 5.04e-18 5.413e-18 4.517e-18 0.0 74.64 0.0
S028743 114.1574 51.2908 8.175e-16 6.023e-16 2.293e-16 0.0 74.74 0.0
S028744 114.1514 51.2779 3.63e-18 3.957e-18 3.256e-18 0.0 74.87 0.0
S028745 114.3369 51.389 3.371e-17 2.946e-17 1.626e-17 0.0 72.94 0.0
S028746 114.339 51.4016 3.025e-21 2.168e-21 7.880999999999999e-22 0.0 72.69 0.0
S028747 114.3451 51.414 5.171e-17 4.405e-17 2.335e-17 0.0 72.7 0.0
S028748 114.3405 51.4144 2.007e-21 3.995e-21 1.201e-20 0.0 72.45 0.0
S028749 114.3499 51.424 2.369e-19 3.227e-19 4.397e-19 0.0 72.57 0.0
S028750 114.3522 51.4509 6.192e-17 1.208e-16 3.532e-16 0.0 72.16 0.0
S028751 114.3441 51.4365 4.315e-19 5.524e-19 6.544e-19 0.0 72.26 0.0
S028752 114.3497 51.4351 3.001e-19 4.353e-19 6.579e-19 0.0 72.28 0.0
S028753 114.1226 51.2032 2.595e-16 2.022e-16 9.019e-17 0.0 75.75 0.0
S028754 114.3543 51.4562 2.618e-17 2.485e-17 1.617e-17 0.0 72.15 0.0
S028755 114.1357 51.2099 3.393e-19 4.41e-19 5.462e-19 0.0 75.87 0.0
S028756 114.1166 51.2038 2.4769999999999997e-22 6.422999999999999e-22 3.311e-21 0.0 75.7 0.0
S028757 114.1031 51.18 3.51e-18 3.938e-18 3.572e-18 0.0 75.87 0.0
S028758 114.1203 51.1945 4.908e-21 3.287e-21 1.049e-21 0.0 75.87 0.0
S028759 114.1227 51.1839 1.1050000000000001e-20 2.0020000000000003e-20 4.9e-20 0.0 76.06 0.0
S028760 114.1325 51.1815 4.491e-19 5.821e-19 7.091e-19 0.0 76.08 0.0
S028761 114.11 51.1564 7.312e-17 1.32e-16 3.367e-16 0.0 76.28 0.0
S028762 114.3741 51.5233 9.138e-20 1.332e-19 2.052e-19 0.0 71.4 1.0
S028763 114.3632 51.508 1.764e-17 3.448e-17 9.831e-17 0.0 71.45 0.0
S028764 114.1208 51.165 6.954e-18 7.136e-18 5.35e-18 0.0 76.14 0.0
S028765 114.1261 51.1455 3.945e-17 3.438e-17 1.927e-17 0.0 76.42 1.0
S028766 114.3599 51.5513 6.301e-20 9.616000000000001e-20 1.629e-19 0.0 71.18 0.0
S028767 114.1272 51.1377 1.381e-17 1.374e-17 1.001e-17 0.0 76.51 0.0
S028768 114.1165 51.133 3.917e-16 3.051e-16 1.301e-16 0.001 76.53 1.0
S028769 114.1118 51.1129 2.029e-21 4.02e-21 1.201e-20 0.0 76.61 0.0
S028770 114.1108 51.0947 1.72e-19 2.538e-19 4.058e-19 0.0 76.64 0.0
S028771 114.3636 51.5483 4.163e-16 3.224e-16 1.398e-16 0.0 71.12 1.0
S028772 114.1333 51.1286 2.965e-21 2.121e-21 7.522999999999999e-22 0.0 76.64 0.0
S028773 114.3464 51.5359 3.997e-18 4.302e-18 3.651e-18 0.0 71.08 0.0
S028774 114.1382 51.1492 8.081e-17 6.772e-17 3.38e-17 0.0 76.69 0.0
S028775 114.3559 51.5856 1.331e-15 9.645e-16 3.659e-16 0.0 70.96 0.0
S028776 114.3536 51.5759 5.903e-18 6.094e-18 4.706e-18 0.0 70.96 0.0
S028777 114.3523 51.5807 4.405e-17 3.706e-17 1.87e-17 0.001 70.9 0.0
S028778 114.1281 51.0928 1.823e-16 1.413e-16 6.265e-17 0.001 76.74 1.0
S028779 114.1346 51.1028 2.0089999999999998e-23 5.994e-23 4.1239999999999996e-22 0.0 76.8 0.0
S028780 114.3508 51.5819 8.201e-17 6.712e-17 3.396e-17 0.0 70.91 0.0
S028781 114.142 51.0943 1.246e-21 2.629e-21 8.934e-21 0.0 76.76 0.0
S028782 114.3231 51.5484 2.278e-18 2.514e-18 2.252e-18 0.0 71.03 0.0
S028783 114.1512 51.0908 4.863e-18 4.877e-18 3.608e-18 0.0 76.74 0.0
S028784 114.1607 51.1053 6.565e-16 5.01e-16 2.056e-16 0.0 76.67 1.0
S028785 114.3345 51.5718 2.298e-18 2.571e-18 2.266e-18 0.0 71.09 0.0
S028786 114.3297 51.5981 1.025e-20 1.898e-20 4.775e-20 0.0 71.0 0.0
S028787 114.3281 51.573 1.899e-18 1.996e-18 1.606e-18 0.0 71.12 0.0
S028788 114.1577 51.0867 1.092e-18 1.306e-18 1.382e-18 0.0 76.62 0.0
S028789 114.3102 51.5669 2.9510000000000002e-21 5.644e-21 1.556e-20 0.0 71.14 0.0
S028790 114.3136 51.5754 1.339e-15 1.003e-15 3.962e-16 0.0 71.19 0.0
S028791 114.3112 51.5583 1.698e-17 1.581e-17 9.871e-18 0.0 71.2 0.0
S028792 114.1873 51.0916 5.077e-17 4.52e-17 2.539e-17 0.0 76.32 0.0
S028793 114.1905 51.1068 5.562e-20 8.72e-20 1.648e-19 0.0 76.43 0.0
S028794 114.2968 51.5449 8.658e-18 8.495e-18 5.749e-18 0.0 71.47 0.0
S028795 114.2817 51.5387 1.559e-16 3.792e-16 1.703e-15 0.0 71.46 1.0
S028796 114.2735 51.5431 1.757e-23 5.829e-23 4.962e-22 0.0 71.58 0.0
S028797 114.2174 51.1422 8.192e-18 8.221e-18 5.944e-18 0.0 75.94 0.0
S028798 114.2159 51.1357 7.96e-16 5.896e-16 2.335e-16 0.0 76.11 0.0
S028799 114.2679 51.5188 4.999e-18 5.281e-18 4.399e-18 0.0 71.69 0.0
S028800 114.2507 51.5194 5.25e-17 6.804e-17 8.345e-17 0.0 71.99 0.0
S028801 114.2505 51.4974 2.3209999999999998e-23 7.509e-23 6.180999999999999e-22 0.0 71.96 0.0
S028802 114.2598 51.508 8.179e-13 5.658e-13 1.968e-13 0.0 71.92 0.0
S028803 114.2282 51.1423 1.112e-17 1.144e-17 8.821e-18 0.0 75.78 0.0
S028804 114.2449 51.1929 3.994e-17 3.57e-17 2.07e-17 0.0 75.44 1.0
S028805 114.2426 51.1792 1.732e-17 2.391e-17 3.285e-17 0.0 75.54 0.0
S028806 114.2357 51.4975 8.190000000000001e-21 1.491e-20 3.6610000000000004e-20 0.0 72.25 0.0
S028807 114.2436 51.4922 1.74e-19 2.445e-19 3.397e-19 0.0 72.16 0.0
S028808 114.2317 51.4817 2.5859999999999996e-22 6.230999999999999e-22 2.8560000000000002e-21 0.0 72.33 0.0
S028809 114.219 51.4776 1.466e-17 1.367e-17 8.402e-18 0.0 72.55 0.0
S028810 114.2231 51.4601 8.068e-17 6.82e-17 3.529e-17 0.0 72.49 0.0
S028811 114.2842 51.2356 5.41e-18 5.965e-18 5.202e-18 0.0 74.75 0.0
S028812 114.276 51.2268 4.056e-17 3.698e-17 2.277e-17 0.0 74.94 0.0
S028813 114.2898 51.2339 4.362e-17 9.607e-17 3.517e-16 0.0 74.7 0.0
S028814 114.2965 51.248 4.209e-17 6.433e-17 1.103e-16 0.0 74.53 0.0
S028815 114.1981 51.4088 4.877e-17 7.749e-17 1.502e-16 0.0 73.16 0.0
S028816 114.1884 51.4148 2.903e-16 2.27e-16 9.725e-17 0.0 73.16 1.0
S028817 114.1867 51.3959 4.43e-17 3.896e-17 2.13e-17 0.0 73.43 0.0
S028818 114.181 51.3876 1.059e-17 1.059e-17 7.478e-18 0.0 73.43 0.0
S028819 114.1685 51.3848 1.25e-17 1.234e-17 8.626e-18 0.0 73.56 0.0
S028820 114.1694 51.3725 1.9060000000000003e-20 3.327e-20 7.426e-20 0.0 73.69 0.0
S028821 114.3125 51.306 1.554e-17 1.431e-17 8.716e-18 0.0 74.01 0.0
S028822 114.1544 51.354 1.125e-18 1.312e-18 1.297e-18 0.0 73.9 0.0
S028823 114.1591 51.342 2.927e-21 6.12e-21 2.019e-20 0.0 74.06 0.0
S028824 114.3348 51.3405 6.639e-17 1.094e-16 2.233e-16 0.0 73.54 0.0
S028825 114.3278 51.3415 4.985e-16 3.8e-16 1.58e-16 0.0 73.51 1.0
S028826 114.3391 51.3547 3.111e-21 2.193e-21 8.017e-22 0.0 73.44 0.0
S028827 114.1345 51.3049 3.3139999999999996e-22 7.857999999999999e-22 3.245e-21 0.0 74.4 0.0
