Name Equatorial Polar BlueF GreenF RedF Parallax RadialVelocity Variable?
S031993 114.3677 53.5728 5.871999999999999e-23 1.5349999999999998e-22 7.913e-22 0.0 68.54 0.0
S031994 114.5693 53.6188 9.241e-21 1.6340000000000002e-20 3.686e-20 0.0 67.88 0.0
S031995 114.361 53.5746 1.232e-17 1.129e-17 6.989e-18 0.0 68.68 0.0
S031996 114.3653 53.5847 3.048e-21 5.726e-21 1.5480000000000002e-20 0.0 69.09 0.0
S031997 114.3579 53.5507 2.281e-24 7.836e-24 7.619999999999999e-23 0.0 69.51 0.0
S031998 114.3431 53.5719 3.125e-14 2.056e-14 6.432e-15 0.0 68.98 0.0
S031999 114.3777 53.5938 1.014e-24 4.294e-24 6.504e-23 0.0 68.93 0.0
S032000 114.3164 53.5495 6.759999999999999e-22 1.505e-21 5.953e-21 0.0 71.11 0.0
S032001 113.9303 53.493 4.285e-21 8.012e-21 2.1200000000000003e-20 0.0 71.86 0.0
S032002 114.3057 53.5677 1.898e-17 1.763e-17 1.116e-17 0.0 71.46 0.0
S032003 114.34 53.574 8.068000000000001e-20 1.295e-19 2.434e-19 0.0 68.39 0.0
S032004 114.4219 53.5879 4.002e-20 6.356000000000001e-20 1.186e-19 0.0 68.11 0.0
S032005 114.299 53.5627 2.215e-19 3.161e-19 4.669e-19 0.0 71.65 0.0
S032006 114.3333 53.5502 1.464e-17 2.135e-17 3.231e-17 0.0 70.72 0.0
S032007 114.2848 53.5336 9.153e-23 2.585e-22 1.587e-21 0.0 71.58 0.0
S032008 114.4161 53.4699 2.3280000000000002e-20 3.8140000000000003e-20 7.66e-20 0.0 69.58 0.0
S032009 114.3122 53.5717 8.441999999999999e-22 1.853e-21 6.902e-21 0.0 71.33 0.0
S032010 114.3439 53.5674 7.195e-21 1.3650000000000002e-20 3.776e-20 0.0 68.95 0.0
S032011 114.3317 53.5607 1.1650000000000002e-20 2.0690000000000002e-20 4.8150000000000004e-20 0.0 71.24 0.0
S032012 114.3597 53.5811 1.907e-23 6.084e-23 5.009999999999999e-22 0.0 68.88 0.0
S032013 114.3629 53.5617 2.077e-20 3.421e-20 7.185e-20 0.0 68.98 0.0
S032014 114.2982 53.5287 1.4520000000000001e-21 3.12e-21 1.092e-20 0.0 71.06 0.0
S032015 114.2681 53.5603 1.052e-19 1.412e-19 1.871e-19 0.0 71.87 0.0
S032016 114.3452 53.5733 1.811e-21 3.922e-21 1.4060000000000002e-20 0.0 68.66 0.0
S032017 114.3517 53.5833 9.736e-18 1.658e-17 3.493e-17 0.0 69.41 0.0
S032018 114.3886 53.5926 6.998e-24 2.168e-23 1.603e-22 0.0 68.33 0.0
S032019 114.3031 53.563 8.001e-20 1.153e-19 1.798e-19 0.0 71.61 0.0
S032020 114.389 53.5872 2.826e-18 3.272e-18 3.169e-18 0.0 68.33 0.0
S032021 114.3391 53.5678 2.781e-21 1.971e-21 7.218e-22 0.0 71.19 0.0
S032022 114.4017 53.5649 5.836e-24 1.869e-23 1.459e-22 0.0 68.24 0.0
S032023 114.2288 53.5989 3.919e-18 4.113e-18 3.309e-18 0.0 71.38 0.0
S032024 114.3601 53.5783 1.348e-22 3.4629999999999996e-22 1.782e-21 0.0 69.06 0.0
S032025 114.3884 53.5798 9.763e-18 9.244e-18 5.897e-18 0.0 68.42 0.0
S032026 114.3375 53.5719 1.5649999999999998e-22 3.9329999999999997e-22 1.882e-21 0.0 70.65 0.0
S032027 114.3392 53.5688 7.239999999999999e-22 1.777e-21 8.409e-21 0.0 71.47 0.0
S032028 114.343 53.5672 8.875999999999999e-23 2.405e-22 1.357e-21 0.0 69.66 0.0
S032029 114.5197 53.5759 1.8189999999999998e-24 7.396e-24 1.0259999999999999e-22 0.0 67.98 0.0
S032030 114.3667 53.5854 1.406e-23 4.37e-23 3.393e-22 0.0 68.81 0.0
S032031 114.3527 53.5524 4.615e-22 1.092e-21 4.84e-21 0.0 69.4 0.0
S032032 114.2895 53.5727 2.837e-22 6.819999999999999e-22 2.952e-21 0.0 71.48 0.0
S032033 114.3473 53.6024 1.056e-21 2.4280000000000002e-21 9.638e-21 0.001 69.57 0.0
S032034 114.3131 53.5362 6.574e-17 5.564e-17 2.935e-17 0.0 70.98 0.0
S032035 114.3944 53.57 1.246e-17 1.137e-17 6.865e-18 0.0 68.28 0.0
S032036 114.258 53.5644 6.269e-23 1.7509999999999999e-22 1.055e-21 0.0 71.74 0.0
S032037 114.3244 53.5805 3.9399999999999997e-22 9.129999999999999e-22 3.745e-21 0.0 70.5 0.0
S032038 114.324 53.5973 1.366e-12 1.101e-12 5.21e-13 0.0 70.21 1.0
S032039 114.415 53.6096 6.136e-23 1.823e-22 1.239e-21 0.0 68.44 0.0
S032040 114.3593 53.5116 4.192e-24 1.3719999999999998e-23 1.1309999999999999e-22 0.0 69.94 0.0
S032041 114.3406 53.5697 2.0689999999999998e-22 4.785999999999999e-22 2.004e-21 0.0 69.72 0.0
S032042 114.2577 53.5541 2.354e-19 3.132e-19 4.082e-19 0.0 71.94 0.0
S032043 114.3094 53.5695 1.111e-12 8.057e-13 3.066e-13 0.0 71.35 0.0
S032044 114.3641 53.5895 1.3520000000000001e-20 2.3520000000000002e-20 5.4080000000000004e-20 0.0 68.63 0.0
S032045 114.34 53.5773 2.352e-17 2.042e-17 1.126e-17 0.0 69.8 0.0
S032046 114.2502 53.5174 3.079e-17 2.708e-17 1.505e-17 0.0 71.44 0.0
S032047 114.3497 53.5814 8.563999999999998e-22 1.903e-21 7.132e-21 0.0 69.58 0.0
S032048 114.4291 53.5612 5.914999999999999e-23 1.5429999999999999e-22 8.151e-22 0.0 68.13 0.0
S032049 114.3317 53.5708 8.633e-21 1.6340000000000002e-20 4.4000000000000004e-20 0.0 70.44 0.0
S032050 114.3616 53.5475 1.15e-17 1.063e-17 6.661e-18 0.001 69.51 0.0
S032051 114.3977 53.5591 2.438e-21 4.848e-21 1.5090000000000003e-20 0.0 68.38 0.0
S032052 114.3866 53.5643 3.271e-19 4.011e-19 4.379e-19 0.0 68.69 0.0
S032053 114.4791 53.7066 1.897e-24 7.509e-24 9.848e-23 0.0 68.8 0.0
S032054 114.3487 53.5906 1.559e-18 1.776e-18 1.674e-18 0.0 69.45 0.0
S032055 114.3467 53.5662 1.006e-18 1.12e-18 9.897e-19 0.0 68.6 0.0
S032056 114.422 53.7243 4.3320000000000003e-20 7.158000000000001e-20 1.455e-19 0.0 69.35 0.0
S032057 114.3221 53.5564 2.463e-17 2.292e-17 1.405e-17 0.0 71.19 0.0
S032058 114.3244 53.5856 1.505e-23 4.235e-23 2.5799999999999997e-22 0.0 70.42 0.0
S032059 114.3405 53.5648 6.063e-20 9.476000000000001e-20 1.729e-19 0.0 71.72 0.0
S032060 114.348 53.5599 1.251e-23 4.055e-23 3.362e-22 0.0 69.42 0.0
S032061 114.4963 53.6036 1.373e-24 5.104e-24 5.706e-23 0.0 67.97 0.0
S032062 114.1919 53.5905 2.726e-19 3.639e-19 4.656e-19 0.0 71.59 0.0
S032063 114.4873 53.606 6.103e-17 1.011e-16 1.997e-16 0.0 68.05 0.0
S032064 114.3348 53.5707 6.54e-23 1.6979999999999998e-22 8.854e-22 0.0 71.38 0.0
S032065 114.351 53.568 4.733e-20 7.218e-20 1.283e-19 0.0 68.47 0.0
S032066 114.3868 53.5707 1.129e-18 1.272e-18 1.194e-18 0.0 68.45 0.0
S032067 114.313 53.5395 5.192e-17 4.505e-17 2.401e-17 0.0 70.85 0.0
S032068 114.3403 53.5658 2.166e-21 4.439e-21 1.383e-20 0.0 70.24 0.0
S032069 114.3238 53.5715 1.328e-17 1.253e-17 8.222e-18 0.0 70.86 0.0
S032070 114.323 53.5732 2.654e-23 7.113999999999999e-23 3.839e-22 0.0 71.07 0.0
S032071 114.3415 53.5307 1.006e-22 2.315e-22 9.293e-22 0.0 70.15 0.0
S032072 114.363 53.5309 7.786e-20 1.135e-19 1.779e-19 0.0 69.65 0.0
S032073 114.1147 53.5371 6.963999999999999e-23 1.7539999999999998e-22 8.358e-22 0.0 72.11 0.0
S032074 114.3683 53.5679 1.98e-19 2.645e-19 3.393e-19 0.0 68.56 0.0
S032075 114.3407 53.5615 2.034e-22 5.066999999999999e-22 2.431e-21 0.0 70.37 0.0
S032076 114.2934 53.5064 5.147e-19 6.215e-19 6.905e-19 0.0 70.87 0.0
S032077 114.3174 53.5683 3.657e-21 6.991000000000001e-21 1.9830000000000002e-20 0.0 71.4 0.0
S032078 114.2558 53.5653 2.058e-17 3.811e-17 9.908e-17 0.0 71.77 0.0
S032079 114.3667 53.5227 1.414e-22 3.253e-22 1.314e-21 0.0 69.63 0.0
S032080 114.3775 53.6447 3.541e-22 8.395999999999999e-22 3.618e-21 0.0 69.3 0.0
S032081 114.3817 53.5726 1.0030000000000001e-20 1.7090000000000003e-20 3.856e-20 0.0 68.35 0.0
S032082 114.2943 53.5355 4.318e-22 9.648e-22 3.758e-21 0.0 71.34 0.0
S032083 114.2941 53.588 1.614e-12 1.186e-12 4.457e-13 0.0 70.82 0.0
S032084 114.3062 53.5589 1.41e-17 1.339e-17 8.422e-18 0.0 71.55 0.0
S032085 114.4464 53.5783 7.629000000000001e-20 1.16e-19 1.923e-19 0.0 68.07 0.0
S032086 114.2366 53.5737 1.4119999999999998e-22 3.882e-22 2.212e-21 0.0 71.6 0.0
S032087 114.3488 53.5868 4.446e-21 8.631000000000001e-21 2.4070000000000002e-20 0.0 69.35 0.0
S032088 114.3398 53.5767 1.526e-18 1.824e-18 1.847e-18 0.0 69.41 1.0
S032089 114.4595 53.519 6.4109999999999995e-22 1.405e-21 5.063e-21 0.0 68.81 0.0
S032090 114.3511 53.5614 1.193e-18 1.334e-18 1.227e-18 0.0 68.64 0.0
S032091 114.2866 53.6192 1.566e-23 4.3979999999999995e-23 2.7589999999999997e-22 0.0 70.51 0.0
S032092 114.4919 53.6489 7.482e-22 1.58e-21 5.39e-21 0.0 68.32 0.0
S032093 114.2266 53.6074 3.5319999999999997e-22 8.722e-22 4.092e-21 0.0 71.17 0.0
S032094 114.3211 53.5648 1.163e-18 1.269e-18 1.113e-18 0.0 71.01 0.0
S032095 114.3423 53.5711 6.0249999999999995e-22 1.288e-21 4.613e-21 0.0 68.71 0.0
S032096 114.3377 53.5262 1.3240000000000001e-21 2.877e-21 1.04e-20 0.0 70.31 0.0
S032097 114.269 53.5382 3.3729999999999995e-22 8.950999999999999e-22 4.8450000000000004e-21 0.0 71.85 0.0
S032098 114.3099 53.5521 1.269e-18 1.508e-18 1.532e-18 0.0 71.4 0.0
S032099 114.4058 53.5599 8.921e-20 1.279e-19 1.914e-19 0.0 68.57 0.0
S032100 114.3243 53.5784 6.806e-18 6.374e-18 4.183e-18 0.0 71.17 0.0
S032101 114.2993 53.5889 3.933e-23 9.910999999999999e-23 4.917e-22 0.0 70.83 0.0
S032102 114.3283 53.5358 2.37e-20 4.223e-20 1.001e-19 0.0 70.45 0.0
S032103 114.3041 53.59 3.912e-18 3.97e-18 2.857e-18 0.0 70.91 0.0
S032104 114.35 53.6005 7.211e-18 7.207e-18 5.176e-18 0.0 69.52 0.0
S032105 114.3645 53.5523 9.138e-22 1.984e-21 7.035e-21 0.0 69.19 0.0
S032106 114.1165 53.4229 1.062e-23 3.793e-23 3.897e-22 0.0 71.55 0.0
S032107 114.2938 53.5618 4.746e-18 4.837e-18 3.566e-18 0.0 71.55 0.0
S032108 114.3502 53.5737 6.044e-20 9.487e-20 1.717e-19 0.0 68.6 0.0
S032109 114.3083 53.5705 7.253e-19 8.764e-19 9.529e-19 0.0 71.19 0.0
S032110 114.1345 53.5976 1.9739999999999999e-22 5.194e-22 2.705e-21 0.0 71.69 0.0
S032111 114.2528 53.5617 1.903e-21 4.147e-21 1.4610000000000002e-20 0.0 71.79 0.0
S032112 114.3276 53.5804 6.659e-24 2.1749999999999998e-23 1.871e-22 0.001 70.31 0.0
S032113 114.2712 53.5616 8.684000000000001e-20 1.322e-19 2.229e-19 0.0 71.96 0.0
S032114 114.3022 53.5743 2.224e-18 2.397e-18 2.1e-18 0.0 71.39 0.0
S032115 114.3494 53.4604 2.952e-20 4.6750000000000005e-20 8.647e-20 0.0 70.12 0.0
S032116 114.2507 53.5734 9.97e-23 2.94e-22 1.953e-21 0.0 71.62 0.0
S032117 114.3172 53.5725 2.1450000000000002e-20 3.6620000000000004e-20 7.59e-20 0.0 71.26 0.0
S032118 114.2563 53.6395 2.497e-18 2.723e-18 2.344e-18 0.0 70.66 0.0
S032119 114.3586 53.5694 2.3680000000000003e-20 3.934e-20 7.901e-20 0.0 68.68 0.0
S032120 114.3377 53.5787 7.576e-28 7.378e-27 6.158e-25 0.0 69.81 0.0
S032121 114.2191 53.5115 1.777e-19 2.341e-19 2.889e-19 0.0 71.67 0.0
S032122 114.381 53.6193 3.919e-20 6.236e-20 1.17e-19 0.0 69.13 0.0
S032123 114.3561 53.6526 1.445e-17 1.385e-17 9.267e-18 0.0 69.67 0.0
S032124 114.3174 53.5361 9.72e-24 3.094e-23 2.4849999999999998e-22 0.0 70.89 0.0
S032125 114.3394 53.5748 2.135e-23 6.567e-23 4.78e-22 0.0 69.86 0.0
S032126 114.3587 53.5813 1.7e-22 4.417999999999999e-22 2.271e-21 0.0 69.04 0.0
S032127 114.3378 53.5716 6.003e-18 6.048e-18 4.393e-18 0.0 71.11 0.0
S032128 114.2438 53.5279 1.105e-18 1.282e-18 1.209e-18 0.0 71.72 0.0
S032129 114.3004 53.5391 3.616e-21 2.519e-21 8.907e-22 0.0 71.39 0.0
S032130 114.343 53.5649 1.639e-12 1.32e-12 6.039e-13 0.0 68.76 1.0
S032131 114.2982 53.5857 1.393e-25 6.9560000000000005e-25 1.497e-23 0.0 70.92 0.0
S032132 114.3052 53.5344 4.986e-17 8.424e-17 1.869e-16 0.0 71.2 0.0
S032133 114.2799 53.5124 4.2269999999999995e-22 8.980999999999999e-22 3.157e-21 0.0 71.01 0.0
S032134 114.3097 53.5659 1.0270000000000001e-20 1.88e-20 4.8880000000000006e-20 0.0 71.28 0.0
S032135 114.3046 53.5664 1.7539999999999998e-22 4.321e-22 2.053e-21 0.0 71.54 0.0
S032136 114.5182 53.6052 1.6020000000000003e-20 2.872e-20 6.908000000000001e-20 0.0 67.89 0.0
S032137 114.3333 53.5621 4.274e-22 1.04e-21 4.695e-21 0.0 71.35 0.0
S032138 114.4918 53.6052 4.6e-22 9.521999999999999e-22 3.065e-21 0.0 68.04 0.0
S032139 114.3213 53.5472 4.693e-23 1.436e-22 1.058e-21 0.0 71.25 0.0
S032140 114.2384 53.5129 5.697e-25 2.438e-24 3.643e-23 0.0 71.5 0.0
S032141 114.3484 53.5748 3.831e-23 1.148e-22 7.856999999999999e-22 0.0 69.18 0.0
S032142 114.3101 53.5602 9.700999999999999e-22 2.266e-21 9.456e-21 0.0 71.52 0.0
S032143 114.4301 53.5277 4.289e-24 1.6109999999999998e-23 1.8569999999999997e-22 0.0 69.04 0.0
S032144 114.3941 53.5729 3.628e-21 6.486e-21 1.587e-20 0.0 68.23 0.0
S032145 114.3473 53.5688 3.536e-21 6.85e-21 1.9780000000000003e-20 0.0 68.28 0.0
S032146 114.4495 53.5579 8.36e-18 8.552e-18 6.373e-18 0.0 68.28 0.0
S032147 114.327 53.553 3.756e-21 2.556e-21 8.4319999999999995e-22 0.0 70.68 0.0
S032148 114.3575 53.574 2.786e-21 5.714e-21 1.846e-20 0.0 68.63 0.0
S032149 114.3373 53.5748 1.537e-22 3.794e-22 1.739e-21 0.0 70.16 0.0
S032150 114.4233 53.5663 5.743e-22 1.31e-21 5.3e-21 0.0 68.2 0.0
S032151 114.307 53.5336 1.018e-20 1.8790000000000002e-20 4.748e-20 0.001 71.24 0.0
S032152 114.388 53.5676 5.541e-23 1.526e-22 9.144e-22 0.0 68.3 0.0
S032153 114.2968 53.5786 1.392e-22 3.8619999999999995e-22 2.38e-21 0.0 71.07 0.0
S032154 114.3321 53.5408 2.292e-19 3.104e-19 4.232e-19 0.0 70.34 0.0
S032155 114.3425 53.5535 7.195e-18 1.235e-17 2.813e-17 0.0 70.73 0.0
S032156 114.2227 53.5233 3.41e-21 6.878e-21 2.0370000000000003e-20 0.0 71.63 0.0
S032157 114.3533 53.5349 1.842e-21 3.524e-21 9.338e-21 0.0 70.07 0.0
S032158 114.2911 53.5635 2.42e-21 4.65e-21 1.2580000000000002e-20 0.0 71.64 0.0
S032159 114.4239 53.5884 3.471e-18 3.775e-18 3.253e-18 0.0 68.14 0.0
S032160 114.3377 53.574 2.857e-17 5.039e-17 1.184e-16 0.0 70.13 0.0
S032161 114.2546 53.5384 2.153e-23 5.985e-23 3.7689999999999997e-22 0.0 71.82 0.0
S032162 114.3368 53.5799 1.736e-17 1.592e-17 9.373e-18 0.0 69.98 0.0
S032163 114.3952 53.5587 1.254e-17 1.191e-17 7.64e-18 0.0 68.32 0.0
S032164 114.311 53.5641 1.611e-18 1.723e-18 1.467e-18 0.0 71.37 0.0
S032165 114.3444 53.561 3.9249999999999997e-22 8.602999999999999e-22 3.0700000000000002e-21 0.0 68.94 0.0
S032166 114.3538 53.5561 5.65e-21 1.056e-20 2.872e-20 0.0 69.34 0.0
S032167 114.3357 53.5737 2.155e-19 2.755e-19 3.333e-19 0.0 70.7 0.0
S032168 114.4525 53.6176 6.2069999999999996e-27 4.566e-26 2.122e-24 0.0 68.27 0.0
S032169 114.5869 53.6636 1.3299999999999998e-22 3.2119999999999997e-22 1.453e-21 0.0 68.13 0.0
S032170 114.2535 53.5472 8.506e-19 9.978e-19 9.957e-19 0.0 71.77 0.0
S032171 114.3141 53.5787 2.051e-23 6.182e-23 4.409e-22 0.0 70.76 0.0
S032172 114.3262 53.5235 2.703e-19 3.779e-19 5.188e-19 0.0 70.38 0.0
S032173 114.344 53.569 1.498e-12 1.114e-12 4.534e-13 0.001 68.79 0.0
S032174 114.3205 53.585 3.048e-21 6.047e-21 1.756e-20 0.0 70.56 0.0
S032175 114.3682 53.6357 4.044e-20 6.25e-20 1.126e-19 0.0 69.52 0.0
S032176 114.4281 53.5055 3.863e-21 7.312000000000001e-21 1.95e-20 0.0 69.15 0.0
S032177 114.5784 53.7672 2.4199999999999998e-23 6.677e-23 4.1009999999999995e-22 0.0 68.69 0.0
S032178 114.3391 53.5687 1.387e-19 1.902e-19 2.68e-19 0.0 71.5 0.0
S032179 114.3396 53.5612 3.213e-23 9.663e-23 6.682e-22 0.0 71.45 0.0
S032180 114.3879 53.6045 5.686e-27 4.2620000000000003e-26 1.971e-24 0.0 68.86 0.0
S032181 114.272 53.5428 8.565e-20 1.262e-19 1.976e-19 0.0 71.74 0.0
S032182 114.3242 53.5508 5.0600000000000007e-20 7.48e-20 1.193e-19 0.0 70.96 0.0
S032183 114.3349 53.5757 2.7379999999999997e-23 8.286e-23 5.871999999999999e-22 0.0 70.54 0.0
S032184 114.3229 53.5527 8.364000000000001e-26 4.727e-25 1.2099999999999999e-23 0.0 71.09 0.0
S032185 114.3137 53.5642 1.435e-19 2.057e-19 3.191e-19 0.0 71.44 0.0
S032186 114.3243 53.5727 1.9690000000000002e-20 3.2690000000000003e-20 6.816e-20 0.0 71.33 0.0
S032187 114.2633 53.6205 2.384e-17 2.159e-17 1.242e-17 0.0 70.7 0.0
S032188 114.3116 53.5655 9.885e-22 2.011e-21 6.531e-21 0.001 71.45 0.0
S032189 114.3373 53.5707 1.491e-17 2.904e-17 8.613e-17 0.0 71.28 0.0
S032190 114.3259 53.5768 4.115e-18 4.234e-18 3.216e-18 0.0 70.66 0.0
S032191 114.3474 53.5523 2.659e-22 6.057e-22 2.402e-21 0.0 69.53 0.0
S032192 114.3369 53.5662 2.55e-21 5.369e-21 1.773e-20 0.0 70.66 0.0
S032193 114.2964 53.5656 4.641e-23 1.124e-22 5e-22 0.0 71.67 0.0
S032194 114.2683 53.4784 2.233e-23 6.458e-23 4.250999999999999e-22 0.0 70.93 0.0
S032195 114.3561 53.5353 6.544e-19 8.407e-19 1.034e-18 0.0 69.88 0.0
S032196 114.3464 53.5564 1.933e-19 2.609e-19 3.423e-19 0.0 68.87 0.0
S032197 114.3233 53.5594 2.29e-18 2.479e-18 2.116e-18 0.0 71.32 0.0
S032198 114.2863 53.5727 1.5389999999999998e-22 3.9889999999999995e-22 2.103e-21 0.0 71.49 0.0
S032199 114.4059 53.5888 1.592e-12 1.23e-12 5.39e-13 0.0 68.26 1.0
S032200 114.3418 53.5717 7.895e-21 1.473e-20 3.8410000000000004e-20 0.0 69.25 0.0
S032201 114.2977 53.4926 9.632999999999998e-22 2.0180000000000002e-21 6.789e-21 0.0 70.74 0.0
S032202 114.3424 53.5643 8.445e-21 1.557e-20 4.0830000000000004e-20 0.0 69.39 0.0
S032203 114.4062 53.495 3.208e-24 1.1669999999999999e-23 1.2229999999999998e-22 0.0 69.53 0.0
S032204 114.3809 53.5477 1.221e-23 3.5439999999999997e-23 2.399e-22 0.0 69.05 0.0
S032205 114.3986 53.5605 3.5160000000000004e-20 5.63e-20 1.084e-19 0.0 68.51 0.0
S032206 114.2963 53.5912 3.509e-21 7.372e-21 2.398e-20 0.0 70.75 0.0
S032207 114.3248 53.5975 2.613e-21 4.727e-21 1.1460000000000002e-20 0.0 70.1 0.0
S032208 114.3221 53.5642 2.6899999999999996e-22 6.166999999999999e-22 2.42e-21 0.0 71.23 0.0
S032209 114.3311 53.5872 3.2329999999999996e-22 8.109999999999999e-22 4.063e-21 0.0 70.16 0.0
S032210 114.4961 53.5677 8.496e-21 1.608e-20 4.279e-20 0.0 68.1 0.0
S032211 114.3531 53.5817 3.975e-17 6.115e-17 1.07e-16 0.0 68.98 0.0
S032212 114.2926 53.5673 6.085000000000001e-20 9.097000000000001e-20 1.532e-19 0.0 71.63 0.0
S032213 114.372 53.6135 2.247e-21 4.673e-21 1.4930000000000002e-20 0.0 69.13 0.0
S032214 114.2389 53.5369 1.293e-18 1.53e-18 1.525e-18 0.0 71.82 0.0
S032215 114.3466 53.5756 1.639e-23 5.613e-23 5.03e-22 0.0 69.02 0.0
S032216 114.3408 53.5641 3.121e-19 3.956e-19 4.53e-19 0.0 71.54 0.0
S032217 114.3479 53.5606 3.243e-23 8.795999999999999e-23 5.001e-22 0.0 68.65 0.0
S032218 114.3233 53.5624 2.069e-19 2.667e-19 3.169e-19 0.0 71.18 0.0
S032219 114.3387 53.5643 4.216e-21 8.190000000000001e-21 2.336e-20 0.0 70.29 0.0
S032220 114.3347 53.5732 4.329e-18 4.487e-18 3.458e-18 0.0 70.55 0.0
S032221 114.3264 53.5496 1.879e-24 6.882e-24 7.497e-23 0.0 70.72 0.0
S032222 114.4184 53.5589 1.404e-20 2.546e-20 6.349000000000001e-20 0.0 68.27 0.0
S032223 114.3479 53.5905 4.652e-18 4.829e-18 3.935e-18 0.0 69.72 0.0
S032224 114.3372 53.5596 1.678e-12 1.238e-12 4.972e-13 0.0 70.38 0.0
S032225 114.2355 53.5547 2.2780000000000003e-20 3.859e-20 7.995e-20 0.0 71.98 0.0
S032226 114.3603 53.5565 2.447e-19 3.192e-19 4.052e-19 0.0 69.54 0.0
S032227 114.3911 53.5813 2.043e-15 6.517e-15 5.292e-14 0.0 68.31 1.0
S032228 114.3597 53.6581 1.768e-21 3.854e-21 1.4300000000000002e-20 0.0 69.5 0.0
S032229 114.3323 53.5666 2.9859999999999995e-22 6.760999999999999e-22 2.616e-21 0.0 71.46 0.0
S032230 114.3199 53.5715 1.139e-17 1.149e-17 8.148e-18 0.0 71.43 0.0
S032231 114.3017 53.5481 3.98e-17 3.514e-17 2.024e-17 0.0 71.61 0.0
S032232 114.3655 53.4416 1.018e-20 1.911e-20 5.2330000000000006e-20 0.0 70.13 0.0
S032233 114.3782 53.5935 8.832000000000001e-21 1.6370000000000002e-20 4.0830000000000004e-20 0.0 68.77 0.0
S032234 114.3307 53.5668 1.387e-18 1.545e-18 1.379e-18 0.001 71.2 0.0
S032235 114.2791 53.5568 2.5579999999999997e-22 5.91e-22 2.427e-21 0.0 71.76 0.0
S032236 114.3209 53.5121 5.3e-17 1.004e-16 2.784e-16 0.0 70.61 0.0
S032237 114.4117 53.5944 2.445e-18 2.727e-18 2.35e-18 0.0 68.28 0.0
S032238 114.3418 53.5383 1.2089999999999999e-22 3.1359999999999996e-22 1.681e-21 0.0 70.09 0.0
S032239 114.3332 53.5586 9.295e-19 1.046e-18 9.618e-19 0.0 70.71 0.0
S032240 114.4828 53.6181 2.101e-24 8.176e-24 9.955e-23 0.0 68.11 0.0
S032241 114.2792 53.5289 6.093999999999999e-22 1.566e-21 7.94e-21 0.0 71.41 0.0
S032242 114.532 53.5658 1.682e-22 4.0989999999999994e-22 1.838e-21 0.0 68.04 0.0
S032243 114.3593 53.5669 2.1280000000000002e-20 3.5700000000000006e-20 7.239e-20 0.0 68.71 1.0
S032244 114.3909 53.4856 6.333e-25 2.712e-24 4.104e-23 0.0 69.75 0.0
S032245 114.3418 53.5724 8.336e-20 1.261e-19 2.044e-19 0.0 69.78 0.0
S032246 114.2985 53.5588 6.708e-21 1.235e-20 3.072e-20 0.0 71.65 0.0
S032247 114.3249 53.5986 7.824e-22 1.781e-21 7.143e-21 0.0 70.17 0.0
S032248 114.2575 53.6028 1.849e-23 5.715999999999999e-23 4.1699999999999997e-22 0.0 70.99 0.0
S032249 114.3347 53.5714 5.898e-21 1.0450000000000001e-20 2.4280000000000002e-20 0.0 70.5 0.0
S032250 114.3454 53.5813 7.185e-24 2.1539999999999999e-23 1.514e-22 0.0 69.05 0.0
S032251 114.3879 53.4778 6.172e-23 1.6499999999999998e-22 9.319e-22 0.0 69.76 0.0
S032252 114.2931 53.5367 3.0319999999999996e-22 7.75e-22 3.802e-21 0.0 71.42 0.0
S032253 114.3815 53.5759 4.764e-13 3.22e-13 1.08e-13 0.0 68.28 0.0
S032254 114.3668 53.5676 1.3580000000000002e-20 2.384e-20 5.449e-20 0.0 68.56 0.0
S032255 114.5009 53.5108 1.287e-18 1.517e-18 1.483e-18 0.0 68.78 0.0
S032256 114.2466 53.5438 8.447e-21 1.495e-20 3.3990000000000004e-20 0.0 71.82 0.0
S032257 114.3363 53.5666 3.4210000000000005e-26 1.988e-25 5.611e-24 0.0 70.44 0.0
S032258 114.343 53.581 1.522e-22 3.607e-22 1.5530000000000001e-21 0.0 69.75 0.0
S032259 114.3549 53.5246 1.969e-19 2.71e-19 3.577e-19 0.0 69.98 0.0
S032260 114.3447 53.5742 6.668e-23 1.745e-22 9.217999999999998e-22 0.0 69.82 0.0
S032261 114.3558 53.5565 6.686999999999999e-22 1.41e-21 4.646e-21 0.0 69.43 0.0
S032262 114.4684 53.552 3.459e-24 1.191e-23 1.136e-22 0.0 68.43 1.0
S032263 114.3087 53.5693 6.107e-21 9.862e-21 1.977e-20 0.0 71.26 0.0
S032264 114.3929 53.5811 6.998999999999999e-22 1.635e-21 6.793e-21 0.001 68.18 0.0
S032265 114.3444 53.5839 2.132e-17 1.948e-17 1.193e-17 0.0 69.75 0.0
S032266 114.3748 53.6973 7.862e-23 1.875e-22 7.975e-22 0.0 69.61 0.0
S032267 114.4869 53.5291 8.474999999999999e-23 2.463e-22 1.641e-21 0.0 68.62 0.0
S032268 114.2712 53.5808 4.4799999999999997e-23 1.221e-22 6.932e-22 0.0 71.52 0.0
S032269 114.3852 53.4323 1.045e-18 1.213e-18 1.152e-18 0.0 69.99 0.0
S032270 114.298 53.5639 2.07e-23 6.4e-23 4.708e-22 0.0 71.42 0.0
S032271 114.3468 53.5622 6.145e-19 7.561e-19 8.036e-19 0.0 68.57 0.0
S032272 114.2603 53.5458 1.618e-17 2.53e-17 4.754e-17 0.0 71.81 0.0
S032273 114.3523 53.5806 6.335e-17 5.433e-17 2.876e-17 0.001 68.63 0.0
S032274 114.2234 53.5609 6.376e-20 9.55e-20 1.662e-19 0.0 71.87 0.0
S032275 114.3414 53.5584 1.7909999999999998e-22 4.4789999999999995e-22 2.189e-21 0.0 70.06 0.0
S032276 114.3679 53.5579 8.690000000000001e-21 1.6510000000000002e-20 4.5840000000000006e-20 0.0 68.92 0.0
S032277 114.365 53.5487 6.709e-17 5.683e-17 3.01e-17 0.0 69.24 0.0
S032278 114.4912 53.5779 5.259e-22 1.051e-21 3.147e-21 0.0 67.97 0.0
S032279 114.3952 53.5826 1.453e-19 2.025e-19 2.799e-19 0.0 68.16 0.0
S032280 114.4496 53.56 4.2349999999999996e-22 1.038e-21 4.739e-21 0.0 68.2 0.0
S032281 114.4288 53.5719 9.653e-20 1.445e-19 2.321e-19 0.0 68.07 0.0
S032282 114.5458 53.4997 6.558e-13 4.921e-13 2.113e-13 0.0 68.77 1.0
S032283 114.3276 53.5712 3.552e-23 9.739999999999999e-23 5.63e-22 0.0 71.29 0.0
S032284 114.3012 53.5471 5.96e-23 1.463e-22 7.0049999999999995e-22 0.0 71.53 0.0
S032285 114.255 53.6101 2.5809999999999997e-22 5.936e-22 2.399e-21 0.0 70.88 0.0
S032286 114.3771 53.5973 9.355999999999999e-23 2.2819999999999996e-22 1.078e-21 0.0 68.68 0.0
S032287 114.3447 53.5625 3.752e-21 7.973e-21 2.732e-20 0.0 68.79 0.0
S032288 114.3516 53.5505 4.353e-19 5.795e-19 7.31e-19 0.0 69.78 0.0
S032289 114.3411 53.5658 5.024e-23 1.503e-22 1.109e-21 0.0 69.93 0.0
S032290 114.3302 53.5638 1.081e-22 2.724e-22 1.32e-21 0.0 71.13 0.0
S032291 114.3681 53.5646 5.532e-19 6.696e-19 7.011e-19 0.0 68.57 0.0
S032292 114.38 53.5658 1.617e-21 3.464e-21 1.235e-20 0.0 68.59 0.0
S032293 114.277 53.5204 1.376e-17 1.348e-17 9.424e-18 0.0 71.19 0.0
S032294 114.3428 53.5662 1.6599999999999997e-22 3.8869999999999996e-22 1.644e-21 0.0 68.59 0.0
S032295 114.3077 53.5463 8.863e-19 1.045e-18 1.074e-18 0.0 71.27 0.0
S032296 114.3148 53.5528 1.1340000000000002e-20 1.966e-20 4.5640000000000006e-20 0.0 71.5 0.0
S032297 114.3576 53.5645 2.627e-19 3.444e-19 4.487e-19 0.0 69.19 0.0
S032298 114.5022 53.5943 6.425e-20 9.037000000000001e-20 1.357e-19 0.0 67.99 0.0
S032299 114.2529 53.536 2.32e-21 4.793e-21 1.612e-20 0.0 71.78 0.0
S032300 114.4243 53.6522 1.159e-22 2.931e-22 1.53e-21 0.0 69.05 0.0
S032301 114.4028 53.5757 3.2750000000000005e-26 2.071e-25 7.101e-24 0.0 68.17 0.0
S032302 114.2611 53.5812 4.485e-21 7.683e-21 1.6550000000000002e-20 0.0 71.41 0.0
S032303 114.3771 53.6175 3.006e-22 7.560999999999999e-22 3.559e-21 0.0 69.2 0.0
S032304 114.3244 53.5629 2.521e-18 2.788e-18 2.491e-18 0.0 71.3 0.0
S032305 114.3129 53.5746 2.831e-23 7.483e-23 4.0069999999999997e-22 0.0 71.1 0.0
S032306 114.339 53.5695 1.2550000000000001e-20 2.163e-20 4.913e-20 0.0 70.73 0.0
S032307 114.1951 53.5631 1.1669999999999998e-22 3.089e-22 1.62e-21 0.0 71.79 0.0
S032308 114.4023 53.5619 3.0479999999999997e-22 6.553999999999999e-22 2.288e-21 0.0 68.27 0.0
S032309 114.3288 53.5763 3.191e-16 9.765e-16 7.523e-15 0.0 71.43 1.0
S032310 114.488 53.615 7.246e-23 1.9629999999999999e-22 1.097e-21 0.0 68.17 0.0
S032311 114.2915 53.6891 1.102e-22 3.132e-22 1.972e-21 0.0 70.05 0.0
S032312 114.334 53.5333 4.1299999999999995e-22 9.673e-22 3.995e-21 0.001 70.43 0.0
S032313 114.3853 53.5536 2.487e-22 5.849e-22 2.473e-21 0.0 68.55 0.0
S032314 114.4537 53.5633 1.9020000000000003e-20 3.121e-20 6.167000000000001e-20 0.0 68.22 0.0
S032315 114.3544 53.5509 7.061000000000001e-21 1.2410000000000002e-20 2.904e-20 0.0 69.68 0.0
S032316 114.3488 53.5658 2.973e-21 6.139e-21 1.925e-20 0.0 68.36 0.0
S032317 114.4388 53.5993 8.272e-18 8.25e-18 6.161e-18 0.0 68.28 0.0
S032318 114.3226 53.5827 1.649e-21 3.243e-21 9.39e-21 0.0 70.51 0.0
S032319 114.3192 53.6013 6.149e-21 1.2020000000000001e-20 3.5980000000000005e-20 0.0 70.22 0.0
S032320 114.3413 53.5593 2.751e-21 5.683e-21 1.9230000000000003e-20 0.0 70.34 0.0
S032321 114.3756 53.5342 2.428e-17 2.106e-17 1.171e-17 0.0 69.53 0.0
S032322 114.3417 53.5588 1.427e-21 3e-21 9.72e-21 0.0 70.29 0.0
S032323 114.3894 53.5567 1.414e-20 2.3300000000000003e-20 4.6150000000000003e-20 0.0 68.38 1.0
S032324 114.4417 53.525 5.377e-21 9.585e-21 2.274e-20 0.0 68.87 0.0
S032325 114.3413 53.5646 4.602e-20 6.688000000000001e-20 1.058e-19 0.0 69.8 0.0
S032326 114.3779 53.5758 8.658e-17 1.355e-16 2.458e-16 0.0 68.37 0.0
S032327 114.3477 53.5552 9.99e-23 2.8079999999999995e-22 1.742e-21 0.0 69.73 0.0
S032328 114.3353 53.5705 3.283e-20 5.3920000000000006e-20 1.048e-19 0.0 71.44 0.0
S032329 114.3441 53.5669 8.775e-19 1.123e-18 1.365e-18 0.0 68.22 0.0
S032330 114.3492 53.5442 8.877e-22 1.844e-21 5.9860000000000004e-21 0.0 69.79 0.0
S032331 114.3082 53.6104 3.6040000000000006e-20 5.685000000000001e-20 1.071e-19 0.0 70.29 0.0
S032332 114.1545 53.5202 3.569e-17 2.975e-17 1.524e-17 0.0 71.93 0.0
S032333 114.3284 53.5419 2.8189999999999997e-22 7.319e-22 3.756e-21 0.0 70.55 0.0
S032334 114.7005 53.5666 1.448e-18 1.638e-18 1.521e-18 0.0 68.11 0.0
S032335 114.2702 53.6028 3.3369999999999996e-22 7.277e-22 2.76e-21 0.0 71.1 0.0
S032336 114.3336 53.5497 1.487e-17 1.413e-17 8.977e-18 0.0 70.67 0.0
S032337 114.3394 53.5642 5.449e-21 1.1150000000000002e-20 3.575e-20 0.0 70.95 0.0
S032338 114.3594 53.5699 1.3529999999999998e-22 3.741e-22 2.161e-21 0.0 68.55 0.0
S032339 114.3418 53.5611 1.921e-18 2.218e-18 2.054e-18 0.0 71.63 0.0
S032340 114.3513 53.5691 4.466e-18 4.678e-18 3.8e-18 0.0 68.79 0.0
S032341 114.2934 53.5726 9.214e-25 4.1579999999999996e-24 7.028e-23 0.0 71.47 0.0
S032342 114.35 53.5691 5.799999999999999e-22 1.418e-21 6.489e-21 0.0 69.32 0.0
S032343 114.3074 53.5719 1.598e-20 2.776e-20 5.986e-20 0.0 71.28 0.0
S032344 114.3592 53.568 8.0009999999999995e-22 1.742e-21 6.384e-21 0.0 68.63 0.0
S032345 114.2724 53.5651 7.517e-13 3.476e-12 5.872e-11 0.0 71.71 0.0
S032346 114.2943 53.4878 2.841e-21 5.604e-21 1.629e-20 0.0 70.74 0.0
S032347 114.3215 53.5656 2.8400000000000004e-20 4.6280000000000004e-20 9.318e-20 0.0 71.28 0.0
S032348 114.5434 53.5126 1.159e-18 1.309e-18 1.263e-18 0.0 68.55 0.0
S032349 114.3115 53.5546 3.557e-28 3.794e-27 3.893e-25 0.0 71.42 0.0
S032350 114.3355 53.5685 1.883e-24 6.94e-24 7.778999999999999e-23 0.0 71.4 0.0
S032351 114.3426 53.5685 5.048e-19 6.26e-19 7.243e-19 0.0 69.16 0.0
S032352 114.3257 53.5596 1.853e-21 3.765e-21 1.2000000000000001e-20 0.0 71.17 0.0
S032353 114.2621 53.6093 4.209e-18 4.45e-18 3.688e-18 0.0 70.81 0.0
S032354 114.2878 53.5684 3.874e-21 7.754e-21 2.329e-20 0.0 71.66 0.0
S032355 114.3482 53.5097 3.035e-21 5.507e-21 1.3750000000000002e-20 0.0 70.04 0.0
S032356 114.3688 53.5815 9.689e-23 2.5659999999999997e-22 1.355e-21 0.0 68.67 0.0
S032357 114.4531 53.5841 6.832999999999999e-22 1.622e-21 6.805e-21 0.0 68.08 0.0
S032358 114.3449 53.5735 2.6360000000000002e-21 5.803e-21 2.064e-20 0.0 69.64 0.0
S032359 114.4261 53.5737 5.991000000000001e-20 9.106000000000001e-20 1.5e-19 0.0 68.08 0.0
S032360 114.3554 53.5993 7.815999999999999e-23 1.9889999999999999e-22 9.953e-22 0.0 69.39 0.0
S032361 114.3264 53.5813 4.142e-22 9.549999999999999e-22 3.932e-21 0.0 70.61 0.0
S032362 114.4395 53.6169 5.024999999999999e-22 1.19e-21 5.263e-21 0.0 68.42 0.0
S032363 114.3362 53.5734 1.765e-23 6.29e-23 6.533e-22 0.0 70.95 0.0
S032364 114.4103 53.6463 3.387e-24 1.3179999999999999e-23 1.5489999999999998e-22 0.0 68.95 0.0
S032365 114.3627 53.5672 5.483999999999999e-22 1.2110000000000001e-21 4.4050000000000004e-21 0.0 68.89 0.0
S032366 114.3208 53.5673 1.31e-19 1.857e-19 2.718e-19 0.0 71.46 0.0
S032367 114.4032 53.6163 1.422e-18 1.597e-18 1.397e-18 0.0 68.77 0.0
S032368 114.4875 53.5386 2.523e-23 7.492e-23 4.9699999999999995e-22 0.0 68.36 0.0
S032369 114.2414 53.5648 3.942e-21 7.409e-21 2.049e-20 0.0 71.93 0.0
S032370 114.3431 53.5585 7.789e-19 9.508e-19 1.048e-18 0.0 69.55 0.0
S032371 114.2652 53.6137 1.2489999999999998e-22 3.6569999999999996e-22 2.501e-21 0.0 70.84 0.0
S032372 114.3412 53.5566 6.3210000000000005e-25 2.69e-24 4.0149999999999996e-23 0.0 70.19 0.0
S032373 114.3044 53.5666 3.592e-21 2.5230000000000002e-21 8.775999999999999e-22 0.0 71.57 0.0
S032374 114.3691 53.5913 1.784e-21 3.615e-21 1.128e-20 0.0 68.62 0.0
S032375 114.3002 53.535 1.25e-18 1.41e-18 1.286e-18 0.0 71.01 0.0
S032376 114.3495 53.5667 2.385e-22 5.662999999999999e-22 2.397e-21 0.0 68.4 0.0
S032377 114.3854 53.5607 2.6490000000000002e-20 4.188e-20 8.06e-20 0.0 68.34 0.0
S032378 114.3444 53.5614 1.533e-21 3.3200000000000002e-21 1.1710000000000001e-20 0.0 69.47 0.0
S032379 114.3803 53.5772 5.094e-25 2.449e-24 4.604e-23 0.0 68.35 0.0
S032380 114.3127 53.5485 2.6449999999999995e-22 6.150999999999999e-22 2.528e-21 0.0 71.17 0.0
S032381 114.346 53.5546 3.633e-18 3.982e-18 3.436e-18 0.0 68.68 0.0
S032382 114.3632 53.5928 8.955e-19 1.033e-18 1.003e-18 0.0 68.36 0.0
S032383 114.3739 53.563 2.522e-21 5.397e-21 1.9030000000000002e-20 0.0 69.08 0.0
S032384 114.2911 53.5383 1.438e-17 1.369e-17 8.722e-18 0.0 71.86 1.0
S032385 114.2942 53.5499 1.025e-24 4.417e-24 6.761e-23 0.0 71.45 0.0
S032386 114.3 53.5453 3.934e-18 4.073e-18 3.166e-18 0.0 71.34 0.0
S032387 114.2898 53.5298 2.423e-17 2.181e-17 1.294e-17 0.0 71.71 1.0
S032388 114.3412 53.5303 4.331e-19 5.438e-19 6.458e-19 0.0 70.34 0.0
S032389 114.3457 53.5919 3.12e-19 4.201e-19 5.582e-19 0.0 69.66 0.0
S032390 114.3384 53.5515 7.263e-16 5.323e-16 2.118e-16 0.0 71.28 0.0
S032391 114.3156 53.5585 3.0460000000000002e-21 2.145e-21 7.730999999999999e-22 0.0 70.89 0.0
S032392 114.3077 53.5676 3.053e-21 5.812e-21 1.607e-20 0.0 71.48 0.0
S032393 114.2743 53.5687 2.061e-17 2.009e-17 1.345e-17 0.0 71.57 0.0
S032394 114.3172 53.5745 1.496e-16 1.21e-16 5.888e-17 0.0 70.81 0.0
S032395 114.3696 53.5849 1.892e-18 2.135e-18 2.024e-18 0.0 68.95 0.0
S032396 114.3343 53.5638 2.572e-16 1.978e-16 8.178e-17 0.0 70.7 1.0
S032397 114.3096 53.5416 2.958e-17 2.595e-17 1.407e-17 0.0 71.58 0.0
S032398 114.3178 53.5439 2.121e-24 7.526e-24 7.586e-23 0.0 71.06 0.0
S032399 114.3821 53.5664 9.343e-18 9.287e-18 6.658e-18 0.0 68.31 0.0
S032400 114.312 53.561 1.493e-19 2.103e-19 3.158e-19 0.0 71.47 0.0
S032401 114.3379 53.5717 7.191000000000001e-20 1.059e-19 1.643e-19 0.0 70.04 0.0
S032402 114.3702 53.5591 2.5639999999999996e-22 5.871999999999999e-22 2.487e-21 0.0 68.9 0.0
S032403 114.3586 53.5919 1.386e-17 2.462e-17 5.859e-17 0.0 68.41 0.0
S032404 114.4136 53.5635 1.026e-16 8.214e-17 3.938e-17 0.0 68.17 0.0
S032405 114.3938 53.5923 6.836000000000001e-20 1.025e-19 1.695e-19 0.0 68.2 0.0
S032406 114.3723 53.5556 1.609e-17 3.363e-17 1.106e-16 0.0 68.96 0.0
S032407 114.3677 53.5872 1.319e-18 1.533e-18 1.558e-18 0.0 68.29 0.0
S032408 114.334 53.5763 1.426e-19 1.892e-19 2.441e-19 0.0 70.14 0.0
S032409 114.3679 53.6385 1.163e-12 8.202e-13 3.031e-13 0.0 68.87 0.0
S032410 114.2852 53.5849 6.31e-22 1.4370000000000001e-21 6.038e-21 0.0 71.29 0.0
S032411 114.3494 53.5519 4.2840000000000003e-20 7.014e-20 1.37e-19 0.0 69.62 0.0
S032412 114.381 53.6102 4.661e-17 3.996e-17 2.09e-17 0.0 68.17 0.0
S032413 114.2872 53.6041 8.816e-13 6.014e-13 2.043e-13 0.0 71.8 0.0
S032414 114.3722 53.5794 2.728e-19 3.7e-19 5.066e-19 0.0 69.26 0.0
S032415 114.3396 53.5248 8.063e-19 9.717e-19 1.027e-18 0.0 70.35 0.0
S032416 114.4278 53.5494 2.286e-17 2.059e-17 1.24e-17 0.0 68.2 0.0
S032417 114.3751 53.5419 1.445e-21 1.138e-21 5.010999999999999e-22 0.0 68.61 0.0
S032418 114.3074 53.5735 8.199999999999999e-22 1.839e-21 7.03e-21 0.0 71.52 0.0
S032419 114.3078 53.6059 5.787e-17 4.901e-17 2.43e-17 0.0 71.57 0.0
S032420 114.3992 53.5681 2.44e-18 2.769e-18 2.536e-18 0.0 68.43 0.0
S032421 114.2961 53.566 1.0109999999999999e-22 2.6169999999999997e-22 1.355e-21 0.0 71.27 0.0
S032422 114.3357 53.5668 2.865e-17 2.512e-17 1.331e-17 0.0 70.05 0.0
S032423 114.3327 53.5383 5.779e-13 3.933e-13 1.358e-13 0.0 70.71 0.0
S032424 114.331 53.551 4.319e-17 3.89e-17 2.249e-17 0.0 71.43 0.0
S032425 114.3542 53.5594 6.056e-17 5.156e-17 2.66e-17 0.0 69.15 0.0
S032426 114.3332 53.5642 4.625e-28 4.595e-27 3.9340000000000003e-25 0.0 70.36 0.0
S032427 114.351 53.5469 5.991e-17 5.16e-17 2.753e-17 0.0 69.78 0.0
S032428 114.4086 53.5788 3.345e-21 2.354e-21 8.284e-22 0.0 68.13 0.0
S032429 114.3456 53.5668 3.428e-17 5.718e-17 1.187e-16 0.0 69.7 0.0
S032430 114.3415 53.5746 4.7600000000000003e-20 7.118000000000001e-20 1.143e-19 0.0 69.15 0.0
S032431 114.3094 53.5903 9.206e-18 8.972e-18 6.351e-18 0.0 70.86 0.0
S032432 114.3161 53.5704 5.786e-20 8.662000000000001e-20 1.484e-19 0.0 71.16 0.0
S032433 114.3636 53.6068 8.429e-17 7.25e-17 3.84e-17 0.0 68.16 0.0
S032434 114.3674 53.5663 2.18e-17 3.527e-17 6.795e-17 0.0 69.23 0.0
S032435 114.3095 53.5853 2.335e-19 3.005e-19 3.626e-19 0.0 71.62 0.0
S032436 114.3339 53.5777 5.738e-19 7.083e-19 7.742e-19 0.0 70.21 0.0
S032437 114.3599 53.59 1.05e-16 8.622e-17 4.209e-17 0.0 69.38 0.0
S032438 114.374 53.569 7.646e-19 9.655e-19 1.112e-18 0.0 68.46 0.0
S032439 114.3624 53.5312 8.478e-14 1.308e-13 2.267e-13 0.0 69.65 0.0
S032440 114.3767 53.5305 4.611e-18 4.807e-18 3.759e-18 0.0 68.96 0.0
S032441 114.3854 53.5378 4.344e-16 3.33e-16 1.423e-16 0.0 68.97 1.0
S032442 114.3565 53.5713 1.437e-17 1.333e-17 8.253e-18 0.0 69.26 0.0
S032443 114.3592 53.5764 6.876e-21 1.2030000000000002e-20 2.7920000000000004e-20 0.0 69.16 0.0
S032444 114.3696 53.5536 2.062e-18 2.252e-18 1.916e-18 0.0 68.79 0.0
S032445 114.3885 53.5675 2.73e-17 2.409e-17 1.347e-17 0.0 68.8 0.0
S032446 114.3717 53.589 5.601e-22 1.216e-21 4.557e-21 0.0 68.65 0.0
S032447 114.3392 53.5401 2.666e-18 2.85e-18 2.37e-18 0.0 70.18 0.0
S032448 114.3829 53.559 6.095e-18 6.392e-18 5.207e-18 0.0 68.53 0.0
S032449 114.3168 53.6197 2.985e-16 2.338e-16 1.049e-16 0.0 70.34 1.0
S032450 114.3531 53.5904 2.859e-19 3.867e-19 5.151e-19 0.0 68.75 0.0
S032451 114.3068 53.5534 7.305e-18 7.115e-18 4.968e-18 0.0 71.51 0.0
S032452 114.3458 53.5924 3.819e-21 2.634e-21 8.998e-22 0.0 69.56 0.0
S032453 114.3285 53.6047 3.809e-21 2.629e-21 8.814e-22 0.0 70.58 0.0
S032454 114.366 53.6082 7.095e-18 7.222e-18 5.357e-18 0.0 68.93 0.0
S032455 114.3542 53.598 1.225e-16 1.023e-16 4.995e-17 0.0 69.09 0.0
S032456 114.35 53.5747 4.495e-22 1.081e-21 4.866e-21 0.0 69.2 0.0
S032457 114.3411 53.5389 2.6540000000000002e-21 1.92e-21 6.895999999999999e-22 0.0 70.12 0.0
S032458 114.3058 53.5464 5.286e-22 1.259e-21 5.609e-21 0.0 71.47 0.0
S032459 114.3062 53.5707 3.464e-20 5.3040000000000005e-20 9.445e-20 0.001 71.24 0.0
S032460 114.3377 53.5899 2.267e-20 3.7980000000000005e-20 8.259e-20 0.0 68.54 0.0
S032461 114.3257 53.5905 2.801e-21 1.971e-21 7.203e-22 0.0 70.71 0.0
S032462 114.2715 53.5571 2.367e-24 9.619e-24 1.2669999999999998e-22 0.0 71.66 0.0
S032463 114.3983 53.5779 4.667e-21 3.119e-21 1.038e-21 0.0 68.05 0.0
S032464 114.3505 53.5474 7.522e-17 6.238e-17 3.088e-17 0.001 68.79 0.0
S032465 114.3529 53.5536 2.386e-17 2.109e-17 1.211e-17 0.0 68.66 0.0
S032466 114.3417 53.5403 2.335e-19 3.338e-19 4.883e-19 0.0 70.63 0.0
S032467 114.3736 53.5447 1.9809999999999998e-22 5.4009999999999995e-22 3.066e-21 0.0 68.87 0.0
S032468 114.3329 53.56 8.032e-22 1.82e-21 6.918e-21 0.0 70.49 0.0
S032469 114.3419 53.5326 2.585e-18 2.981e-18 2.782e-18 0.0 71.44 0.0
S032470 114.3466 53.5484 9.511999999999998e-22 2.035e-21 6.903e-21 0.0 69.98 0.0
S032471 114.3701 53.6168 2.5970000000000002e-20 4.175e-20 7.989000000000001e-20 0.0 68.74 0.0
S032472 114.3281 53.5814 5.495e-13 3.67e-13 1.255e-13 0.0 70.48 0.0
S032473 114.3387 53.6121 2.023e-17 1.848e-17 1.089e-17 0.0 69.74 0.0
S032474 114.3879 53.5343 5.062e-19 6.373e-19 7.584e-19 0.0 68.85 0.0
S032475 114.3596 53.5079 1.173e-17 1.103e-17 6.86e-18 0.0 69.98 0.0
S032476 114.3228 53.5603 1.569e-12 1.315e-12 6.697e-13 0.0 71.18 1.0
S032477 114.267 53.575 1.411e-19 1.995e-19 2.906e-19 0.0 71.89 0.0
S032478 114.3449 53.555 1.2979999999999999e-22 3.2329999999999996e-22 1.499e-21 0.0 70.0 0.0
S032479 114.3284 53.5722 1.347e-22 3.6869999999999997e-22 2.181e-21 0.0 70.53 0.0
S032480 114.3124 53.5425 8.549999999999999e-23 2.3789999999999996e-22 1.439e-21 0.0 71.46 0.0
S032481 114.3266 53.5688 9.486999999999999e-22 2.189e-21 8.728e-21 0.0 70.7 0.0
S032482 114.3183 53.5379 5.817e-19 7.085e-19 7.662e-19 0.0 71.55 0.0
S032483 114.3595 53.5645 2.412e-21 1.7210000000000002e-21 6.476e-22 0.0 69.49 0.0
S032484 114.3337 53.5426 9.784e-20 1.398e-19 2.035e-19 0.0 71.42 0.0
S032485 114.3134 53.6146 7.018e-23 1.856e-22 9.961999999999999e-22 0.0 70.37 0.0
S032486 114.3883 53.5787 3.509e-21 2.443e-21 8.481999999999999e-22 0.0 68.26 0.0
S032487 114.3874 53.5669 7.474e-18 7.518e-18 5.487e-18 0.0 68.24 0.0
S032488 114.3578 53.5656 1.733e-19 2.522e-19 3.864e-19 0.0 68.56 0.0
S032489 114.3505 53.5369 1.626e-17 1.522e-17 9.613e-18 0.0 69.79 0.0
S032490 114.3958 53.5737 7.277e-17 1.734e-16 7.643e-16 0.0 68.26 1.0
S032491 114.3206 53.5868 1.986e-21 3.984e-21 1.254e-20 0.0 70.42 0.0
S032492 114.3552 53.5882 2.61e-17 3.822e-17 5.959e-17 0.0 68.54 0.0
S032493 114.3001 53.5973 9.929999999999998e-22 2.174e-21 8.269e-21 0.0 70.8 0.0
S032494 114.3494 53.5493 8.692e-19 1.047e-18 1.075e-18 0.0 69.88 0.0
S032495 114.3753 53.563 4.041e-17 3.463e-17 1.827e-17 0.0 68.7 1.0
S032496 114.275 53.5603 2.599e-22 6.563e-22 3.209e-21 0.0 71.12 0.0
S032497 114.3341 53.5445 2.024e-18 2.358e-18 2.286e-18 0.0 70.51 0.0
S032498 114.3058 53.5801 1.788e-19 2.446e-19 3.316e-19 0.0 71.44 0.0
S032499 114.3752 53.5621 3.385e-22 7.656999999999999e-22 3.039e-21 0.0 68.45 0.0
S032500 114.3599 53.5481 2.614e-17 2.402e-17 1.461e-17 0.0 69.08 0.0
S032501 114.339 53.5566 6.459e-19 7.832e-19 8.503e-19 0.0 70.17 0.0
S032502 114.3155 53.5772 3.417e-20 5.3250000000000004e-20 9.974000000000001e-20 0.0 71.26 0.0
S032503 114.3639 53.5722 3.0700000000000002e-21 2.185e-21 7.752999999999999e-22 0.0 68.72 0.0
S032504 114.2952 53.5893 3.229e-17 6.845e-17 2.46e-16 0.0 71.0 0.0
S032505 114.2986 53.5428 3.622e-22 9.306999999999998e-22 4.862e-21 0.0 71.43 0.0
S032506 114.3101 53.5595 7.478000000000001e-21 1.3750000000000002e-20 3.47e-20 0.0 71.22 0.0
S032507 114.353 53.5495 9.357000000000001e-20 1.375e-19 2.167e-19 0.0 69.54 0.0
S032508 114.2763 53.541 4.392e-21 2.925e-21 9.634999999999999e-22 0.0 71.8 0.0
S032509 114.3637 53.5633 9.63e-19 1.135e-18 1.132e-18 0.0 69.01 0.0
S032510 114.3028 53.5569 9.058e-19 1.099e-18 1.182e-18 0.0 71.48 0.0
S032511 114.3165 53.5839 1.363e-17 1.3e-17 8.528e-18 0.0 71.52 0.0
S032512 114.3437 53.5851 3.682e-22 9.273e-22 4.378e-21 0.0 69.54 0.0
S032513 114.3155 53.5458 3.774e-17 5.895e-17 1.089e-16 0.0 71.51 0.0
S032514 114.3975 53.5815 1.391e-17 2.643e-17 7.458e-17 0.0 68.22 0.0
S032515 114.3609 53.5424 1.137e-20 1.991e-20 4.5250000000000004e-20 0.0 68.47 0.0
S032516 114.3527 53.5433 5.432e-13 3.716e-13 1.243e-13 0.0 69.83 0.0
S032517 114.2946 53.5974 4.9710000000000006e-20 7.628000000000001e-20 1.373e-19 0.0 71.13 0.0
S032518 114.3963 53.5408 2.866e-17 5.304e-17 1.339e-16 0.0 68.53 0.0
S032519 114.3503 53.5759 1.214e-16 9.73e-17 4.451e-17 0.0 68.74 0.0
S032520 114.4047 53.5564 1.101e-12 7.851e-13 2.942e-13 0.0 68.32 0.0
S032521 114.2784 53.5858 1.0459999999999999e-22 2.6309999999999996e-22 1.265e-21 0.0 71.46 0.0
S032522 114.3876 53.5946 2.763e-17 2.544e-17 1.566e-17 0.0 68.13 0.0
S032523 114.3335 53.5604 8.08e-23 2.5859999999999996e-22 2.068e-21 0.0 71.22 0.0
S032524 114.334 53.5478 2.237e-21 4.858e-21 1.732e-20 0.0 71.05 0.0
S032525 114.4004 53.57 9.621000000000001e-20 1.418e-19 2.273e-19 0.0 68.45 0.0
S032526 114.3613 53.5498 4.731e-21 8.805e-21 2.2790000000000002e-20 0.0 68.53 1.0
S032527 114.3251 53.5463 1.887e-20 3.1570000000000004e-20 6.527000000000001e-20 0.0 71.03 0.0
S032528 114.3765 53.547 5.322e-17 1.119e-16 3.645e-16 0.0 68.44 0.0
S032529 114.3885 53.5176 2.943e-21 2.1e-21 7.713999999999999e-22 0.0 69.24 0.0
S032530 114.3085 53.593 3.266e-22 8.190999999999999e-22 3.934e-21 0.0 71.53 0.0
S032531 114.2908 53.5646 1.678e-12 1.562e-12 9.839e-13 0.0 71.67 1.0
S032532 114.3456 53.563 8.117e-17 6.78e-17 3.491e-17 0.0 69.63 0.0
S032533 114.3278 53.608 8.652e-18 8.638e-18 6.104e-18 0.0 70.03 0.0
S032534 114.3037 53.6211 2.093e-18 2.204e-18 1.741e-18 0.0 70.69 0.0
S032535 114.366 53.6034 4.882e-22 1.1e-21 4.501e-21 0.0 69.11 0.0
S032536 114.329 53.5762 2.937e-21 2.059e-21 7.593999999999999e-22 0.0 71.36 0.0
S032537 114.3896 53.6303 7.546e-18 7.786e-18 6.024e-18 0.001 68.66 0.0
S032538 114.3394 53.5633 2.016e-19 2.814e-19 3.905e-19 0.0 70.82 0.0
S032539 114.3664 53.5481 1.568e-12 1.19e-12 4.862e-13 0.0 69.13 1.0
S032540 114.3428 53.5226 1.263e-18 1.5e-18 1.551e-18 0.0 70.51 0.0
S032541 114.3658 53.599 3.838e-17 6.026e-17 1.14e-16 0.0 68.28 0.0
S032542 114.365 53.6241 3.521e-21 7.426e-21 2.5140000000000002e-20 0.0 68.78 0.0
S032543 114.3285 53.5593 6.665e-21 1.2690000000000001e-20 3.465e-20 0.0 70.45 0.0
S032544 114.3669 53.5817 9.845999999999999e-22 2.299e-21 9.696e-21 0.001 68.74 0.0
S032545 114.3291 53.5382 1.645e-12 1.261e-12 5.56e-13 0.0 70.65 1.0
S032546 114.33 53.5714 2.2379999999999996e-22 4.706e-22 1.5560000000000001e-21 0.0 71.5 0.0
S032547 114.3591 53.5454 2.5579999999999997e-22 5.455999999999999e-22 1.885e-21 0.0 68.47 0.0
S032548 114.3469 53.5211 3.3020000000000002e-21 2.307e-21 8.077e-22 0.0 70.38 0.0
S032549 114.323 53.5927 5.4299999999999995e-22 1.372e-21 6.619e-21 0.0 70.3 0.0
S032550 114.3619 53.5845 4.706e-19 6.082e-19 7.306e-19 0.0 68.41 0.0
S032551 114.3245 53.541 1.369e-16 1.137e-16 5.544e-17 0.0 71.22 0.0
S032552 114.3597 53.5321 5.551e-19 6.786e-19 7.626e-19 0.0 68.18 0.0
S032553 114.368 53.5624 9.967e-18 9.181e-18 5.753e-18 0.0 68.75 0.0
S032554 114.2952 53.5127 1.535e-18 1.795e-18 1.729e-18 0.0 71.37 0.0
S032555 114.3161 53.5581 6.651e-18 6.435e-18 4.429e-18 0.0 71.52 0.0
S032556 114.2885 53.5786 1.73e-12 1.328e-12 5.713e-13 0.0 71.43 1.0
S032557 114.3085 53.5382 1.58e-17 2.847e-17 7.17e-17 0.0 71.65 0.0
S032558 114.3362 53.5595 2.781e-21 1.947e-21 7.150999999999999e-22 0.0 70.33 0.0
S032559 114.3163 53.5369 3.61e-21 2.4640000000000002e-21 8.666e-22 0.0 71.13 0.0
S032560 114.3583 53.5871 1.636e-19 2.196e-19 3.008e-19 0.0 69.18 0.0
S032561 114.369 53.5789 2.767e-19 3.849e-19 5.632e-19 0.0 68.57 0.0
S032562 114.3317 53.5874 1.216e-16 9.649e-17 4.374e-17 0.0 70.21 0.0
S032563 114.3748 53.6051 1.895e-17 4.111e-17 1.42e-16 0.0 68.61 0.0
S032564 114.2491 53.5602 5.128e-23 1.4279999999999999e-22 8.648e-22 0.0 71.92 0.0
S032565 114.3574 53.5715 1.859e-16 1.433e-16 6.005e-17 0.0 69.0 1.0
S032566 114.3454 53.5454 1.147e-18 1.31e-18 1.243e-18 0.0 71.41 0.0
S032567 114.3362 53.5683 2.052e-17 1.966e-17 1.273e-17 0.0 70.08 0.0
S032568 114.2813 53.5361 2.233e-12 1.855e-12 9.055e-13 0.0 71.79 1.0
S032569 114.392 53.5549 3.4359999999999998e-22 8.853e-22 4.554e-21 0.0 68.19 0.0
S032570 114.369 53.5452 6.934e-18 6.658e-18 4.397e-18 0.0 68.32 0.0
S032571 114.3365 53.54 1.095e-17 1.021e-17 6.453e-18 0.0 71.63 0.0
S032572 114.3554 53.5862 2.72e-21 5.7000000000000004e-21 1.9210000000000002e-20 0.0 69.29 0.0
S032573 114.3547 53.601 4.223e-17 3.83e-17 2.277e-17 0.0 68.2 0.0
S032574 114.3031 53.5614 7.433e-19 8.882e-19 9.162e-19 0.0 71.11 0.0
S032575 114.3009 53.5514 1.133e-22 2.925e-22 1.5530000000000001e-21 0.0 71.6 0.0
S032576 114.2731 53.5594 2.764e-19 3.651e-19 4.692e-19 0.0 71.72 0.0
S032577 114.2876 53.5612 1.208e-16 9.669e-17 4.479e-17 0.0 71.74 1.0
S032578 114.2904 53.5569 7.168e-23 1.9349999999999997e-22 1.066e-21 0.0 71.72 0.0
S032579 114.3746 53.5773 1.934e-16 1.502e-16 6.716e-17 0.0 68.49 1.0
S032580 114.3941 53.5872 1.239e-22 3.0389999999999996e-22 1.465e-21 0.0 68.11 0.0
S032581 114.3757 53.5929 1.08e-20 1.936e-20 4.547e-20 0.0 68.27 0.0
S032582 114.3961 53.5815 1.72e-19 2.367e-19 3.247e-19 0.0 68.3 0.0
S032583 114.4081 53.5798 2.521e-21 1.811e-21 6.564e-22 0.0 68.12 0.0
S032584 114.4262 53.587 4.44e-23 1.083e-22 4.884e-22 0.0 68.14 0.0
S032585 114.3881 53.5737 8.653e-19 1.111e-18 1.319e-18 0.0 68.31 0.0
S032586 114.311 53.5621 1.438e-21 3.12e-21 1.066e-20 0.0 71.4 0.0
S032587 114.2734 53.5608 5.619e-21 9.977e-21 2.391e-20 0.0 71.85 0.0
S032588 114.2913 53.5625 9.017e-18 9.142e-18 6.513e-18 0.0 71.57 0.0
S032589 114.4069 53.5857 2.405e-22 6.095999999999999e-22 3.155e-21 0.0 68.19 0.0
S032590 114.2614 53.5497 6.362e-18 6.455e-18 4.953e-18 0.0 71.86 0.0
S032591 114.2673 53.5529 8.541e-19 9.921e-19 1.013e-18 0.0 71.67 0.0
S032592 114.3062 53.5724 1.755e-12 1.39e-12 6.384e-13 0.0 71.55 1.0
S032593 114.3332 53.5609 3.8189999999999996e-22 9.685e-22 4.775e-21 0.0 70.93 0.0
S032594 114.2939 53.5509 2.0159999999999998e-24 7.556e-24 8.647999999999999e-23 0.0 71.68 0.0
S032595 114.4112 53.5822 5.408e-18 5.885e-18 4.966e-18 0.0 68.1 0.0
S032596 114.3838 53.5684 5.085e-21 9.336e-21 2.3940000000000002e-20 0.0 68.39 0.0
S032597 114.3814 53.5806 1.422e-17 1.377e-17 9.16e-18 0.0 68.55 0.0
S032598 114.4012 53.5733 6.181e-18 6.477e-18 5.077e-18 0.0 68.26 0.0
S032599 114.3989 53.5763 1.3850000000000002e-20 2.2780000000000003e-20 4.721e-20 0.0 68.28 0.0
S032600 114.2748 53.5545 1.134e-12 1.015e-12 5.909e-13 0.0 71.76 1.0
S032601 114.3863 53.5759 3.244e-22 7.942e-22 3.695e-21 0.0 68.2 0.0
S032602 114.3991 53.5775 3.9e-20 5.898000000000001e-20 9.825000000000001e-20 0.0 68.22 0.0
S032603 114.3889 53.5767 4.169e-17 7.193e-17 1.545e-16 0.0 68.36 0.0
S032604 114.2702 53.5484 3.577e-21 2.472e-21 8.534999999999999e-22 0.0 71.98 0.0
S032605 114.3757 53.579 1.352e-25 6.686e-25 1.3509999999999998e-23 0.0 68.39 0.0
S032606 114.3949 53.5764 1.031e-19 1.514e-19 2.307e-19 0.0 68.17 0.0
S032607 114.3922 53.5894 4.028e-21 2.7430000000000002e-21 9.285999999999999e-22 0.0 68.32 0.0
S032608 114.3972 53.5835 2.056e-17 1.918e-17 1.186e-17 0.0 68.21 0.0
S032609 114.2893 53.559 5.67e-17 4.809e-17 2.466e-17 0.0 71.56 0.0
S032610 114.2948 53.567 1.69e-17 3.209e-17 9.009e-17 0.0 71.56 0.0
S032611 114.4065 53.57 1.085e-21 2.518e-21 1.0170000000000001e-20 0.0 68.19 0.0
S032612 114.2704 53.5585 1.018e-19 1.452e-19 2.141e-19 0.0 71.84 0.0
S032613 114.4015 53.586 4.669e-23 1.247e-22 6.935e-22 0.0 68.15 0.0
S032614 114.3059 53.5567 4.429e-17 3.905e-17 2.251e-17 0.0 71.39 0.0
S032615 114.2816 53.5457 1.99e-24 7.169e-24 7.592e-23 0.0 71.69 0.0
S032616 114.4218 53.5873 1.729e-17 3.269e-17 8.799e-17 0.0 68.08 0.0
S032617 114.4114 53.5826 1.975e-18 2.291e-18 2.244e-18 0.0 68.08 0.0
S032618 114.3725 53.574 8.078000000000001e-20 1.171e-19 1.89e-19 0.0 68.54 0.0
S032619 114.3913 53.5709 7.745e-17 6.405e-17 3.118e-17 0.0 68.31 0.0
S032620 114.4049 53.5863 1.366e-20 2.602e-20 6.89e-20 0.0 68.16 0.0
S032621 114.3842 53.5712 6.478e-21 1.1760000000000001e-20 2.9490000000000005e-20 0.0 68.29 0.0
S032622 114.2957 53.5492 3.982e-16 3.038e-16 1.262e-16 0.0 71.65 1.0
S032623 114.2573 53.5386 7.018999999999999e-22 1.5410000000000001e-21 5.675e-21 0.0 71.78 0.0
S032624 114.4064 53.5673 1.4340000000000001e-21 3.066e-21 1.0500000000000001e-20 0.0 68.21 0.0
S032625 114.2573 53.5657 1.422e-19 1.97e-19 2.801e-19 0.0 71.88 0.0
S032626 114.2879 53.5491 1.326e-21 2.58e-21 7.409e-21 0.0 71.66 0.0
S032627 114.2482 53.5527 2.035e-19 2.702e-19 3.472e-19 0.0 71.97 0.0
S032628 114.2488 53.5646 4.942e-17 4.326e-17 2.428e-17 0.0 71.92 0.0
S032629 114.3907 53.577 9.972000000000001e-20 1.487e-19 2.41e-19 0.0 68.22 0.0
S032630 114.2828 53.565 1.073e-16 8.713e-17 4.058e-17 0.0 71.75 0.0
S032631 114.2884 53.5626 4.258e-21 2.846e-21 9.412e-22 0.0 71.75 0.0
S032632 114.2554 53.5579 5.137e-18 5.385e-18 4.457e-18 0.0 71.99 0.0
S032633 114.2562 53.5534 2.8029999999999997e-22 5.809999999999999e-22 1.878e-21 0.0 71.85 0.0
S032634 114.2957 53.5508 1.036e-19 1.598e-19 2.904e-19 0.0 71.48 0.0
S032635 114.2711 53.5563 4.049e-17 3.802e-17 2.411e-17 0.0 71.78 0.0
S032636 114.3957 53.5781 4.326999999999999e-22 1.0240000000000001e-21 4.34e-21 0.0 68.15 0.0
S032637 114.2615 53.5533 1.936e-16 1.546e-16 7.029e-17 0.0 71.8 1.0
S032638 114.4241 53.5875 1.1269999999999999e-22 2.9899999999999997e-22 1.6300000000000001e-21 0.0 68.12 0.0
S032639 114.2951 53.5634 1.415e-18 1.625e-18 1.597e-18 0.0 71.61 0.0
S032640 114.4084 53.5795 4.744e-17 1.035e-16 3.761e-16 0.0 68.1 0.0
S032641 114.2498 53.5552 3.612e-21 2.449e-21 8.355999999999999e-22 0.0 71.94 0.0
S032642 114.2693 53.5524 7.661e-18 7.972e-18 6.05e-18 0.0 71.88 0.0
S032643 114.4064 53.5845 2.579e-21 5.4030000000000004e-21 1.7780000000000003e-20 0.0 68.24 0.0
S032644 114.2661 53.5469 2.509e-18 2.862e-18 2.751e-18 0.0 71.83 0.0
S032645 114.2649 53.5504 6.821000000000001e-20 1.016e-19 1.712e-19 0.0 71.87 0.0
S032646 114.2627 53.5433 4.782e-20 7.442e-20 1.36e-19 0.0 71.95 0.0
S032647 114.2765 53.5649 7.493e-17 6.165e-17 2.967e-17 0.0 71.8 0.0
S032648 114.4215 53.5875 3.611e-24 1.2799999999999999e-23 1.274e-22 0.0 68.14 0.0
S032649 114.2606 53.5518 2.043e-19 2.934e-19 4.485e-19 0.0 71.86 0.0
S032650 114.2858 53.5573 7.18e-16 5.144e-16 1.854e-16 0.0 71.84 0.0
S032651 114.2677 53.5429 6.269e-23 1.7459999999999998e-22 1.03e-21 0.0 71.82 0.0
S032652 114.4163 53.5766 2.907e-17 2.578e-17 1.483e-17 0.0 68.16 0.0
S032653 114.2617 53.5484 3.658e-21 2.538e-21 8.609e-22 0.0 71.88 0.0
S032654 114.2653 53.5537 3.125e-17 2.786e-17 1.559e-17 0.0 71.85 0.0
S032655 114.454 53.5963 1.501e-17 2.871e-17 7.998e-17 0.0 67.89 0.0
S032656 114.2664 53.5571 3.456e-21 6.842e-21 2.0590000000000002e-20 0.0 71.91 0.0
S032657 114.2508 53.5597 2.781e-21 5.638e-21 1.781e-20 0.0 71.84 0.0
S032658 114.2892 53.5592 1.966e-21 3.8e-21 1.0670000000000001e-20 0.0 71.77 0.0
S032659 114.2538 53.5508 9.463e-20 1.425e-19 2.366e-19 0.0 71.92 0.0
S032660 114.2488 53.5507 1.549e-17 1.438e-17 9.207e-18 0.0 71.95 0.0
S032661 114.3828 53.5874 8.084e-21 1.5340000000000002e-20 4.065e-20 0.0 68.46 0.0
S032662 114.4232 53.5865 2.862e-20 4.4900000000000004e-20 7.963000000000001e-20 0.0 68.15 0.0
S032663 114.4363 53.5866 2.753e-17 4.268e-17 7.468e-17 0.0 67.95 0.0
S032664 114.4295 53.5956 3.051e-21 2.122e-21 7.63e-22 0.0 68.08 0.0
S032665 114.2746 53.5627 2.285e-22 5.286e-22 2.188e-21 0.0 71.81 0.0
S032666 114.2626 53.5522 3.672e-21 2.536e-21 8.827e-22 0.0 71.81 0.0
S032667 114.4337 53.5939 1.235e-17 1.193e-17 7.932e-18 0.0 68.11 0.0
S032668 114.4413 53.5825 3.7240000000000004e-20 5.918e-20 1.089e-19 0.0 68.15 0.0
S032669 114.4237 53.6013 1.438e-17 1.382e-17 9.046e-18 0.0 68.2 0.0
S032670 114.2267 53.5276 1.697e-17 1.553e-17 9.305e-18 0.0 71.81 0.0
S032671 114.4401 53.5903 1.763e-25 8.584e-25 1.6449999999999998e-23 0.0 68.2 0.0
S032672 114.2658 53.5435 7.291e-18 7.076e-18 4.832e-18 0.0 71.9 0.0
S032673 114.2417 53.553 4.327e-17 3.587e-17 1.754e-17 0.0 71.91 0.0
S032674 114.2505 53.5449 2.405e-17 5.314e-17 1.938e-16 0.0 71.94 0.0
S032675 114.4617 53.5789 2.262e-17 2.049e-17 1.202e-17 0.0 68.07 0.0
S032676 114.2433 53.5375 4.9510000000000005e-20 8.123e-20 1.665e-19 0.0 71.76 0.0
S032677 114.404 53.5886 3.6e-17 3.13e-17 1.721e-17 0.0 68.17 0.0
S032678 114.2459 53.5311 4.823e-22 1.142e-21 5.031e-21 0.0 71.81 0.0
S032679 114.4288 53.5779 8.942e-18 8.833e-18 6.402e-18 0.0 68.13 0.0
S032680 114.4624 53.5948 5.75e-18 6.419e-18 5.526e-18 0.0 68.06 0.0
S032681 114.2638 53.5568 3.416e-16 2.714e-16 1.204e-16 0.0 71.84 1.0
S032682 114.2538 53.5438 1.049e-21 2.411e-21 9.953e-21 0.0 71.86 0.0
S032683 114.2299 53.5352 2.4600000000000002e-26 1.583e-25 5.319e-24 0.0 71.87 0.0
S032684 114.4109 53.5856 2.2319999999999997e-22 5.096999999999999e-22 2.118e-21 0.0 68.12 0.0
S032685 114.4495 53.5993 8.066e-17 1.415e-16 3.241e-16 0.0 68.07 0.0
S032686 114.2401 53.5578 3.1770000000000002e-21 2.23e-21 7.829999999999999e-22 0.0 71.93 0.0
S032687 114.4343 53.5946 6.917000000000001e-20 1.108e-19 2.085e-19 0.0 68.09 0.0
S032688 114.2407 53.5343 6.407000000000001e-20 1.005e-19 1.881e-19 0.0 71.88 0.0
S032689 114.4355 53.5857 4.486e-20 6.934000000000001e-20 1.175e-19 0.0 68.04 0.0
S032690 114.2092 53.5416 8.199e-19 9.917e-19 1.09e-18 0.0 72.0 0.0
S032691 114.2665 53.5532 2.297e-16 1.871e-16 8.67e-17 0.0 71.86 0.0
S032692 114.4409 53.5979 2.353e-21 4.848e-21 1.5200000000000002e-20 0.0 68.04 0.0
S032693 114.4388 53.589 9.494e-21 1.697e-20 4.106e-20 0.0 68.02 0.0
S032694 114.4258 53.591 1.247e-21 2.564e-21 8.068e-21 0.0 68.04 1.0
S032695 114.4576 53.6017 1.408e-19 1.971e-19 2.843e-19 0.0 68.18 0.0
S032696 114.437 53.5741 3.332e-18 3.402e-18 2.663e-18 0.0 68.05 0.0
S032697 114.2408 53.5366 8.38e-21 1.4580000000000002e-20 3.2600000000000005e-20 0.0 71.89 0.0
S032698 114.2357 53.5433 3.215e-21 2.231e-21 7.786999999999999e-22 0.0 71.76 0.0
S032699 114.2084 53.5387 2.3799999999999997e-22 5.853e-22 2.739e-21 0.0 71.84 0.0
S032700 114.2422 53.5369 1.53e-17 1.418e-17 8.891e-18 0.0 71.87 0.0
S032701 114.2447 53.5561 4.399999999999999e-22 1.136e-21 5.884e-21 0.0 71.95 0.0
S032702 114.2465 53.542 2.078e-21 4.261e-21 1.349e-20 0.0 72.05 0.0
S032703 114.2451 53.5416 1.946e-17 3.365e-17 7.888e-17 0.0 71.87 0.0
S032704 114.432 53.5925 7.343e-16 5.563e-16 2.335e-16 0.0 68.14 0.0
S032705 114.4455 53.5765 1.237e-20 2.3140000000000002e-20 6.008000000000001e-20 0.0 68.04 0.0
S032706 114.4329 53.5968 5.799e-17 1.292e-16 4.838e-16 0.0 68.1 1.0
S032707 114.2294 53.5416 6.246e-23 1.7229999999999997e-22 1.011e-21 0.0 71.96 0.0
S032708 114.4526 53.588 1.28e-21 2.842e-21 1.0620000000000001e-20 0.0 68.08 0.0
S032709 114.2179 53.5481 1.032e-17 1.976e-17 5.473e-17 0.0 72.02 0.0
S032710 114.47 53.59 1.025e-17 1.816e-17 4.301e-17 0.0 67.94 0.0
S032711 114.2101 53.5219 5.557999999999999e-22 1.252e-21 4.8330000000000004e-21 0.0 71.93 0.0
S032712 114.4536 53.575 1.9649999999999998e-22 4.884e-22 2.286e-21 0.0 68.11 0.0
S032713 114.4487 53.592 9.009999999999998e-22 1.68e-21 4.548e-21 0.0 68.13 0.0
S032714 114.4645 53.5858 3.2900000000000002e-21 6.857e-21 2.2370000000000003e-20 0.0 68.13 0.0
S032715 114.4393 53.6024 7.041999999999999e-22 1.509e-21 5.3320000000000004e-21 0.0 67.98 0.0
S032716 114.2307 53.5341 5.101e-19 6.384e-19 7.104e-19 0.0 71.97 0.0
S032717 114.4783 53.5916 2.6019999999999996e-22 6.1579999999999995e-22 2.793e-21 0.0 67.94 0.0
S032718 114.4702 53.5867 1.307e-16 1.049e-16 4.941e-17 0.0 68.1 0.0
S032719 114.4468 53.5882 1.1e-21 2.224e-21 6.941e-21 0.0 68.18 0.0
S032720 114.2486 53.556 1.151e-19 1.669e-19 2.58e-19 0.0 71.83 0.0
S032721 114.2366 53.5352 2.0760000000000002e-20 3.505e-20 7.422e-20 0.0 71.98 0.0
S032722 114.2147 53.5453 1.398e-18 1.671e-18 1.738e-18 0.0 71.97 0.0
S032723 114.4703 53.5929 4.142e-21 2.777e-21 9.417e-22 0.0 68.09 0.0
S032724 114.2135 53.5313 6.112e-21 3.999e-21 1.236e-21 0.0 71.97 0.0
S032725 114.4864 53.5948 3.693e-21 2.599e-21 8.888999999999998e-22 0.0 67.97 0.0
S032726 114.2289 53.5458 6.078e-23 1.8059999999999998e-22 1.268e-21 0.0 71.88 0.0
S032727 114.1923 53.5323 1.589e-19 2.159e-19 3.007e-19 0.0 72.02 0.0
S032728 114.2006 53.5461 2.991e-19 4.151e-19 5.762e-19 0.0 71.95 0.0
S032729 114.5269 53.5866 4.795e-21 9.208e-21 2.5180000000000002e-20 0.0 67.92 0.0
S032730 114.4867 53.5954 3.397e-21 2.342e-21 8.233999999999999e-22 0.0 67.95 0.0
S032731 114.2094 53.5393 1.183e-21 2.81e-21 1.1720000000000001e-20 0.0 71.99 0.0
S032732 114.2033 53.5256 3.386e-17 3.064e-17 1.802e-17 0.0 71.92 0.0
S032733 114.4999 53.5917 3.387e-18 3.715e-18 3.203e-18 0.0 68.05 0.0
S032734 114.483 53.6101 8.561e-13 8.327e-13 5.771e-13 0.0 67.92 1.0
S032735 114.4901 53.6013 6.659999999999999e-22 1.382e-21 4.629e-21 0.0 67.99 0.0
S032736 114.4766 53.5966 2.256e-19 2.94e-19 3.656e-19 0.0 67.98 0.0
S032737 114.2026 53.5249 9.900000000000001e-20 1.498e-19 2.53e-19 0.0 71.91 0.0
S032738 114.1969 53.533 2.762e-21 1.978e-21 7.129999999999999e-22 0.0 72.03 0.0
S032739 114.2143 53.5438 1.951e-21 4.2e-21 1.5030000000000002e-20 0.0 72.02 0.0
S032740 114.5043 53.6023 6.032e-25 2.698e-24 4.368e-23 0.0 67.97 0.0
S032741 114.4632 53.5963 7.107e-21 1.2470000000000001e-20 2.844e-20 0.0 68.03 0.0
S032742 114.2011 53.5381 1.575e-21 3.4e-21 1.1590000000000001e-20 0.0 71.9 0.0
S032743 114.4553 53.5906 1.215e-18 1.405e-18 1.399e-18 0.0 68.02 0.0
S032744 114.4844 53.6116 1.815e-23 5.885e-23 4.995999999999999e-22 0.0 68.09 0.0
S032745 114.4897 53.6009 2.308e-19 3.042e-19 3.911e-19 0.0 67.96 0.0
S032746 114.186 53.5324 6.238e-13 4.256e-13 1.465e-13 0.0 71.96 0.0
S032747 114.1655 53.5223 1.1020000000000001e-20 1.9070000000000002e-20 4.2690000000000004e-20 0.0 71.95 0.0
S032748 114.4788 53.6004 9.122e-19 1.147e-18 1.343e-18 0.0 68.16 0.0
S032749 114.183 53.5402 2.53e-17 2.278e-17 1.333e-17 0.0 71.9 0.0
S032750 114.1958 53.5403 2.126e-19 3.033e-19 4.418e-19 0.0 71.84 0.0
S032751 114.1999 53.5351 3.821e-17 3.365e-17 1.931e-17 0.0 71.9 0.0
S032752 114.1787 53.5364 2.278e-22 5.566e-22 2.522e-21 0.0 72.01 0.0
S032753 114.4789 53.5915 2.926e-21 5.692e-21 1.642e-20 0.0 67.99 0.0
S032754 114.1796 53.5486 7.589e-17 1.811e-16 7.905e-16 0.0 72.0 1.0
S032755 114.471 53.598 3.445e-21 2.408e-21 8.469999999999999e-22 0.0 68.0 0.0
S032756 114.4979 53.6038 3.535e-21 2.4160000000000002e-21 8.169999999999999e-22 0.0 68.02 0.0
S032757 114.1819 53.5257 1.884e-18 2.126e-18 1.983e-18 0.0 71.89 0.0
S032758 114.5096 53.6106 1.606e-16 1.303e-16 6.275e-17 0.0 68.0 0.0
S032759 114.4934 53.5998 1.337e-17 1.29e-17 8.658e-18 0.0 68.08 0.0
S032760 114.2058 53.5413 3.672e-19 4.722e-19 5.655e-19 0.0 71.99 0.0
S032761 114.4952 53.6005 8.301e-14 5.362e-14 1.655e-14 0.0 67.86 0.0
S032762 114.1683 53.5206 1.2519999999999998e-22 3.281e-22 1.752e-21 0.0 71.92 0.0
S032763 114.4885 53.6008 1.119e-17 1.101e-17 7.8e-18 0.0 67.98 0.0
S032764 114.5161 53.6242 1.093e-16 3.11e-16 1.98e-15 0.0 68.04 1.0
S032765 114.1599 53.524 2.373e-18 2.608e-18 2.312e-18 0.0 71.91 0.0
S032766 114.1711 53.5303 5.739e-19 7.139e-19 7.939e-19 0.0 72.03 0.0
S032767 114.5021 53.6094 3.39e-20 5.849e-20 1.278e-19 0.0 68.1 0.0
S032768 114.4958 53.6135 3.4779999999999996e-22 8.054999999999999e-22 3.384e-21 0.0 67.92 0.0
S032769 114.3404 53.5668 9.56e-16 7.017e-16 2.716e-16 0.0 72.36 0.0
S032770 114.3406 53.5669 3.205e-17 2.852e-17 1.61e-17 0.0 68.71 0.0
S032771 114.3407 53.5668 5.141e-17 8.713e-17 1.887e-16 0.0 65.77 0.0
S032772 114.3406 53.567 1.586e-15 1.119e-15 4.003e-16 0.0 65.06 0.0
S032773 114.3408 53.567 6.497e-17 5.705e-17 3.214e-17 0.0 65.31 0.0
S032774 114.3406 53.5667 5.896e-13 4.096e-13 1.38e-13 0.0 70.01 0.0
S032775 114.3405 53.5669 6.714e-17 5.706e-17 3.013e-17 0.0 70.31 0.0
S032776 114.3405 53.567 1.95e-16 1.536e-16 6.888e-17 0.0 65.75 0.0
S032777 114.3405 53.5668 6.323e-16 4.677e-16 1.807e-16 0.0 68.7 0.0
S032778 114.3405 53.5671 4.135e-16 3.2e-16 1.382e-16 0.0 69.24 1.0
S032779 114.3407 53.5669 5.944e-16 4.627e-16 2.113e-16 0.0 64.7 1.0
S032780 114.3404 53.567 4.443e-16 3.39e-16 1.405e-16 0.0 72.02 1.0
S032781 114.1673 53.5367 2.597e-17 5.266e-17 1.581e-16 0.0 71.88 0.0
S032782 114.1759 53.5368 2.158e-17 1.991e-17 1.218e-17 0.0 71.9 0.0
S032783 114.5019 53.5962 4.163e-16 3.214e-16 1.438e-16 0.0 67.98 1.0
S032784 114.1746 53.5322 6.612e-17 5.697e-17 3.127e-17 0.0 72.05 0.0
S032785 114.5089 53.6019 1.395e-18 1.684e-18 1.789e-18 0.0 67.96 0.0
S032786 114.1756 53.5318 2.039e-15 1.447e-15 5.242e-16 0.0 71.96 0.0
S032787 114.1738 53.5292 9.64e-16 7.282e-16 2.929e-16 0.0 71.92 0.0
S032788 114.5084 53.6066 4.605e-17 3.977e-17 2.167e-17 0.0 68.06 0.0
S032789 114.1646 53.5263 2.821e-22 7.390999999999999e-22 3.939e-21 0.0 72.02 0.0
S032790 114.1685 53.5258 8.259e-16 6.154e-16 2.41e-16 0.0 71.97 0.0
S032791 114.5005 53.6075 2.494e-17 2.293e-17 1.338e-17 0.0 67.97 0.0
S032792 114.5071 53.6106 2.14e-16 1.742e-16 8.282e-17 0.0 68.0 0.0
S032793 114.1711 53.5234 4.877e-15 3.353e-15 1.135e-15 0.0 71.85 0.0
S032794 114.4881 53.6087 9.985e-16 7.564e-16 3.089e-16 0.0 68.12 1.0
S032795 114.5077 53.6145 1.092e-15 8.206e-16 3.4e-16 0.0 68.01 0.0
S032796 114.5089 53.611 1.147e-15 8.509e-16 3.492e-16 0.0 68.0 0.0
S032797 114.1761 53.5208 2.466e-15 1.785e-15 6.759e-16 0.0 72.04 0.0
S032798 114.509 53.6202 1.81e-16 1.468e-16 7.02e-17 0.0 68.02 0.0
S032799 114.5003 53.6168 1.022e-16 8.389e-17 3.952e-17 0.0 68.07 0.0
S032800 114.5064 53.6208 7.386e-16 5.312e-16 1.998e-16 0.0 68.02 0.0
S032801 114.1799 53.5124 1.032e-15 7.37e-16 2.72e-16 0.0 71.81 0.0
S032802 114.5092 53.6227 3.007e-17 2.716e-17 1.617e-17 0.0 67.97 0.0
S032803 114.1863 53.5134 2.949e-16 2.313e-16 1.048e-16 0.0 71.8 1.0
S032804 114.4902 53.6206 4.664e-16 3.536e-16 1.502e-16 0.0 68.18 1.0
S032805 114.1794 53.5056 2.533e-17 2.165e-17 1.144e-17 0.0 71.88 0.0
S032806 114.4904 53.6254 1.105e-17 1.461e-17 1.89e-17 0.0 68.2 0.0
S032807 114.1883 53.5077 1.008e-18 1.159e-18 1.069e-18 0.0 71.78 1.0
S032808 114.1894 53.5056 1.392e-15 9.736e-16 3.505e-16 0.0 71.69 0.0
S032809 114.1652 53.5026 4.956e-17 7.701e-17 1.388e-16 0.0 71.88 0.0
S032810 114.4919 53.6332 4.262e-16 3.439e-16 1.587e-16 0.0 68.14 0.0
S032811 114.1898 53.5001 8.444e-16 6.08e-16 2.371e-16 0.0 71.83 0.0
S032812 114.5025 53.6356 2.45e-15 1.771e-15 6.651e-16 0.0 68.18 0.0
S032813 114.49 53.6401 3.055e-15 2.157e-15 7.807e-16 0.0 68.34 0.0
S032814 114.5066 53.6417 1.519e-15 1.109e-15 4.265e-16 0.0 68.21 0.0
S032815 114.19 53.4937 6.293e-16 4.772e-16 1.931e-16 0.0 71.7 1.0
S032816 114.4774 53.6394 1.392e-16 1.091e-16 4.891e-17 0.0 68.44 0.0
S032817 114.4844 53.6452 1.079e-16 8.934e-17 4.452e-17 0.0 68.43 0.0
S032818 114.4862 53.6417 1.628e-12 1.177e-12 4.58e-13 0.001 68.42 0.0
S032819 114.4825 53.6443 5.733e-15 4.115e-15 1.54e-15 0.0 68.36 0.0
S032820 114.1984 53.4887 1.986e-17 1.767e-17 1.041e-17 0.0 71.6 0.0
S032821 114.2152 53.4866 9.488e-15 6.332e-15 2.126e-15 0.0 71.43 0.0
S032822 114.2002 53.4833 5.809e-17 4.942e-17 2.644e-17 0.0 71.62 0.0
S032823 114.2012 53.4827 3.398e-17 3.121e-17 1.933e-17 0.0 71.73 0.0
S032824 114.462 53.6496 1.296e-15 9.174e-16 3.267e-16 0.0 68.59 0.0
S032825 114.4737 53.6507 2.3550000000000002e-20 3.912e-20 7.725e-20 0.0 68.51 0.0
S032826 114.2143 53.4747 4.427e-16 3.395e-16 1.402e-16 0.0 71.31 1.0
S032827 114.4601 53.6548 3.176e-17 3.02e-17 1.955e-17 0.0 68.71 0.0
S032828 114.2317 53.4783 8.695e-16 6.743e-16 2.925e-16 0.0 71.34 0.0
S032829 114.4479 53.6509 4.436e-18 4.739e-18 4.003e-18 0.0 68.8 0.0
S032830 114.4576 53.6589 3.457e-17 6.364e-17 1.629e-16 0.0 68.8 0.0
S032831 114.2261 53.4697 2.242e-16 1.808e-16 8.26e-17 0.0 71.28 0.0
S032832 114.4447 53.663 3.304e-15 2.306e-15 8.55e-16 0.0 68.9 0.0
S032833 114.2358 53.4739 1.57e-14 1.048e-14 3.497e-15 0.0 71.27 0.0
S032834 114.4466 53.6635 1.401e-18 1.681e-18 1.78e-18 0.0 68.71 0.0
S032835 114.443 53.6631 2.7e-17 4.141e-17 7.125e-17 0.0 68.76 0.0
S032836 114.437 53.6702 7.192e-16 5.428e-16 2.238e-16 0.0 68.79 1.0
S032837 114.436 53.667 1.587e-15 1.179e-15 4.753e-16 0.0 68.88 0.0
S032838 114.2745 53.4716 1.424e-15 1.037e-15 3.929e-16 0.0 70.88 0.0
S032839 114.4226 53.664 1.718e-17 4.093e-17 1.709e-16 0.0 69.01 0.0
S032840 114.4046 53.6618 5.761e-17 4.669e-17 2.16e-17 0.0 69.15 0.0
S032841 114.265 53.4593 1.417e-16 1.121e-16 4.981e-17 0.0 70.93 0.0
S032842 114.2794 53.4637 6.066e-17 5.186e-17 2.8e-17 0.0 70.82 0.0
S032843 114.4056 53.6714 1.478e-16 1.216e-16 5.786e-17 0.0 69.16 0.0
S032844 114.4065 53.6721 1.427e-12 1.455e-12 1.093e-12 0.0 69.16 1.0
S032845 114.2873 53.4692 2.718e-16 2.056e-16 8.541e-17 0.0 70.73 1.0
S032846 114.2956 53.4627 5.867e-16 4.325e-16 1.745e-16 0.0 70.63 0.0
S032847 114.3 53.4606 6.615e-13 4.731e-13 1.707e-13 0.0 70.65 0.0
S032848 114.3048 53.4651 1.44e-17 1.395e-17 9.161e-18 0.0 70.51 0.0
S032849 114.3656 53.6686 7.324e-17 6.47e-17 3.708e-17 0.0 69.5 0.0
S032850 114.369 53.675 3.293e-15 2.289e-15 8.376e-16 0.0 69.42 0.0
S032851 114.3221 53.4678 6.031e-15 4.366e-15 1.601e-15 0.0 70.3 0.0
S032852 114.3546 53.6677 9.488e-16 7.076e-16 2.802e-16 0.0 69.54 0.0
S032853 114.3354 53.4645 1.361e-12 9.838e-13 3.662e-13 0.0 70.26 0.0
S032854 114.3385 53.465 3.8530000000000006e-20 5.746000000000001e-20 9.543e-20 0.0 70.31 0.0
S032855 114.3353 53.6683 5.579e-16 4.255e-16 1.744e-16 0.0 69.88 1.0
S032856 114.355 53.4625 4.683e-16 3.617e-16 1.547e-16 0.0 70.21 1.0
S032857 114.3596 53.4622 2.811e-16 2.155e-16 9.266e-17 0.0 70.11 1.0
S032858 114.3111 53.6721 7.825e-16 5.898e-16 2.347e-16 0.0 70.0 0.0
S032859 114.3084 53.6703 8.913e-16 6.597e-16 2.611e-16 0.0 69.97 0.0
S032860 114.3789 53.4701 5.544e-16 4.235e-16 1.769e-16 0.0 69.93 1.0
S032861 114.2924 53.6687 5.838e-22 1.379e-21 6.025e-21 0.0 70.27 0.0
S032862 114.3936 53.4729 3.536e-15 2.46e-15 8.628e-16 0.0 69.73 0.0
S032863 114.2793 53.6645 7.116e-18 7.15e-18 5.12e-18 0.0 70.32 0.0
S032864 114.4079 53.4736 1.503e-15 1.098e-15 4.314e-16 0.0 69.59 0.0
S032865 114.2672 53.6592 1.391e-15 9.932e-16 3.64e-16 0.0 70.34 0.0
S032866 114.4204 53.4743 1.064e-16 8.791e-17 4.3e-17 0.0 69.67 0.0
S032867 114.2521 53.6599 2.017e-16 1.705e-16 8.768e-17 0.0 70.47 0.0
S032868 114.2472 53.6516 1.618e-12 1.293e-12 5.957e-13 0.0 70.55 1.0
S032869 114.2378 53.651 9.555e-16 7.149e-16 2.961e-16 0.0 70.7 1.0
S032870 114.2342 53.6444 4.662e-13 3.229e-13 1.074e-13 0.0 70.77 0.0
S032871 114.4578 53.4876 3.406e-17 4.933e-17 7.671e-17 0.0 69.13 0.0
S032872 114.4702 53.488 2.455e-16 1.961e-16 9.073e-17 0.0 69.1 0.0
S032873 114.4721 53.4926 2.488e-18 2.818e-18 2.619e-18 0.0 69.05 0.0
S032874 114.1964 53.6468 1.068e-14 7.311e-15 2.376e-15 0.0 70.96 1.0
S032875 114.492 53.4919 3.103e-16 2.379e-16 1.012e-16 0.0 68.98 1.0
S032876 114.1798 53.6395 6.998e-19 8.77e-19 1.017e-18 0.0 71.08 0.0
S032877 114.1797 53.6307 1.439e-17 2.651e-17 6.575e-17 0.0 71.16 0.0
S032878 114.4892 53.6076 5.564e-18 5.648e-18 4.172e-18 0.0 67.99 0.0
S032879 114.1802 53.5231 1.0459999999999999e-22 2.681e-22 1.37e-21 0.0 71.87 0.0
S032880 114.1884 53.5265 3.227e-18 3.486e-18 2.982e-18 0.0 71.87 0.0
S032881 114.5075 53.6136 2.282e-21 4.516e-21 1.3400000000000001e-20 0.0 68.17 0.0
S032882 114.4961 53.6076 4.853e-17 4.199e-17 2.28e-17 0.0 68.0 0.0
S032883 114.508 53.618 4.045e-23 1.1189999999999998e-22 6.608e-22 0.0 68.07 0.0
S032884 114.4679 53.6094 4.508e-18 4.726e-18 3.84e-18 0.0 68.2 0.0
S032885 114.4974 53.618 3.264e-17 5.434e-17 1.12e-16 0.0 68.09 0.0
S032886 114.1662 53.5129 1.73e-17 1.606e-17 1.027e-17 0.0 71.88 0.0
S032887 114.5059 53.6193 2.712e-17 4.965e-17 1.251e-16 0.0 67.96 0.0
S032888 114.1931 53.5142 1.062e-19 1.464e-19 2.109e-19 0.0 71.86 0.0
S032889 114.2133 53.5171 6.346999999999999e-22 1.531e-21 6.554e-21 0.0 71.8 0.0
S032890 114.1969 53.5154 1.173e-17 1.925e-17 3.746e-17 0.0 71.75 0.0
S032891 114.4861 53.6236 2.84e-18 2.858e-18 2.185e-18 0.0 68.22 0.0
S032892 114.48 53.6228 2.282e-17 4.294e-17 1.17e-16 0.0 68.27 0.0
S032893 114.1821 53.5078 5.086e-18 5.44e-18 4.503e-18 0.0 71.9 0.0
S032894 114.5099 53.6364 4.87e-17 4.308e-17 2.455e-17 0.0 68.25 0.0
S032895 114.2143 53.514 6.187e-17 9.765e-17 1.775e-16 0.0 71.76 0.0
S032896 114.1834 53.4992 1.985e-17 4.318e-17 1.581e-16 0.0 71.76 0.0
S032897 114.4976 53.6327 8.092e-18 7.819e-18 5.274e-18 0.0 68.07 0.0
S032898 114.5005 53.6372 1.501e-18 1.725e-18 1.699e-18 0.0 68.13 0.0
S032899 114.1961 53.4991 7.831e-17 1.329e-16 2.808e-16 0.0 71.61 0.0
S032900 114.4925 53.6322 5.2910000000000004e-20 7.805e-20 1.23e-19 0.0 68.23 0.0
S032901 114.4985 53.6471 2.943e-16 2.224e-16 9.292e-17 0.0 68.21 1.0
S032902 114.4683 53.6355 3.501e-18 3.699e-18 2.911e-18 0.0 68.41 0.0
S032903 114.4755 53.6447 7.994e-21 1.4640000000000003e-20 3.583e-20 0.0 68.4 0.0
S032904 114.505 53.6462 6.232999999999999e-23 1.555e-22 7.640999999999999e-22 0.0 68.3 0.0
S032905 114.1866 53.487 9.001e-17 1.423e-16 2.642e-16 0.0 71.69 0.0
S032906 114.4555 53.6309 1.275e-18 1.488e-18 1.457e-18 0.0 68.41 0.0
S032907 114.4754 53.6466 2.585e-24 9.669e-24 1.092e-22 0.0 68.39 0.0
S032908 114.4689 53.6411 3.613e-21 7.033e-21 1.9960000000000002e-20 0.0 68.33 0.0
S032909 114.2032 53.488 2.443e-13 1.645e-13 5.38e-14 0.0 71.52 0.0
S032910 114.4515 53.6423 1.396e-17 2.768e-17 8.184e-17 0.001 68.42 0.0
S032911 114.4604 53.6484 4.139e-17 7.189e-17 1.591e-16 0.001 68.42 0.0
S032912 114.2155 53.4802 8.238e-17 6.762e-17 3.352e-17 0.0 71.45 0.0
S032913 114.4425 53.6388 1.791e-19 2.423e-19 3.307e-19 0.0 68.63 0.0
S032914 114.2227 53.4786 7.876999999999999e-22 1.6660000000000001e-21 5.529e-21 0.0 71.44 0.0
S032915 114.2241 53.4881 2.704e-21 1.89e-21 6.955999999999999e-22 0.0 71.48 0.0
S032916 114.2159 53.4746 2.964e-21 2.055e-21 7.498e-22 0.0 71.52 0.0
S032917 114.2484 53.4803 3.0190000000000004e-20 5.059e-20 1.063e-19 0.0 71.19 0.0
S032918 114.2274 53.4852 5.772e-17 4.752e-17 2.343e-17 0.0 71.17 0.0
S032919 114.2462 53.4811 1.441e-18 1.681e-18 1.644e-18 0.0 71.05 0.0
S032920 114.2429 53.4862 1.03e-16 8.87e-17 4.623e-17 0.0 71.16 0.0
S032921 114.4267 53.6636 5.687e-17 9.184e-17 1.834e-16 0.0 68.87 0.0
S032922 114.2508 53.4671 9.859e-24 3.5e-23 3.3899999999999997e-22 0.0 71.13 0.0
S032923 114.2643 53.4825 1.515e-15 1.05e-15 3.674e-16 0.0 71.16 0.0
S032924 114.4354 53.6572 1.195e-16 2.828e-16 1.249e-15 0.0 68.83 1.0
S032925 114.4234 53.6607 1.334e-21 2.788e-21 9.275e-21 0.0 68.86 0.0
S032926 114.2678 53.472 1.107e-24 4.399e-24 5.839999999999999e-23 0.0 70.95 0.0
S032927 114.4153 53.6578 3.943e-18 4.131e-18 3.38e-18 0.0 69.08 0.0
S032928 114.263 53.466 7.054e-18 7.166e-18 5.453e-18 0.0 70.97 0.0
S032929 114.4203 53.6563 3.456e-16 2.693e-16 1.179e-16 0.0 68.89 1.0
S032930 114.41 53.6709 2.246e-21 4.502e-21 1.3790000000000002e-20 0.0 69.14 0.0
S032931 114.3938 53.6625 1.539e-12 1.147e-12 4.668e-13 0.0 69.29 0.0
S032932 114.3857 53.6649 2.179e-18 2.546e-18 2.592e-18 0.0 69.27 0.0
S032933 114.281 53.4715 3.411e-16 2.627e-16 1.165e-16 0.0 70.71 1.0
S032934 114.3825 53.6683 3.718e-19 4.965e-19 6.438e-19 0.0 69.35 0.0
S032935 114.3053 53.4511 1.643e-16 2.424e-16 4.068e-16 0.0 70.48 0.0
S032936 114.3722 53.6631 1.056e-12 8.965e-13 4.738e-13 0.0 69.41 1.0
S032937 114.3849 53.6726 7.788e-19 9.418e-19 1.004e-18 0.0 69.31 0.0
S032938 114.3627 53.6732 5.521e-18 5.838e-18 4.907e-18 0.0 69.54 0.0
S032939 114.376 53.6617 2.01e-17 3.486e-17 7.825e-17 0.0 69.41 0.0
S032940 114.363 53.6648 9.582e-17 7.731e-17 3.546e-17 0.0 69.5 0.0
S032941 114.3582 53.6708 1.041e-18 1.224e-18 1.227e-18 0.0 69.54 0.0
S032942 114.3279 53.4681 6.369e-18 6.748e-18 5.387e-18 0.0 70.34 0.0
S032943 114.3411 53.4709 1.255e-18 1.493e-18 1.506e-18 0.0 70.07 0.0
S032944 114.3506 53.4603 2.821e-22 6.761999999999999e-22 3.083e-21 0.0 70.04 0.0
S032945 114.3582 53.4592 5.256e-16 3.818e-16 1.474e-16 0.0 70.03 0.0
S032946 114.3464 53.4829 1.1780000000000001e-20 1.9970000000000002e-20 4.4190000000000006e-20 0.0 70.03 0.0
S032947 114.318 53.6649 1.244e-18 1.472e-18 1.523e-18 0.0 69.96 0.0
S032948 114.307 53.6743 2.105e-15 1.478e-15 5.41e-16 0.0 70.02 0.0
S032949 114.3695 53.4721 2.19e-17 2.029e-17 1.318e-17 0.0 69.97 0.0
S032950 114.2999 53.6623 1.602e-21 3.433e-21 1.2090000000000001e-20 0.0 70.2 0.0
S032951 114.2898 53.6698 1.352e-17 1.243e-17 7.464e-18 0.0 70.09 0.0
S032952 114.4004 53.4582 1.057e-21 2.26e-21 7.828e-21 0.0 69.78 0.0
S032953 114.3963 53.4736 3.59e-17 5.575e-17 9.685e-17 0.0 69.74 0.0
S032954 114.4081 53.4744 4.258e-24 1.464e-23 1.414e-22 0.0 69.64 0.0
S032955 114.4197 53.4655 1.94e-18 3.811e-18 1.11e-17 0.0 69.51 0.0
S032956 114.4207 53.4836 1.754e-17 2.896e-17 6.049e-17 0.0 69.44 0.0
S032957 114.2559 53.668 1.51e-19 1.995e-19 2.539e-19 0.0 70.33 0.0
S032958 114.2521 53.6594 1.066e-15 7.49e-16 2.805e-16 0.0 70.54 0.0
S032959 114.2386 53.6516 2.352e-17 2.127e-17 1.276e-17 0.0 70.7 0.0
S032960 114.2334 53.6491 6.552e-13 7.199e-13 6.416e-13 0.0 70.7 0.0
S032961 114.2343 53.6465 2.2230000000000003e-20 3.6140000000000003e-20 7.05e-20 0.0 70.91 0.0
S032962 114.2112 53.6506 1.185e-21 2.572e-21 9.683e-21 0.0 70.73 0.0
S032963 114.2014 53.6437 1.385e-18 1.68e-18 1.838e-18 0.0 70.86 0.0
S032964 114.4749 53.4887 1.972e-17 2.9e-17 4.804e-17 0.0 69.18 0.0
S032965 114.4853 53.4958 9.81e-17 8.071e-17 3.913e-17 0.0 69.01 0.0
S032966 114.1991 53.6431 2.665e-17 4.85e-17 1.233e-16 0.0 71.01 0.0
S032967 114.1657 53.6472 4.613e-25 2.293e-24 4.7099999999999995e-23 0.0 71.01 0.0
S032968 114.1838 53.6291 1.094e-16 9.42e-17 5.099e-17 0.0 71.07 0.0
S032969 114.5208 53.5004 6.164e-16 4.545e-16 1.842e-16 0.0 68.87 0.0
S032970 114.5309 53.5068 9.774e-17 7.946e-17 3.929e-17 0.0 68.61 0.0
S032971 114.5365 53.5147 4.648e-17 4.043e-17 2.139e-17 0.0 68.59 0.0
S032972 114.1446 53.6198 7.069e-18 7.089e-18 5.26e-18 0.0 71.4 1.0
S032973 114.1422 53.6224 3.203e-16 2.494e-16 1.062e-16 0.0 71.51 1.0
S032974 114.1378 53.6263 2.97e-21 2.106e-21 7.534999999999999e-22 0.0 71.29 0.0
