Name Equatorial Polar BlueF GreenF RedF Parallax RadialVelocity Variable?
S100862 113.9495 67.7029 3.802e-20 5.828e-20 1.01e-19 0.0 92.37 0.0
S100863 113.9669 67.7006 1.881e-24 8.014999999999999e-24 1.1629999999999998e-22 0.0 92.39 0.0
S100864 113.9765 67.7039 1.8e-24 6.309e-24 6.436e-23 0.0 91.52 0.0
S100865 113.9725 67.7237 4.516e-17 3.891e-17 2.036e-17 0.0 91.13 0.0
S100866 113.978 67.5881 9.704e-22 2.159e-21 7.975e-21 0.0 94.76 0.0
S100867 113.9644 67.6772 6.012e-22 1.2200000000000001e-21 3.718e-21 0.0 93.79 0.0
S100868 113.9712 67.6897 4.933999999999999e-22 1.202e-21 5.507e-21 0.0 93.58 0.0
S100869 113.9704 67.6904 2.909e-17 5.118e-17 1.204e-16 0.0 93.71 0.0
S100870 114.0407 67.4974 1.482e-21 3.348e-21 1.2670000000000001e-20 0.0 94.88 1.0
S100871 113.9635 67.7026 2.529e-19 3.394e-19 4.396e-19 0.0 92.2 0.0
S100872 113.9821 67.6957 2.5590000000000002e-20 4.1490000000000006e-20 8.013e-20 0.0 93.37 0.0
S100873 113.9945 67.7259 7.893999999999999e-22 1.5230000000000001e-21 4.194e-21 0.0 92.08 0.0
S100874 113.9759 67.6726 1.254e-21 2.888e-21 1.1970000000000001e-20 0.0 94.25 0.0
S100875 113.9808 67.6847 1.0779999999999998e-22 3.2279999999999998e-22 2.266e-21 0.0 93.74 0.0
S100876 113.9824 67.657 1.4790000000000002e-26 1.001e-25 3.842e-24 0.0 94.6 0.0
S100877 113.9705 67.7001 4.6280000000000004e-20 7.591000000000001e-20 1.51e-19 0.0 91.45 0.0
S100878 113.955 67.6917 5.656e-22 1.2260000000000001e-21 4.346e-21 0.0 92.83 0.0
S100879 113.9836 67.6784 1.03e-21 2.234e-21 7.934e-21 0.0 94.0 0.0
S100880 113.9765 67.6851 1.846e-17 2.875e-17 5.097e-17 0.0 93.62 0.0
S100881 113.9696 67.6978 1.6979999999999998e-22 3.572e-22 1.2170000000000001e-21 0.0 91.38 0.0
S100882 113.9566 67.6845 1.9619999999999998e-23 5.569e-23 3.623e-22 0.0 92.94 0.0
S100883 113.9683 67.7868 1.349e-21 2.572e-21 7.203e-21 0.0 90.76 0.0
S100884 113.9854 67.5847 8.741e-18 8.547e-18 6.027e-18 0.0 95.1 0.0
S100885 113.9673 67.6729 1.722e-13 1.113e-13 3.311e-14 0.0 93.78 0.0
S100886 113.9734 67.6195 4.2879999999999996e-23 1.232e-22 7.9119999999999995e-22 0.0 94.83 0.0
S100887 113.985 67.6589 6.991e-24 2.33e-23 2.0149999999999999e-22 0.0 94.47 0.0
S100888 113.9732 67.6758 2.7920000000000004e-20 4.4150000000000003e-20 8.372000000000001e-20 0.0 94.0 0.0
S100889 113.9843 67.6355 1.314e-19 1.689e-19 2.092e-19 0.0 94.7 0.0
S100890 113.9653 67.7094 7.08e-21 1.3030000000000002e-20 3.3370000000000004e-20 0.0 91.41 0.0
S100891 113.9879 67.6981 1.882e-21 1.379e-21 5.231999999999999e-22 0.0 92.72 0.0
S100892 113.9688 67.6953 5.515e-25 2.638e-24 5.03e-23 0.0 92.11 0.0
S100893 113.9654 67.6942 2.3690000000000002e-21 4.6430000000000005e-21 1.3220000000000002e-20 0.0 93.8 0.0
S100894 113.9923 67.5883 3.487e-17 2.984e-17 1.608e-17 0.0 95.06 0.0
S100895 113.9636 67.7236 2.48e-22 6.093999999999999e-22 2.98e-21 0.0 91.07 0.0
S100896 113.9553 67.7405 2.287e-21 4.671e-21 1.421e-20 0.0 90.88 0.0
S100897 113.9749 67.7718 3.507e-17 5.772e-17 1.108e-16 0.0 90.64 0.0
S100898 113.976 67.7042 1.2149999999999998e-22 2.978e-22 1.418e-21 0.0 92.27 0.0
S100899 114.025 67.636 1.201e-17 2.178e-17 5.28e-17 0.0 93.47 0.0
S100900 113.9948 67.5817 8.343e-21 1.4100000000000002e-20 2.9980000000000005e-20 0.0 95.05 0.0
S100901 113.9728 67.6924 2.285e-17 4.159e-17 1.018e-16 0.0 93.59 0.0
S100902 113.989 67.7197 4.785e-22 1.143e-21 5.014e-21 0.0 92.07 0.0
S100903 113.9745 67.7015 5.719e-19 6.948e-19 7.33e-19 0.0 91.81 0.0
S100904 113.9419 67.6934 3.631e-22 7.868e-22 2.718e-21 0.0 92.7 0.0
S100905 113.9738 67.6922 2.477e-21 4.6e-21 1.216e-20 0.0 93.78 0.0
S100906 114.005 67.7009 6.046e-17 1.177e-16 3.395e-16 0.0 92.75 0.0
S100907 113.9806 67.5973 4.931e-21 9.343e-21 2.636e-20 0.0 94.95 0.0
S100908 113.9593 67.7563 1.1299999999999998e-22 2.8109999999999997e-22 1.337e-21 0.0 90.75 0.0
S100909 113.9778 67.6907 1.028e-21 2.188e-21 7.709e-21 0.0 93.9 0.0
S100910 113.9624 67.7382 8.807000000000001e-20 1.28e-19 1.954e-19 0.0 90.93 0.0
S100911 113.9853 67.6252 2.884e-20 4.8390000000000007e-20 1.014e-19 0.0 94.73 0.0
S100912 113.9781 67.6377 3.2419999999999997e-22 7.737e-22 3.455e-21 0.0 94.7 0.0
S100913 113.9609 67.7591 6.693e-23 1.7249999999999999e-22 8.883e-22 0.0 90.77 0.0
S100914 113.9654 67.7285 3.1860000000000003e-20 4.9770000000000007e-20 9.147000000000001e-20 0.0 91.2 0.0
S100915 113.9744 67.7082 2.411e-21 1.699e-21 6.120999999999999e-22 0.0 91.42 0.0
S100916 113.973 67.6957 1.005e-19 1.376e-19 1.94e-19 0.0 92.17 0.0
S100917 113.9673 67.7043 6.019e-18 8.694e-18 1.331e-17 0.0 91.94 0.0
S100918 113.9731 67.6764 1.107e-22 3.0789999999999997e-22 1.835e-21 0.0 93.6 0.0
S100919 113.9755 67.7324 5.882999999999999e-22 1.355e-21 5.7000000000000004e-21 0.0 91.02 0.0
S100920 113.9913 67.6885 2.811e-21 1.976e-21 6.877999999999999e-22 0.0 93.05 0.0
S100921 114.0102 67.5674 2.404e-22 6.003999999999999e-22 2.941e-21 0.0 95.07 0.0
S100922 113.9762 67.7043 6.408e-21 1.232e-20 3.4470000000000004e-20 0.0 92.27 0.0
S100923 113.9582 67.6935 3.257e-23 1.0129999999999999e-22 7.640999999999999e-22 0.0 92.68 0.0
S100924 113.9779 67.7094 2.488e-23 6.276e-23 3.1069999999999996e-22 0.0 91.45 0.0
S100925 113.9719 67.7422 4.924e-21 9.260000000000001e-21 2.477e-20 0.0 90.82 0.0
S100926 113.9658 67.688 4.829e-24 1.587e-23 1.3559999999999998e-22 0.0 92.96 0.0
S100927 113.9561 67.7408 5.494e-22 1.346e-21 6.13e-21 0.0 90.68 0.0
S100928 113.9733 67.6992 4.0309999999999996e-23 1.1629999999999998e-22 7.550999999999999e-22 0.0 91.86 0.0
S100929 113.9371 67.806 8.481999999999999e-22 1.83e-21 6.5920000000000004e-21 0.0 90.65 0.0
S100930 113.9703 67.7085 2.8839999999999996e-23 7.997e-23 4.707e-22 0.0 91.76 0.0
S100931 113.9743 67.702 3.364e-21 2.245e-21 7.429999999999999e-22 0.0 92.02 0.0
S100932 113.9792 67.717 1.917e-17 1.716e-17 9.922e-18 0.0 91.84 0.0
S100933 113.9728 67.6915 7.006e-24 2.26e-23 1.904e-22 0.0 94.04 0.0
S100934 113.9911 67.7159 1.0269999999999999e-22 2.6089999999999996e-22 1.349e-21 0.0 92.24 0.0
S100935 114.0234 67.6641 2.173e-19 2.909e-19 3.875e-19 0.0 93.36 0.0
S100936 113.9693 67.6951 5.122e-24 1.621e-23 1.277e-22 0.0 92.35 0.0
S100937 113.9589 67.6888 1.294e-19 1.768e-19 2.495e-19 0.0 92.92 0.0
S100938 113.9685 67.6984 3.106e-23 8.081e-23 4.325999999999999e-22 0.0 92.12 0.0
S100939 114.0183 67.5488 3.26e-22 8.018e-22 3.779e-21 0.0 95.11 0.0
S100940 113.9887 67.6235 5.722e-19 7.072e-19 7.807e-19 0.0 94.79 0.0
S100941 113.9599 67.6981 5.497e-23 1.436e-22 7.641999999999999e-22 0.0 92.51 0.0
S100942 113.9716 67.7036 4.989e-24 1.782e-23 1.7919999999999999e-22 0.0 91.91 0.0
S100943 113.9811 67.6411 5.577e-21 1.0460000000000001e-20 2.7630000000000005e-20 0.0 94.73 0.0
S100944 113.9909 67.6216 4.303e-25 1.897e-24 2.9459999999999997e-23 0.0 94.83 0.0
S100945 113.9686 67.7059 7.93e-18 7.608e-18 5.153e-18 0.0 91.91 0.0
S100946 113.9827 67.6635 3.678e-20 5.3100000000000005e-20 8.187000000000001e-20 0.0 94.16 0.0
S100947 113.9783 67.6616 1.227e-12 9.672e-13 4.248e-13 0.0 94.21 1.0
S100948 113.9718 67.5959 1.82e-24 6.636e-24 7.39e-23 0.0 94.97 0.0
S100949 113.9773 67.6745 7.984999999999999e-22 1.652e-21 5.434e-21 0.0 93.93 0.0
S100950 113.9758 67.7203 4.984e-21 9.181e-21 2.3660000000000002e-20 0.0 91.73 0.0
S100951 113.9759 67.696 2.661e-21 5.491e-21 1.8060000000000003e-20 0.0 92.73 0.0
S100952 113.9746 67.6495 1.0929999999999998e-22 2.6089999999999996e-22 1.087e-21 0.0 94.35 0.0
S100953 113.9664 67.6888 2.8549999999999997e-23 7.703999999999999e-23 4.266999999999999e-22 0.0 93.09 0.0
S100954 113.9732 67.697 6.521999999999999e-22 1.5320000000000001e-21 6.458e-21 0.0 91.79 0.0
S100955 114.0125 67.6309 6.232e-21 1.1410000000000001e-20 2.8670000000000004e-20 0.0 94.3 0.0
S100956 113.9771 67.681 1.569e-21 3.341e-21 1.1100000000000001e-20 0.0 94.03 0.0
S100957 113.9718 67.7034 8.949e-24 2.595e-23 1.6979999999999998e-22 0.0 91.75 0.0
S100958 114.0176 67.5442 1.942e-20 2.969e-20 5.0610000000000006e-20 0.0 95.23 0.0
S100959 113.9812 67.7246 5.1359999999999996e-23 1.433e-22 8.905e-22 0.0 91.82 0.0
S100960 113.9898 67.6789 1.018e-19 1.415e-19 2.01e-19 0.0 93.46 0.0
S100961 113.9762 67.6982 1.496e-22 3.83e-22 2.0180000000000002e-21 0.0 92.53 0.0
S100962 113.9619 67.6088 1.209e-19 1.61e-19 2.13e-19 0.0 94.3 0.0
S100963 113.9701 67.7035 6.414000000000001e-26 3.4620000000000003e-25 8.711e-24 0.0 91.61 0.0
S100964 113.9792 67.6768 9.433e-19 1.143e-18 1.238e-18 0.001 94.03 0.0
S100965 113.9669 67.6967 7.707e-24 2.3049999999999998e-23 1.588e-22 0.0 92.28 0.0
S100966 113.9764 67.7294 1.142e-21 2.443e-21 8.483e-21 0.0 90.93 0.0
S100967 114.0116 67.6991 9.122e-24 2.888e-23 2.182e-22 0.0 92.76 0.0
S100968 114.1028 67.541 6.407e-21 1.2120000000000001e-20 3.181e-20 0.0 93.94 0.0
S100969 113.9638 67.5834 3.6790000000000004e-21 6.782e-21 1.7160000000000003e-20 0.0 94.4 0.0
S100970 113.9671 67.6904 3.654e-21 6.553e-21 1.583e-20 0.0 93.57 0.0
S100971 113.9418 67.7601 1.092e-17 1.022e-17 6.757e-18 0.0 91.3 0.0
S100972 113.9873 67.7809 2.4700000000000002e-21 4.525e-21 1.1500000000000001e-20 0.0 91.13 0.0
S100973 113.9543 67.7225 4.3009999999999996e-23 1.1819999999999998e-22 6.906999999999999e-22 0.0 91.7 0.0
S100974 113.9982 67.6361 3.839e-18 3.705e-18 2.396e-18 0.0 94.66 0.0
S100975 113.9691 67.7525 2.1519999999999998e-23 6.373e-23 4.458e-22 0.0 90.7 0.0
S100976 113.9658 67.6938 5.349e-21 1.0460000000000001e-20 2.932e-20 0.0 92.9 0.0
S100977 113.9388 67.8413 9.043000000000001e-20 1.344e-19 2.241e-19 0.0 90.35 1.0
S100978 113.9608 67.7463 1.6990000000000002e-20 2.8950000000000004e-20 6.196e-20 0.0 90.74 0.0
S100979 113.9591 67.6894 4.548e-21 8.869000000000001e-21 2.5230000000000003e-20 0.0 92.91 0.0
S100980 113.9713 67.6867 2.137e-19 2.796e-19 3.577e-19 0.0 93.87 0.0
S100981 113.9717 67.76 5.750999999999999e-22 1.32e-21 5.113e-21 0.0 90.76 0.0
S100982 113.9488 67.6805 2.113e-17 3.935e-17 1e-16 0.0 93.08 0.0
S100983 113.9723 67.6813 9.55e-21 1.6470000000000003e-20 3.6940000000000006e-20 0.0 93.38 0.0
S100984 113.9916 67.6652 4.679e-21 8.641e-21 2.1890000000000003e-20 0.0 94.44 0.0
S100985 113.9589 67.711 2.645e-24 1.001e-23 1.155e-22 0.0 91.72 0.0
S100986 113.9673 67.6929 1.307e-23 4.045e-23 3.141e-22 0.0 92.83 0.0
S100987 113.9769 67.6957 4.8000000000000005e-20 7.372e-20 1.27e-19 0.0 93.88 0.0
S100988 113.9766 67.6757 1.339e-23 4.4759999999999995e-23 3.876e-22 0.0 94.18 0.0
S100989 113.9825 67.709 9.24e-17 2.063e-16 7.619e-16 0.0 92.18 1.0
S100990 113.9531 67.7265 2.856e-23 8.052999999999999e-23 5.02e-22 0.0 91.15 0.0
S100991 113.9686 67.6983 1.452e-22 3.823e-22 2.097e-21 0.0 92.33 0.0
S100992 113.9735 67.7031 8.964000000000001e-20 1.286e-19 1.939e-19 0.0 92.28 0.0
S100993 113.9842 67.6903 4.964e-24 1.843e-23 2.0139999999999998e-22 0.0 93.08 0.0
S100994 113.9324 67.6887 7.62e-24 2.6379999999999998e-23 2.538e-22 0.001 92.78 0.0
S100995 113.9769 67.699 3.4859999999999996e-22 8.197e-22 3.516e-21 0.0 91.53 0.0
S100996 113.9618 67.7644 1.014e-18 1.181e-18 1.212e-18 0.0 90.64 0.0
S100997 113.9835 67.6626 1.082e-18 1.304e-18 1.377e-18 0.0 94.41 0.0
S100998 113.9744 67.6982 2.427e-21 4.618e-21 1.2910000000000002e-20 0.0 92.59 0.0
S100999 113.9706 67.6791 9.628e-21 1.69e-20 3.9500000000000005e-20 0.0 93.67 0.0
S101000 113.9366 67.7511 2.9939999999999995e-22 7.438e-22 3.438e-21 0.0 91.51 0.0
S101001 113.9581 67.7584 7.211e-19 8.943e-19 1.009e-18 0.0 90.68 0.0
S101002 113.9858 67.7457 3.312e-22 7.93e-22 3.536e-21 0.0 91.55 0.0
S101003 113.9795 67.7064 1.071e-18 1.266e-18 1.263e-18 0.0 92.01 0.0
S101004 113.9768 67.6783 2.264e-18 2.538e-18 2.267e-18 0.0 93.72 0.0
S101005 113.9759 67.6982 6.845000000000001e-20 9.898000000000001e-20 1.546e-19 0.0 92.49 0.0
S101006 113.9441 67.6986 9.864e-19 1.143e-18 1.14e-18 0.0 92.5 0.0
S101007 113.9841 67.6918 8.035e-23 2.203e-22 1.286e-21 0.0 93.08 0.0
S101008 113.8998 67.7631 5.65e-17 1.18e-16 3.728e-16 0.0 91.89 1.0
S101009 113.9927 67.6697 6.308e-22 1.469e-21 6.237e-21 0.0 94.38 0.0
S101010 113.9801 67.6213 1.395e-17 1.31e-17 8.64e-18 0.0 94.89 0.0
S101011 113.9738 67.6965 4.285e-24 1.508e-23 1.548e-22 0.0 91.66 0.0
S101012 113.9761 67.6845 1.191e-21 2.521e-21 8.638e-21 0.0 93.44 0.0
S101013 113.9589 67.6918 1.045e-22 2.488e-22 1.082e-21 0.0 92.77 0.0
S101014 113.9659 67.7238 9.09e-18 9.154e-18 6.691e-18 0.0 91.12 0.0
S101015 113.9759 67.6953 8.894e-19 1.102e-18 1.185e-18 0.0 93.27 0.0
S101016 113.9725 67.6964 7.211e-18 7.335e-18 5.618e-18 0.0 92.7 0.0
S101017 113.9876 67.6257 1.149e-21 2.297e-21 6.565e-21 0.0 94.92 0.0
S101018 113.9715 67.7145 1.172e-22 2.998e-22 1.511e-21 0.0 91.75 0.0
S101019 113.9802 67.6779 1.083e-21 2.384e-21 9.158e-21 0.0 93.92 0.0
S101020 113.9712 67.7047 4.519e-21 9.214000000000001e-21 2.981e-20 0.0 91.76 0.0
S101021 113.9742 67.6925 5.946e-20 8.458e-20 1.256e-19 0.0 93.41 0.0
S101022 114.0133 67.5296 1.563e-21 3.306e-21 1.1050000000000001e-20 0.0 95.15 0.0
S101023 113.9852 67.6066 2.0449999999999998e-23 5.833e-23 3.7679999999999996e-22 0.0 94.87 0.0
S101024 113.977 67.67 2.6700000000000002e-20 4.147e-20 7.424e-20 0.0 94.09 0.0
S101025 113.9668 67.6441 3.3360000000000005e-20 5.189e-20 9.393e-20 0.0 94.3 0.0
S101026 113.975 67.6863 4.262e-25 1.933e-24 3.188e-23 0.0 93.48 0.0
S101027 113.9768 67.7755 7.293e-20 1.07e-19 1.669e-19 0.0 90.94 0.0
S101028 113.9655 67.7175 2.709e-17 5.886e-17 2.178e-16 0.0 91.24 0.0
S101029 113.922 67.8167 3.063e-18 3.287e-18 2.707e-18 0.0 90.8 0.0
S101030 113.979 67.6992 1.747e-18 2.031e-18 2.006e-18 0.0 91.88 0.0
S101031 113.963 67.712 4.666e-22 9.956999999999998e-22 3.4180000000000004e-21 0.0 91.66 0.0
S101032 114.0387 67.6517 1.792e-17 1.727e-17 1.12e-17 0.0 93.38 0.0
S101033 113.9691 67.7057 6.362999999999999e-23 1.5709999999999997e-22 7.6889999999999995e-22 0.0 91.8 0.0
S101034 113.9739 67.707 4.396e-24 1.4499999999999998e-23 1.236e-22 0.0 91.49 0.0
S101035 113.9845 67.7037 5.1430000000000007e-20 7.817e-20 1.38e-19 0.0 92.34 0.0
S101036 113.9713 67.694 2.803e-20 4.5660000000000004e-20 9.209000000000001e-20 0.0 94.26 0.0
S101037 113.968 67.6906 2.211e-17 3.606e-17 7.245e-17 0.0 93.14 0.0
S101038 113.99 67.6462 9.063999999999999e-23 2.5e-22 1.476e-21 0.0 94.67 0.0
S101039 113.9711 67.698 3.035e-18 3.158e-18 2.5e-18 0.0 91.35 0.0
S101040 113.9698 67.6857 2.24e-22 5.532999999999999e-22 2.661e-21 0.001 93.66 0.0
S101041 113.9626 67.6761 2.052e-17 3.592e-17 7.977e-17 0.0 93.22 0.0
S101042 113.9608 67.6503 4.724e-21 8.506e-21 1.998e-20 0.0 94.36 0.0
S101043 114.0101 67.5184 1.783e-21 3.593e-21 1.135e-20 0.0 95.19 0.0
S101044 113.9587 67.8852 6.694e-23 1.889e-22 1.12e-21 0.0 90.26 0.0
S101045 113.979 67.6903 1.394e-21 3.057e-21 1.1030000000000001e-20 0.0 93.72 0.0
S101046 113.9786 67.6987 2.2909999999999997e-22 5.007e-22 1.831e-21 0.0 92.5 0.0
S101047 113.9736 67.674 8.2640000000000005e-25 3.369e-24 4.5219999999999996e-23 0.0 94.19 0.0
S101048 113.9485 67.7408 3.642e-21 6.6040000000000004e-21 1.6820000000000002e-20 0.0 91.52 0.0
S101049 113.9467 67.704 6.859e-22 1.64e-21 7.22e-21 0.0 92.43 0.0
S101050 113.9601 67.6892 3.31e-21 6.774e-21 2.0920000000000003e-20 0.0 92.86 0.0
S101051 113.9592 67.7595 6.306e-19 7.721e-19 8.673e-19 0.0 90.67 0.0
S101052 113.9696 67.6956 2.59e-21 1.789e-21 6.372999999999999e-22 0.0 91.58 0.0
S101053 113.9485 67.7577 8.969e-22 2.002e-21 7.684e-21 0.0 90.62 0.0
S101054 113.9746 67.7489 8.997e-22 2.083e-21 8.276e-21 0.0 90.85 0.0
S101055 113.9733 67.6124 9.338e-19 1.105e-18 1.166e-18 0.0 94.44 0.0
S101056 113.9702 67.6938 1.434e-19 2.015e-19 2.86e-19 0.0 94.14 0.0
S101057 113.9707 67.6991 2.79e-21 1.904e-21 6.486e-22 0.0 91.81 0.0
S101058 113.953 67.7161 3.1209999999999996e-22 6.875e-22 2.635e-21 0.0 91.62 0.0
S101059 113.9776 67.7065 1.785e-17 3.24e-17 8.228e-17 0.0 91.54 0.0
S101060 113.9734 67.6705 2.4599999999999996e-22 5.768999999999999e-22 2.459e-21 0.0 93.97 0.0
S101061 113.9783 67.699 4.4890000000000005e-20 6.693000000000001e-20 1.089e-19 0.0 91.99 0.0
S101062 113.9686 67.6431 1.3119999999999998e-22 3.155e-22 1.389e-21 0.001 94.59 0.0
S101063 113.9941 67.7668 3.234e-21 2.172e-21 7.355999999999999e-22 0.0 91.53 0.0
S101064 113.973 67.6938 6.131999999999999e-23 1.7939999999999998e-22 1.222e-21 0.0 94.07 0.0
S101065 113.9639 67.748 3.607e-24 1.2669999999999999e-23 1.284e-22 0.0 91.24 0.0
S101066 113.9611 67.6976 3.4269999999999997e-22 7.289e-22 2.441e-21 0.001 92.29 0.0
S101067 113.9783 67.681 3.194e-17 5.831e-17 1.435e-16 0.0 93.81 0.0
S101068 113.9566 67.7976 3.958e-23 1.1419999999999999e-22 7.617e-22 0.0 90.37 0.0
S101069 113.9701 67.6933 6.913e-21 1.292e-20 3.312e-20 0.0 93.16 0.0
S101070 113.9489 67.8317 2.049e-21 3.998e-21 1.185e-20 0.0 90.33 0.0
S101071 113.9935 67.67 6.261999999999999e-23 1.8e-22 1.19e-21 0.0 93.7 0.0
S101072 114.0759 67.5402 1.478e-19 2.036e-19 2.871e-19 0.0 94.11 0.0
S101073 113.9696 67.6761 3.8589999999999997e-22 8.205999999999999e-22 2.827e-21 0.0 94.14 0.0
S101074 113.9835 67.6864 4.6800000000000007e-20 7.318e-20 1.366e-19 0.0 93.57 0.0
S101075 113.9625 67.6806 2.6219999999999998e-23 7.526e-23 4.710999999999999e-22 0.0 93.43 0.0
S101076 113.9738 67.6638 1.511e-22 3.8869999999999996e-22 1.973e-21 0.0 94.32 0.0
S101077 113.981 67.7012 1.586e-24 6.558e-24 9.280999999999999e-23 0.0 92.42 0.0
S101078 113.9724 67.6918 5.407e-28 5.2489999999999996e-27 4.384e-25 0.0 94.08 0.0
S101079 113.9949 67.5936 2.654e-23 7.049e-23 3.7229999999999996e-22 0.0 95.0 0.0
S101080 114.0029 67.6525 5.4270000000000004e-21 1.0150000000000001e-20 2.695e-20 0.0 94.21 0.0
S101081 114.0021 67.583 1.377e-22 3.3209999999999995e-22 1.505e-21 0.0 94.97 0.0
S101082 113.9932 67.6676 3.876e-22 7.604e-22 2.184e-21 0.0 94.33 0.0
S101083 113.9781 67.6841 3.905e-23 1.0519999999999999e-22 5.957999999999999e-22 0.0 93.74 0.0
S101084 113.948 67.7739 1.5379999999999998e-22 3.585e-22 1.483e-21 0.0 90.68 0.0
S101085 113.9841 67.6335 2.7550000000000002e-21 5.561e-21 1.7230000000000003e-20 0.0 94.84 0.0
S101086 113.9732 67.6257 3.946e-23 1.0539999999999999e-22 5.934999999999999e-22 0.0 94.37 0.0
S101087 113.9441 67.6797 7.269999999999999e-22 1.635e-21 6.209e-21 0.0 93.01 0.0
S101088 113.9698 67.6721 3.744e-21 7.369e-21 2.0760000000000002e-20 0.0 93.78 0.0
S101089 113.9446 67.6753 1.28e-22 3.1789999999999995e-22 1.554e-21 0.0 94.36 0.0
S101090 113.9865 67.7094 1.232e-17 1.16e-17 7.314e-18 0.0 91.29 0.0
S101091 113.944 67.6923 1.388e-17 1.299e-17 7.939e-18 0.0 92.62 0.0
S101092 113.9882 67.7355 1.222e-31 3.192e-30 2.127e-27 0.0 90.98 0.0
S101093 113.9481 67.7204 3.21e-21 2.21e-21 7.534999999999999e-22 0.0 91.52 0.0
S101094 114.0066 67.6747 8.428e-17 6.975e-17 3.552e-17 0.0 93.44 0.0
S101095 113.9369 67.6955 1.0229999999999999e-22 2.554e-22 1.225e-21 0.0 92.53 0.0
S101096 113.9618 67.7435 7.818e-19 1.038e-18 1.304e-18 0.0 91.15 0.0
S101097 113.9756 67.6305 1.444e-18 1.539e-18 1.279e-18 0.0 94.61 0.0
S101098 113.9598 67.7007 4.354e-17 3.704e-17 1.971e-17 0.0 92.15 0.0
S101099 113.9799 67.642 1.012e-16 8.172e-17 3.838e-17 0.0 94.3 0.0
S101100 113.9731 67.7356 3.043e-18 3.228e-18 2.591e-18 0.0 90.96 0.0
S101101 114.0113 67.7479 9.363e-23 2.4819999999999996e-22 1.412e-21 0.0 90.66 0.0
S101102 113.9828 67.7167 1.828e-19 2.573e-19 3.693e-19 0.0 91.25 0.0
S101103 113.9537 67.6882 2.1230000000000003e-20 3.422e-20 6.508000000000001e-20 0.0 93.19 0.0
S101104 113.9934 67.6469 2.284e-21 4.713e-21 1.508e-20 0.0 94.55 0.0
S101105 113.9716 67.6684 4.527e-20 7.092e-20 1.294e-19 0.0 94.33 0.0
S101106 113.9983 67.6724 5.692e-17 4.657e-17 2.22e-17 0.0 93.84 0.0
S101107 113.995 67.6748 1.207e-12 9.185e-13 3.992e-13 0.0 94.19 1.0
S101108 113.9731 67.6675 1.881e-16 1.448e-16 6.312e-17 0.0 94.05 1.0
S101109 113.9691 67.6708 4.559e-17 4.207e-17 2.644e-17 0.0 93.98 0.0
S101110 114.0034 67.7038 6.26e-23 1.9999999999999999e-22 1.62e-21 0.0 91.78 0.0
S101111 113.9598 67.7406 1.575e-19 2.07e-19 2.675e-19 0.0 90.75 0.0
S101112 113.985 67.7292 1.396e-18 1.592e-18 1.452e-18 0.0 91.24 0.0
S101113 113.9566 67.6752 3.538e-23 1.0439999999999999e-22 6.819999999999999e-22 0.0 93.65 0.0
S101114 113.9756 67.6941 4.01e-19 5.117e-19 5.952e-19 0.0 92.9 0.0
S101115 113.9693 67.6631 6.358e-13 5.386e-13 2.798e-13 0.0 94.44 1.0
S101116 113.982 67.7582 3.288e-19 4.027e-19 4.521e-19 0.0 90.91 0.0
S101117 113.961 67.7468 8.093e-25 3.28e-24 4.279e-23 0.0 90.67 0.0
S101118 113.9408 67.7271 7.828e-21 1.3960000000000002e-20 3.3560000000000005e-20 0.0 90.87 0.0
S101119 113.9533 67.6731 8.157999999999999e-22 1.738e-21 5.93e-21 0.0 94.27 0.0
S101120 113.9864 67.7347 3.2019999999999995e-22 7.529e-22 3.239e-21 0.0 91.64 0.0
S101121 113.9623 67.7247 6.684999999999999e-22 1.5440000000000001e-21 6.226e-21 0.0 91.23 0.0
S101122 113.9873 67.695 1.462e-18 1.681e-18 1.629e-18 0.0 92.98 0.0
S101123 113.9631 67.6494 3.429e-21 2.303e-21 7.676e-22 0.0 94.52 0.0
S101124 113.9529 67.675 7.494e-19 8.912e-19 9.34e-19 0.0 93.57 0.0
S101125 113.974 67.6797 9.655e-18 1.856e-17 5.198e-17 0.0 93.92 0.0
S101126 113.9605 67.6885 2.976e-17 2.702e-17 1.603e-17 0.0 93.01 0.0
S101127 113.9721 67.6713 5.264e-17 4.557e-17 2.381e-17 0.0 94.09 0.0
S101128 113.9425 67.6808 6.02e-17 5.285e-17 2.888e-17 0.0 93.78 0.0
S101129 113.9472 67.6898 2.702e-18 2.829e-18 2.289e-18 0.0 92.85 0.0
S101130 113.9851 67.6725 3.163e-17 5.679e-17 1.385e-16 0.0 94.3 0.0
S101131 113.9614 67.708 3.442e-17 2.962e-17 1.57e-17 0.0 91.8 0.0
S101132 113.9851 67.6922 5.079e-17 1.166e-16 4.769e-16 0.0 92.96 1.0
S101133 113.9937 67.6907 5.811e-17 7.841e-17 1.042e-16 0.0 93.36 0.0
S101134 113.9755 67.7349 2.311e-17 2.074e-17 1.241e-17 0.0 91.45 0.0
S101135 113.9369 67.7026 1.67e-17 1.527e-17 9.034e-18 0.0 90.97 0.0
S101136 113.9986 67.6943 1.5260000000000001e-21 3.036e-21 9.333e-21 0.0 93.08 0.0
S101137 113.9846 67.7315 2.642e-19 3.265e-19 3.611e-19 0.0 90.9 0.0
S101138 113.938 67.722 2.943e-17 2.563e-17 1.39e-17 0.0 91.11 0.0
S101139 114.0023 67.7343 1.062e-17 9.614e-18 5.731e-18 0.0 90.91 0.0
S101140 113.9864 67.7104 9.921e-17 8.099e-17 3.97e-17 0.0 92.2 0.0
S101141 113.9347 67.7252 1.924e-16 1.586e-16 7.872e-17 0.0 90.81 0.0
S101142 113.9714 67.7132 1.835e-18 2.008e-18 1.765e-18 0.0 91.61 0.0
S101143 113.9675 67.7107 1.226e-15 8.829e-16 3.234e-16 0.0 91.74 0.0
S101144 113.978 67.7191 1.079e-12 7.902e-13 3.09e-13 0.0 91.44 0.0
S101145 113.9945 67.6837 2.58e-25 1.176e-24 1.9779999999999998e-23 0.0 93.67 0.0
S101146 113.9712 67.7276 2.0039999999999999e-22 4.754e-22 2.057e-21 0.0 91.12 0.0
S101147 113.9617 67.7083 1.856e-25 8.5e-25 1.47e-23 0.0 92.01 0.0
S101148 113.9507 67.6808 2.228e-22 5.440999999999999e-22 2.555e-21 0.0 93.37 0.0
S101149 113.9655 67.6709 9.769000000000001e-20 1.426e-19 2.195e-19 0.0 94.32 0.0
S101150 113.9369 67.7074 1.8789999999999997e-22 3.9769999999999997e-22 1.366e-21 0.0 91.52 0.0
S101151 113.9784 67.6695 2.598e-19 3.408e-19 4.38e-19 0.0 94.26 0.0
S101152 113.968 67.6442 7.214000000000001e-25 2.873e-24 3.705e-23 0.0 94.74 0.0
S101153 113.9637 67.6991 5.012e-19 6.108e-19 6.473e-19 0.0 92.42 0.0
S101154 114.0031 67.6518 5.625e-18 5.621e-18 3.989e-18 0.0 94.74 0.0
S101155 113.9949 67.7207 2.6e-21 4.863e-21 1.33e-20 0.0 91.76 0.0
S101156 113.9777 67.6832 1.431e-16 1.146e-16 5.359e-17 0.0 93.87 0.0
S101157 114.0156 67.7293 5.867e-18 6e-18 4.663e-18 0.0 91.51 0.0
S101158 113.9816 67.6998 1.44e-23 4.667e-23 3.9449999999999995e-22 0.0 92.58 0.0
S101159 113.9448 67.6705 1.923e-17 1.715e-17 9.666e-18 0.0 93.89 0.0
S101160 114.0124 67.6675 4.658e-24 1.719e-23 1.8239999999999998e-22 0.0 93.77 0.0
S101161 113.9443 67.7082 2.623e-18 2.808e-18 2.283e-18 0.0 91.19 0.0
S101162 114.0203 67.6639 1.967e-22 5.274e-22 2.964e-21 0.0 94.76 0.0
S101163 113.9444 67.7207 1.4369999999999998e-23 4.6459999999999997e-23 3.8319999999999994e-22 0.0 91.26 0.0
S101164 113.9207 67.731 4.118e-17 5.471e-17 7.024e-17 0.0 90.63 0.0
S101165 113.9394 67.7166 4.227e-19 5.399e-19 6.624e-19 0.0 91.37 0.0
S101166 114.0069 67.7069 9.363999999999999e-27 6.303000000000001e-26 2.353e-24 0.0 91.03 1.0
S101167 114.0028 67.7057 2.93e-21 5.6770000000000004e-21 1.5720000000000002e-20 0.001 92.02 0.0
S101168 114.0074 67.6739 7.939e-17 1.185e-16 1.91e-16 0.0 94.21 0.0
S101169 113.943 67.7004 1.643e-23 5.559e-23 4.8949999999999995e-22 0.0 92.11 0.0
S101170 113.9745 67.7188 7.312999999999999e-22 1.71e-21 7.293e-21 0.0 91.24 0.0
S101171 113.9709 67.7142 1.228e-17 1.847e-17 3.097e-17 0.0 91.9 0.0
S101172 113.9951 67.6654 3.416e-20 5.3160000000000006e-20 9.848000000000001e-20 0.0 94.45 0.0
S101173 114.0007 67.7284 6.076e-19 7.301e-19 7.788e-19 0.0 90.91 0.0
S101174 113.9785 67.6839 3.222e-24 1.287e-23 1.6399999999999999e-22 0.0 93.98 0.0
S101175 113.9576 67.7078 3.474e-19 4.289e-19 4.625e-19 0.001 91.63 0.0
S101176 113.9924 67.7073 3.726e-17 3.18e-17 1.679e-17 0.0 92.1 0.0
S101177 113.9859 67.6833 1.138e-21 2.423e-21 8.489000000000001e-21 0.0 93.37 0.0
S101178 113.9604 67.6715 8.387e-21 1.463e-20 3.375e-20 0.0 94.07 0.0
S101179 113.9949 67.6369 5.234e-16 3.963e-16 1.643e-16 0.001 94.63 1.0
S101180 113.9779 67.6623 3.876e-23 1.0859999999999998e-22 6.616999999999999e-22 0.0 94.46 0.0
S101181 113.9738 67.68 2.734e-18 3.121e-18 2.856e-18 0.0 94.03 0.0
S101182 113.9806 67.7154 8.589e-16 6.171e-16 2.332e-16 0.0 91.55 0.0
S101183 113.9992 67.7117 9.935e-17 2.271e-16 8.942e-16 0.0 92.26 1.0
S101184 113.9541 67.6849 1.5899999999999998e-22 4.1969999999999995e-22 2.298e-21 0.0 93.25 0.0
S101185 113.9965 67.6841 7.447999999999999e-22 1.524e-21 5.0230000000000004e-21 0.0 94.06 0.0
S101186 113.977 67.6701 5.333e-19 6.101e-19 6.053e-19 0.0 94.28 0.0
S101187 113.9739 67.7503 2.3550000000000002e-20 3.795e-20 7.359000000000001e-20 0.0 90.72 0.0
S101188 113.9841 67.7153 4.677e-18 4.756e-18 3.562e-18 0.0 91.99 0.0
S101189 113.9437 67.691 1.0349999999999999e-22 2.526e-22 1.17e-21 0.0 92.76 0.0
S101190 113.9717 67.7049 1.469e-21 3.057e-21 1.0070000000000001e-20 0.0 91.78 0.0
S101191 113.9453 67.6927 1.298e-21 2.795e-21 9.652e-21 0.0 92.66 0.0
S101192 113.9439 67.693 1.875e-16 1.46e-16 6.466e-17 0.0 92.47 0.0
S101193 114.0048 67.6945 5.451e-18 5.454e-18 4.029e-18 0.0 93.12 0.0
S101194 113.9684 67.7192 1.196e-18 1.361e-18 1.282e-18 0.0 91.47 0.0
S101195 113.9618 67.7311 1.514e-20 2.577e-20 5.523000000000001e-20 0.0 90.9 0.0
S101196 113.9815 67.7115 2.496e-21 1.753e-21 6.270999999999999e-22 0.0 92.05 0.0
S101197 113.9858 67.6983 9.103e-18 8.644e-18 5.631e-18 0.0 92.52 0.0
S101198 113.9579 67.6922 2.6780000000000002e-21 1.856e-21 6.459e-22 0.0 92.79 0.0
S101199 113.9697 67.6878 1.453e-18 1.624e-18 1.439e-18 0.0 93.12 0.0
S101200 113.9925 67.6906 7.388e-23 1.8089999999999998e-22 8.706e-22 0.0 93.12 0.0
S101201 113.97 67.7099 2.243e-22 6.066999999999999e-22 3.451e-21 0.0 91.7 0.0
S101202 113.9812 67.6631 2.259e-17 2.068e-17 1.229e-17 0.0 94.44 0.0
S101203 113.9852 67.7031 4.716e-17 1.169e-16 5.577e-16 0.0 92.41 1.0
S101204 113.9613 67.674 2.0650000000000002e-20 3.375e-20 6.667000000000001e-20 0.0 93.82 0.0
S101205 113.977 67.6899 3.168e-23 9.306999999999999e-23 6.298999999999999e-22 0.0 93.05 0.0
S101206 113.9589 67.6918 1.4389999999999999e-22 3.6779999999999996e-22 1.904e-21 0.0 92.94 0.0
S101207 113.9746 67.7246 3.878e-17 8.635e-17 3.365e-16 0.0 91.33 1.0
S101208 113.983 67.6581 9.441e-18 9.045e-18 5.971e-18 0.0 94.55 0.0
S101209 113.9791 67.6612 3.04e-21 2.078e-21 7.218e-22 0.0 94.47 0.0
S101210 113.9801 67.6622 5.507e-22 1.141e-21 3.816e-21 0.0 93.98 0.0
S101211 113.9868 67.706 1.104e-18 1.208e-18 1.047e-18 0.0 92.17 0.0
S101212 113.9507 67.6926 2.0690000000000002e-20 3.402e-20 6.929000000000001e-20 0.0 92.55 0.0
S101213 114.0038 67.6881 5.135e-22 1.196e-21 5.072e-21 0.0 93.7 0.0
S101214 113.9062 67.6953 4.508e-18 4.637e-18 3.465e-18 0.0 91.1 0.0
S101215 113.9621 67.7258 2.501e-17 5.073e-17 1.562e-16 0.0 91.64 0.0
S101216 114.0262 67.6724 1.1400000000000001e-20 2.0160000000000003e-20 4.795e-20 0.0 94.54 0.0
S101217 113.9681 67.7047 1.51e-17 2.604e-17 5.944e-17 0.0 91.5 0.0
S101218 113.9654 67.7217 3.2049999999999997e-22 7.454e-22 3.138e-21 0.0 91.36 0.0
S101219 113.9496 67.6647 3.092e-21 6.191e-21 1.8480000000000002e-20 0.0 94.58 0.0
S101220 113.9683 67.6664 4.27e-18 4.229e-18 3.001e-18 0.0 94.08 0.0
S101221 113.9756 67.6725 2.629e-21 4.866e-21 1.2700000000000002e-20 0.0 93.93 0.0
S101222 113.9715 67.63 2.24e-22 5.596e-22 2.692e-21 0.0 94.83 0.0
S101223 113.9658 67.7124 4.649e-21 8.748e-21 2.3070000000000002e-20 0.0 91.38 0.0
S101224 113.9897 67.6989 1.35e-18 1.586e-18 1.56e-18 0.0 92.71 0.0
S101225 113.9657 67.6768 1.4580000000000001e-21 3.188e-21 1.182e-20 0.0 93.84 0.0
S101226 113.968 67.6865 4.096e-17 6.661e-17 1.307e-16 0.0 93.4 0.0
S101227 113.9772 67.6919 7.475e-17 6.057e-17 2.969e-17 0.0 93.05 0.0
S101228 113.9844 67.7137 9.454e-25 4.181e-24 6.816999999999999e-23 0.0 91.98 0.0
S101229 113.9664 67.6909 4.012e-18 4.11e-18 3.096e-18 0.0 93.1 0.0
S101230 113.9802 67.7005 1.9890000000000002e-20 3.3010000000000005e-20 6.725e-20 0.0 92.45 0.0
S101231 113.9686 67.7106 5.579e-18 5.521e-18 3.996e-18 0.0 91.64 0.0
S101232 113.9693 67.6961 4.887e-21 9.751e-21 2.8530000000000005e-20 0.0 92.61 0.0
S101233 113.9779 67.7051 2.6919999999999997e-22 5.912999999999999e-22 2.235e-21 0.0 92.28 0.0
S101234 113.9792 67.7114 4.618e-18 4.866e-18 3.767e-18 0.0 91.94 0.0
S101235 113.984 67.718 1.013e-19 1.389e-19 1.978e-19 0.0 91.71 0.0
S101236 113.965 67.6802 9.046e-19 1.062e-18 1.067e-18 0.0 93.42 0.0
S101237 113.983 67.7089 2.633e-21 5.502e-21 1.85e-20 0.0 92.26 0.0
S101238 113.9761 67.7126 6.385e-18 6.294e-18 4.284e-18 0.0 91.91 0.0
S101239 113.9691 67.6803 8.425e-17 1.55e-16 4.076e-16 0.0 93.71 0.0
S101240 113.9848 67.7115 4.998e-17 4.222e-17 2.136e-17 0.0 92.09 0.0
S101241 113.9801 67.7053 9.603999999999999e-23 2.6979999999999996e-22 1.644e-21 0.0 92.3 0.0
S101242 113.9742 67.7067 1.094e-18 1.288e-18 1.298e-18 0.0 92.03 0.0
S101243 113.9829 67.713 2.267e-21 1.592e-21 5.8019999999999995e-22 0.0 91.76 0.0
S101244 113.9551 67.6788 2.183e-18 2.451e-18 2.322e-18 0.0 93.2 0.0
S101245 113.9783 67.7017 7.797e-18 7.52e-18 5.072e-18 0.0 92.47 0.0
S101246 113.9615 67.6863 7.296999999999999e-22 1.687e-21 7.118e-21 0.0 93.1 0.0
S101247 113.9823 67.7133 2.195e-23 6.036e-23 3.527e-22 0.0 92.0 0.0
S101248 113.9588 67.6772 3.489e-18 3.78e-18 3.105e-18 0.0 93.3 0.0
S101249 113.9725 67.718 4.465e-18 4.417e-18 3.128e-18 0.0 91.57 0.0
S101250 113.9885 67.7078 3.292e-21 2.2260000000000002e-21 7.457999999999999e-22 0.0 92.26 0.0
S101251 113.9793 67.7144 2.92e-21 5.928e-21 1.87e-20 0.0 91.96 0.0
S101252 113.9648 67.6832 5.789e-22 1.352e-21 5.741e-21 0.0 93.46 0.0
S101253 113.9583 67.6816 9.922e-14 6.548e-14 2.067e-14 0.0 93.27 0.0
S101254 113.962 67.683 4.5110000000000004e-20 7.283e-20 1.397e-19 0.0 93.27 0.0
S101255 113.9789 67.7166 3.224e-18 3.148e-18 2.109e-18 0.0 91.7 0.0
S101256 113.9678 67.6747 2.009e-13 1.966e-13 1.34e-13 0.0 93.6 0.0
S101257 113.9681 67.6815 2.3310000000000002e-20 3.725e-20 6.94e-20 0.0 93.46 0.0
S101258 113.9636 67.6728 2.043e-21 3.766e-21 9.673e-21 0.0 93.96 0.0
S101259 113.9746 67.6882 2.397e-19 3.187e-19 4.29e-19 0.0 93.15 0.0
S101260 113.9687 67.6633 9.841e-18 9.782e-18 6.847e-18 0.0 94.05 0.0
S101261 113.9801 67.7011 6.633e-20 9.785000000000001e-20 1.566e-19 0.0 92.46 0.0
S101262 113.9692 67.6868 4.417e-17 3.786e-17 2.005e-17 0.0 93.24 0.0
S101263 113.9836 67.7073 1.247e-18 1.409e-18 1.305e-18 0.0 92.28 0.0
S101264 113.9749 67.7081 6.4109999999999995e-22 1.474e-21 6.222e-21 0.0 92.15 0.0
S101265 113.9854 67.7266 1.406e-12 1.29e-12 8.15e-13 0.0 91.48 1.0
S101266 113.9748 67.7154 1.084e-16 8.596e-17 4.043e-17 0.0 91.8 0.0
S101267 113.9801 67.718 6.318e-17 4.954e-17 2.284e-17 0.0 91.74 0.0
S101268 113.9689 67.6825 2.976e-22 6.517e-22 2.352e-21 0.0 93.5 0.0
S101269 113.9556 67.6805 8.026e-17 6.751e-17 3.529e-17 0.0 93.24 0.0
S101270 113.981 67.7035 3.951e-18 4.103e-18 3.166e-18 0.0 92.38 0.0
S101271 113.9617 67.6846 7.343000000000001e-20 1.162e-19 2.138e-19 0.0 93.15 0.0
S101272 113.9804 67.676 2.242e-22 5.573999999999999e-22 2.687e-21 0.0 93.81 0.0
S101273 113.9736 67.7174 6.485e-17 5.477e-17 2.77e-17 0.0 91.65 0.0
S101274 113.9768 67.6774 2.112e-19 2.785e-19 3.516e-19 0.0 93.63 0.0
S101275 113.957 67.6744 1.023e-21 1.993e-21 5.764e-21 0.0 93.54 0.0
S101276 113.9667 67.6805 2.929e-18 3.26e-18 2.905e-18 0.0 93.38 0.0
S101277 113.9794 67.7132 2.895e-22 7.336e-22 3.629e-21 0.0 91.82 0.0
S101278 113.973 67.6699 1.052e-12 9.029e-13 4.971e-13 0.0 94.11 1.0
S101279 113.9746 67.6509 7.733e-13 5.706e-13 2.211e-13 0.0 94.26 0.0
S101280 113.9841 67.7099 1.306e-18 1.447e-18 1.296e-18 0.0 92.12 0.0
S101281 113.9624 67.6677 2.341e-21 4.616e-21 1.33e-20 0.0 93.61 0.0
S101282 113.9768 67.7154 2.993e-22 6.736999999999999e-22 2.608e-21 0.0 91.84 0.0
S101283 113.98 67.7168 3.206e-16 2.414e-16 1.02e-16 0.0 91.74 1.0
S101284 113.9801 67.7175 1.139e-22 2.9419999999999995e-22 1.478e-21 0.0 91.97 0.0
S101285 113.9733 67.6902 1.738e-17 1.52e-17 8.634e-18 0.0 93.06 0.0
S101286 113.9797 67.7038 2.812e-21 5.31e-21 1.4020000000000003e-20 0.0 92.25 0.0
S101287 113.9574 67.6589 2.358e-19 2.958e-19 3.437e-19 0.0 94.05 0.0
S101288 113.9609 67.6756 6.028e-18 6.161e-18 4.687e-18 0.0 93.48 0.0
S101289 113.9661 67.6796 1.051e-24 4.011e-24 4.729e-23 0.0 93.4 0.0
S101290 113.965 67.6776 1.977e-18 2.119e-18 1.82e-18 0.0 93.56 0.0
S101291 113.9761 67.7127 6.319e-19 8.002e-19 9.192e-19 0.0 91.97 0.0
S101292 113.9738 67.6802 5.552e-20 8.274000000000001e-20 1.368e-19 0.0 93.51 0.0
S101293 113.9705 67.6858 4.991e-19 6.139e-19 6.816e-19 0.0 93.26 0.0
S101294 113.9815 67.7206 7.281e-18 7.007e-18 4.646e-18 0.0 91.7 0.0
S101295 113.9885 67.712 5.607999999999999e-22 1.207e-21 4.306e-21 0.0 92.11 0.0
S101296 113.9669 67.6795 8.732e-18 8.509e-18 6.156e-18 0.0 93.53 0.0
S101297 113.9689 67.6842 2.278e-19 2.935e-19 3.603e-19 0.0 93.28 0.0
S101298 113.9625 67.6762 3.784e-17 6.092e-17 1.206e-16 0.0 93.58 0.0
S101299 113.974 67.7142 3.239e-19 4.09e-19 4.672e-19 0.0 91.8 0.0
S101300 113.9763 67.684 7.592e-19 9.897e-19 1.181e-18 0.0 93.32 0.0
S101301 113.9645 67.6733 7.223e-23 2.0799999999999998e-22 1.409e-21 0.0 93.62 0.0
S101302 113.9839 67.716 8.026e-13 5.756e-13 2.165e-13 0.0 91.95 0.0
S101303 113.9653 67.6779 1.883e-17 1.701e-17 1.008e-17 0.0 93.37 0.0
S101304 113.9653 67.6762 7.892000000000001e-25 3.0559999999999998e-24 3.668e-23 0.0 93.56 0.0
S101305 113.9588 67.6883 5.473e-21 1.0150000000000001e-20 2.733e-20 0.0 92.94 0.0
S101306 113.977 67.692 2.66e-19 3.459e-19 4.108e-19 0.0 92.94 0.0
S101307 113.97 67.6812 1.092e-12 8.192e-13 3.288e-13 0.0 93.41 0.0
S101308 113.965 67.6853 1.836e-18 1.963e-18 1.636e-18 0.0 93.14 0.0
S101309 113.9719 67.6705 1.671e-19 2.221e-19 2.976e-19 0.0 93.84 0.0
S101310 113.9928 67.7141 1.263e-17 1.208e-17 7.84e-18 0.0 92.14 0.0
S101311 113.9885 67.7137 1.652e-19 2.248e-19 3.039e-19 0.0 92.02 0.0
S101312 113.9743 67.6862 2.6680000000000003e-20 4.3450000000000004e-20 8.611000000000001e-20 0.0 93.29 0.0
S101313 113.9699 67.669 4.073e-19 5.207e-19 6.102e-19 0.0 93.96 0.0
S101314 113.9859 67.7232 1.035e-17 1.726e-17 3.561e-17 0.0 91.83 0.0
S101315 113.9621 67.6866 9.721e-19 1.183e-18 1.286e-18 0.0 93.03 0.0
S101316 113.9605 67.6722 5.094e-18 5.197e-18 3.882e-18 0.0 93.63 0.0
S101317 113.964 67.6761 1.41e-19 1.865e-19 2.391e-19 0.0 93.57 0.0
S101318 113.983 67.7136 2.708e-22 6.685999999999999e-22 3.136e-21 0.0 91.9 0.0
S101319 113.977 67.706 6.367e-17 5.444e-17 2.916e-17 0.0 92.35 0.0
S101320 113.9806 67.7051 3.7360000000000005e-20 6e-20 1.13e-19 0.0 92.25 0.0
S101321 113.9911 67.7263 2.807e-21 1.964e-21 6.736999999999999e-22 0.0 91.74 0.0
S101322 113.9727 67.6811 9.645e-19 1.129e-18 1.186e-18 0.0 93.3 0.0
S101323 113.9907 67.7298 1.405e-19 1.895e-19 2.58e-19 0.0 91.73 0.0
S101324 113.9697 67.6627 5.75e-19 7.001e-19 7.323e-19 0.0 93.79 0.0
S101325 113.9864 67.7182 3.056e-21 2.079e-21 7.122999999999999e-22 0.0 92.03 0.0
S101326 113.9844 67.7213 5.796e-17 1.019e-16 2.324e-16 0.0 91.93 0.0
S101327 113.9621 67.6899 3.263e-16 2.439e-16 1.009e-16 0.0 92.89 1.0
S101328 113.9833 67.7191 4.9699999999999995e-22 1.2080000000000001e-21 5.695e-21 0.0 91.96 0.0
S101329 113.9759 67.708 2.833e-17 2.543e-17 1.491e-17 0.0 92.29 0.0
S101330 113.9671 67.6787 4.024e-17 7.461e-17 1.955e-16 0.0 93.4 0.0
S101331 113.9588 67.6783 4.563e-18 4.744e-18 3.694e-18 0.0 93.35 0.0
S101332 113.9758 67.724 2.737e-17 2.411e-17 1.354e-17 0.0 91.5 0.0
S101333 113.9745 67.6758 1.055e-18 1.19e-18 1.047e-18 0.0 93.44 0.0
S101334 113.968 67.6637 1.147e-18 1.362e-18 1.372e-18 0.0 93.85 0.0
S101335 113.9655 67.6708 2.397e-21 1.695e-21 6.065999999999999e-22 0.0 93.7 0.0
S101336 113.9598 67.6791 4.014e-18 3.937e-18 2.78e-18 0.0 93.34 0.0
S101337 113.9786 67.7175 1.5620000000000001e-21 3.419e-21 1.275e-20 0.0 91.75 0.0
S101338 113.9844 67.7135 6.789999999999999e-22 1.515e-21 5.726e-21 0.0 92.15 0.0
S101339 113.9884 67.7163 2.279e-21 1.623e-21 5.826999999999999e-22 0.0 92.02 0.0
S101340 113.9838 67.7307 2.3339999999999996e-22 5.703e-22 2.62e-21 0.0 91.78 0.0
S101341 113.9854 67.7103 7.572e-19 9.134e-19 9.93e-19 0.0 92.28 0.0
S101342 113.9758 67.7291 1.0739999999999998e-22 2.814e-22 1.494e-21 0.0 91.43 0.0
S101343 113.9646 67.6766 3.53e-24 1.3149999999999999e-23 1.4309999999999998e-22 0.0 93.55 0.0
S101344 113.9575 67.676 3.339e-20 5.3430000000000007e-20 1.027e-19 0.0 93.3 0.0
S101345 113.9844 67.7032 4.784e-23 1.1369999999999998e-22 4.947e-22 0.0 92.45 0.0
S101346 113.9891 67.7198 1.975e-21 4.154e-21 1.344e-20 0.0 92.02 0.0
S101347 113.9794 67.72 1.809e-19 2.434e-19 3.208e-19 0.0 91.77 0.0
S101348 113.9689 67.6704 1.933e-18 2.209e-18 2.013e-18 0.0 93.87 0.0
S101349 113.9611 67.6853 2.471e-23 7.405999999999999e-23 5.3e-22 0.0 93.1 0.0
S101350 113.9871 67.7379 2.169e-24 7.807e-24 7.795e-23 0.0 91.69 0.0
S101351 113.9773 67.7249 7.346000000000001e-20 1.109e-19 1.81e-19 0.0 91.62 0.0
S101352 113.9798 67.7256 2.641e-17 3.934e-17 6.595e-17 0.0 91.83 0.0
S101353 113.9653 67.6726 5.209e-17 4.458e-17 2.364e-17 0.0 93.67 0.0
S101354 113.9573 67.6687 2.991e-18 3.204e-18 2.64e-18 0.0 93.54 0.0
S101355 113.9614 67.6691 2.125e-17 3.418e-17 6.686e-17 0.0 93.58 0.0
S101356 113.9594 67.6771 3.049e-21 2.117e-21 7.229e-22 0.0 93.29 0.0
S101357 113.9865 67.7231 8.479999999999999e-22 1.678e-21 4.91e-21 0.0 91.93 0.0
S101358 113.9532 67.6638 2.6449999999999995e-22 6.420999999999999e-22 2.888e-21 0.0 93.52 0.0
S101359 113.9884 67.7189 4.754e-18 4.702e-18 3.361e-18 0.0 91.98 0.0
S101360 113.9819 67.7202 1.207e-19 1.674e-19 2.38e-19 0.0 91.97 0.0
S101361 113.9882 67.7256 1.414e-23 4.338e-23 3.2129999999999998e-22 0.0 91.64 0.0
S101362 113.9878 67.7216 1.982e-22 5.250999999999999e-22 2.8860000000000002e-21 0.0 91.98 0.0
S101363 113.9832 67.7238 2.8800000000000002e-21 2.0060000000000002e-21 7.033999999999999e-22 0.0 91.92 0.0
S101364 113.9835 67.7258 2.617e-18 2.802e-18 2.421e-18 0.0 91.66 0.0
S101365 113.9927 67.726 1.49e-23 4.0899999999999997e-23 2.436e-22 0.001 91.86 0.0
S101366 113.9866 67.7182 1.0860000000000001e-20 1.843e-20 3.8400000000000005e-20 0.0 92.11 0.0
S101367 113.9585 67.6738 5.326e-19 6.481e-19 7.249e-19 0.0 93.44 0.0
S101368 113.9898 67.724 6.741e-18 6.649e-18 4.783e-18 0.0 91.98 0.0
S101369 113.9598 67.6755 1.048e-17 1.026e-17 7.08e-18 0.0 93.28 0.0
S101370 113.9579 67.6602 2.278e-21 1.6300000000000001e-21 5.840999999999999e-22 0.0 93.6 0.0
S101371 113.989 67.7228 9.653e-20 1.359e-19 1.912e-19 0.0 92.09 0.0
S101372 113.9469 67.6776 4.249e-18 4.31e-18 3.202e-18 0.0 93.11 0.0
S101373 113.9826 67.7258 4.059e-21 7.75e-21 2.1610000000000003e-20 0.0 91.95 0.0
S101374 113.9657 67.6582 2.41e-19 3.197e-19 4.017e-19 0.0 93.79 0.0
S101375 113.9609 67.6715 8.080999999999999e-22 1.589e-21 4.66e-21 0.0 93.62 0.0
S101376 113.9602 67.6531 7.253e-19 8.275e-19 8.023e-19 0.0 93.92 0.0
S101377 113.9973 67.7403 4.717e-17 4.14e-17 2.201e-17 0.0 91.63 0.0
S101378 113.9842 67.7218 6.6240000000000005e-25 2.803e-24 3.98e-23 0.0 91.85 0.0
S101379 113.9822 67.7223 2.273e-17 2.107e-17 1.328e-17 0.0 91.89 0.0
S101380 113.9801 67.7279 2.246e-13 1.513e-13 5.039e-14 0.0 91.77 0.0
S101381 113.9654 67.6636 2.804e-21 1.94e-21 6.714999999999999e-22 0.0 93.64 0.0
S101382 113.9801 67.7211 8.954e-18 1.726e-17 4.794e-17 0.0 91.92 0.0
S101383 113.983 67.7409 3.468e-17 2.929e-17 1.474e-17 0.0 91.52 0.0
S101384 113.9885 67.7205 4.077e-19 5.057e-19 5.607e-19 0.0 91.97 0.0
S101385 113.9882 67.7247 1.078e-21 2.1070000000000002e-21 6.274e-21 0.0 91.93 0.0
S101386 113.9828 67.7272 3.513e-23 9.228e-23 4.921999999999999e-22 0.0 91.74 0.0
S101387 113.9897 67.7194 1.49e-17 3.106e-17 1.058e-16 0.0 92.08 0.0
S101388 113.9662 67.671 6.05e-17 1.234e-16 3.876e-16 0.0 93.59 1.0
S101389 113.991 67.7226 6.033e-17 4.932e-17 2.37e-17 0.0 91.96 0.0
S101390 113.9817 67.7318 5.834e-22 1.312e-21 5.229e-21 0.0 91.83 0.0
S101391 113.9617 67.6744 1.974e-18 2.059e-18 1.631e-18 0.0 93.32 0.0
S101392 113.9609 67.6647 6.204e-13 4.338e-13 1.606e-13 0.0 93.54 0.0
S101393 113.9871 67.7148 3.58e-17 2.81e-17 1.274e-17 0.0 92.24 0.0
S101394 113.9893 67.7202 2.7509999999999997e-23 6.991e-23 3.6289999999999998e-22 0.0 92.21 0.0
S101395 113.9585 67.6589 1.976e-18 2.042e-18 1.586e-18 0.0 93.8 0.0
S101396 113.982 67.7299 2.979e-21 2.045e-21 7.031999999999999e-22 0.0 91.92 0.0
S101397 113.9626 67.6629 2.339e-17 2.107e-17 1.283e-17 0.0 93.72 0.0
S101398 113.9549 67.666 2.219e-17 2.025e-17 1.225e-17 0.0 93.4 0.0
S101399 113.9893 67.7172 4.467e-17 3.818e-17 2.056e-17 0.0 92.26 0.0
S101400 113.9895 67.73 2.686e-17 5.48e-17 1.734e-16 0.0 91.94 0.0
S101401 113.9556 67.6721 1.236e-21 2.652e-21 9.305e-21 0.0 93.32 0.0
S101402 113.9575 67.6624 2.907e-21 1.98e-21 6.759999999999999e-22 0.0 93.61 0.0
S101403 113.984 67.7313 3.5310000000000003e-20 5.3580000000000006e-20 9.078000000000001e-20 0.0 91.78 0.0
S101404 113.9606 67.6537 2.8e-21 5.656e-21 1.7310000000000002e-20 0.0 93.72 0.0
S101405 113.9813 67.7198 8.495e-18 8.314e-18 5.615e-18 0.0 92.04 0.0
S101406 113.9828 67.733 3.357e-21 6.466e-21 1.726e-20 0.0 91.83 0.0
S101407 113.9864 67.7385 6.9459999999999995e-22 1.521e-21 5.608e-21 0.0 91.8 0.0
S101408 113.9494 67.659 6.645e-13 4.565e-13 1.61e-13 0.0 93.69 0.0
S101409 113.9529 67.6606 1.526e-17 2.941e-17 8.109e-17 0.0 93.52 0.0
S101410 113.9853 67.7383 1.493e-16 2.391e-16 4.465e-16 0.0 91.58 0.0
S101411 113.9897 67.7286 1.698e-24 6.308e-24 7.046e-23 0.0 91.87 0.0
S101412 114.0022 67.728 3.228e-17 2.965e-17 1.797e-17 0.0 91.98 0.0
S101413 113.9599 67.6674 2.667e-21 5.436e-21 1.666e-20 0.0 93.52 0.0
S101414 113.9806 67.7274 9.697e-13 6.853e-13 2.513e-13 0.0 91.9 0.0
S101415 113.9564 67.6642 4.645e-21 8.743e-21 2.3860000000000002e-20 0.0 93.4 0.0
S101416 113.9881 67.7294 3.326e-17 3.054e-17 1.857e-17 0.0 92.03 0.0
S101417 113.9889 67.7277 4.234e-16 3.369e-16 1.494e-16 0.0 91.95 1.0
S101418 113.9661 67.6584 2.985e-21 2.028e-21 6.89e-22 0.0 93.73 0.0
S101419 113.9954 67.7437 3.735e-18 3.731e-18 2.707e-18 0.0 91.78 0.0
S101420 113.9544 67.6595 6.264e-18 6.105e-18 4.149e-18 0.0 93.61 0.0
S101421 113.987 67.7352 3.709e-17 6.262e-17 1.348e-16 0.0 91.79 0.0
S101422 113.9505 67.6639 5.08e-21 9.17e-21 2.1860000000000002e-20 0.0 93.44 0.0
S101423 113.9881 67.7321 1.2200000000000002e-20 1.973e-20 3.725e-20 0.0 91.84 0.0
S101424 113.9544 67.654 3.626e-19 4.631e-19 5.721e-19 0.0 93.68 0.0
S101425 113.9552 67.6531 3.585e-21 2.386e-21 7.742999999999999e-22 0.0 93.67 0.0
S101426 113.9626 67.6447 6.832e-21 1.1910000000000001e-20 2.8050000000000004e-20 0.0 93.86 0.0
S101427 113.9632 67.6666 3.977e-19 5.196e-19 6.386e-19 0.0 93.47 0.0
S101428 113.9983 67.7436 1.022e-18 1.152e-18 1.027e-18 0.0 91.72 0.0
S101429 113.9553 67.6585 3.475e-21 5.848e-21 1.2570000000000001e-20 0.0 93.49 0.0
S101430 113.9597 67.6655 2.615e-21 4.841e-21 1.268e-20 0.0 93.5 0.0
S101431 113.9497 67.6551 1.818e-21 3.3610000000000002e-21 8.487e-21 0.0 93.53 0.0
S101432 114.0005 67.7352 3.395e-23 1.087e-22 8.817e-22 0.0 92.0 0.0
S101433 113.9888 67.7437 1.875e-17 1.659e-17 9.603e-18 0.0 91.74 0.0
S101434 113.9875 67.7406 7.965e-17 1.695e-16 5.726e-16 0.0 91.73 1.0
S101435 113.9794 67.7333 4.634e-22 9.874999999999999e-22 3.578e-21 0.0 91.8 0.0
S101436 113.9522 67.6549 2.474e-19 3.218e-19 3.89e-19 0.0 93.54 0.0
S101437 113.9921 67.7421 2.7e-17 5.519e-17 1.802e-16 0.0 91.81 0.0
S101438 113.9525 67.659 2.34e-17 2.136e-17 1.248e-17 0.0 93.5 0.0
S101439 113.9931 67.7448 3.405e-21 6.2350000000000004e-21 1.597e-20 0.0 91.8 0.0
S101440 113.9531 67.6615 1.781e-17 3.912e-17 1.438e-16 0.0 93.53 0.0
S101441 113.947 67.6499 1.133e-16 9.047e-17 4.355e-17 0.0 93.58 0.0
S101442 113.9933 67.7381 1.061e-18 1.253e-18 1.241e-18 0.0 91.85 0.0
S101443 113.9893 67.7339 1.033e-17 9.834e-18 6.235e-18 0.0 91.9 0.0
S101444 113.9975 67.7433 6.682e-22 1.508e-21 5.885e-21 0.0 91.8 0.0
S101445 113.9996 67.742 1.847e-16 1.48e-16 6.73e-17 0.0 91.9 0.0
S101446 113.9532 67.6493 2.314e-16 1.749e-16 7.28e-17 0.0 93.65 1.0
S101447 113.9958 67.7319 2.909e-21 2.039e-21 7.033999999999999e-22 0.0 92.0 0.0
S101448 113.9948 67.7435 4.256e-17 6.687e-17 1.209e-16 0.0 91.74 0.0
S101449 113.9993 67.7372 5.353e-17 8.952e-17 1.928e-16 0.0 91.99 0.0
S101450 113.9538 67.6447 1.967e-16 1.517e-16 6.545e-17 0.0 93.7 0.0
S101451 113.9507 67.6517 1.247e-19 1.775e-19 2.669e-19 0.0 93.62 0.0
S101452 113.9734 67.6955 3.212e-15 2.269e-15 8.295e-16 0.0 95.64 0.0
S101453 113.9734 67.6956 5.607e-17 4.698e-17 2.354e-17 0.0 90.53 0.0
S101454 113.9734 67.6956 1.881e-16 1.459e-16 6.204e-17 0.0 89.75 1.0
S101455 113.9736 67.6956 2.996e-21 2.058e-21 7.116999999999999e-22 0.0 89.98 0.0
S101456 113.9734 67.6953 2.035e-16 1.616e-16 7.342e-17 0.0 97.05 1.0
S101457 113.9591 67.6474 3.637e-16 2.779e-16 1.188e-16 0.0 93.79 1.0
S101458 113.9577 67.6497 6.55e-15 4.463e-15 1.548e-15 0.0 93.75 0.0
S101459 113.9578 67.6514 2.38e-17 2.169e-17 1.313e-17 0.0 93.76 0.0
S101460 113.956 67.6522 4.912e-18 5.113e-18 4.06e-18 0.0 93.64 1.0
S101461 113.9902 67.7378 2.316e-16 1.797e-16 8.016e-17 0.0 91.87 1.0
S101462 113.9572 67.6584 2.663e-15 1.899e-15 6.719e-16 0.0 93.62 0.0
S101463 113.9556 67.6567 1.159e-15 8.099e-16 2.888e-16 0.0 93.59 0.0
S101464 113.9534 67.6551 5.362e-17 1.184e-16 4.506e-16 0.0 93.56 1.0
S101465 113.9508 67.6591 2.857e-19 3.647e-19 4.517e-19 0.0 93.51 0.0
S101466 113.9529 67.6628 8.508e-17 6.95e-17 3.425e-17 0.0 93.39 0.0
S101467 113.995 67.7309 1.251e-15 9.02e-16 3.411e-16 0.0 92.02 0.0
S101468 113.9964 67.7291 7.074e-16 5.367e-16 2.2e-16 0.001 92.06 0.0
S101469 113.9987 67.7282 5.626e-16 4.307e-16 1.818e-16 0.0 92.03 1.0
S101470 113.9501 67.6669 2.269e-16 1.722e-16 7.334e-17 0.0 93.25 1.0
S101471 113.9502 67.6685 3.631e-17 3.071e-17 1.637e-17 0.0 93.22 0.0
S101472 113.9962 67.7244 1.162e-17 1.16e-17 8.512e-18 0.0 92.26 0.0
S101473 113.9517 67.6745 3.741e-17 3.283e-17 1.831e-17 0.0 93.13 0.0
S101474 113.9996 67.7194 1.174e-14 7.999e-15 2.667e-15 0.0 92.3 0.0
S101475 113.9468 67.6767 1.979e-15 1.356e-15 4.633e-16 0.0 92.97 0.0
S101476 113.9975 67.7101 5.689e-17 1.083e-16 2.996e-16 0.0 92.52 0.0
S101477 113.9997 67.7089 9.054e-18 1.781e-17 5.196e-17 0.0 92.49 0.0
S101478 113.9985 67.711 6.618e-16 4.813e-16 1.883e-16 0.0 92.51 0.0
S101479 113.9993 67.7095 1.779e-15 1.292e-15 5.099e-16 0.0 92.56 0.0
S101480 113.943 67.6872 2.006e-16 1.588e-16 7.149e-17 0.001 92.8 1.0
S101481 114.0045 67.7008 8.374e-17 6.382e-17 2.772e-17 0.0 92.71 0.0
S101482 113.9421 67.69 2.276e-15 1.549e-15 5.193e-16 0.0 92.72 0.0
S101483 113.9435 67.692 2.157e-16 1.687e-16 7.565e-17 0.0 92.63 1.0
S101484 114.004 67.6957 3.814e-16 2.818e-16 1.1e-16 0.0 92.84 0.0
S101485 114.0041 67.694 8.397e-17 1.488e-16 3.41e-16 0.0 92.84 0.0
S101486 114.0059 67.6894 2.131e-16 1.663e-16 7.394e-17 0.0 92.95 1.0
S101487 113.9413 67.707 9.982e-17 8.481e-17 4.476e-17 0.0 92.41 0.0
S101488 114.0094 67.689 3.793e-16 2.872e-16 1.202e-16 0.0 92.98 1.0
S101489 113.9388 67.7053 1.402e-21 2.935e-21 9.718e-21 0.001 92.46 0.0
S101490 113.9409 67.7118 3.555e-15 2.513e-15 9.263e-16 0.0 92.31 0.0
S101491 114.0086 67.6842 4.231e-17 3.778e-17 2.076e-17 0.0 93.09 0.0
S101492 114.0066 67.6799 3.223e-17 5.77e-17 1.339e-16 0.001 93.16 0.0
S101493 114.0078 67.6753 1.392e-15 9.786e-16 3.565e-16 0.0 93.35 0.0
S101494 114.0097 67.6695 5.018e-15 3.36e-15 1.105e-15 0.0 93.32 0.0
S101495 113.9396 67.7206 3.054e-19 3.928e-19 4.716e-19 0.0 92.15 0.0
S101496 113.9356 67.7239 6.235e-15 4.278e-15 1.499e-15 0.0 92.07 0.0
S101497 113.9362 67.7273 1.403e-16 1.068e-16 4.658e-17 0.0 92.0 0.0
S101498 114.0114 67.6636 1.794e-17 1.568e-17 8.887e-18 0.0 93.46 0.0
S101499 114.011 67.661 7.91e-15 5.29e-15 1.725e-15 0.0 93.47 0.0
S101500 113.9359 67.7356 4.478e-17 3.963e-17 2.276e-17 0.0 91.84 0.0
S101501 114.012 67.6572 9.742e-15 6.744e-15 2.409e-15 0.0 93.64 0.0
S101502 113.9346 67.7409 1.888e-17 3.572e-17 9.629e-17 0.0 91.7 0.0
S101503 113.9341 67.746 1.8439999999999999e-22 4.401999999999999e-22 1.891e-21 0.0 91.65 0.0
S101504 114.0167 67.6414 3.5279999999999995e-22 8.896999999999999e-22 4.359e-21 0.0 93.89 0.0
S101505 114.0171 67.6411 8.933e-13 7.189e-13 3.275e-13 0.0 93.94 1.0
S101506 113.9317 67.7584 2.084e-17 3.771e-17 9.266e-17 0.0 91.4 0.0
S101507 113.9317 67.7599 3.787e-17 3.222e-17 1.694e-17 0.0 91.38 0.0
S101508 113.9279 67.7655 1.689e-15 1.184e-15 4.178e-16 0.0 91.31 0.0
S101509 114.014 67.635 3.525e-16 2.627e-16 1.073e-16 0.0 94.03 0.0
S101510 114.0154 67.6173 1.492e-17 2.127e-17 3.094e-17 0.0 94.29 0.0
S101511 113.9324 67.7704 1.137e-16 9.383e-17 4.714e-17 0.0 91.17 0.0
S101512 114.0147 67.6186 3.544e-17 3.194e-17 1.857e-17 0.0 94.28 0.0
S101513 113.932 67.7776 2.655e-15 1.878e-15 6.726e-16 0.001 91.05 0.0
S101514 113.9301 67.7823 7.978e-16 5.559e-16 1.959e-16 0.0 91.03 0.0
S101515 113.929 67.7877 9.964e-17 8.152e-17 3.86e-17 0.0 90.98 0.0
S101516 113.9291 67.8007 1.348e-15 9.467e-16 3.319e-16 0.0 90.81 0.0
S101517 113.9346 67.7808 1.468e-16 1.23e-16 6.104e-17 0.0 91.02 0.0
S101518 114.0173 67.5939 2.055e-16 1.576e-16 6.434e-17 0.0 94.63 1.0
S101519 113.9332 67.7941 1.27e-18 1.397e-18 1.226e-18 0.001 90.82 0.0
S101520 114.0159 67.5878 3.08e-17 2.82e-17 1.672e-17 0.0 94.71 0.0
S101521 113.9305 67.8029 8.822e-15 5.804e-15 1.898e-15 0.0 90.71 0.0
S101522 113.9346 67.8009 7.329e-17 6.05e-17 2.935e-17 0.0 90.72 0.0
S101523 113.9308 67.8156 6.135e-13 4.2e-13 1.499e-13 0.0 90.65 0.0
S101524 114.0124 67.5805 1.539e-15 1.109e-15 4.158e-16 0.0 94.85 0.0
S101525 113.9328 67.8233 2.547e-15 1.744e-15 6.247e-16 0.0 90.52 0.0
S101526 114.0168 67.5629 2.306e-17 2.062e-17 1.189e-17 0.0 94.94 0.0
S101527 114.0114 67.576 1.233e-16 9.887e-17 4.579e-17 0.0 94.99 0.0
S101528 113.9349 67.8261 5.285e-18 5.251e-18 3.815e-18 0.0 90.42 0.0
S101529 114.0107 67.5723 3.936e-17 3.452e-17 1.92e-17 0.0 94.98 0.0
S101530 114.011 67.5569 3.769e-16 2.84e-16 1.154e-16 0.0 95.07 0.0
S101531 113.9347 67.8339 3.276e-15 2.295e-15 8.161e-16 0.0 90.44 0.0
S101532 113.9366 67.8367 4.318e-16 3.343e-16 1.488e-16 0.0 90.39 1.0
S101533 113.9416 67.8338 2.968e-16 2.156e-16 8.132e-17 0.0 90.33 0.0
S101534 113.9415 67.8341 1.3e-15 8.774e-16 3.007e-16 0.0 90.29 0.0
S101535 114.007 67.5492 2.345e-15 1.662e-15 5.908e-16 0.0 95.14 0.0
S101536 113.9413 67.8454 4.667e-17 3.98e-17 2.114e-17 0.0 90.28 0.0
S101537 113.9472 67.8275 2.739e-15 1.978e-15 7.294e-16 0.001 90.39 0.0
S101538 114.0003 67.5507 1.271e-17 1.24e-17 8.418e-18 0.0 95.19 0.0
S101539 113.9445 67.8513 7.729e-17 6.495e-17 3.333e-17 0.0 90.36 0.0
S101540 113.9989 67.5539 2.505e-17 2.373e-17 1.524e-17 0.0 95.18 0.0
S101541 113.9961 67.547 9.477e-16 6.679e-16 2.357e-16 0.0 95.19 0.0
S101542 113.9518 67.838 1.313e-16 1.166e-16 6.368e-17 0.0 90.38 0.0
S101543 113.9522 67.8463 1.04e-16 8.82e-17 4.693e-17 0.0 90.32 0.0
S101544 113.9909 67.5514 3.772e-17 7.416e-17 2.22e-16 0.0 95.13 0.0
S101545 113.9547 67.8492 2.11e-16 1.683e-16 7.839e-17 0.0 90.35 0.0
S101546 113.9586 67.842 9.486e-17 7.888e-17 3.954e-17 0.0 90.4 0.0
S101547 113.9856 67.5479 7.021e-22 1.5440000000000001e-21 5.608e-21 0.0 95.12 0.0
S101548 113.9617 67.8371 3.739e-15 2.606e-15 9.267e-16 0.0 90.46 0.0
S101549 113.9845 67.5571 7.852e-18 7.732e-18 5.393e-18 0.0 95.03 0.0
S101550 113.9695 67.8317 5.946e-16 4.305e-16 1.595e-16 0.0 90.61 0.0
S101551 113.9757 67.5575 1.779e-17 1.604e-17 9.59e-18 0.0 94.88 0.0
S101552 113.9704 67.8322 1.36e-16 1.117e-16 5.428e-17 0.0 90.56 0.0
S101553 113.9726 67.8273 2.848e-17 2.652e-17 1.63e-17 0.0 90.68 0.0
S101554 113.9758 67.8219 4.993e-15 3.404e-15 1.152e-15 0.0 90.77 0.0
S101555 113.9769 67.8214 3.434e-17 3.069e-17 1.812e-17 0.0 90.87 0.0
S101556 113.9661 67.5718 9.92e-18 1.024e-17 7.574e-18 0.0 94.59 0.0
S101557 113.965 67.5792 1.644e-17 3.207e-17 9.121e-17 0.0 94.46 0.0
S101558 113.9586 67.5795 3.851e-16 2.946e-16 1.252e-16 0.0 94.33 1.0
S101559 113.9586 67.5823 1.465e-15 1.043e-15 3.813e-16 0.0 94.32 0.0
S101560 113.9906 67.8009 1.248e-12 9.527e-13 4.053e-13 0.0 91.27 1.0
S101561 113.9541 67.601 8.093e-16 5.694e-16 2.069e-16 0.0 94.1 0.0
S101562 113.9507 67.6004 1.871e-13 1.366e-13 5.234e-14 0.001 94.03 0.0
S101563 113.948 67.6077 5.166e-17 4.393e-17 2.322e-17 0.0 93.97 0.0
S101564 113.9454 67.6166 1.543e-16 1.246e-16 5.715e-17 0.0 93.85 0.0
S101565 114.0039 67.7662 9.028e-13 6.471e-13 2.328e-13 0.0 91.74 0.0
S101566 113.9416 67.633 3.09e-16 2.422e-16 1.058e-16 0.0 93.61 1.0
S101567 114.0106 67.7555 2.043e-15 1.493e-15 5.787e-16 0.0 91.97 0.0
S101568 114.0185 67.7541 9.21e-16 6.823e-16 2.688e-16 0.0 92.15 0.0
S101569 113.9297 67.6512 1.009e-16 8.248e-17 3.873e-17 0.0 93.27 0.0
S101570 113.9309 67.6627 3.505e-17 3.158e-17 1.851e-17 0.0 93.1 0.0
S101571 113.9283 67.6695 2.6e-19 3.436e-19 4.477e-19 0.0 93.07 0.0
S101572 113.9235 67.679 1.369e-20 2.2830000000000002e-20 4.6890000000000005e-20 0.001 92.88 0.0
S101573 113.922 67.6925 3.209e-15 2.313e-15 8.412e-16 0.0 92.56 0.0
S101574 113.9208 67.6886 1.509e-16 1.23e-16 5.993e-17 0.0 92.7 0.0
S101575 114.0275 67.6898 1.122e-15 8.183e-16 3.242e-16 0.0 92.94 0.0
S101576 113.9183 67.7129 1.389e-17 2.427e-17 5.586e-17 0.0 92.41 0.0
S101577 114.0338 67.6516 4.518e-19 5.672e-19 6.619e-19 0.0 93.49 0.0
S101578 114.0317 67.6468 6.203e-17 5.202e-17 2.692e-17 0.0 93.53 0.0
S101579 114.0345 67.6323 1.762e-15 1.234e-15 4.401e-16 0.0 93.77 0.0
S101580 114.0332 67.6265 1.228e-12 1.011e-12 4.793e-13 0.0 93.74 1.0
S101581 114.0359 67.6117 1.087e-17 1.064e-17 7.182e-18 0.0 94.01 0.0
S101582 113.9127 67.7838 3.585e-21 2.401e-21 7.773999999999999e-22 0.0 91.47 0.0
S101583 114.0368 67.5906 1.006e-15 7.246e-16 2.651e-16 0.0 94.31 0.0
S101584 113.9114 67.809 1.942e-17 1.781e-17 1.07e-17 0.0 91.17 0.0
S101585 114.0379 67.5756 4.535e-18 4.591e-18 3.297e-18 0.0 94.44 0.0
S101586 114.032 67.572 5.364e-16 4.023e-16 1.671e-16 0.0 94.47 1.0
S101587 114.0378 67.5555 6.559e-16 5.091e-16 2.201e-16 0.0 94.55 1.0
S101588 113.9145 67.837 1.052e-19 1.482e-19 2.173e-19 0.0 90.78 0.0
S101589 114.0307 67.5395 1.215e-18 1.335e-18 1.144e-18 0.0 94.91 0.0
S101590 113.913 67.8653 1.536e-15 1.111e-15 4.138e-16 0.0 90.54 0.0
S101591 114.0318 67.52 4.228e-15 2.873e-15 9.475e-16 0.0 94.96 0.0
S101592 114.0276 67.5286 3.707e-18 3.852e-18 2.989e-18 0.0 95.05 0.0
S101593 113.994 67.73 2.262e-17 4.984e-17 1.868e-16 0.0 92.09 0.0
S101594 113.9976 67.7262 1.617e-17 3.069e-17 8.136e-17 0.0 92.1 0.0
S101595 113.9918 67.7158 5.32e-15 3.572e-15 1.17e-15 0.0 92.23 0.0
S101596 113.9509 67.6695 1.428e-17 1.34e-17 8.617e-18 0.0 93.24 0.0
S101597 113.9526 67.675 3.613e-19 4.748e-19 6.043e-19 0.0 93.17 0.0
S101598 113.9501 67.6686 1.6270000000000002e-20 2.741e-20 5.661000000000001e-20 0.0 93.27 0.0
S101599 113.992 67.7188 4.8279999999999997e-23 1.333e-22 8.2089999999999995e-22 0.0 92.3 0.0
S101600 113.9505 67.6787 5.203e-17 4.746e-17 2.895e-17 0.0 93.0 0.0
S101601 113.9973 67.7167 2.026e-19 2.6e-19 3.084e-19 0.0 92.34 0.0
S101602 113.995 67.711 4.91e-18 7.493e-18 1.277e-17 0.0 92.46 0.0
S101603 113.9968 67.7133 7.183e-18 6.884e-18 4.482e-18 0.0 92.44 0.0
S101604 113.945 67.6764 3.913e-23 1.181e-22 8.281999999999999e-22 0.0 93.09 0.0
S101605 113.9463 67.6783 3.152e-17 6.433e-17 2.019e-16 0.0 92.97 0.0
S101606 113.9443 67.6861 1.192e-17 1.139e-17 7.744e-18 0.0 92.81 0.0
S101607 113.9928 67.7019 2.801e-17 2.494e-17 1.478e-17 0.0 92.66 0.0
S101608 114.0012 67.709 1.269e-16 9.523e-17 4.025e-17 0.0 92.53 1.0
S101609 114.0007 67.7053 1.294e-16 1.031e-16 4.789e-17 0.0 92.6 0.0
S101610 114.0017 67.6991 1.025e-15 7.097e-16 2.438e-16 0.0 92.76 0.0
S101611 114.0037 67.7007 1.458e-17 2.666e-17 6.561e-17 0.0 92.76 0.0
S101612 113.9419 67.6871 1.639e-16 1.297e-16 5.932e-17 0.0 92.82 0.0
S101613 114.0033 67.7001 1.54e-23 5.145e-23 4.544e-22 0.0 92.72 0.0
S101614 113.9427 67.6934 1.888e-16 1.528e-16 7.266e-17 0.0 92.64 0.0
S101615 113.9461 67.6961 6.388e-21 1.1530000000000001e-20 2.907e-20 0.0 92.62 0.0
S101616 114.0051 67.6976 5.36e-18 5.382e-18 4.05e-18 0.0 92.77 0.0
S101617 114.0044 67.7006 2.6409999999999998e-23 7.255999999999999e-23 4.312999999999999e-22 0.0 92.69 0.0
S101618 114.0012 67.6921 3.9399999999999996e-23 9.913e-23 5.08e-22 0.0 92.89 0.0
S101619 114.0023 67.7011 1.286e-17 1.206e-17 7.398e-18 0.0 92.72 0.0
S101620 113.9401 67.6891 6.411e-18 6.289e-18 4.266e-18 0.0 92.74 0.0
S101621 113.9428 67.7098 3.205e-18 3.674e-18 3.371e-18 0.0 92.32 0.0
S101622 114.0053 67.6785 4.19e-16 2.988e-16 1.121e-16 0.0 93.18 0.0
S101623 114.0051 67.6815 2.359e-22 5.913999999999999e-22 2.914e-21 0.0 93.2 0.0
S101624 113.943 67.7098 5.187e-19 6.359e-19 6.903e-19 0.0 92.34 0.0
S101625 113.945 67.7023 2.829e-18 3.001e-18 2.435e-18 0.0 92.47 0.0
S101626 114.0149 67.6809 3.439e-21 6.725e-21 1.946e-20 0.0 93.18 0.0
S101627 113.9358 67.7037 3.127e-16 2.403e-16 9.993e-17 0.0 92.47 1.0
S101628 114.0076 67.6866 1.093e-16 8.496e-17 3.726e-17 0.0 92.98 0.0
S101629 114.0066 67.6785 9e-17 2.486e-16 1.458e-15 0.0 93.14 1.0
S101630 113.9407 67.7252 2.595e-16 1.991e-16 8.492e-17 0.0 91.95 1.0
S101631 113.9408 67.7251 7.464e-18 7.33e-18 5.019e-18 0.0 92.03 0.0
S101632 114.0105 67.6732 3.5240000000000003e-20 5.626000000000001e-20 1.052e-19 0.0 93.39 0.0
S101633 113.9409 67.7215 5.067e-19 6.127e-19 6.536e-19 0.0 92.05 0.0
S101634 114.0087 67.6675 2.551e-18 2.784e-18 2.387e-18 0.0 93.41 0.0
S101635 113.9343 67.7191 2.59e-16 2.096e-16 9.902e-17 0.0 92.17 0.0
S101636 113.9372 67.7198 1.4e-18 1.634e-18 1.614e-18 0.0 92.17 1.0
S101637 114.0079 67.6685 2.591e-17 2.359e-17 1.452e-17 0.0 93.42 0.0
S101638 113.9346 67.7392 3.706e-21 7.064e-21 1.9130000000000003e-20 0.0 91.77 0.0
S101639 113.9299 67.7474 6.303e-17 5.284e-17 2.642e-17 0.0 91.64 0.0
S101640 114.0105 67.6609 2.323e-17 2.067e-17 1.206e-17 0.0 93.51 0.0
S101641 113.9359 67.7495 2.424e-18 2.628e-18 2.211e-18 0.0 91.6 0.0
S101642 114.0112 67.6534 1.061e-18 1.252e-18 1.306e-18 0.0 93.77 0.0
S101643 114.0104 67.6491 6.663e-18 6.771e-18 4.953e-18 0.0 93.79 0.0
S101644 113.9308 67.7509 7.18e-18 7.404e-18 5.81e-18 0.0 91.64 0.0
S101645 113.9334 67.7455 2.963e-17 5.005e-17 1.022e-16 0.0 91.69 0.0
S101646 114.0192 67.6329 1.706e-18 1.896e-18 1.761e-18 0.0 94.09 0.0
S101647 113.9346 67.7483 7.274e-22 1.685e-21 6.703e-21 0.0 91.52 0.0
S101648 113.9367 67.7519 5.54e-18 5.413e-18 3.641e-18 0.0 91.46 0.0
S101649 114.0142 67.6385 1.202e-17 1.192e-17 8.198e-18 0.0 93.97 0.0
S101650 113.9337 67.7524 3.8e-16 2.893e-16 1.193e-16 0.0 91.45 1.0
S101651 114.0189 67.63 1.847e-23 5.235e-23 3.3589999999999996e-22 0.0 94.08 1.0
S101652 114.0106 67.6188 1.27e-18 1.389e-18 1.2e-18 0.0 94.25 0.0
S101653 113.9335 67.7617 5.292e-16 4.051e-16 1.684e-16 0.0 91.37 1.0
S101654 113.9279 67.7713 1.208e-17 2.087e-17 4.753e-17 0.0 91.22 0.0
S101655 113.9376 67.7479 5.435e-19 6.916e-19 8.301e-19 0.0 91.45 0.0
S101656 114.0147 67.6124 3.479e-15 2.34e-15 7.873e-16 0.0 94.38 0.0
S101657 113.9331 67.7616 6.648e-17 1.312e-16 3.875e-16 0.0 91.3 0.0
S101658 113.9318 67.7792 4.808e-17 3.855e-17 1.852e-17 0.0 91.05 0.0
S101659 113.9283 67.7859 2.268e-18 2.398e-18 1.903e-18 0.0 91.03 0.0
S101660 114.0086 67.6209 1.832e-16 1.463e-16 6.694e-17 0.0 94.42 1.0
S101661 113.9317 67.7863 2.445e-19 3.192e-19 3.873e-19 0.0 90.96 0.0
S101662 114.0133 67.613 1.402e-17 2.397e-17 4.983e-17 0.0 94.49 0.0
S101663 113.9385 67.7854 3.8e-19 4.9e-19 5.719e-19 0.0 90.92 0.0
S101664 113.9344 67.7923 2.506e-17 5.652e-17 2.131e-16 0.0 90.88 0.0
S101665 114.0067 67.6203 2.508e-17 4.346e-17 9.816e-17 0.0 94.42 0.0
S101666 113.934 67.7997 1.089e-16 8.658e-17 3.933e-17 0.0 90.84 0.0
S101667 113.9306 67.7887 8.559e-19 9.888e-19 1.001e-18 0.0 90.85 0.0
S101668 113.935 67.7893 5.435e-22 1.17e-21 4.23e-21 0.0 90.81 0.0
S101669 114.0184 67.5817 1.02e-16 8.48e-17 4.16e-17 0.0 94.76 0.0
S101670 113.9307 67.8012 3.574e-17 3.151e-17 1.687e-17 0.0 90.73 0.0
S101671 114.0156 67.5874 1.964e-16 1.639e-16 7.953e-17 0.0 94.78 0.0
S101672 113.9322 67.8127 1.325e-15 9.137e-16 3.23e-16 0.0 90.68 0.0
S101673 114.0122 67.5869 3.977e-15 2.611e-15 8.428e-16 0.0 94.85 0.0
S101674 113.9324 67.8097 2.122e-19 2.748e-19 3.47e-19 0.0 90.62 0.0
S101675 114.0134 67.575 2.978e-17 2.661e-17 1.604e-17 0.0 94.88 0.0
S101676 114.0148 67.578 2.782e-23 8.294e-23 5.807e-22 0.0 94.9 0.0
S101677 113.9349 67.8074 2.65e-21 1.829e-21 6.436999999999999e-22 0.0 90.63 0.0
S101678 114.0149 67.5571 5.602e-18 9.314e-18 1.905e-17 0.0 95.02 0.0
S101679 114.011 67.5703 1.552e-13 1.031e-13 3.303e-14 0.0 94.99 0.0
S101680 114.0106 67.5727 2.243e-20 3.5490000000000006e-20 6.543000000000001e-20 0.0 95.03 0.0
S101681 114.0105 67.5546 7.196e-17 1.142e-16 2.095e-16 0.0 95.06 0.0
S101682 113.9375 67.8287 3.046e-17 6.299e-17 2.104e-16 0.0 90.37 0.0
S101683 114.0114 67.5634 1.463e-16 1.26e-16 6.501e-17 0.0 95.05 0.0
S101684 114.0116 67.5592 6.868999999999999e-23 1.8619999999999998e-22 1.085e-21 0.0 95.18 0.0
S101685 114.0147 67.5424 1.1149999999999998e-22 2.511e-22 9.563e-22 0.0 95.2 0.0
S101686 113.9374 67.8359 7.449e-24 2.4739999999999998e-23 2.229e-22 0.0 90.3 0.0
S101687 113.9983 67.5949 1.9309999999999997e-22 4.976e-22 2.635e-21 0.0 95.04 0.0
S101688 113.939 67.8382 1.363e-16 1.094e-16 5.242e-17 0.0 90.24 0.0
S101689 113.9366 67.8522 4.8399999999999995e-23 1.4119999999999998e-22 9.537e-22 0.0 90.38 0.0
S101690 114.0036 67.5532 3.517e-18 3.668e-18 2.797e-18 0.0 95.25 0.0
S101691 113.9385 67.8453 2.781e-21 1.891e-21 6.564e-22 0.0 90.15 0.0
S101692 113.9465 67.8406 2.467e-17 4.32e-17 9.64e-17 0.0 90.29 0.0
S101693 113.9979 67.5511 4.15e-21 8.588e-21 2.759e-20 0.0 95.26 0.0
S101694 113.9438 67.8444 2.519e-21 1.758e-21 6.275999999999999e-22 0.0 90.24 0.0
S101695 114.001 67.5697 2.841e-16 2.186e-16 9.407e-17 0.0 95.14 1.0
S101696 113.9527 67.8355 1.179e-18 1.325e-18 1.227e-18 0.0 90.32 0.0
S101697 114.0002 67.5472 8.922e-17 7.325e-17 3.533e-17 0.0 95.18 0.0
S101698 113.9478 67.8496 3.047e-17 2.521e-17 1.302e-17 0.0 90.28 0.0
S101699 113.9534 67.831 2.851e-21 1.954e-21 6.596999999999999e-22 0.0 90.3 0.0
S101700 113.9564 67.8279 1.804e-17 1.639e-17 9.873e-18 0.0 90.37 0.0
S101701 113.9505 67.8442 4.876e-19 6.079e-19 6.82e-19 0.0 90.27 0.0
S101702 113.9894 67.5487 2.442e-17 3.653e-17 5.939e-17 0.0 95.11 0.0
S101703 113.9579 67.8338 2.1279999999999997e-22 5.188999999999999e-22 2.4220000000000002e-21 0.0 90.45 0.0
S101704 113.9908 67.5548 2.2440000000000002e-21 1.575e-21 5.837e-22 0.0 95.05 0.0
S101705 113.9852 67.5484 7.515e-16 1.808e-15 8.097e-15 0.0 95.07 1.0
S101706 113.9604 67.8501 1.0950000000000001e-20 1.833e-20 3.7290000000000005e-20 0.0 90.33 0.0
S101707 113.9896 67.5605 1.314e-15 9.73e-16 3.777e-16 0.001 94.95 0.0
S101708 113.9618 67.8453 5.262e-18 5.457e-18 4.135e-18 0.0 90.42 0.0
S101709 113.9754 67.834 2.798e-17 2.396e-17 1.296e-17 0.0 90.58 0.0
S101710 113.9666 67.822 1.271e-16 1.015e-16 4.614e-17 0.0 90.53 0.0
S101711 113.965 67.853 5.373e-17 4.515e-17 2.31e-17 0.0 90.54 0.0
S101712 113.9739 67.8307 2.265e-16 1.791e-16 8.135e-17 0.0 90.64 1.0
S101713 113.9702 67.8258 1.621e-19 2.176e-19 2.937e-19 0.0 90.63 0.0
S101714 113.9746 67.832 3.276e-17 4.943e-17 8.309e-17 0.0 90.64 0.0
S101715 113.9714 67.5617 9.549e-23 2.428e-22 1.196e-21 0.0 94.72 0.0
S101716 113.9722 67.8339 4.852e-17 3.964e-17 1.968e-17 0.0 90.77 0.0
S101717 113.9675 67.5759 1.683e-18 1.801e-18 1.529e-18 0.0 94.6 0.0
S101718 113.9804 67.8168 5.367e-16 4.142e-16 1.809e-16 0.0 90.85 1.0
S101719 113.9854 67.8135 1.941e-18 2.048e-18 1.661e-18 0.0 90.98 0.0
S101720 113.9682 67.5824 2.268e-17 3.825e-17 7.928e-17 0.0 94.52 0.0
S101721 113.963 67.578 4.742e-17 4.053e-17 2.152e-17 0.0 94.42 0.0
S101722 113.9842 67.8039 3.186e-18 3.287e-18 2.574e-18 0.0 91.1 0.0
S101723 113.9882 67.8067 2.262e-17 3.56e-17 6.372e-17 0.0 91.17 0.0
S101724 113.9809 67.8006 2.494e-17 3.636e-17 5.856e-17 0.0 91.09 0.0
S101725 113.9942 67.8003 1.728e-21 1.274e-21 5.068999999999999e-22 0.0 91.28 0.0
S101726 113.9551 67.6011 8.941e-13 6.635e-13 2.6e-13 0.0 94.14 0.0
S101727 113.9495 67.6046 1.116e-17 1.073e-17 7.097e-18 0.0 93.99 0.0
S101728 113.9501 67.6092 1.263e-17 2.19e-17 4.98e-17 0.0 93.97 0.0
S101729 113.9473 67.6138 1.241e-19 1.747e-19 2.56e-19 0.0 93.85 0.0
S101730 114.0056 67.7776 2.794e-17 5.686e-17 1.76e-16 0.0 91.65 0.0
S101731 114.0032 67.768 7.566e-17 6.468e-17 3.443e-17 0.0 91.78 0.0
S101732 114.0039 67.7623 2.47e-17 3.525e-17 5.17e-17 0.0 91.79 0.0
S101733 114.0011 67.7653 2.025e-17 4.176e-17 1.394e-16 0.0 91.87 0.0
S101734 113.9308 67.6307 2.623e-21 5.235e-21 1.584e-20 0.0 93.5 0.0
S101735 113.9372 67.6481 8.661e-23 2.1329999999999996e-22 1.033e-21 0.0 93.33 0.0
S101736 113.9371 67.6499 3.642e-16 2.855e-16 1.275e-16 0.0 93.28 1.0
S101737 114.0121 67.7295 7.963e-21 1.3680000000000002e-20 2.8950000000000004e-20 0.0 92.28 0.0
S101738 113.9347 67.6658 3.141e-21 6.026e-21 1.6790000000000002e-20 0.0 93.09 0.0
S101739 114.0149 67.7187 2.759e-17 2.392e-17 1.305e-17 0.0 92.42 0.0
S101740 113.9243 67.6691 1.432e-17 2.324e-17 4.53e-17 0.0 93.02 0.0
S101741 113.9216 67.671 2.3099999999999999e-23 6.385999999999999e-23 3.7659999999999995e-22 0.0 92.95 0.0
S101742 114.0127 67.7 2.691e-16 2.095e-16 8.934e-17 0.0 92.82 1.0
S101743 114.0202 67.7016 4.829e-17 8.031e-17 1.681e-16 0.0 92.71 0.0
S101744 114.0235 67.6852 4.6620000000000005e-20 7.047e-20 1.163e-19 0.0 93.02 0.0
S101745 113.9181 67.7083 2.292e-22 5.778e-22 2.768e-21 0.0 92.45 0.0
S101746 114.038 67.6793 3.581e-17 6.424e-17 1.578e-16 0.0 93.08 0.0
S101747 113.9138 67.7224 5.231e-18 5.425e-18 4.076e-18 0.0 92.29 0.0
S101748 113.9133 67.727 1.081e-15 8.081e-16 3.122e-16 0.0 92.33 0.0
S101749 113.9218 67.7478 1.353e-16 1.083e-16 5.151e-17 0.001 91.86 0.0
S101750 113.9148 67.7434 1.342e-12 1.128e-12 5.821e-13 0.0 91.99 1.0
S101751 113.9041 67.7455 1.921e-23 5.519e-23 3.438e-22 0.0 91.95 0.0
S101752 113.9181 67.745 1.779e-17 2.885e-17 5.529e-17 0.0 91.89 0.0
S101753 114.0322 67.633 2.067e-17 1.843e-17 1.083e-17 0.0 93.69 0.0
S101754 114.029 67.6236 9.765e-17 7.693e-17 3.387e-17 0.0 93.75 0.0
S101755 114.0363 67.5951 1.865e-18 2.026e-18 1.737e-18 0.0 94.11 0.0
S101756 113.9097 67.7772 6.382e-16 4.741e-16 1.868e-16 0.001 91.45 0.0
S101757 113.9109 67.7916 1.325e-16 1.083e-16 5.286e-17 0.0 91.3 0.0
S101758 114.031 67.6022 6.992e-18 6.645e-18 4.223e-18 0.0 94.12 0.0
S101759 113.9092 67.8082 9.641e-18 8.997e-18 5.582e-18 0.0 91.16 0.0
S101760 113.9007 67.834 5.697e-16 4.248e-16 1.778e-16 0.0 90.87 0.0
S101761 113.9084 67.8312 1.0010000000000002e-20 1.8580000000000002e-20 4.7650000000000005e-20 0.0 90.99 0.0
S101762 113.9086 67.8453 1.228e-17 2.905e-17 1.216e-16 0.0 90.8 0.0
S101763 114.025 67.5828 5.752e-24 2.132e-23 2.382e-22 0.0 94.53 0.0
S101764 113.9108 67.8535 3.406e-17 6.584e-17 1.833e-16 0.0 90.68 0.0
S101765 113.9218 67.8448 3.947e-18 3.979e-18 2.834e-18 0.0 90.64 0.0
S101766 113.9186 67.8461 7.496e-23 2.1109999999999998e-22 1.267e-21 0.0 90.65 0.0
S101767 113.9124 67.8683 1.654e-14 3.185e-14 8.902e-14 0.0 90.55 0.0
S101768 114.0321 67.5219 1.679e-17 1.527e-17 9.218e-18 0.0 95.05 0.0
S101769 113.9143 67.8687 1.879e-21 3.894e-21 1.282e-20 0.0 90.39 0.0
S101770 114.0222 67.5369 1.504e-19 2.241e-19 3.723e-19 0.0 95.06 0.0
S101771 113.9168 67.8965 6.669999999999999e-22 1.528e-21 6.076e-21 0.0 90.3 0.0
S101772 114.0318 67.4818 7.369e-13 6.659e-13 3.862e-13 0.0 95.16 1.0
S101773 113.9271 67.8931 5.966e-21 1.104e-20 2.862e-20 0.0 90.2 0.0
