Name Equatorial Polar BlueF GreenF RedF Parallax RadialVelocity Variable?
S028828 115.0722 50.9658 8.747e-17 1.382e-16 2.573e-16 0.0 77.21 0.0
S028829 115.0941 50.9869 1.414e-21 3.146e-21 1.1780000000000001e-20 0.0 74.53 0.0
S028830 115.0838 50.9909 2.199e-21 4.659e-21 1.5850000000000003e-20 0.0 74.93 0.0
S028831 115.0714 50.9951 8.967e-23 2.242e-22 1.109e-21 0.0 74.66 0.0
S028832 115.0934 50.9898 7.475e-24 2.237e-23 1.592e-22 0.0 74.68 0.0
S028833 115.1558 51.0153 3.378e-22 7.730999999999999e-22 3.185e-21 0.0 74.45 0.0
S028834 115.0835 50.9926 5.117e-24 1.6419999999999998e-23 1.377e-22 0.0 74.47 0.0
S028835 115.0978 51.0086 4.306e-22 9.723999999999999e-22 3.682e-21 0.0 74.43 0.0
S028836 115.0831 50.9856 1.1829999999999999e-22 3.445e-22 2.265e-21 0.0 75.54 0.0
S028837 115.0793 50.98 9.863e-20 1.514e-19 2.685e-19 0.0 76.42 0.0
S028838 114.8227 50.8821 7.214e-21 1.3400000000000001e-20 3.478e-20 0.0 78.21 0.0
S028839 114.8023 50.8531 4.168e-21 2.834e-21 9.933999999999999e-22 0.0 78.55 0.0
S028840 115.0902 50.9931 1.266e-21 2.6360000000000002e-21 8.587e-21 0.0 74.68 0.0
S028841 115.0226 50.9236 2.235e-22 6.139999999999999e-22 3.437e-21 0.0 77.55 0.0
S028842 115.1217 51.0409 1.94e-17 1.854e-17 1.207e-17 0.0 74.3 0.0
S028843 115.0827 51.016 2.151e-18 2.439e-18 2.267e-18 0.0 75.41 0.0
S028844 115.0703 50.9869 4.7619999999999995e-23 1.1819999999999998e-22 5.602999999999999e-22 0.0 76.27 0.0
S028845 115.1782 50.9927 6.98e-18 7.295e-18 5.737e-18 0.0 75.03 0.0
S028846 115.1285 51.0303 3.769e-23 1.062e-22 6.58e-22 0.0 74.05 0.0
S028847 115.073 51.0289 7.24e-19 9.015e-19 1.04e-18 0.0 75.47 0.0
S028848 115.0657 50.9655 2.918e-17 2.514e-17 1.398e-17 0.0 76.94 0.0
S028849 115.0417 50.9822 1.515e-19 2.054e-19 2.747e-19 0.0 77.09 0.0
S028850 114.9571 50.957 1.022e-21 2.117e-21 6.999e-21 0.0 77.58 0.0
S028851 115.0117 50.9615 9.866999999999998e-22 2.017e-21 6.636e-21 0.0 77.91 0.0
S028852 115.0066 50.9409 6.798e-22 1.351e-21 4.168e-21 0.0 78.02 0.0
S028853 115.0573 50.9919 1.293e-16 2.233e-16 4.979e-16 0.0 77.39 0.0
S028854 115.0907 50.9768 6.558999999999999e-22 1.616e-21 7.652e-21 0.001 75.97 0.0
S028855 115.1074 51.0047 9.371e-21 1.843e-20 5.487e-20 0.0 74.56 0.0
S028856 115.043 50.9526 7.572e-22 1.653e-21 6.277e-21 0.0 77.57 0.0
S028857 115.0519 50.9815 3.3580000000000004e-20 5.530000000000001e-20 1.112e-19 0.0 77.63 0.0
S028858 115.079 50.9867 6.029e-24 1.986e-23 1.663e-22 0.0 74.81 0.0
S028859 115.0722 50.9898 5.335e-21 1.0140000000000001e-20 2.7850000000000004e-20 0.0 76.09 0.0
S028860 114.884 50.9314 1.6170000000000002e-20 2.688e-20 5.492e-20 0.0 77.9 0.0
S028861 115.0635 50.9848 6.417e-17 1.062e-16 2.145e-16 0.0 77.55 0.0
S028862 114.9 50.947 1.885e-17 2.86e-17 4.929e-17 0.0 77.61 0.0
S028863 115.068 50.9778 1.9369999999999999e-22 4.48e-22 1.891e-21 0.0 77.24 0.0
S028864 115.0806 50.9886 2.225e-20 3.443e-20 5.886000000000001e-20 0.0 75.82 0.0
S028865 115.0025 50.9647 1.594e-21 3.488e-21 1.2270000000000002e-20 0.0 77.72 0.0
S028866 115.1348 50.9864 1.365e-19 1.927e-19 2.87e-19 0.0 75.22 0.0
S028867 115.0336 50.936 1.849e-24 7.705e-24 1.0389999999999999e-22 0.0 77.72 0.0
S028868 115.1168 51.0204 1.156e-17 1.13e-17 7.573e-18 0.0 74.15 0.0
S028869 115.0728 50.9878 1.181e-19 1.699e-19 2.632e-19 0.0 78.57 0.0
S028870 115.0858 50.9854 1.585e-17 1.518e-17 9.917e-18 0.0 74.55 0.0
S028871 115.0486 50.9955 4.075e-22 9.501e-22 3.915e-21 0.0 76.67 0.0
S028872 115.0869 50.9933 4.431e-24 1.615e-23 1.6869999999999998e-22 0.0 74.6 0.0
S028873 115.0803 51.0003 9.484e-23 2.3109999999999996e-22 1.1e-21 0.0 75.33 0.0
S028874 115.0034 50.9112 4.339e-23 1.155e-22 6.498999999999999e-22 0.0 77.72 0.0
S028875 115.1369 51.0514 8.814e-21 1.569e-20 3.7910000000000005e-20 0.0 74.49 0.0
S028876 115.0986 50.9942 1.059e-20 1.97e-20 5.0480000000000005e-20 0.0 74.51 0.0
S028877 115.078 50.9873 7.196000000000001e-20 1.026e-19 1.515e-19 0.0 75.92 0.0
S028878 115.065 50.9753 2.42e-24 8.534e-24 8.393e-23 0.0 77.34 0.0
S028879 115.0946 51.0066 4.613e-19 5.979e-19 7.06e-19 0.0 74.42 0.0
S028880 115.1444 51.0554 1.376e-17 1.316e-17 8.911e-18 0.0 74.24 0.0
S028881 115.0764 50.9987 9.294999999999999e-23 2.6929999999999998e-22 1.729e-21 0.0 74.49 0.0
S028882 115.1089 50.9997 1.305e-18 1.547e-18 1.543e-18 0.0 74.69 0.0
S028883 115.0928 51.0028 6.491e-26 3.554e-25 8.894e-24 0.0 74.56 0.0
S028884 114.9732 50.9462 5.111e-23 1.277e-22 6.044e-22 0.0 78.07 0.0
S028885 115.2721 51.1578 7.249e-19 8.922e-19 9.917e-19 0.0 73.8 0.0
S028886 115.1266 51.0007 1.728e-17 3.02e-17 7.067e-17 0.0 74.47 0.0
S028887 115.0175 50.9516 8.937e-22 2.069e-21 8.687e-21 0.0 78.05 0.0
S028888 115.1606 51.0228 1.4710000000000003e-20 2.5620000000000003e-20 6.064000000000001e-20 0.0 74.05 0.0
S028889 115.052 50.9684 2.493e-21 4.973e-21 1.536e-20 0.0 77.52 0.0
S028890 115.0728 50.9874 6.662e-21 1.244e-20 3.321e-20 0.0 76.29 0.0
S028891 115.3183 51.2021 2.632e-17 4.766e-17 1.139e-16 0.0 73.82 0.0
S028892 115.0764 50.9803 2.932e-19 3.945e-19 5.345e-19 0.0 76.91 0.0
S028893 115.0466 50.9706 3.4530000000000005e-20 5.534e-20 1.059e-19 0.0 77.5 0.0
S028894 115.0663 50.9933 2.0230000000000003e-20 3.4820000000000004e-20 7.678000000000001e-20 0.0 76.4 0.0
S028895 115.0467 50.9751 1.3080000000000002e-20 2.1690000000000002e-20 4.5450000000000004e-20 0.0 77.71 0.0
S028896 115.016 50.9537 7.683e-17 2.042e-16 1.127e-15 0.0 78.0 1.0
S028897 115.0955 51.0145 7.223999999999999e-22 1.688e-21 7.211e-21 0.0 75.16 0.0
S028898 115.0648 51.0138 1.347e-23 4.289e-23 3.4119999999999997e-22 0.0 75.74 0.0
S028899 115.0637 50.9851 8.769e-25 3.824e-24 5.821e-23 0.0 76.73 0.0
S028900 115.0648 50.993 1.636e-19 2.316e-19 3.365e-19 0.0 76.33 0.0
S028901 115.1298 50.993 2.185e-23 6.812e-23 5.126999999999999e-22 0.0 74.71 0.0
S028902 115.1263 50.9571 3.7209999999999995e-22 9.707e-22 5.345e-21 0.001 75.85 0.0
S028903 115.046 50.9693 6.901e-19 8.425e-19 8.799e-19 0.0 77.49 0.0
S028904 115.1326 51.0045 4.3770000000000006e-20 7.143e-20 1.47e-19 0.0 74.28 0.0
S028905 115.0302 50.9599 6.668e-19 7.942e-19 8.146e-19 0.0 77.89 0.0
S028906 115.2004 51.0196 3.224e-21 6.453e-21 1.994e-20 0.0 74.69 0.0
S028907 115.1997 51.0161 4.974e-18 4.983e-18 3.672e-18 0.0 74.42 0.0
S028908 115.1003 51.0077 4.281e-21 8.322e-21 2.3820000000000003e-20 0.0 74.48 0.0
S028909 115.0738 50.9698 3.122e-21 5.97e-21 1.687e-20 0.0 76.5 0.0
S028910 115.0961 51.0009 6.879e-21 1.2070000000000001e-20 2.863e-20 0.0 74.89 0.0
S028911 115.0701 50.9785 4.0720000000000004e-21 8.349e-21 2.6320000000000002e-20 0.0 77.24 0.0
S028912 115.0386 50.9698 4.347e-22 1.028e-21 4.349e-21 0.0 77.6 0.0
S028913 115.0483 50.9464 6.108e-19 7.46e-19 8.223e-19 0.0 77.13 0.0
S028914 115.0812 50.9928 1.7809999999999999e-22 4.1989999999999996e-22 1.763e-21 0.0 75.5 0.0
S028915 115.1349 51.0506 5.779e-17 1.162e-16 3.608e-16 0.0 74.28 0.0
S028916 115.1118 50.9909 1.1969999999999999e-23 3.51e-23 2.3799999999999997e-22 0.0 74.73 0.0
S028917 115.0535 50.9778 1.567e-22 3.7079999999999996e-22 1.674e-21 0.0 77.58 0.0
S028918 115.046 50.935 2.002e-19 2.588e-19 3.092e-19 0.0 77.64 0.0
S028919 115.1071 50.9995 9.696e-19 1.231e-18 1.451e-18 0.0 74.78 0.0
S028920 115.0102 51.0029 2.4719999999999998e-23 7.502e-23 5.274e-22 0.0 76.6 0.0
S028921 115.0671 51.0124 6.408e-23 1.8699999999999999e-22 1.239e-21 0.0 75.77 0.0
S028922 115.1086 51.0015 1.337e-18 1.534e-18 1.47e-18 0.0 74.44 0.0
S028923 114.9687 50.9338 2.151e-12 1.734e-12 8.104e-13 0.001 78.17 1.0
S028924 115.0649 50.9794 8.937000000000001e-28 8.495e-27 6.587000000000001e-25 0.0 76.69 0.0
S028925 115.15 51.0251 3.846e-24 1.347e-23 1.337e-22 0.0 73.97 0.0
S028926 115.1351 51.0579 6.094e-19 8.155e-19 1.094e-18 0.0 74.41 0.0
S028927 115.0932 50.986 1.28e-20 2.1660000000000002e-20 4.6280000000000004e-20 0.0 75.06 0.0
S028928 115.0734 50.9776 4.792e-24 1.638e-23 1.5089999999999998e-22 0.0 77.44 0.0
S028929 115.1184 51.0078 4.923e-24 1.908e-23 2.346e-22 0.0 74.25 0.0
S028930 115.1124 51.0541 2.959e-19 3.875e-19 5.054e-19 0.0 74.84 0.0
S028931 115.0208 50.9469 4.644e-23 1.2079999999999998e-22 6.236e-22 0.0 78.02 0.0
S028932 115.0746 50.9956 1.298e-21 2.97e-21 1.154e-20 0.0 75.8 0.0
S028933 114.9775 50.9437 1.166e-22 3.2869999999999997e-22 2.071e-21 0.0 78.13 0.0
S028934 115.1238 51.0021 7.769000000000001e-20 1.147e-19 1.842e-19 0.0 74.67 0.0
S028935 115.0725 50.9872 2.6749999999999996e-22 6.89e-22 3.435e-21 0.0 76.33 0.0
S028936 115.0792 50.9992 2.211e-22 5.685e-22 2.9160000000000002e-21 0.0 75.08 0.0
S028937 115.0417 50.9394 2.649e-23 7.651e-23 4.874999999999999e-22 0.0 77.44 0.0
S028938 115.0264 50.9539 5.430000000000001e-20 8.682e-20 1.614e-19 0.0 77.91 0.0
S028939 115.0687 51.0234 1.654e-17 2.866e-17 6.548e-17 0.0 75.75 0.0
S028940 115.0638 50.99 3.222e-17 2.935e-17 1.75e-17 0.0 76.56 0.0
S028941 115.0747 50.9911 1.65e-20 2.8330000000000004e-20 6.329e-20 0.0 74.33 0.0
S028942 115.1215 51.0391 1.242e-12 8.901e-13 3.287e-13 0.0 74.43 0.0
S028943 115.0387 50.9676 8.365e-24 2.626e-23 2.0399999999999998e-22 0.001 77.72 0.0
S028944 115.1196 51.0005 8.57e-19 1.014e-18 1.019e-18 0.0 74.65 0.0
S028945 114.9239 50.9317 7.526e-17 1.502e-16 4.526e-16 0.0 78.34 0.0
S028946 115.2105 51.0695 4.182e-20 6.585000000000001e-20 1.222e-19 0.0 73.62 0.0
S028947 114.9973 51.0016 7.136e-21 1.318e-20 3.4180000000000006e-20 0.0 76.59 0.0
S028948 114.6506 50.6532 5.196e-24 1.7279999999999998e-23 1.5599999999999998e-22 0.0 78.41 0.0
S028949 115.0791 50.9665 1.4920000000000002e-20 2.754e-20 6.849e-20 0.0 76.47 0.0
S028950 115.079 50.9924 4.816e-21 3.306e-21 1.093e-21 0.0 74.73 0.0
S028951 115.0141 50.9511 1.508e-21 2.8680000000000002e-21 7.573e-21 0.0 77.89 0.0
S028952 115.0692 50.9748 3.315e-21 2.362e-21 8.377999999999999e-22 0.0 76.66 0.0
S028953 115.3335 51.1669 5.833e-22 1.5290000000000001e-21 8.165e-21 0.0 73.5 0.0
S028954 115.0714 51.01 4.8340000000000005e-20 7.414e-20 1.263e-19 0.0 75.73 0.0
S028955 115.1108 51.0192 4.3499999999999997e-23 1.221e-22 7.580999999999999e-22 0.0 74.31 0.0
S028956 115.0779 50.9809 1.934e-22 5.218999999999999e-22 2.881e-21 0.0 76.21 0.0
S028957 115.0144 50.9436 7.354999999999999e-22 1.777e-21 8.336e-21 0.0 78.11 0.0
S028958 115.1633 51.0111 3.993e-21 2.77e-21 9.461999999999999e-22 0.0 74.34 0.0
S028959 115.1472 51.039 2.396e-22 6.0689999999999995e-22 2.991e-21 0.0 73.98 0.0
S028960 115.1933 51.0081 4.668e-24 1.693e-23 1.7659999999999999e-22 0.0 74.77 0.0
S028961 115.0248 50.9621 1.651e-23 4.693e-23 3.0009999999999995e-22 0.0 77.58 0.0
S028962 115.0464 50.9836 5.365e-23 1.285e-22 5.987999999999999e-22 0.0 76.88 0.0
S028963 115.0797 50.9896 5.372e-21 1.0290000000000001e-20 2.9920000000000004e-20 0.0 74.79 0.0
S028964 115.2491 51.1333 6.897e-27 4.9330000000000006e-26 2.176e-24 0.0 73.67 0.0
S028965 115.106 51.0049 3.5759999999999997e-22 8.010999999999999e-22 3.139e-21 0.0 74.41 0.0
S028966 115.1918 51.0836 1.113e-19 1.618e-19 2.57e-19 0.0 73.81 0.0
S028967 115.0721 50.9853 4.008e-21 7.499e-21 2.005e-20 0.0 78.16 0.0
S028968 115.0875 50.9885 5.181e-19 7.093e-19 9.677e-19 0.0 74.65 0.0
S028969 114.8834 50.852 1.6609999999999998e-22 4.4349999999999995e-22 2.381e-21 0.0 78.53 0.0
S028970 115.0559 50.9823 2.1130000000000003e-20 3.5080000000000005e-20 7.115e-20 0.0 77.22 0.0
S028971 115.0753 50.9867 9.12e-19 1.123e-18 1.189e-18 0.0 78.95 0.0
S028972 114.8557 50.7326 1.431e-12 1.082e-12 4.502e-13 0.0 77.84 1.0
S028973 114.8961 50.8814 4.752e-19 5.987e-19 6.903e-19 0.0 78.53 0.0
S028974 115.0975 50.9923 3.806e-17 7.915e-17 2.587e-16 0.0 75.3 0.0
S028975 115.0773 50.9933 3.8220000000000004e-21 7.836e-21 2.4210000000000002e-20 0.0 75.64 0.0
S028976 114.9093 50.9484 5.344e-22 1.266e-21 5.566e-21 0.0 77.45 0.0
S028977 115.0602 50.9795 1.915e-18 2.197e-18 2.083e-18 0.0 77.29 0.0
S028978 115.0517 50.9804 1.559e-19 2.138e-19 3.021e-19 0.0 77.53 0.0
S028979 115.0543 51.0093 6.809e-24 2.3779999999999998e-23 2.339e-22 0.0 75.97 1.0
S028980 115.0725 50.9802 1.822e-18 1.943e-18 1.639e-18 0.0 77.32 0.0
S028981 115.0477 50.9909 8.471e-22 1.91e-21 7.662e-21 0.0 76.85 0.0
S028982 115.085 50.9839 1.2969999999999998e-22 3.192e-22 1.483e-21 0.0 74.95 0.0
S028983 115.0417 50.9553 4.0939999999999996e-22 9.239e-22 3.533e-21 0.0 77.61 0.0
S028984 115.1221 51.0004 4.711e-18 4.935e-18 3.971e-18 0.0 74.72 0.0
S028985 115.1031 51.0023 1.0599999999999998e-22 2.338e-22 8.845e-22 0.0 74.66 0.0
S028986 115.0241 50.9124 1.323e-18 1.474e-18 1.351e-18 0.0 77.65 0.0
S028987 114.967 50.8747 2.769e-20 4.395e-20 8.493e-20 0.0 78.0 0.0
S028988 115.0667 51.0129 4.863999999999999e-22 1.085e-21 4.1e-21 0.0 75.81 0.0
S028989 115.0868 50.9837 1.605e-18 1.838e-18 1.705e-18 0.0 74.84 0.0
S028990 114.9672 50.938 4.403e-19 5.66e-19 6.709e-19 0.0 78.07 0.0
S028991 115.1225 51.0037 1.231e-19 1.694e-19 2.364e-19 0.0 74.39 0.0
S028992 115.0346 50.9635 1.837e-21 3.713e-21 1.128e-20 0.0 77.77 0.0
S028993 115.1153 51.0157 6.144e-21 1.1360000000000001e-20 2.892e-20 0.0 74.3 0.0
S028994 115.1209 50.9816 3.1269999999999995e-22 6.904e-22 2.576e-21 0.0 75.48 0.0
S028995 115.0773 50.9853 1.354e-22 3.2409999999999996e-22 1.45e-21 0.0 76.05 0.0
S028996 114.8548 50.8783 1.028e-16 8.326e-17 4.037e-17 0.0 78.54 0.0
S028997 115.1217 51.0051 1.0810000000000001e-20 2.0230000000000003e-20 5.439000000000001e-20 0.0 74.29 0.0
S028998 115.0691 50.9826 2.243e-21 4.431e-21 1.3000000000000001e-20 0.0 76.85 0.0
S028999 115.2938 51.1094 1.199e-19 1.739e-19 2.69e-19 0.0 73.38 0.0
S029000 114.9637 50.9101 1.614e-18 1.877e-18 1.809e-18 0.0 78.29 0.0
S029001 115.0369 50.8935 1.964e-22 4.891999999999999e-22 2.255e-21 0.0 77.2 0.0
S029002 115.0921 51.0094 2.807e-20 4.459e-20 8.536000000000001e-20 0.0 75.18 1.0
S029003 115.0607 50.9738 7.918e-19 1.065e-18 1.346e-18 0.0 77.23 0.0
S029004 115.0385 50.9689 1.5e-19 2.05e-19 2.907e-19 0.0 77.76 0.0
S029005 115.1475 51.0207 2.893e-21 6.2600000000000005e-21 2.188e-20 0.0 74.0 0.0
S029006 115.1655 50.9946 6.139e-23 1.8e-22 1.204e-21 0.0 75.06 0.0
S029007 115.1719 51.0313 2.271e-12 1.926e-12 9.612e-13 0.0 74.14 1.0
S029008 115.0691 50.8935 1.18e-22 3.0309999999999995e-22 1.589e-21 0.0 76.67 0.0
S029009 115.0856 50.9869 1.164e-18 1.309e-18 1.199e-18 0.0 74.69 0.0
S029010 115.0799 50.9923 2.4930000000000002e-20 3.947e-20 7.415000000000001e-20 0.0 75.04 0.0
S029011 115.1068 51.0071 2.767e-20 4.7100000000000005e-20 1.006e-19 0.0 74.38 0.0
S029012 115.0837 50.9918 7.054e-23 1.8249999999999998e-22 9.545999999999999e-22 0.0 74.86 0.0
S029013 115.111 50.9055 8.051e-21 1.4710000000000003e-20 3.788e-20 0.0 76.3 0.0
S029014 115.0745 50.9914 2.219e-22 5.538e-22 2.576e-21 0.0 75.87 0.0
S029015 115.0778 50.9709 2.042e-17 2.945e-17 4.672e-17 0.0 76.75 0.0
S029016 115.088 50.9898 8.864e-23 2.4169999999999997e-22 1.4430000000000001e-21 0.0 74.54 0.0
S029017 115.1168 51.0159 4.9370000000000006e-20 7.764000000000001e-20 1.39e-19 0.0 74.24 0.0
S029018 115.0773 50.9895 4.168e-20 6.418e-20 1.129e-19 0.0 75.91 0.0
S029019 115.1061 51.0381 1.1409999999999998e-22 2.8009999999999995e-22 1.297e-21 0.0 74.51 0.0
S029020 115.0339 50.9427 6.104e-22 1.239e-21 3.857e-21 0.0 77.97 0.0
S029021 115.0902 50.9924 3.717e-21 7.128e-21 1.966e-20 0.0 74.58 0.0
S029022 115.0192 51.0165 1.0889999999999998e-22 2.894e-22 1.615e-21 0.0 76.32 0.0
S029023 115.1005 50.9717 2.114e-23 6.790999999999999e-23 5.4599999999999995e-22 0.0 75.9 0.0
S029024 115.0772 50.9939 1.1980000000000001e-20 2.122e-20 5.1430000000000007e-20 0.0 75.59 0.0
S029025 115.0759 50.9956 7.942e-22 1.748e-21 6.574e-21 0.0 74.54 0.0
S029026 115.1238 51.0045 2.693e-18 2.871e-18 2.364e-18 0.0 74.64 0.0
S029027 115.0758 50.9559 3.098e-21 6.671e-21 2.264e-20 0.0 76.83 0.0
S029028 115.0871 50.9899 7.327e-23 1.797e-22 8.227e-22 0.0 74.82 0.0
S029029 115.0881 50.9636 5.471999999999999e-22 1.237e-21 4.87e-21 0.0 76.27 0.0
S029030 115.1027 50.9884 9.21e-21 1.649e-20 4.0400000000000005e-20 0.0 75.31 0.0
S029031 115.0837 51.0417 4.745e-17 7.511e-17 1.399e-16 0.0 75.38 0.0
S029032 115.1162 51.0303 1.395e-21 3.093e-21 1.1960000000000002e-20 0.0 74.29 0.0
S029033 115.0402 50.9508 3.206e-21 6.205e-21 1.7440000000000002e-20 0.0 77.58 0.0
S029034 115.0923 51.0098 5.727e-23 1.566e-22 9.343999999999999e-22 0.0 75.01 0.0
S029035 115.1272 51.0445 1.4889999999999998e-23 4.7719999999999996e-23 3.9439999999999995e-22 0.0 74.11 0.0
S029036 115.1115 51.0263 3.564e-18 3.834e-18 3.268e-18 0.0 74.7 0.0
S029037 114.9933 50.954 1.82e-18 2.049e-18 1.863e-18 0.0 77.62 0.0
S029038 114.9954 50.9878 7.645e-18 7.43e-18 5.112e-18 0.0 76.91 0.0
S029039 115.0682 50.9794 2.705e-21 5.574e-21 1.7650000000000002e-20 0.0 76.59 0.0
S029040 115.2079 51.0684 1.081e-21 2.27e-21 7.98e-21 0.0 73.77 0.0
S029041 115.1062 50.969 1.411e-17 2.633e-17 6.763e-17 0.0 75.81 0.0
S029042 114.9086 50.9256 2.716e-23 7.986e-23 5.4599999999999995e-22 0.0 78.2 0.0
S029043 115.0826 50.9862 6.565e-18 1.227e-17 3.328e-17 0.0 74.88 0.0
S029044 115.0834 50.9906 9.615999999999999e-23 2.5559999999999996e-22 1.396e-21 0.0 74.73 0.0
S029045 115.1454 51.0165 7.848999999999999e-22 1.861e-21 8.097e-21 0.0 74.18 0.0
S029046 115.0884 51.0316 1.772e-17 1.656e-17 1.06e-17 0.0 75.07 0.0
S029047 115.2746 51.0676 1.489e-21 3.348e-21 1.2470000000000001e-20 0.0 73.92 0.0
S029048 115.0584 50.9757 6.2000000000000004e-21 1.1140000000000001e-20 2.7100000000000003e-20 0.0 77.24 0.0
S029049 115.0423 50.9615 1.73e-21 3.471e-21 1.0670000000000001e-20 0.0 77.79 0.0
S029050 115.0646 50.9333 3.16e-15 1.016e-14 8.457e-14 0.0 76.9 1.0
S029051 115.0828 50.9907 2.512e-23 7.336999999999999e-23 4.8659999999999995e-22 0.0 74.69 0.0
S029052 115.0838 50.9904 6.305e-17 9.262e-17 1.488e-16 0.0 74.64 0.0
S029053 114.9514 51.0161 1.2869999999999999e-22 2.9649999999999996e-22 1.181e-21 0.0 76.57 0.0
S029054 115.2011 51.0463 1.8059999999999998e-23 6.116e-23 5.684e-22 0.0 73.88 0.0
S029055 115.059 50.9559 9.122e-19 1.093e-18 1.114e-18 0.0 77.11 0.0
S029056 115.0952 51.023 4.265e-21 2.903e-21 9.777999999999998e-22 0.0 75.12 0.0
S029057 115.0534 50.9876 1.522e-18 1.705e-18 1.562e-18 0.0 77.5 0.0
S029058 115.088 50.9838 3.271e-17 6.396e-17 1.826e-16 0.0 74.93 0.0
S029059 115.0029 50.9649 1.505e-20 2.6000000000000002e-20 5.764000000000001e-20 0.0 77.52 1.0
S029060 115.0263 50.9916 9.329999999999999e-23 2.413e-22 1.248e-21 0.0 77.0 0.0
S029061 115.0475 50.9714 2.421e-22 6.335999999999999e-22 3.496e-21 0.0 77.57 0.0
S029062 115.1644 51.0074 5.856e-21 1.1140000000000001e-20 3.134e-20 0.0 74.66 0.0
S029063 114.997 50.9528 5.2969999999999995e-22 1.219e-21 4.927e-21 0.0 78.23 0.0
S029064 115.1277 50.9998 2.067e-21 4.194e-21 1.3100000000000002e-20 0.0 74.94 0.0
S029065 115.0734 50.9887 4.415e-19 5.589e-19 6.639e-19 0.0 76.94 0.0
S029066 115.0538 50.9591 1.509e-21 3.276e-21 1.187e-20 0.0 77.48 0.0
S029067 115.0582 50.9607 2.193e-18 2.348e-18 1.991e-18 0.0 77.53 0.0
S029068 115.0103 50.9846 2.411e-19 3.236e-19 4.337e-19 0.0 77.96 0.0
S029069 115.1006 50.9506 6.035e-21 3.945e-21 1.2110000000000001e-21 0.0 76.59 0.0
S029070 115.0566 51.0172 6.508e-17 5.824e-17 3.354e-17 0.0 74.88 0.0
S029071 115.125 50.9752 1.496e-17 1.397e-17 8.943e-18 0.0 74.64 0.0
S029072 115.0408 50.9835 7.522e-19 9.504e-19 1.094e-18 0.0 77.3 0.0
S029073 115.078 50.9437 5.413e-19 6.702e-19 7.754e-19 0.0 76.8 0.0
S029074 115.0055 50.946 1.548e-23 5.007e-23 4.359999999999999e-22 0.0 78.16 0.0
S029075 115.0597 51.0047 1.48e-18 1.692e-18 1.58e-18 0.0 75.96 0.0
S029076 115.081 50.9426 6.315e-18 6.492e-18 4.883e-18 0.0 76.83 0.0
S029077 115.0564 51.0238 1.494e-17 1.44e-17 9.671e-18 0.0 75.44 0.0
S029078 115.1427 51.0217 3.764e-19 5.303e-19 7.551e-19 0.0 74.01 0.0
S029079 115.0711 50.9742 1.537e-16 1.258e-16 6.111e-17 0.0 76.58 0.0
S029080 115.0626 50.9861 1.663e-16 2.831e-16 6.055e-16 0.0 76.47 0.0
S029081 114.9623 50.9587 1.486e-19 2.011e-19 2.601e-19 0.0 78.08 0.0
S029082 115.0173 51.0018 8.511999999999999e-22 1.972e-21 8.151e-21 0.0 77.95 0.0
S029083 115.0801 50.9493 1.627e-21 1.255e-21 5.461e-22 0.0 76.98 0.0
S029084 115.1166 50.9732 2.286e-19 3.037e-19 3.893e-19 0.0 74.37 0.0
S029085 115.0457 50.9454 5.738999999999999e-23 1.406e-22 6.314999999999999e-22 0.0 77.94 0.0
S029086 115.0566 51.0077 7.823e-19 9.336e-19 9.741e-19 0.0 75.78 0.0
S029087 115.0725 50.9758 2.303e-17 4.652e-17 1.429e-16 0.0 77.43 0.0
S029088 115.0596 51.0061 4.899e-17 9.531e-17 2.736e-16 0.0 75.87 0.0
S029089 115.0796 50.9644 2.956e-23 7.785e-23 4.1469999999999996e-22 0.0 76.82 0.0
S029090 115.1144 50.9694 1.467e-12 1.071e-12 4.168e-13 0.0 75.42 0.0
S029091 115.0738 50.9686 3.28e-18 3.439e-18 2.806e-18 0.0 77.3 0.0
S029092 115.0794 51.0062 5.85e-23 1.396e-22 6.343999999999999e-22 0.0 75.52 0.0
S029093 115.0454 50.9611 1.331e-21 2.974e-21 1.123e-20 0.0 77.67 0.0
S029094 115.0715 51.0369 2.3760000000000002e-20 3.954e-20 8.485000000000001e-20 0.0 74.24 0.0
S029095 115.1539 50.9897 8.156999999999999e-22 1.855e-21 7.269e-21 0.0 73.92 0.0
S029096 115.075 51.003 7.054e-18 7.051e-18 5.194e-18 0.0 75.67 0.0
S029097 115.0364 50.9636 2.221e-19 3.012e-19 3.978e-19 0.0 77.45 0.0
S029098 115.0933 50.9659 3.6169999999999995e-22 8.714999999999999e-22 3.943e-21 0.0 76.27 0.0
S029099 115.0939 50.9798 5.609e-21 1.032e-20 2.702e-20 0.0 75.48 0.0
S029100 115.06 50.9836 3.5059999999999995e-22 8.086999999999999e-22 3.271e-21 0.0 76.52 0.0
S029101 115.0131 50.9719 1.117e-23 3.584e-23 3.029e-22 0.0 77.97 0.0
S029102 115.0695 50.9769 3.215e-19 4.408e-19 6.115e-19 0.0 76.46 0.0
S029103 115.0416 50.9596 3.9e-17 3.551e-17 2.136e-17 0.0 77.48 0.0
S029104 115.0005 50.9892 1.954e-17 1.804e-17 1.127e-17 0.0 77.79 0.0
S029105 115.1228 51.0133 1.822e-12 1.308e-12 4.803e-13 0.0 74.16 0.0
S029106 115.0172 50.9782 5.429e-19 6.742e-19 7.568e-19 0.0 78.01 0.0
S029107 115.0784 51.0387 3.531e-21 2.4820000000000002e-21 8.736e-22 0.0 74.54 0.0
S029108 115.0785 50.9873 4.016e-21 7.513000000000001e-21 2.0090000000000003e-20 0.0 75.87 0.0
S029109 115.0632 50.9795 2.345e-17 2.079e-17 1.176e-17 0.0 77.26 0.0
S029110 115.0606 50.9987 4.063e-21 2.823e-21 9.700999999999999e-22 0.0 76.2 0.0
S029111 115.1358 50.9443 1.346e-19 1.926e-19 2.916e-19 0.0 75.36 0.0
S029112 115.1482 51.0275 6.799e-22 1.5260000000000001e-21 5.88e-21 0.0 73.89 0.0
S029113 115.0865 50.9556 7.787e-17 1.438e-16 3.785e-16 0.0 76.87 0.0
S029114 115.1194 50.9547 6.86e-19 8.645e-19 9.885e-19 0.0 74.27 0.0
S029115 115.07 51.0057 1.506e-17 1.423e-17 9.182e-18 0.0 75.8 0.0
S029116 115.1128 50.9841 2.156e-17 2.037e-17 1.304e-17 0.0 74.48 0.0
S029117 115.0165 51.0046 9.699999999999999e-23 2.426e-22 1.177e-21 0.0 77.63 0.0
S029118 115.0691 50.9629 1.799e-12 1.356e-12 5.53e-13 0.0 76.92 1.0
S029119 115.0944 50.944 3.011e-17 4.938e-17 9.724e-17 0.0 77.66 0.0
S029120 115.0919 50.9729 4.4789999999999995e-22 1.034e-21 4.146e-21 0.0 75.99 0.0
S029121 115.0869 51.0223 4.42e-23 1.2339999999999998e-22 7.4659999999999995e-22 0.0 74.48 0.0
S029122 115.069 50.9441 2.941e-22 7.259e-22 3.2840000000000002e-21 0.0 77.07 0.0
S029123 115.0762 51.0045 2.367e-21 5.262e-21 1.977e-20 0.0 75.36 0.0
S029124 115.0544 50.9963 3.585e-18 3.933e-18 3.462e-18 0.0 76.69 0.0
S029125 115.0775 50.9706 5.796e-19 7.352e-19 8.772e-19 0.0 76.58 0.0
S029126 115.0872 50.9976 1.7399999999999999e-22 4.303e-22 2.003e-21 0.0 75.26 0.0
S029127 115.0097 50.9703 5.655e-17 4.657e-17 2.328e-17 0.0 77.65 1.0
S029128 115.0956 51.0184 1.28e-17 1.277e-17 8.886e-18 0.0 75.01 0.0
S029129 115.1233 50.998 1.589e-18 1.9e-18 1.95e-18 0.0 75.21 0.0
S029130 115.0421 51.024 3.2e-17 6.652e-17 2.217e-16 0.0 75.89 0.0
S029131 115.022 50.9506 1.868e-16 1.502e-16 6.896e-17 0.0 77.5 0.0
S029132 115.0772 50.9796 2.587e-12 2.138e-12 1.065e-12 0.0 76.52 1.0
S029133 115.0733 51.0178 2.233e-17 4.271e-17 1.168e-16 0.0 75.27 0.0
S029134 115.034 50.9431 5.516e-19 6.975e-19 7.96e-19 0.0 78.07 0.0
S029135 115.1249 51.0436 3.831e-17 6.426e-17 1.357e-16 0.0 73.94 0.0
S029136 115.0407 50.9408 2.945e-17 2.663e-17 1.608e-17 0.001 77.85 0.0
S029137 115.0341 50.9421 5.176e-20 7.586000000000001e-20 1.215e-19 0.0 77.64 0.0
S029138 115.1447 50.9787 1.845e-16 1.503e-16 7.367e-17 0.0 74.15 0.0
S029139 115.0364 50.9917 3.049e-18 3.44e-18 3.199e-18 0.0 77.2 0.0
S029140 115.0823 50.9701 1.953e-23 6.57e-23 6.042e-22 0.0 76.42 0.0
S029141 115.071 51.0035 5.115e-18 5.404e-18 4.292e-18 0.0 75.09 0.0
S029142 115.0683 50.9417 1.299e-12 9.921e-13 4.062e-13 0.0 77.3 1.0
S029143 115.0337 50.9722 8.694e-24 2.804e-23 2.332e-22 0.0 77.72 0.0
S029144 115.0161 51.0033 7.713e-21 1.466e-20 4.0730000000000006e-20 0.0 77.16 0.0
S029145 115.0732 51.0169 3.8639999999999996e-22 9.447e-22 4.373e-21 0.0 75.28 0.0
S029146 115.1025 50.9623 3.281e-23 1.0439999999999999e-22 8.517e-22 0.0 75.91 0.0
S029147 115.1152 50.9593 7.516e-13 5.251e-13 1.866e-13 0.0 74.36 0.0
S029148 115.0289 50.9874 8.884e-18 1.925e-17 6.863e-17 0.0 77.11 0.0
S029149 115.0943 50.9834 3.398e-23 9.93e-23 6.6339999999999995e-22 0.0 75.66 0.0
S029150 115.0816 50.9913 4.2820000000000005e-20 6.863e-20 1.311e-19 0.0 75.81 0.0
S029151 115.0869 50.9868 7.087e-24 2.2039999999999998e-23 1.6729999999999999e-22 0.0 75.76 0.0
S029152 115.1097 50.9337 2.441e-17 2.144e-17 1.207e-17 0.0 76.47 0.0
S029153 115.0776 51.0081 3.721e-20 6.005000000000001e-20 1.206e-19 0.0 74.49 0.0
S029154 115.029 50.9568 2.078e-18 2.358e-18 2.173e-18 0.0 77.79 0.0
S029155 115.0429 51.026 2.977e-21 5.604e-21 1.522e-20 0.0 75.88 0.0
S029156 115.0895 50.9511 3.269e-17 3.007e-17 1.891e-17 0.0 77.72 0.0
S029157 115.086 51.0106 1.043e-18 1.264e-18 1.36e-18 0.0 74.57 0.0
S029158 115.0966 51.0318 7.483000000000001e-20 1.182e-19 2.227e-19 0.0 74.29 0.0
S029159 115.109 51.0136 2.96e-17 4.512e-17 7.536e-17 0.0 74.42 0.0
S029160 115.1007 51.0192 1.377e-17 2.071e-17 3.56e-17 0.0 74.26 0.0
S029161 115.0714 50.9905 2.751e-14 1.035e-13 1.168e-12 0.0 76.12 0.0
S029162 115.1032 51.0236 3.594e-21 2.533e-21 8.841e-22 0.0 74.19 0.0
S029163 115.0913 50.9895 1.119e-16 2.873e-16 1.451e-15 0.0 75.14 1.0
S029164 115.0799 50.9674 1.981e-21 1.499e-21 6.285999999999999e-22 0.0 76.96 0.0
S029165 115.0468 50.9604 1.8410000000000002e-20 3.174e-20 7.237e-20 0.0 77.54 0.0
S029166 115.0803 50.9855 9.266e-19 1.109e-18 1.141e-18 0.001 75.83 0.0
S029167 115.0867 51.0254 2.61e-24 1.138e-23 1.771e-22 0.0 74.36 0.0
S029168 115.0869 51.0147 2.4440000000000003e-20 3.9520000000000004e-20 8.015000000000001e-20 0.0 74.47 0.0
S029169 115.0866 50.9925 1.935e-19 2.613e-19 3.489e-19 0.0 75.61 0.0
S029170 115.0926 51.0035 3.212e-21 2.2680000000000002e-21 8.026999999999999e-22 0.0 75.16 0.0
S029171 115.059 50.9334 2.735e-23 8.621999999999999e-23 6.610999999999999e-22 0.0 77.12 0.0
S029172 115.0828 51.0243 9.882e-17 8.066e-17 3.927e-17 0.0 74.38 0.0
S029173 115.0781 51.0188 4.283e-19 5.56e-19 6.786e-19 0.0 75.02 0.0
S029174 115.0783 50.9385 5.547e-19 7.107e-19 8.653e-19 0.0 76.97 0.0
S029175 115.1022 50.9634 1.656e-12 1.57e-12 1.025e-12 0.0 75.92 1.0
S029176 115.0611 51.0404 2.195e-17 3.671e-17 7.714e-17 0.0 74.06 0.0
S029177 115.1178 50.9961 6.41e-17 4.975e-17 2.239e-17 0.0 74.39 0.0
S029178 115.0802 50.9897 5.314e-23 1.6239999999999998e-22 1.201e-21 0.0 74.3 0.0
S029179 115.0628 51.0446 1.386e-21 3.0050000000000002e-21 1.085e-20 0.0 74.48 0.0
S029180 115.0384 50.995 3.451e-17 2.935e-17 1.571e-17 0.0 77.08 0.0
S029181 115.0439 50.9375 1.371e-21 3.041e-21 1.128e-20 0.0 78.0 0.0
S029182 115.0629 50.9684 3.964e-18 4.015e-18 3.078e-18 0.0 77.08 0.0
S029183 115.081 51.0339 4.625e-21 8.736e-21 2.284e-20 0.0 74.59 0.0
S029184 115.0579 51.0344 1.264e-18 1.571e-18 1.745e-18 0.0 74.75 0.0
S029185 115.0479 50.9696 1.951e-17 3.868e-17 1.129e-16 0.0 77.59 0.0
S029186 115.0554 50.9813 6.383e-19 8.537e-19 1.1e-18 0.0 77.39 0.0
S029187 115.0586 50.975 5.87e-21 1.085e-20 2.815e-20 0.0 76.98 0.0
S029188 114.9949 50.9939 3.427e-17 5.414e-17 9.782e-17 0.0 77.52 0.0
S029189 115.0687 50.964 1.4279999999999999e-22 3.274e-22 1.344e-21 0.0 77.59 0.0
S029190 115.0367 50.972 7.683e-16 5.927e-16 2.513e-16 0.0 77.65 1.0
S029191 115.0957 50.9614 4.746e-21 8.961e-21 2.5070000000000002e-20 0.0 76.11 0.0
S029192 115.0382 50.9794 3.156e-17 5.611e-17 1.305e-16 0.0 77.07 0.0
S029193 115.0976 50.9864 4.235e-21 8.366e-21 2.5280000000000002e-20 0.0 75.21 0.0
S029194 115.0477 50.9811 1.2080000000000002e-20 2.067e-20 4.5790000000000005e-20 0.0 77.3 0.0
S029195 115.0562 50.9479 2.335e-19 3.145e-19 4.117e-19 0.0 77.87 1.0
S029196 115.0714 50.9602 2.777e-22 6.631999999999999e-22 2.991e-21 0.0 77.21 0.0
S029197 115.0878 50.9781 2.147e-21 4.239e-21 1.223e-20 0.0 75.91 0.0
S029198 115.1175 51.0247 5.572999999999999e-22 1.237e-21 4.641e-21 0.0 74.08 0.0
S029199 115.0527 50.9752 1.334e-17 1.287e-17 8.854e-18 0.0 77.01 0.0
S029200 115.1071 51.002 1.063e-20 1.884e-20 4.45e-20 0.0 74.71 0.0
S029201 115.0771 50.9592 7.905e-13 5.585e-13 2.027e-13 0.0 76.72 0.0
S029202 115.0584 50.9746 5.052e-20 8.02e-20 1.555e-19 0.0 77.15 0.0
S029203 115.0852 50.9687 3.695e-17 5.799e-17 1.043e-16 0.001 76.54 0.0
S029204 114.9475 50.9393 2.573e-17 4.027e-17 7.243e-17 0.0 78.33 0.0
S029205 115.0328 50.9809 1.528e-19 2.246e-19 3.489e-19 0.0 77.19 0.0
S029206 115.0924 51.0213 3.528e-19 4.721e-19 6.152e-19 0.0 74.82 0.0
S029207 115.0638 50.9944 4.374e-19 5.943e-19 7.895e-19 0.0 76.13 0.0
S029208 115.0577 50.9675 5.109e-17 4.216e-17 2.102e-17 0.0 77.63 0.0
S029209 115.0747 51.0092 5.937e-23 1.8269999999999997e-22 1.381e-21 0.0 74.81 0.0
S029210 115.0965 51.0022 6.226e-20 9.630000000000001e-20 1.707e-19 0.0 75.06 0.0
S029211 115.0485 51.0062 3e-18 3.394e-18 3.219e-18 0.0 76.51 0.0
S029212 115.0534 50.9689 4.326e-21 2.985e-21 1.01e-21 0.0 77.38 0.0
S029213 115.0467 50.9787 3.849e-21 7.663e-21 2.2310000000000002e-20 0.0 77.42 0.0
S029214 115.033 50.9635 5.904e-24 2.207e-23 2.478e-22 0.0 77.82 0.0
S029215 115.097 51.0021 1.53e-18 1.748e-18 1.602e-18 0.0 74.55 0.0
S029216 115.1301 50.9954 1.348e-12 9.378e-13 3.292e-13 0.0 74.36 0.0
S029217 115.0507 50.9749 7.154e-21 1.3380000000000001e-20 3.4900000000000003e-20 0.0 77.42 0.0
S029218 115.1118 50.9934 1.536e-20 2.626e-20 5.702e-20 0.0 74.39 0.0
S029219 115.0314 50.9673 4.1639999999999998e-22 1.031e-21 4.865e-21 0.0 77.71 0.0
S029220 115.1193 50.9965 1.164e-18 1.388e-18 1.388e-18 0.0 74.49 0.0
S029221 115.0457 50.9762 4.736e-21 8.595e-21 2.1040000000000002e-20 0.0 77.21 0.0
S029222 115.121 50.9944 1.853e-20 3.141e-20 6.699e-20 0.0 74.72 0.0
S029223 115.1094 50.9943 1.902e-18 2.175e-18 2.016e-18 0.0 74.55 0.0
S029224 115.0495 50.9861 1.656e-18 1.844e-18 1.656e-18 0.0 77.07 0.0
S029225 115.1315 51.0054 8.122e-17 6.827e-17 3.399e-17 0.0 74.36 0.0
S029226 115.0558 50.9705 2.1010000000000002e-21 4.186e-21 1.2360000000000001e-20 0.0 77.3 0.0
S029227 115.1154 51.0 4.2960000000000005e-20 6.845000000000001e-20 1.266e-19 0.0 74.69 0.0
S029228 115.0544 50.9873 2.069e-17 1.89e-17 1.114e-17 0.0 76.93 0.0
S029229 115.0456 50.9672 4.179e-22 1.0090000000000001e-21 4.677e-21 0.0 77.45 0.0
S029230 115.0332 50.9773 7.719e-20 1.178e-19 2.052e-19 0.0 77.43 0.0
S029231 115.0594 50.9952 6.473e-17 5.453e-17 2.906e-17 0.0 76.41 0.0
S029232 115.1117 51.0099 3.436e-20 5.857e-20 1.341e-19 0.0 74.32 0.0
S029233 115.1151 50.9978 5.762e-21 1.051e-20 2.7090000000000004e-20 0.0 74.59 0.0
S029234 115.112 51.0001 3.3200000000000002e-21 2.34e-21 8.309999999999999e-22 0.0 74.69 0.0
S029235 115.0906 50.992 1.762e-18 1.947e-18 1.722e-18 0.0 74.65 1.0
S029236 115.0474 50.9747 1.792e-17 1.674e-17 1.056e-17 0.0 77.14 0.0
S029237 115.0367 50.982 4.753e-22 1.118e-21 4.7e-21 0.0 77.41 0.0
S029238 115.0277 50.9651 1.527e-21 3.218e-21 1.0720000000000001e-20 0.0 77.77 0.0
S029239 115.0184 50.9662 6.751000000000001e-20 1.036e-19 1.798e-19 0.0 77.49 0.0
S029240 115.1124 51.0086 1.359e-17 1.287e-17 8.514e-18 0.0 74.44 0.0
S029241 115.1143 51.0125 4.747e-13 3.225e-13 1.091e-13 0.0 74.58 0.0
S029242 115.1058 50.991 2.7640000000000004e-20 4.631e-20 9.864000000000001e-20 0.0 75.0 0.0
S029243 115.019 50.9711 6.225e-19 7.358e-19 7.634e-19 0.0 77.64 0.0
S029244 115.1335 51.0006 4.508e-17 1.059e-16 4.366e-16 0.0 74.35 1.0
S029245 115.124 50.9989 1.311e-18 1.546e-18 1.526e-18 0.0 74.48 0.0
S029246 115.1105 50.9999 8.228e-24 2.8089999999999996e-23 2.694e-22 0.0 74.6 0.0
S029247 115.0566 50.9809 4.208e-21 2.906e-21 9.979e-22 0.0 77.06 0.0
S029248 115.0454 50.9753 1.17e-16 2.667e-16 1.101e-15 0.0 77.06 1.0
S029249 115.0388 50.9718 3.542e-21 2.48e-21 8.923999999999999e-22 0.0 77.32 0.0
S029250 115.0353 50.9704 4.703e-17 9.26e-17 2.628e-16 0.0 77.33 0.0
S029251 115.0319 50.9744 6.696e-19 8.699e-19 1.045e-18 0.0 77.5 0.0
S029252 115.0349 50.9795 4.79e-19 5.699e-19 5.963e-19 0.0 77.57 0.0
S029253 115.0326 50.9758 5.714e-22 1.444e-21 7.004e-21 0.0 77.49 0.0
S029254 115.12 50.9962 4.125e-17 3.523e-17 1.931e-17 0.0 74.59 0.0
S029255 115.094 50.9819 1.115e-17 1.05e-17 6.803e-18 0.0 75.58 0.0
S029256 115.0278 50.9726 2.455e-19 3.273e-19 4.202e-19 0.0 77.6 0.0
S029257 115.0273 50.9558 7.845e-21 1.494e-20 4.0550000000000004e-20 0.0 77.8 0.0
S029258 115.0326 50.9748 1.655e-19 2.224e-19 2.867e-19 0.0 77.46 0.0
S029259 115.0321 50.988 3.829e-20 6.225000000000001e-20 1.212e-19 0.0 77.08 0.0
S029260 115.0544 50.9787 3.376e-17 5.938e-17 1.408e-16 0.0 77.53 0.0
S029261 115.1218 51.0126 7.404e-17 6.308e-17 3.187e-17 0.0 74.28 0.0
S029262 115.1137 51.0081 2.176e-17 1.859e-17 9.494e-18 0.0 74.63 0.0
S029263 115.0355 50.974 1.307e-19 1.829e-19 2.55e-19 0.0 77.37 0.0
S029264 115.1114 50.9955 2.685e-17 2.402e-17 1.406e-17 0.0 74.96 0.0
S029265 115.1271 51.0116 4.246e-22 9.421e-22 3.689e-21 0.0 74.42 0.0
S029266 115.0455 50.9721 1.956e-17 1.92e-17 1.384e-17 0.0 77.5 0.0
S029267 115.1133 51.0046 3.075e-24 1.086e-23 1.0819999999999998e-22 0.0 74.58 0.0
S029268 115.1237 51.0101 1.805e-20 3.1020000000000004e-20 6.765000000000001e-20 0.0 74.46 0.0
S029269 115.025 50.9707 1.976e-17 3.94e-17 1.247e-16 0.0 77.59 0.0
S029270 115.115 51.0003 2.123e-17 3.9e-17 1.023e-16 0.001 74.72 0.0
S029271 115.1192 50.9981 3.905e-18 4.096e-18 3.276e-18 0.0 74.52 0.0
S029272 115.1035 50.9991 3.966e-21 7.208e-21 1.7720000000000002e-20 0.0 74.9 0.0
S029273 115.0282 50.9664 5.462e-16 3.914e-16 1.465e-16 0.0 77.52 0.0
S029274 115.0276 50.9746 4.582e-18 4.943e-18 4.065e-18 0.0 77.59 0.0
S029275 115.017 50.9563 1.535e-17 1.432e-17 9.001e-18 0.0 77.73 0.0
S029276 115.0183 50.968 1.296e-12 1.104e-12 5.871e-13 0.0 77.71 1.0
S029277 115.0557 50.9708 2.065e-19 2.906e-19 4.054e-19 0.0 77.41 0.0
S029278 115.1081 50.9872 1.272e-18 1.532e-18 1.627e-18 0.0 75.27 0.0
S029279 115.0122 50.9639 5.469e-17 1.105e-16 3.534e-16 0.0 77.63 0.0
S029280 115.0089 50.9584 3.534e-18 3.706e-18 3.037e-18 0.0 77.65 0.0
S029281 115.0161 50.9719 1.2749999999999998e-22 3.251e-22 1.704e-21 0.0 77.62 0.0
S029282 115.0397 50.9793 9.838e-17 8.229e-17 4.231e-17 0.0 77.21 0.0
S029283 115.0416 50.9763 9.354e-23 2.4839999999999997e-22 1.4280000000000001e-21 0.0 77.37 0.0
S029284 115.1362 51.0002 9.519e-19 1.099e-18 1.091e-18 0.0 74.41 0.0
S029285 115.1208 50.9982 7.592e-20 1.135e-19 1.858e-19 0.0 74.74 0.0
S029286 115.0108 50.9676 1.066e-22 2.9529999999999998e-22 1.754e-21 0.0 77.71 0.0
S029287 115.0366 50.9636 2.396e-17 2.315e-17 1.543e-17 0.0 77.69 0.0
S029288 115.0169 50.9833 1.005e-23 3.169e-23 2.4159999999999996e-22 0.0 77.23 0.0
S029289 115.0462 50.9811 2.461e-18 2.697e-18 2.316e-18 0.0 77.07 0.0
S029290 115.0301 50.976 9.019e-24 3.298e-23 3.6709999999999996e-22 0.0 77.63 0.0
S029291 115.0358 50.9732 3.2499999999999997e-22 7.899e-22 3.558e-21 0.0 77.67 0.0
S029292 115.1378 51.0077 1.177e-19 1.722e-19 2.808e-19 0.0 74.35 0.0
S029293 115.1188 50.9932 3.912e-21 2.7e-21 9.057e-22 0.0 74.75 0.0
S029294 115.1293 51.0139 2.252e-24 9.181e-24 1.263e-22 0.0 74.34 0.0
S029295 115.1109 51.0058 1.8780000000000003e-20 3.1770000000000005e-20 6.712000000000001e-20 0.0 74.66 0.0
S029296 115.0177 50.9674 1.218e-18 1.314e-18 1.129e-18 0.0 77.7 0.0
S029297 115.1364 51.0007 1.384e-16 1.078e-16 4.823e-17 0.0 74.4 0.0
S029298 115.0387 50.9783 1.33e-18 1.51e-18 1.406e-18 0.0 77.34 0.0
S029299 115.0019 50.9556 3.1570000000000004e-20 5.1950000000000003e-20 1.026e-19 0.0 77.94 0.0
S029300 115.1223 51.0016 2.0470000000000003e-20 3.318e-20 6.504e-20 0.0 74.51 0.0
S029301 115.1362 51.002 2.7709999999999995e-22 7.144999999999999e-22 3.555e-21 0.0 74.63 0.0
S029302 115.1404 51.0149 2.153e-17 3.506e-17 7.114e-17 0.0 74.3 0.0
S029303 115.1159 50.9879 6.865999999999999e-23 1.6389999999999998e-22 7.498e-22 0.0 74.96 0.0
S029304 115.1082 50.9973 7.229000000000001e-25 2.984e-24 4.205e-23 0.0 74.89 0.0
S029305 115.0353 50.9771 3.3220000000000005e-20 5.743000000000001e-20 1.234e-19 0.0 77.29 0.0
S029306 115.0403 50.9604 7.769e-17 6.501e-17 3.387e-17 0.0 77.54 0.0
S029307 115.1291 51.0032 4.275e-18 4.686e-18 4.018e-18 0.0 74.5 0.0
S029308 115.1398 51.0092 2.746e-18 3.036e-18 2.593e-18 0.0 74.17 0.0
S029309 115.021 50.9708 1.739e-17 3.445e-17 1.057e-16 0.0 77.57 0.0
S029310 115.1316 51.0127 2.729e-18 2.907e-18 2.328e-18 0.0 74.24 0.0
S029311 115.1419 51.0045 1.806e-17 2.692e-17 4.31e-17 0.0 74.34 0.0
S029312 115.1298 51.0186 1.484e-21 3.087e-21 1.0080000000000002e-20 0.0 74.23 0.0
S029313 115.0041 50.9657 1.535e-12 1.315e-12 6.753e-13 0.0 77.6 1.0
S029314 115.0256 50.9632 4.772e-18 4.983e-18 3.794e-18 0.0 77.65 0.0
S029315 115.1377 51.014 6.192e-19 8.084e-19 9.943e-19 0.0 74.27 0.0
S029316 115.1072 51.0164 1.783e-17 1.695e-17 1.057e-17 0.0 74.25 0.0
S029317 115.0252 50.9617 1.548e-22 3.8579999999999997e-22 1.902e-21 0.0 77.57 0.0
S029318 115.0235 50.9644 1.868e-19 2.507e-19 3.391e-19 0.0 77.65 1.0
S029319 115.1347 51.0035 2.768e-17 4.286e-17 7.741e-17 0.0 74.51 0.0
S029320 115.0306 50.977 7.21e-23 1.841e-22 9.460999999999999e-22 0.0 77.46 0.0
S029321 115.1533 51.0255 1.037e-16 8.548e-17 4.12e-17 0.0 74.29 0.0
S029322 115.1527 51.0084 4.828e-24 1.7199999999999998e-23 1.7159999999999998e-22 0.0 74.29 0.0
S029323 115.1113 51.0168 1.9440000000000003e-20 3.3370000000000004e-20 7.307e-20 0.0 74.39 0.0
S029324 115.1487 51.0173 1.169e-23 4.027e-23 3.802e-22 0.0 74.14 1.0
S029325 115.1365 51.0159 3.07e-17 2.767e-17 1.62e-17 0.0 74.31 1.0
S029326 115.0156 50.9733 1.87e-18 2.141e-18 2.102e-18 0.0 77.73 0.0
S029327 115.1255 51.0064 9.78e-18 9.417e-18 6.317e-18 0.0 74.55 0.0
S029328 115.1494 51.0183 2.8629999999999998e-24 9.768e-24 8.916999999999999e-23 0.0 74.32 0.0
S029329 115.1491 51.0051 2.052e-23 6.937999999999999e-23 6.372999999999999e-22 0.0 74.34 0.0
S029330 115.0307 50.9764 3.795e-21 2.61e-21 9.077999999999999e-22 0.0 77.44 0.0
S029331 115.1179 51.008 7.219e-19 8.857e-19 1.007e-18 0.0 74.57 0.0
S029332 115.1115 50.9964 1.024e-16 8.756e-17 4.418e-17 0.0 74.96 0.0
S029333 115.1253 51.0042 2.7059999999999996e-22 7.299999999999999e-22 4.256e-21 0.0 74.85 0.0
S029334 114.9941 50.965 1.275e-21 2.837e-21 1.0790000000000001e-20 0.0 77.69 0.0
S029335 115.0109 50.9655 3.325e-13 2.254e-13 7.598e-14 0.0 77.5 0.0
S029336 115.008 50.9579 1.625e-20 2.6110000000000002e-20 4.933e-20 0.0 77.64 0.0
S029337 115.1352 51.0136 2.132e-17 3.266e-17 5.794e-17 0.0 74.47 0.0
S029338 115.1145 51.0095 3.788e-17 6.17e-17 1.253e-16 0.0 74.6 0.0
S029339 115.0118 50.9602 5.066e-19 6.201e-19 6.759e-19 0.0 77.68 0.0
S029340 115.0127 50.9543 2.099e-18 2.334e-18 2.13e-18 0.0 77.68 0.0
S029341 115.0009 50.9607 1.217e-16 1.823e-16 3.125e-16 0.0 78.07 0.0
S029342 115.0237 50.9567 6.005e-16 4.478e-16 1.784e-16 0.0 77.72 0.0
S029343 115.1573 51.0195 6.439e-13 4.459e-13 1.487e-13 0.0 74.16 0.0
S029344 115.1392 51.0193 6.235e-16 4.764e-16 2.018e-16 0.0 74.38 1.0
S029345 115.0062 50.9642 1.548e-12 1.165e-12 4.76e-13 0.0 77.52 0.0
S029346 115.1518 51.0044 3.687e-19 4.991e-19 6.61e-19 0.0 74.28 0.0
S029347 115.1295 51.0193 1.033e-21 2.356e-21 9.179000000000001e-21 0.0 74.39 0.0
S029348 115.0419 50.969 4.8410000000000005e-20 7.250000000000001e-20 1.217e-19 0.0 77.24 0.0
S029349 115.0121 50.9684 3.28e-21 6.541e-21 1.957e-20 0.0 77.56 0.0
S029350 115.1489 51.0122 1.69e-20 2.8800000000000005e-20 6.081e-20 0.0 74.1 0.0
S029351 114.9814 50.9644 2.644e-16 2.108e-16 9.525e-17 0.0 77.63 1.0
S029352 115.1572 51.0227 2.552e-17 2.29e-17 1.351e-17 0.0 74.08 0.0
S029353 115.0078 50.9631 7.693e-23 1.8159999999999997e-22 7.767e-22 0.0 77.74 0.0
S029354 115.0145 50.9647 1.196e-22 3.3759999999999997e-22 2.157e-21 0.0 77.66 0.0
S029355 115.1497 51.0086 3.572e-18 3.624e-18 2.679e-18 0.0 74.49 0.0
S029356 115.1526 51.023 2.3409999999999996e-22 5.347e-22 2.199e-21 0.0 74.26 0.0
S029357 115.1464 51.0114 2.718e-21 5.377e-21 1.612e-20 0.0 74.44 0.0
S029358 115.1375 51.0102 5.254e-22 1.227e-21 5.226e-21 0.0 74.67 0.0
S029359 115.1395 51.0115 8.039e-20 1.19e-19 1.866e-19 0.0 74.45 0.0
S029360 115.1366 51.0151 1.098e-16 9.099e-17 4.475e-17 0.0 74.4 0.0
S029361 115.1588 51.0269 4.636e-18 4.891e-18 3.792e-18 0.0 74.22 0.0
S029362 115.0074 50.9488 1.091e-18 1.348e-18 1.476e-18 0.0 77.84 0.0
S029363 115.1504 51.0202 1.037e-19 1.524e-19 2.515e-19 0.0 74.27 0.0
S029364 115.0088 50.9521 5.039e-21 9.598e-21 2.6960000000000003e-20 0.0 77.83 0.0
S029365 115.0152 50.9689 2.247e-19 3.002e-19 3.948e-19 0.0 77.47 0.0
S029366 114.9979 50.9601 3.337e-19 4.156e-19 4.674e-19 0.0 77.76 0.0
S029367 115.1439 51.0086 2.837e-19 3.782e-19 4.848e-19 0.0 74.26 0.0
S029368 115.1576 51.0168 2.246e-20 3.831e-20 8.486e-20 0.0 74.38 0.0
S029369 115.1718 51.0177 3.543e-18 3.796e-18 3.061e-18 0.0 74.3 0.0
S029370 115.1537 51.0132 4.36e-16 3.416e-16 1.472e-16 0.0 74.38 1.0
S029371 114.9892 50.9496 1.532e-19 2.061e-19 2.881e-19 0.0 77.85 0.0
S029372 115.1616 51.0282 1.311e-19 1.898e-19 2.903e-19 0.0 74.12 0.0
S029373 115.0036 50.9614 1.007e-19 1.512e-19 2.54e-19 0.0 77.73 0.0
S029374 114.9879 50.9463 3.809e-19 4.727e-19 5.28e-19 0.0 77.8 0.0
S029375 114.9888 50.9479 5.332e-19 7.032e-19 9.029e-19 0.0 78.01 0.0
S029376 115.1693 51.018 6.773999999999999e-22 1.605e-21 7.103e-21 0.0 74.18 0.0
S029377 115.1704 51.0091 1.523e-16 2.39e-16 4.439e-16 0.0 74.34 0.0
S029378 115.1423 51.0184 1.2960000000000002e-20 2.4470000000000003e-20 6.477e-20 0.0 74.5 0.0
S029379 115.1495 51.0133 2.88e-22 7.983999999999999e-22 4.836e-21 0.0 74.25 0.0
S029380 115.167 51.0236 1.124e-21 2.239e-21 6.726e-21 0.0 74.11 0.0
S029381 115.1633 51.0308 1.154e-18 1.324e-18 1.26e-18 0.0 74.07 0.0
S029382 114.9949 50.9519 6.852e-16 5.291e-16 2.316e-16 0.0 77.88 1.0
S029383 115.1456 51.0204 2.31e-24 8.765e-24 1.0179999999999999e-22 0.0 74.36 0.0
S029384 115.1421 51.0166 6.362e-17 5.455e-17 2.986e-17 0.0 74.48 0.0
S029385 115.1578 51.0226 1.299e-18 1.455e-18 1.361e-18 0.0 74.29 0.0
S029386 114.9985 50.9528 1.3239999999999999e-22 3.2349999999999997e-22 1.487e-21 0.0 77.83 0.0
S029387 114.9798 50.9503 1.801e-17 3.806e-17 1.297e-16 0.0 78.02 0.0
S029388 115.1632 51.0258 5.12e-18 5.231e-18 3.886e-18 0.0 74.24 0.0
S029389 114.9765 50.9574 1.009e-16 8.428e-17 4.226e-17 0.0 77.76 0.0
S029390 115.1716 51.0289 2.954e-21 2.089e-21 7.721e-22 0.0 74.22 0.0
S029391 115.0037 50.9621 2.4090000000000003e-20 4.003e-20 8.214e-20 0.0 77.75 0.0
S029392 115.1614 51.0177 2.298e-19 3.259e-19 4.608e-19 0.0 74.34 0.0
S029393 114.9847 50.9561 7.351e-16 5.476e-16 2.135e-16 0.0 77.74 0.0
S029394 114.9703 50.95 5.654999999999999e-23 1.5569999999999998e-22 9.034e-22 0.0 78.01 0.0
S029395 115.1514 51.0064 4.1929999999999997e-22 1.061e-21 5.481e-21 0.001 74.52 0.0
S029396 115.1567 51.0201 4.554e-21 9.051e-21 2.739e-20 0.0 74.2 0.0
S029397 114.9869 50.9493 3.398e-19 4.647e-19 6.099e-19 0.0 77.9 0.0
S029398 114.9689 50.9482 6.428e-25 2.899e-24 4.8559999999999995e-23 0.0 77.95 0.0
S029399 115.168 51.0195 1.263e-16 1.053e-16 5.317e-17 0.0 74.27 0.0
S029400 114.9832 50.9604 1.139e-16 9.698e-17 5.232e-17 0.0 77.81 0.0
S029401 114.9714 50.9537 1.462e-12 1.072e-12 4.217e-13 0.0 77.87 0.0
S029402 115.1417 51.0185 4.35e-21 2.971e-21 1.019e-21 0.0 74.31 0.0
S029403 114.9627 50.9557 8.634000000000001e-20 1.288e-19 2.15e-19 0.0 77.79 0.0
S029404 115.1714 51.0321 2.482e-18 2.828e-18 2.761e-18 0.0 74.34 0.0
S029405 115.1593 51.0057 1.104e-20 1.991e-20 4.858e-20 0.0 74.43 0.0
S029406 115.1683 51.0218 3.232e-17 5.635e-17 1.33e-16 0.0 74.28 0.0
S029407 114.9606 50.9386 1.223e-17 1.189e-17 7.929e-18 0.0 78.11 0.0
S029408 115.1664 51.0274 1.008e-21 2.326e-21 9.665e-21 0.0 74.17 0.0
S029409 115.0094 50.9567 8.834999999999999e-22 2.087e-21 8.804e-21 0.0 77.76 0.0
S029410 114.9848 50.9524 3.104e-23 8.563999999999999e-23 5.261999999999999e-22 0.0 77.89 0.0
S029411 114.9864 50.9397 3.4800000000000006e-20 5.368e-20 9.291000000000001e-20 0.0 78.07 0.0
S029412 114.9817 50.9606 7.038999999999999e-23 1.86e-22 1.0150000000000001e-21 0.0 77.72 0.0
S029413 115.1764 51.0206 5.731e-17 1.02e-16 2.413e-16 0.0 74.18 0.0
S029414 114.9789 50.9374 9.822e-23 2.301e-22 9.884e-22 0.0 78.02 1.0
S029415 114.9772 50.957 1.0409999999999999e-22 2.6669999999999995e-22 1.365e-21 0.0 77.87 0.0
S029416 115.201 51.0247 2.946e-16 2.425e-16 1.171e-16 0.0 74.18 0.0
S029417 114.9813 50.945 1.73e-24 6.856e-24 8.412e-23 0.0 77.94 0.0
S029418 114.9673 50.9465 5.327e-17 4.833e-17 2.837e-17 0.0 77.98 0.0
S029419 114.9813 50.9549 6.615999999999999e-22 1.575e-21 6.957e-21 0.001 77.67 0.0
S029420 115.1726 51.0294 6.985e-19 8.512e-19 9.087e-19 0.0 74.11 0.0
S029421 114.9798 50.9472 1.173e-12 8.232e-13 2.828e-13 0.0 77.77 0.0
S029422 115.1666 51.0144 5.944e-21 1.111e-20 2.9160000000000004e-20 0.0 74.25 0.0
S029423 115.1778 51.0242 2.0690000000000002e-20 3.4050000000000005e-20 6.891e-20 0.0 74.18 0.0
S029424 115.1656 51.0252 4.965e-17 8.838e-17 2.078e-16 0.0 74.08 0.0
S029425 114.9618 50.9406 4.389e-25 1.975e-24 3.331e-23 0.0 78.08 0.0
S029426 114.9502 50.9407 1.05e-19 1.459e-19 2.129e-19 0.0 77.99 0.0
S029427 115.1813 51.0188 5.001e-18 5.388e-18 4.551e-18 0.0 74.23 0.0
S029428 114.9656 50.9478 1.4720000000000002e-20 2.5630000000000002e-20 5.715000000000001e-20 0.0 77.75 0.0
S029429 115.1847 51.0388 2.141e-16 1.704e-16 7.981e-17 0.0 74.09 0.0
S029430 115.1873 51.0225 1.559e-17 1.509e-17 1.025e-17 0.0 74.19 0.0
S029431 114.9569 50.9456 3.21e-21 6.43e-21 1.915e-20 0.0 77.88 0.0
S029432 115.166 51.0214 5.909e-16 4.35e-16 1.702e-16 0.0 74.16 0.0
S029433 114.9781 50.9569 2.704e-19 3.592e-19 4.816e-19 0.0 77.74 0.0
S029434 114.9735 50.9426 1.078e-20 1.8620000000000002e-20 4.327e-20 0.0 77.85 0.0
S029435 114.9862 50.9598 1.57e-21 1.202e-21 5.248999999999999e-22 0.0 77.7 0.0
S029436 115.2027 51.0207 1.237e-22 3.2249999999999996e-22 1.718e-21 0.0 74.35 0.0
S029437 115.2066 51.0289 6.242e-18 6.228e-18 4.596e-18 0.0 74.1 0.0
S029438 115.1928 51.0362 6.2009999999999995e-27 4.6280000000000003e-26 2.297e-24 0.0 73.95 0.0
S029439 115.177 51.028 2.3719999999999997e-22 5.731e-22 2.6360000000000002e-21 0.0 74.19 0.0
S029440 115.1945 51.0287 7.046e-17 6.05e-17 3.309e-17 0.0 74.03 0.0
S029441 114.9574 50.9403 3.997e-17 6.422e-17 1.214e-16 0.0 77.89 0.0
S029442 115.1656 51.0404 3.907e-17 7.536e-17 2.029e-16 0.001 74.12 0.0
S029443 115.1879 51.0309 1.117e-18 1.374e-18 1.52e-18 0.0 74.1 0.0
S029444 114.9635 50.9506 7.875e-17 6.451e-17 3.26e-17 0.0 77.83 0.0
S029445 115.185 51.0327 3.6349999999999997e-22 8.888999999999998e-22 4.087e-21 0.0 74.11 0.0
S029446 114.9622 50.9337 2.186e-19 2.865e-19 3.503e-19 0.0 77.94 0.0
S029447 114.9367 50.937 1.091e-12 7.736e-13 2.883e-13 0.0 78.0 0.0
S029448 115.2129 51.0529 2.704e-17 2.46e-17 1.491e-17 0.0 74.07 0.0
S029449 115.1952 51.0209 4.097e-21 2.854e-21 9.866e-22 0.0 74.23 0.0
S029450 115.1752 51.0312 1.294e-19 1.828e-19 2.8e-19 0.0 74.19 0.0
S029451 115.2111 51.0322 3.716e-21 2.538e-21 8.836999999999999e-22 0.0 74.07 0.0
S029452 115.0755 50.9872 2.45e-15 1.71e-15 5.938e-16 0.0 71.73 0.0
S029453 115.0752 50.9872 2.889e-17 5.506e-17 1.542e-16 0.0 78.85 0.0
S029454 115.0752 50.9874 3.849e-16 2.866e-16 1.131e-16 0.0 73.76 0.0
S029455 115.0754 50.9874 6.623e-16 5.005e-16 2.055e-16 0.0 69.36 0.0
S029456 115.0753 50.9871 3.144e-17 2.878e-17 1.716e-17 0.0 81.68 0.0
S029457 115.0754 50.9871 6.38e-17 5.472e-17 2.88e-17 0.0 76.44 0.0
S029458 115.0753 50.9874 1.514e-21 3.383e-21 1.2780000000000001e-20 0.0 70.28 0.0
S029459 115.0752 50.9874 2.451e-16 1.934e-16 8.882e-17 0.0 72.71 1.0
S029460 115.0753 50.9871 2.777e-15 1.877e-15 6.208e-16 0.0 81.05 0.0
S029461 115.0753 50.9872 4.91e-17 4.324e-17 2.459e-17 0.0 81.43 0.0
S029462 115.0754 50.9871 1.84e-15 1.306e-15 4.706e-16 0.0 81.97 0.0
S029463 115.0751 50.9874 1.945e-15 1.4e-15 5.161e-16 0.0 76.43 0.0
S029464 115.2 51.0386 1.831e-18 2.217e-18 2.411e-18 0.0 74.15 1.0
S029465 115.1967 51.0315 5.325e-16 4.144e-16 1.857e-16 0.0 74.11 1.0
S029466 115.1952 51.0354 3.913e-21 2.699e-21 9.352e-22 0.0 74.09 0.0
S029467 115.191 51.029 5.165e-16 3.946e-16 1.7e-16 0.0 74.16 1.0
S029468 114.9461 50.9418 1.411e-15 1.018e-15 3.808e-16 0.0 77.95 0.0
S029469 115.1984 51.0329 4.445e-15 3.057e-15 1.086e-15 0.0 74.13 0.0
S029470 114.9591 50.9443 4.109e-21 2.823e-21 9.706e-22 0.0 77.84 0.0
S029471 114.9536 50.9457 2.577e-17 5.808e-17 2.182e-16 0.0 77.87 0.0
S029472 114.9616 50.9456 2.784e-15 1.955e-15 6.967e-16 0.0 77.84 0.0
S029473 115.1834 51.0246 5.161e-17 4.509e-17 2.485e-17 0.0 74.33 0.0
S029474 114.9593 50.9483 8.596e-13 5.973e-13 2.108e-13 0.001 77.72 0.0
S029475 114.9527 50.9468 1.895e-17 1.766e-17 1.122e-17 0.0 77.81 0.0
S029476 115.1937 51.0245 2.282e-15 1.654e-15 6.403e-16 0.0 74.35 0.0
S029477 114.9714 50.954 3.854e-18 3.869e-18 2.768e-18 0.0 77.65 1.0
S029478 115.1852 51.0207 1.983e-15 1.396e-15 4.977e-16 0.0 74.44 0.0
S029479 114.9552 50.9532 1.735e-12 1.232e-12 4.664e-13 0.0 77.61 0.0
S029480 115.1846 51.0187 2.269e-17 2.107e-17 1.297e-17 0.0 74.42 0.0
S029481 114.9598 50.9556 1.312e-21 1.048e-21 4.802999999999999e-22 0.0 77.62 1.0
S029482 114.9594 50.9544 4.88e-17 1.005e-16 3.277e-16 0.0 77.64 0.0
S029483 114.9695 50.9611 8.824e-16 6.403e-16 2.456e-16 0.001 77.46 0.0
S029484 114.9702 50.9639 2.096e-16 1.659e-16 7.634e-17 0.0 77.43 0.0
S029485 114.9727 50.9628 9.112e-16 6.656e-16 2.586e-16 0.0 77.44 0.0
S029486 114.9719 50.9668 5.704e-16 4.289e-16 1.783e-16 0.0 77.38 1.0
S029487 115.1692 51.0053 1.721e-16 1.405e-16 6.516e-17 0.0 74.77 0.0
S029488 115.1778 51.006 1.603e-15 1.134e-15 4.237e-16 0.0 74.73 0.0
S029489 115.1739 51.0082 5.694e-16 4.261e-16 1.764e-16 0.0 74.8 1.0
S029490 114.9771 50.971 1.364e-15 9.654e-16 3.545e-16 0.0 77.29 0.0
S029491 114.9758 50.9713 2.118e-12 1.532e-12 5.828e-13 0.0 77.22 0.0
S029492 114.9891 50.9762 2.5070000000000002e-20 4.01e-20 7.677000000000001e-20 0.0 77.11 0.0
S029493 115.1746 50.9987 5.357e-17 8.956e-17 1.823e-16 0.0 74.89 0.0
S029494 114.9819 50.9771 2.374e-16 1.897e-16 8.77e-17 0.0 77.17 0.0
S029495 115.1529 50.9897 2.962e-15 2.047e-15 7.366e-16 0.0 75.14 0.0
S029496 115.1591 50.9941 9.268e-13 6.459e-13 2.293e-13 0.0 75.12 0.0
S029497 115.1603 50.993 1.144e-16 9.784e-17 5.003e-17 0.0 75.08 0.0
S029498 114.986 50.9823 6.482e-15 4.386e-15 1.489e-15 0.0 76.94 0.0
S029499 114.9939 50.9853 5.23e-15 3.585e-15 1.228e-15 0.0 76.83 0.0
S029500 114.9917 50.9861 2.474e-15 1.766e-15 6.31e-16 0.0 76.86 0.0
S029501 114.9939 50.9893 6.106e-16 4.708e-16 2.024e-16 0.0 76.77 1.0
S029502 115.0021 50.9927 1.311e-15 1.012e-15 4.209e-16 0.0 76.69 1.0
S029503 115.0068 50.9969 1.624e-17 2.855e-17 6.628e-17 0.0 76.64 0.0
S029504 115.012 50.9988 5.755e-16 4.434e-16 1.923e-16 0.0 76.46 1.0
S029505 115.0178 51.0054 1.315e-14 8.853e-15 2.898e-15 0.0 76.45 0.0
S029506 115.141 50.9707 3.252e-15 2.292e-15 8.159e-16 0.0 75.61 0.0
S029507 115.0148 51.003 6.689e-15 4.689e-15 1.719e-15 0.0 76.47 0.0
S029508 115.1281 50.9651 2.349e-17 2.045e-17 1.101e-17 0.0 75.76 0.0
S029509 115.0239 51.0087 5.603e-16 4.191e-16 1.717e-16 0.0 76.32 0.0
S029510 115.1257 50.9592 3.384e-17 3.116e-17 1.828e-17 0.0 75.82 0.0
S029511 115.0351 51.0216 9.775e-13 7.265e-13 2.826e-13 0.0 76.09 1.0
S029512 115.1215 50.9594 2.394e-16 1.949e-16 9.366e-17 0.0 75.9 0.0
S029513 115.1086 50.9461 9.751e-15 6.532e-15 2.185e-15 0.0 76.15 0.0
S029514 115.1154 50.9567 1.744e-16 1.401e-16 6.276e-17 0.0 76.01 0.0
S029515 115.1094 50.9466 1.336e-15 9.72e-16 3.852e-16 0.0 76.07 0.0
S029516 115.1098 50.9496 7.243e-17 1.646e-16 6.326e-16 0.0 76.09 1.0
S029517 115.0985 50.9423 6.621e-15 4.584e-15 1.578e-15 0.0 76.24 0.0
S029518 115.1006 50.9428 1.331e-12 9.666e-13 3.702e-13 0.0 76.16 0.0
S029519 115.0614 51.0396 1.001e-16 8.456e-17 4.177e-17 0.0 75.59 0.0
S029520 115.0623 51.0385 3.377e-18 3.857e-18 3.65e-18 0.0 75.66 0.0
S029521 115.0893 50.9365 1.04e-12 7.201e-13 2.597e-13 0.0 76.4 0.0
S029522 115.0824 50.9291 1.378e-15 9.485e-16 3.369e-16 0.001 76.52 0.0
S029523 115.0674 51.0409 1.011e-17 9.7e-18 6.603e-18 0.0 75.51 0.0
S029524 115.0757 50.9285 1.394e-15 1.012e-15 3.884e-16 0.0 76.58 0.0
S029525 115.0833 51.0554 4.19e-17 7.845e-17 2.074e-16 0.0 75.35 0.0
S029526 115.0658 50.9234 1.265e-16 1.011e-16 4.816e-17 0.0 76.77 0.0
S029527 115.0904 51.0551 2.912e-15 2.116e-15 7.908e-16 0.0 75.22 0.0
S029528 115.0447 50.9091 1.056e-15 7.77e-16 3.144e-16 0.0 77.03 0.0
S029529 115.0448 50.9079 1.319e-15 9.535e-16 3.555e-16 0.0 77.0 0.0
S029530 115.1096 51.0685 5.046e-15 3.389e-15 1.114e-15 0.0 75.03 0.0
S029531 115.109 51.0637 9.859e-16 6.961e-16 2.519e-16 0.0 75.01 0.0
S029532 115.0285 50.8964 8.192e-17 6.707e-17 3.178e-17 0.0 77.3 0.0
S029533 115.1215 51.073 1.113e-16 9.326e-17 4.662e-17 0.0 74.86 0.0
S029534 115.1268 51.0826 1.166e-15 8.28e-16 3.037e-16 0.0 74.76 0.0
S029535 115.1352 51.0799 1.408e-17 2.641e-17 6.991e-17 0.0 74.64 0.0
S029536 115.0101 50.8908 1.425e-12 9.938e-13 3.567e-13 0.0 77.52 0.0
S029537 115.1391 51.0779 1.108e-16 8.734e-17 3.823e-17 0.0 74.52 0.0
S029538 115.1465 51.084 1.959e-17 1.742e-17 1.02e-17 0.0 74.48 0.0
S029539 115.1544 51.0859 8.375e-19 1.062e-18 1.231e-18 0.0 74.41 0.0
S029540 115.1618 51.092 3.63e-16 2.778e-16 1.159e-16 0.0 74.35 1.0
S029541 114.9853 50.8873 5.17e-13 3.606e-13 1.231e-13 0.0 77.73 0.0
S029542 114.9749 50.8732 1.65e-15 1.202e-15 4.469e-16 0.0 77.85 0.0
S029543 114.9746 50.8781 1.7e-12 1.301e-12 5.472e-13 0.0 77.88 1.0
S029544 115.1807 51.0955 3.115e-16 2.304e-16 9.385e-17 0.0 74.18 0.0
S029545 115.1905 51.1041 1.2e-16 1.042e-16 5.482e-17 0.0 74.07 0.0
S029546 114.9495 50.8673 7.978e-18 8.074e-18 6.048e-18 0.0 78.11 0.0
S029547 114.9503 50.875 1.464e-17 2.563e-17 5.873e-17 0.0 78.11 0.0
S029548 115.2056 51.1066 3.295e-15 2.238e-15 7.644e-16 0.0 73.97 0.0
S029549 115.2118 51.1085 1.407e-16 1.112e-16 5.172e-17 0.0 73.88 0.0
S029550 114.9339 50.8642 2.055e-15 1.478e-15 5.554e-16 0.0 78.18 0.0
S029551 114.9314 50.8724 1.076e-15 7.737e-16 2.917e-16 0.0 78.33 0.0
S029552 114.9233 50.8639 3.695e-17 3.503e-17 2.265e-17 0.0 78.43 0.0
S029553 114.9116 50.8621 2.312e-21 1.729e-21 6.8569999999999995e-22 0.0 78.4 0.0
S029554 115.2313 51.1082 9.407e-17 7.673e-17 3.76e-17 0.0 73.69 0.0
S029555 114.91 50.8599 1.762e-16 1.425e-16 7.015e-17 0.0 78.5 0.0
S029556 114.9015 50.861 1.012e-16 8.204e-17 3.959e-17 0.0 78.51 0.0
S029557 115.2478 51.1153 2.04e-15 1.491e-15 5.824e-16 0.0 73.52 0.0
S029558 115.2517 51.111 9.002e-16 6.743e-16 2.777e-16 0.0 73.57 1.0
S029559 114.8943 50.8608 6.557e-17 5.574e-17 2.903e-17 0.0 78.53 0.0
S029560 115.2598 51.1116 2.67e-16 2.168e-16 1.027e-16 0.0 73.46 0.0
S029561 115.2658 51.1104 1.821e-16 1.449e-16 6.594e-17 0.0 73.45 1.0
S029562 114.8742 50.8594 3.309e-15 2.342e-15 8.168e-16 0.0 78.53 0.0
S029563 114.8853 50.8691 1.247e-15 8.923e-16 3.335e-16 0.0 78.48 0.0
S029564 114.881 50.87 9.263e-16 6.623e-16 2.449e-16 0.0 78.43 0.0
S029565 114.8635 50.8601 3.779e-15 2.675e-15 9.647e-16 0.0 78.64 0.0
S029566 115.2664 51.0989 3.037e-20 4.942e-20 9.850000000000001e-20 0.0 73.52 0.0
S029567 115.2923 51.1046 2.53e-15 1.757e-15 6.252e-16 0.0 73.5 0.0
S029568 115.2722 51.0948 6.622e-17 5.915e-17 3.507e-17 0.0 73.58 0.0
S029569 114.8448 50.867 1.253e-17 1.219e-17 8.463e-18 0.0 78.49 0.0
S029570 114.8618 50.8721 1.184e-16 9.404e-17 4.3e-17 0.0 78.52 0.0
S029571 114.8716 50.8842 1.725e-16 1.324e-16 5.644e-17 0.0 78.47 0.0
S029572 114.8672 50.883 1.746e-17 3.116e-17 7.477e-17 0.0 78.49 0.0
S029573 114.877 50.8905 1.801e-16 1.412e-16 6.331e-17 0.0 78.4 0.0
S029574 114.8589 50.8903 2.552e-15 1.688e-15 5.547e-16 0.0 78.25 0.0
S029575 115.287 51.081 1.948e-16 1.531e-16 7.027e-17 0.0 73.75 0.0
S029576 114.8642 50.8978 5.669e-16 4.375e-16 1.882e-16 0.0 78.27 1.0
S029577 114.873 50.9049 1.79e-15 1.323e-15 5.12e-16 0.0 78.13 0.0
S029578 114.8848 50.9187 5.702e-15 3.939e-15 1.332e-15 0.0 78.03 0.0
S029579 115.2776 51.0601 1.63e-15 1.143e-15 4.017e-16 0.0 73.94 0.0
S029580 115.2731 51.0521 2.673e-15 1.902e-15 6.889e-16 0.0 74.15 0.0
S029581 114.8792 50.9252 8.161e-18 7.972e-18 5.322e-18 0.0 77.91 0.0
S029582 115.2611 51.0414 1.006e-16 8.264e-17 4.005e-17 0.0 74.24 0.0
S029583 114.901 50.9417 1.235e-15 8.841e-16 3.229e-16 0.0 77.68 0.0
S029584 114.9003 50.9447 3.727e-17 3.229e-17 1.736e-17 0.0 77.67 0.0
S029585 115.2299 51.0162 3.393e-17 2.956e-17 1.553e-17 0.0 74.62 0.0
S029586 115.2285 51.0111 1.091e-16 2.446e-16 9.557e-16 0.0 74.78 1.0
S029587 114.9162 50.9661 2.386e-16 1.868e-16 8.001e-17 0.0 77.32 1.0
S029588 114.9429 50.9754 2.205e-14 1.519e-14 5.103e-15 0.0 77.2 0.0
S029589 114.9394 50.9829 7.87e-15 5.457e-15 1.932e-15 0.0 76.92 0.0
S029590 114.9522 50.9909 7.777e-16 5.857e-16 2.392e-16 0.0 76.92 1.0
S029591 114.9603 50.9994 2.336e-16 1.922e-16 9.28e-17 0.0 76.79 0.0
S029592 114.9788 51.0123 3.87e-15 2.681e-15 9.155e-16 0.0 76.56 0.0
S029593 114.9779 51.0143 1.262e-16 1.024e-16 4.727e-17 0.0 76.56 0.0
S029594 114.9887 51.0171 3.627e-16 2.758e-16 1.16e-16 0.0 76.4 1.0
S029595 115.0144 51.0361 5.594e-15 3.944e-15 1.428e-15 0.0 76.08 0.0
S029596 115.0121 51.0387 2.455e-16 1.894e-16 8.293e-17 0.0 76.1 1.0
S029597 115.1193 50.9263 4.642e-17 7.145e-17 1.259e-16 0.001 76.1 0.0
S029598 115.0515 51.0602 8.686e-19 1.063e-18 1.187e-18 0.0 75.64 0.0
S029599 115.062 51.0614 1.439e-12 1.057e-12 4.071e-13 0.0 75.56 0.0
S029600 115.0683 51.0669 3.243e-22 8.0159999999999995e-22 3.883e-21 0.0 75.53 0.0
S029601 115.0536 50.8843 4.316e-15 3.017e-15 1.04e-15 0.0 76.94 0.0
S029602 115.05 50.8868 9.504e-17 8.239e-17 4.432e-17 0.0 76.9 1.0
S029603 115.0305 50.8762 2.607e-16 2.101e-16 9.529e-17 0.0 77.11 0.0
S029604 115.1311 51.1032 2.348e-17 2.111e-17 1.21e-17 0.0 74.8 0.0
S029605 115.1444 51.1078 3.123e-16 2.425e-16 1.041e-16 0.0 74.74 1.0
S029606 114.9895 50.8643 6.469e-16 4.82e-16 1.934e-16 0.0 77.48 0.0
S029607 115.1802 51.123 7.528e-15 5.099e-15 1.772e-15 0.0 74.45 0.0
S029608 115.1795 51.0243 1.685e-17 3.036e-17 7.332e-17 0.0 74.37 0.0
S029609 115.1842 51.0159 1.026e-18 1.172e-18 1.133e-18 0.0 74.38 0.0
S029610 115.1863 51.0188 6.637e-18 6.273e-18 4.129e-18 0.0 74.42 0.0
S029611 115.1778 51.0201 1.737e-16 1.375e-16 6.457e-17 0.0 74.41 0.0
S029612 115.1677 51.0158 1.62e-15 1.185e-15 4.665e-16 0.0 74.49 0.0
S029613 115.1879 51.0135 4.539e-16 3.415e-16 1.414e-16 0.0 74.53 1.0
S029614 114.9734 50.9625 1.501e-20 2.6520000000000002e-20 6.192000000000001e-20 0.0 77.56 0.0
S029615 114.9694 50.9584 1.73e-16 1.386e-16 6.278e-17 0.0 77.55 0.0
S029616 115.1753 51.0117 4.432e-19 5.829e-19 7.531e-19 0.0 74.61 0.0
S029617 115.1732 51.0094 1.621e-20 2.9090000000000004e-20 7.051000000000001e-20 0.0 74.66 0.0
S029618 114.9861 50.9656 1.476e-18 1.667e-18 1.525e-18 0.0 77.37 0.0
S029619 114.9897 50.9715 8.81e-17 7.114e-17 3.417e-17 0.0 77.34 0.0
S029620 114.988 50.9632 1.176e-16 9.301e-17 4.234e-17 0.0 77.4 0.0
S029621 114.9903 50.966 1.1000000000000001e-20 1.95e-20 4.8120000000000006e-20 0.0 77.41 0.0
S029622 115.1684 51.0107 3.358e-17 2.9e-17 1.642e-17 0.0 74.73 0.0
S029623 114.9801 50.9666 7.032e-16 5.192e-16 2.074e-16 0.0 77.37 0.0
S029624 114.9634 50.966 4.586e-18 8.039e-18 1.903e-17 0.0 77.51 0.0
S029625 115.0006 50.9779 3.49e-21 2.4280000000000002e-21 8.565999999999999e-22 0.0 77.13 0.0
S029626 114.9883 50.9733 2.557e-24 9.438e-24 1.0099999999999999e-22 0.0 77.21 0.0
S029627 115.1756 51.0155 2.7499999999999996e-22 6.122999999999999e-22 2.402e-21 0.001 74.61 0.0
S029628 115.1672 51.0047 2.135e-16 1.648e-16 7.121e-17 0.0 74.79 0.0
S029629 115.1786 51.0092 1.9830000000000002e-20 3.361e-20 6.989e-20 0.0 74.68 0.0
S029630 114.9818 50.9806 4.271e-21 8.164e-21 2.3280000000000002e-20 0.0 77.18 0.0
S029631 114.9937 50.9823 7.986e-16 6.018e-16 2.399e-16 0.0 77.0 0.0
S029632 114.9863 50.9733 2.605e-15 1.904e-15 7.293e-16 0.0 77.28 0.0
S029633 115.1491 50.9912 3.797e-17 6.666e-17 1.502e-16 0.0 75.04 0.0
S029634 115.1576 50.9978 1.3389999999999999e-22 3.46e-22 1.847e-21 0.0 74.94 0.0
S029635 115.1676 50.9977 5.366e-16 4.071e-16 1.717e-16 0.0 74.83 1.0
S029636 114.9867 50.9819 1.388e-19 1.908e-19 2.586e-19 0.0 77.04 0.0
S029637 115.1755 50.9992 5.909e-17 5.208e-17 2.903e-17 0.0 74.92 0.0
S029638 114.9913 50.9834 1.471e-12 1.157e-12 5.315e-13 0.0 77.05 1.0
S029639 114.9861 50.9865 1.83e-21 3.647e-21 1.073e-20 0.0 76.9 0.0
S029640 115.1537 50.985 6.148e-22 1.375e-21 5.266e-21 0.0 75.19 0.0
S029641 114.9903 50.9758 5.978e-18 9.671e-18 1.791e-17 0.0 77.06 0.0
S029642 114.9936 50.9815 5.733e-16 4.221e-16 1.694e-16 0.001 76.97 0.0
S029643 115.1571 50.9954 2.786e-17 5.947e-17 2.071e-16 0.001 75.09 0.0
S029644 115.0034 50.99 8.462e-18 1.417e-17 2.973e-17 0.0 76.78 0.0
S029645 115.1517 50.9894 2.631e-17 2.304e-17 1.282e-17 0.0 75.24 0.0
S029646 115.0147 50.9954 1.006e-16 8.488e-17 4.411e-17 0.0 76.63 0.0
S029647 115.1442 50.9776 1.561e-15 1.136e-15 4.274e-16 0.0 75.45 0.0
S029648 115.0118 50.9931 1.8170000000000002e-20 3.0750000000000004e-20 6.396000000000001e-20 0.0 76.63 0.0
S029649 114.9936 50.9974 1.138e-17 1.119e-17 7.774e-18 0.0 76.75 0.0
S029650 115.1367 50.9719 3.544e-21 2.466e-21 8.807999999999999e-22 0.0 75.55 0.0
S029651 115.0102 50.9949 1.141e-16 9.605e-17 4.882e-17 0.0 76.64 0.0
S029652 114.9946 50.9891 9.047e-17 7.415e-17 3.472e-17 0.0 76.87 0.0
S029653 115.0073 51.0003 9.317e-18 9.396e-18 7.08e-18 0.0 76.58 0.0
S029654 115.1434 50.9725 6.999000000000001e-20 1.051e-19 1.776e-19 0.0 75.53 0.0
S029655 115.0292 51.0106 1.308e-16 1.05e-16 4.987e-17 0.0 76.29 0.0
S029656 115.0223 51.0159 3.169e-17 6.737e-17 2.352e-16 0.0 76.27 0.0
S029657 115.0317 51.0122 5.786e-17 5.036e-17 2.716e-17 0.0 76.31 0.0
S029658 115.1175 50.9637 5.511e-21 9.868e-21 2.388e-20 0.0 75.86 0.0
S029659 115.1179 50.9506 6.784e-17 1.018e-16 1.605e-16 0.0 76.03 0.0
S029660 115.0253 51.0081 1.288e-12 1.137e-12 6.477e-13 0.0 76.32 1.0
S029661 115.0327 51.0147 3.582e-17 3.246e-17 1.979e-17 0.0 76.16 0.0
S029662 115.0422 51.0208 1.094e-20 1.8850000000000003e-20 4.2760000000000004e-20 0.0 75.98 0.0
S029663 115.1107 50.9494 4.003e-19 5.054e-19 5.888e-19 0.0 76.05 0.0
S029664 115.1165 50.9606 3.3e-17 7.401e-17 2.792e-16 0.001 75.84 0.0
S029665 115.1083 50.9518 4.9290000000000006e-20 7.680000000000001e-20 1.388e-19 0.0 76.12 0.0
S029666 115.1151 50.9495 2.763e-17 2.67e-17 1.753e-17 0.0 76.14 0.0
S029667 115.041 51.0197 1.825e-17 1.683e-17 1.012e-17 0.0 76.08 0.0
S029668 115.0539 51.0263 9.762e-18 1.707e-17 3.885e-17 0.0 75.82 0.0
S029669 115.0408 51.0303 1.116e-16 2.862e-16 1.458e-15 0.0 75.96 1.0
S029670 115.0666 51.0371 1.67e-22 3.965e-22 1.701e-21 0.0 75.63 0.0
S029671 115.0447 51.0266 4.428e-16 3.304e-16 1.357e-16 0.0 76.07 1.0
S029672 115.0915 50.9353 3.898e-17 7.939e-17 2.562e-16 0.0 76.37 0.0
S029673 115.0937 50.9405 2.168e-17 4.536e-17 1.534e-16 0.0 76.4 0.0
S029674 115.0757 51.0384 5.203e-18 5.39e-18 4.23e-18 0.0 75.53 0.0
S029675 115.0618 51.0343 1.257e-17 1.188e-17 7.768e-18 0.0 75.66 0.0
S029676 115.0724 51.0459 1.304e-19 1.864e-19 2.811e-19 0.0 75.56 0.0
S029677 115.0791 50.9308 5.242e-19 6.348e-19 6.964e-19 0.0 76.58 0.0
S029678 115.072 50.9181 9.037e-17 7.778e-17 4.056e-17 0.0 76.66 0.0
S029679 115.0829 51.0522 2.59e-17 4.223e-17 8.353e-17 0.0 75.35 0.0
S029680 115.087 51.0428 3.508e-17 3.192e-17 1.919e-17 0.001 75.32 0.0
S029681 115.0698 50.9332 3.803e-18 4.208e-18 3.605e-18 0.0 76.6 0.0
S029682 115.0526 50.9203 1.283e-12 1.322e-12 1.005e-12 0.0 76.85 1.0
S029683 115.0609 50.9219 4.047e-18 4.298e-18 3.552e-18 0.0 76.89 0.0
S029684 115.0506 50.9077 1.042e-17 1.012e-17 6.744e-18 0.0 76.97 0.0
S029685 115.0495 50.9086 4.999e-19 6.266e-19 7.211e-19 0.0 76.94 0.0
S029686 115.0995 51.0598 7.996e-21 1.3960000000000002e-20 3.2670000000000005e-20 0.0 75.1 0.0
S029687 115.0253 50.9003 2.182e-17 1.928e-17 1.115e-17 0.0 77.2 0.0
S029688 115.0243 50.8993 4.835e-18 5e-18 3.84e-18 0.0 77.19 0.0
S029689 115.0349 50.9137 1.469e-17 1.448e-17 1.015e-17 0.0 77.17 0.0
S029690 115.0263 50.8968 1.872e-15 1.332e-15 4.799e-16 0.0 77.27 0.0
S029691 115.0267 50.906 1.819e-17 1.689e-17 1.032e-17 0.001 77.22 0.0
S029692 115.1157 51.0733 1.308e-18 1.493e-18 1.382e-18 0.0 74.81 0.0
S029693 115.1203 51.0611 1.989e-18 2.254e-18 2.16e-18 0.0 74.81 0.0
S029694 115.0189 50.9055 2.671e-17 2.406e-17 1.396e-17 0.0 77.41 0.0
S029695 115.138 51.0825 8.877e-17 7.395e-17 3.671e-17 0.0 74.54 0.0
S029696 115.1314 51.0754 8.059e-21 1.452e-20 3.6040000000000006e-20 0.0 74.64 0.0
S029697 115.0002 50.8885 3.921e-17 3.589e-17 2.143e-17 0.0 77.63 0.0
S029698 114.9877 50.8749 2.58e-17 4.455e-17 1.003e-16 0.0 77.63 0.0
S029699 115.0034 50.8903 2.475e-15 1.765e-15 6.372e-16 0.0 77.65 0.0
S029700 115.1501 51.0812 6.285e-17 5.364e-17 2.844e-17 0.0 74.48 0.0
S029701 115.157 51.0953 1.445e-16 1.197e-16 6.005e-17 0.0 74.29 0.0
S029702 114.9959 50.9028 8.936e-17 7.042e-17 3.214e-17 0.0 77.72 0.0
S029703 115.1687 51.0901 5.353e-18 5.79e-18 4.867e-18 0.0 74.27 0.0
S029704 115.1667 51.0908 2.6679999999999998e-24 1.083e-23 1.4049999999999998e-22 0.0 74.29 0.0
S029705 115.1725 51.0893 7.353e-17 6.168e-17 3.148e-17 0.0 74.19 0.0
S029706 114.9828 50.89 8.429e-18 8.166e-18 5.566e-18 0.0 78.03 0.0
S029707 115.1785 51.1007 2.117e-15 1.529e-15 5.704e-16 0.0 74.23 0.0
S029708 114.9672 50.8834 2.759e-17 2.433e-17 1.379e-17 0.0 78.01 0.0
S029709 115.1917 51.1029 2.361e-16 1.787e-16 7.644e-17 0.0 74.11 0.0
S029710 115.1915 51.1086 2.603e-16 2.124e-16 1.042e-16 0.0 74.08 0.0
S029711 114.9479 50.8705 1.15e-22 3.4119999999999997e-22 2.3330000000000002e-21 0.0 78.13 0.0
S029712 114.9518 50.8739 1.398e-17 1.303e-17 8.243e-18 0.0 78.19 0.0
S029713 115.2022 51.1005 4.793e-17 4.318e-17 2.482e-17 0.0 73.87 0.0
S029714 114.9353 50.872 3.679e-17 3.116e-17 1.597e-17 0.0 78.32 0.0
S029715 114.9461 50.8709 5.765e-17 4.844e-17 2.556e-17 0.0 78.1 0.0
S029716 114.9444 50.879 1.263e-20 2.2930000000000002e-20 5.8e-20 0.0 78.13 0.0
S029717 114.9264 50.8683 4.571e-18 4.647e-18 3.486e-18 0.0 78.37 0.0
S029718 115.2235 51.1081 1.776e-19 2.442e-19 3.453e-19 0.0 73.73 0.0
S029719 114.9224 50.8723 1.831e-21 4.049e-21 1.5370000000000002e-20 0.0 78.43 0.0
S029720 115.2223 51.1082 3.368e-17 2.991e-17 1.731e-17 0.0 73.64 0.0
S029721 115.2341 51.1218 1.563e-12 1.194e-12 4.959e-13 0.0 73.72 1.0
S029722 114.8982 50.8562 6.723e-17 5.623e-17 2.879e-17 0.0 78.47 0.0
S029723 115.2293 51.1023 6.985e-24 2.2559999999999998e-23 1.8359999999999998e-22 0.0 73.67 0.0
S029724 115.2482 51.1118 1.499e-18 1.707e-18 1.617e-18 0.0 73.56 0.0
S029725 114.907 50.8673 1.855e-21 3.573e-21 1.0240000000000001e-20 0.0 78.57 0.0
S029726 115.2519 51.1238 1.994e-17 1.822e-17 1.144e-17 0.0 73.58 0.0
S029727 115.2565 51.1095 3.472e-15 2.379e-15 8.233e-16 0.0 73.51 0.0
S029728 115.2569 51.103 3.594e-21 2.537e-21 8.892999999999999e-22 0.0 73.47 0.0
S029729 114.8967 50.8639 3.158e-21 6.1880000000000004e-21 1.815e-20 0.0 78.52 0.0
S029730 114.8647 50.8518 4.963e-17 9.504e-17 2.612e-16 0.0 78.6 0.0
S029731 115.2787 51.1176 3.924e-21 2.723e-21 9.546999999999999e-22 0.0 73.45 0.0
S029732 114.8898 50.8708 8.481e-18 7.914e-18 4.989e-18 0.0 78.58 0.0
S029733 114.8877 50.8696 1.692e-17 3.284e-17 9.667e-17 0.0 78.56 0.0
S029734 115.2771 51.11 4.308e-22 9.467e-22 3.46e-21 0.0 73.46 0.0
S029735 115.2659 51.1022 8.101e-16 6.124e-16 2.503e-16 0.0 73.51 0.0
S029736 114.8794 50.8666 7.344e-20 1.043e-19 1.551e-19 0.0 78.62 0.0
S029737 115.2833 51.1102 9.08e-18 8.89e-18 6.305e-18 0.0 73.47 0.0
S029738 114.8882 50.8708 4.806e-16 3.593e-16 1.489e-16 0.0 78.5 1.0
S029739 114.8845 50.876 2.013e-17 3.264e-17 6.56e-17 0.0 78.45 0.0
S029740 114.9008 50.88 1.89e-17 1.697e-17 9.934e-18 0.0 78.54 0.0
S029741 114.8614 50.8751 7.448e-16 5.393e-16 2.06e-16 0.0 78.52 0.0
S029742 114.8855 50.8859 3.552e-21 2.495e-21 8.966e-22 0.0 78.48 0.0
S029743 114.8601 50.8685 4.088e-19 5.077e-19 5.646e-19 0.0 78.56 0.0
S029744 114.8566 50.8799 1.136e-19 1.682e-19 2.74e-19 0.0 78.52 0.0
S029745 115.2852 51.0949 2.997e-18 3.436e-18 3.238e-18 0.0 73.56 0.0
S029746 114.8629 50.8827 5.009e-17 8.794e-17 2.136e-16 0.0 78.44 0.0
S029747 114.8693 50.8892 3.333e-21 2.334e-21 8.255e-22 0.0 78.41 0.0
S029748 114.8614 50.8933 1.36e-16 1.972e-16 3.174e-16 0.0 78.28 0.0
S029749 114.8448 50.8813 4.505e-21 8.378e-21 2.1920000000000003e-20 0.0 78.24 0.0
S029750 114.8684 50.8984 3.803e-17 7.299e-17 1.994e-16 0.0 78.29 0.0
S029751 115.2809 51.0776 3.7739999999999995e-22 8.774999999999999e-22 3.801e-21 0.0 73.82 0.0
S029752 115.2632 51.0647 9.822e-19 1.124e-18 1.079e-18 0.001 73.85 0.0
S029753 114.8913 50.9106 6.238e-21 1.1900000000000001e-20 3.2810000000000005e-20 0.0 78.14 0.0
S029754 114.8889 50.9176 2.474e-16 1.935e-16 8.932e-17 0.0 78.16 1.0
S029755 114.9143 50.9277 4.319e-16 3.314e-16 1.352e-16 0.001 78.1 1.0
S029756 115.2559 51.052 3.361e-18 3.612e-18 2.931e-18 0.0 74.1 0.0
S029757 114.8796 50.9252 2.384e-16 1.83e-16 7.796e-17 0.0 77.95 1.0
S029758 115.2714 51.0522 1.5720000000000002e-20 2.536e-20 5.0150000000000004e-20 0.0 74.21 0.0
S029759 114.8799 50.9221 1.155e-15 8.163e-16 3.007e-16 0.0 77.85 0.0
S029760 115.2476 51.0351 1.929e-20 3.183e-20 6.615e-20 0.0 74.34 0.0
S029761 114.8673 50.9258 7.822e-19 9.584e-19 1.028e-18 0.0 77.78 0.0
S029762 115.2697 51.0375 9.191e-18 8.89e-18 6.017e-18 0.0 74.41 0.0
S029763 114.9149 50.9477 3.333e-17 6.337e-17 1.741e-16 0.0 77.5 0.0
S029764 114.9218 50.96 1.192e-16 9.427e-17 4.314e-17 0.0 77.41 0.0
S029765 115.2034 51.0091 2.007e-18 2.231e-18 1.993e-18 0.0 74.81 0.0
S029766 115.2086 50.9977 8.137e-17 1.179e-16 1.88e-16 0.0 74.93 0.0
S029767 115.2488 51.0076 1.068e-16 9.239e-17 4.736e-17 0.0 74.81 0.0
S029768 115.2365 51.0025 8.181e-23 2.206e-22 1.212e-21 0.0 74.92 0.0
S029769 114.9423 50.9801 1.166e-16 1.005e-16 5.253e-17 0.0 77.03 0.0
S029770 114.9243 50.9789 5.472e-16 4.208e-16 1.718e-16 0.0 77.11 1.0
S029771 115.1879 50.9888 1.0220000000000001e-20 1.808e-20 4.34e-20 0.0 75.21 0.0
S029772 114.9518 50.9834 7.714e-19 1.02e-18 1.271e-18 0.0 76.96 0.0
S029773 114.943 50.9943 6.033e-24 2.057e-23 1.9019999999999998e-22 0.0 76.82 0.0
S029774 114.9735 51.0056 4.098e-21 8.116e-21 2.3680000000000003e-20 0.0 76.56 0.0
S029775 114.9955 51.024 8.158e-17 6.648e-17 3.147e-17 0.0 76.32 0.0
S029776 115.1701 50.9522 3.623e-18 3.825e-18 3.158e-18 0.0 75.65 0.0
S029777 115.1643 50.9408 4.677e-17 4.166e-17 2.36e-17 0.0 75.74 0.0
S029778 115.1521 50.9388 1.858e-19 2.757e-19 4.52e-19 0.0 75.9 0.0
S029779 115.1495 50.9377 1.061e-19 1.539e-19 2.391e-19 0.0 75.84 0.0
S029780 115.0242 51.0405 7.831e-15 5.468e-15 1.985e-15 0.0 75.99 0.0
S029781 115.1103 50.9288 2.129e-18 2.3e-18 1.965e-18 0.0 76.21 0.0
S029782 115.0462 51.0564 7.201e-19 9.293e-19 1.13e-18 0.0 75.75 0.0
S029783 115.0712 51.0679 9.706e-17 8.012e-17 4.044e-17 0.0 75.45 0.0
S029784 115.0664 51.0749 1.601e-21 3.218e-21 9.714000000000001e-21 0.0 75.41 0.0
S029785 115.0859 50.9114 6.978e-18 7.158e-18 5.292e-18 0.0 76.49 0.0
S029786 115.0935 51.0917 1.182e-16 9.703e-17 4.685e-17 0.0 75.23 0.0
S029787 115.0641 50.8938 7.758e-16 5.369e-16 1.875e-16 0.0 76.74 0.0
S029788 115.0367 50.8799 1.8780000000000003e-20 3.3350000000000006e-20 7.786e-20 0.0 77.0 0.0
S029789 115.1021 51.0784 1.593e-17 1.423e-17 8.575e-18 0.0 75.14 0.0
S029790 115.0164 50.8577 9.957e-18 9.749e-18 6.909e-18 0.0 77.19 0.0
S029791 115.004 50.8657 2.763e-17 4.521e-17 9.02e-17 0.0 77.21 0.0
S029792 115.1413 51.1033 9.419999999999999e-23 2.33e-22 1.1130000000000001e-21 0.0 74.7 0.0
S029793 114.9945 50.8715 2.253e-20 3.575e-20 6.834e-20 0.0 77.36 0.0
S029794 115.1725 51.1258 3.733e-14 1.378e-13 1.454e-12 0.0 74.55 0.0
S029795 114.9791 50.8611 1.341e-16 1.096e-16 5.187e-17 0.0 77.67 0.0
S029796 115.1854 51.1256 3.337e-16 2.625e-16 1.167e-16 0.0 74.43 1.0
S029797 115.2029 51.1359 5.97e-22 1.314e-21 4.828e-21 0.0 74.25 0.0
S029798 114.933 50.8415 1.634e-15 1.212e-15 4.733e-16 0.0 78.04 0.0
S029799 114.9216 50.8252 8.532e-19 1.008e-18 1.034e-18 0.0 78.02 0.0
