Name Equatorial Polar BlueF GreenF RedF Parallax RadialVelocity Variable?
S345752 126.7282 94.8271 4.724e-21 9.025e-21 2.5540000000000003e-20 0.0 125.19 0.0
S345753 126.7001 94.8644 2.221e-18 2.341e-18 1.851e-18 0.0 125.87 0.0
S345754 126.7433 94.8829 3.6759999999999994e-22 7.381e-22 2.265e-21 0.0 125.36 0.0
S345755 126.8238 94.8751 1.7179999999999999e-22 4.0489999999999995e-22 1.6630000000000001e-21 0.0 125.38 0.0
S345756 126.7405 94.9482 4.248e-18 3.985e-18 2.581e-18 0.0 126.18 0.0
S345757 126.7634 94.891 1.26e-21 2.287e-21 5.63e-21 0.0 125.68 0.0
S345758 126.7459 94.8849 7.863e-24 2.5419999999999998e-23 2.2089999999999997e-22 0.0 125.53 0.0
S345759 126.7444 94.8854 5.745e-20 7.986000000000001e-20 1.145e-19 0.0 125.71 0.0
S345760 126.716 94.8822 1.344e-20 2.17e-20 4.0410000000000004e-20 0.0 125.91 0.0
S345761 126.7475 94.8069 8.6e-21 1.556e-20 3.9220000000000006e-20 0.0 125.1 0.0
S345762 126.7144 94.9038 1.223e-19 1.576e-19 2.008e-19 0.0 126.19 0.0
S345763 126.7598 94.9319 1.2980000000000001e-20 2.0540000000000003e-20 3.8960000000000004e-20 0.0 126.03 0.0
S345764 126.7411 94.8372 1.102e-22 2.8e-22 1.381e-21 0.0 125.17 0.0
S345765 126.6398 94.9521 3.812e-19 4.469e-19 4.412e-19 0.0 126.42 0.0
S345766 126.7413 94.8849 1.069e-21 2.128e-21 6.182e-21 0.0 126.46 0.0
S345767 126.7752 94.8615 1.708e-23 4.67e-23 2.726e-22 0.0 125.2 0.0
S345768 126.7465 94.921 6.602e-19 7.537e-19 6.997e-19 0.0 126.19 0.0
S345769 126.7792 94.8517 6.489e-22 5.126999999999999e-22 2.278e-22 0.0 125.14 0.0
S345770 126.7416 94.8831 2.635e-22 6.468999999999999e-22 2.895e-21 0.0 125.09 0.0
S345771 126.7689 94.7068 5.585e-18 5.555e-18 3.913e-18 0.0 125.05 0.0
S345772 126.7435 94.8971 8.986e-18 1.792e-17 5.312e-17 0.0 126.07 0.0
S345773 126.7516 94.9089 5.428999999999999e-22 1.112e-21 3.534e-21 0.001 125.91 0.0
S345774 126.8066 94.8891 2.221e-17 4.183e-17 1.167e-16 0.0 125.47 0.0
S345775 126.7527 94.8706 5.797e-21 1.0580000000000002e-20 2.5440000000000003e-20 0.0 125.26 0.0
S345776 126.7667 94.8172 7.94e-23 1.9219999999999999e-22 8.339999999999999e-22 0.0 125.19 0.0
S345777 126.7489 94.8636 4.422e-22 8.405999999999999e-22 2.28e-21 0.0 125.09 0.0
S345778 126.7421 94.8795 5.7339999999999996e-24 1.654e-23 1.056e-22 0.0 125.16 0.0
S345779 126.6844 94.9184 4.324e-22 1.005e-21 4.164e-21 0.0 126.23 0.0
S345780 126.7432 94.8823 9.193e-23 2.263e-22 1.038e-21 0.0 125.32 0.0
S345781 126.7398 94.8865 2.319e-24 7.833e-24 7.145999999999999e-23 0.0 126.21 0.0
S345782 126.7335 94.8909 2.756e-19 3.473e-19 4.143e-19 0.0 126.09 0.0
S345783 126.6559 94.9964 1.601e-18 1.739e-18 1.43e-18 0.0 126.31 0.0
S345784 126.7617 94.9003 1.508e-17 2.062e-17 2.69e-17 0.0 126.0 0.0
S345785 126.7662 94.8493 1.1840000000000002e-20 2.039e-20 4.7020000000000006e-20 0.0 125.15 0.0
S345786 126.696 94.8925 4.447e-21 7.609000000000001e-21 1.6410000000000002e-20 0.0 126.21 0.0
S345787 126.751 94.9601 1.173e-22 3.0989999999999996e-22 1.671e-21 0.0 126.04 0.0
S345788 126.7549 94.8962 3.466e-19 4.139e-19 4.314e-19 0.0 125.94 0.0
S345789 126.7694 94.8729 3.352e-21 6.232e-21 1.605e-20 0.0 125.18 0.0
S345790 126.7483 94.8924 4.454e-21 7.475e-21 1.607e-20 0.0 125.99 0.0
S345791 126.7089 94.9584 1.087e-17 2.206e-17 7.109e-17 0.0 126.34 0.0
S345792 126.7259 94.9106 2.849e-18 2.967e-18 2.322e-18 0.0 126.39 0.0
S345793 126.8112 94.8668 7.98e-20 1.106e-19 1.587e-19 0.0 125.22 0.0
S345794 126.8066 94.9269 1.412e-23 4.0309999999999996e-23 2.51e-22 0.0 125.84 0.0
S345795 126.7869 94.8124 1.093e-21 2.279e-21 7.722e-21 0.0 125.05 0.0
S345796 126.8094 94.989 2.3800000000000002e-20 3.5350000000000006e-20 5.686e-20 0.0 125.98 0.0
S345797 126.7523 94.8862 1.186e-21 2.152e-21 5.438e-21 0.0 125.58 0.0
S345798 126.754 94.8894 2.2639999999999998e-23 6.567e-23 4.313999999999999e-22 0.0 125.7 0.0
S345799 126.7055 94.7801 1.6820000000000002e-26 9.860000000000001e-26 2.889e-24 0.0 125.34 0.0
S345800 126.7867 94.8989 6.388e-13 5.342e-13 2.764e-13 0.0 125.76 1.0
S345801 126.7815 94.7984 4.383e-25 1.86e-24 2.6599999999999997e-23 0.0 125.11 0.0
S345802 126.7561 94.8803 2.287e-13 1.581e-13 5.431e-14 0.0 125.57 0.0
S345803 126.7405 94.8823 2.53e-23 6.596999999999999e-23 3.548e-22 0.0 125.5 0.0
S345804 126.7779 94.9072 3.3829999999999997e-22 7.440999999999999e-22 2.7670000000000002e-21 0.0 125.85 0.0
S345805 126.7553 94.941 3.79e-19 4.473e-19 4.623e-19 0.0 126.26 0.0
S345806 126.7583 94.8889 3.983e-23 1.129e-22 7.255999999999999e-22 0.0 125.66 0.0
S345807 126.7115 94.8772 3.1789999999999995e-22 6.971999999999999e-22 2.584e-21 0.0 126.02 0.0
S345808 126.7589 94.9015 1.315e-17 1.203e-17 7.195e-18 0.0 125.81 0.0
S345809 126.7871 94.8739 2.0419999999999997e-22 4.741999999999999e-22 2.0120000000000002e-21 0.0 125.29 0.0
S345810 126.717 94.9087 7.532e-18 7.225e-18 4.919e-18 0.0 126.28 0.0
S345811 126.7411 94.8892 8.719000000000001e-20 1.169e-19 1.575e-19 0.0 126.12 0.0
S345812 126.7439 94.885 4.8880000000000006e-20 6.977e-20 1.009e-19 0.0 125.83 0.0
S345813 126.8022 94.8721 2.691e-21 5.24e-21 1.4850000000000002e-20 0.0 125.4 0.0
S345814 126.7376 94.8924 2.965e-19 3.444e-19 3.321e-19 0.0 126.19 0.0
S345815 126.7397 94.8809 2.744e-19 3.473e-19 4.028e-19 0.0 125.57 0.0
S345816 126.7426 94.8551 1.5e-20 2.3990000000000003e-20 4.6530000000000006e-20 0.0 125.27 0.0
S345817 126.7184 94.8551 3.2049999999999997e-22 7.333e-22 2.9750000000000002e-21 0.0 125.62 0.0
S345818 126.7602 94.919 3.317e-23 8.740999999999999e-23 4.623999999999999e-22 0.0 126.09 0.0
S345819 126.7471 94.8802 3.625e-21 6.588e-21 1.629e-20 0.0 125.33 0.0
S345820 126.703 94.9104 3.115e-21 5.877e-21 1.549e-20 0.0 126.19 0.0
S345821 126.7419 94.8842 2.898e-24 9.284e-24 7.850999999999999e-23 0.0 125.77 0.0
S345822 126.7961 94.8418 8.075e-23 2.368e-22 1.585e-21 0.0 125.16 0.0
S345823 126.7205 94.9328 1.157e-23 3.711e-23 3.0859999999999997e-22 0.0 126.36 0.0
S345824 126.703 94.8831 4.103e-19 4.919e-19 5.162e-19 0.0 125.81 0.0
S345825 126.743 94.8601 7.809000000000001e-20 1.196e-19 2.041e-19 0.0 125.3 0.0
S345826 126.7114 94.84 1.631e-25 7.2700000000000005e-25 1.195e-23 0.0 125.66 0.0
S345827 126.7494 94.888 1.9849999999999999e-22 4.915e-22 2.338e-21 0.0 125.61 0.0
S345828 126.8216 94.9264 2.2730000000000002e-20 3.4900000000000003e-20 6.168e-20 0.0 125.58 0.0
S345829 126.7365 94.8891 3.1840000000000005e-20 4.6430000000000003e-20 7.075e-20 0.0 126.07 0.0
S345830 126.7028 94.8759 1.9719999999999997e-22 4.833999999999999e-22 2.172e-21 0.0 125.72 0.0
S345831 126.7523 94.889 5.2109999999999996e-23 1.4599999999999998e-22 9.095e-22 0.0 125.77 0.0
S345832 126.7292 94.8596 3.859e-24 1.196e-23 9.263999999999999e-23 0.0 125.38 0.0
S345833 126.74 94.8827 1.8340000000000002e-21 3.5610000000000004e-21 1.0100000000000001e-20 0.0 125.74 0.0
S345834 126.7531 94.8538 6.434999999999999e-23 1.6489999999999997e-22 8.124999999999999e-22 0.0 125.16 0.0
S345835 126.742 94.9 1.1939999999999999e-23 3.863e-23 3.1799999999999995e-22 0.0 126.28 0.0
S345836 126.7495 94.9279 1.3610000000000002e-20 2.1170000000000002e-20 3.934e-20 0.0 126.23 0.0
S345837 126.7492 94.8603 9.216e-23 2.287e-22 1.036e-21 0.0 125.0 0.0
S345838 126.7326 94.8951 2.185e-21 4.114e-21 1.137e-20 0.0 126.21 0.0
S345839 126.6226 94.9296 1.816e-24 6.695e-24 7.144e-23 0.0 126.28 0.0
S345840 126.7084 94.8946 4.3910000000000006e-20 6.449e-20 1.062e-19 0.0 126.15 0.0
S345841 126.7653 94.8284 1.08e-21 2.022e-21 5.47e-21 0.0 124.98 0.0
S345842 126.7187 94.8778 2.405e-23 6.781e-23 4.1309999999999996e-22 0.0 125.73 0.0
S345843 126.7607 94.9077 2.13e-23 5.969999999999999e-23 3.6439999999999998e-22 0.0 125.91 0.0
S345844 126.8115 94.8868 1.108e-21 8.093999999999999e-22 3.134e-22 0.0 125.51 0.0
S345845 126.7538 94.862 2.2899999999999998e-23 6.359e-23 3.8519999999999998e-22 0.0 125.16 0.0
S345846 126.7354 94.8851 3.9839999999999997e-22 8.408999999999999e-22 2.927e-21 0.0 125.99 0.0
S345847 126.7057 94.8529 2.2510000000000003e-20 3.499e-20 6.024000000000001e-20 0.0 125.54 0.0
S345848 126.7307 94.8724 6.068e-18 5.842e-18 3.833e-18 0.0 125.49 0.0
S345849 126.7336 94.8815 8.78e-20 1.141e-19 1.412e-19 0.0 125.72 0.0
S345850 126.7305 94.8691 5.083e-23 1.422e-22 9.024e-22 0.0 125.34 0.0
S345851 126.7421 94.8839 6.615e-20 9.136e-20 1.262e-19 0.001 124.63 0.0
S345852 126.748 94.8911 3.165e-18 3.096e-18 2.149e-18 0.0 125.78 0.0
S345853 126.5946 94.9753 4.143e-17 3.412e-17 1.646e-17 0.0 126.18 0.0
S345854 126.7477 94.8835 1.6719999999999998e-22 4.422e-22 2.419e-21 0.0 125.48 0.0
S345855 126.7423 94.887 2.811e-19 3.383e-19 3.431e-19 0.0 126.17 0.0
S345856 126.7435 94.8834 1.252e-23 3.6219999999999997e-23 2.3499999999999997e-22 0.0 125.36 0.0
S345857 126.718 94.8832 1.641e-17 1.407e-17 7.23e-18 0.0 126.04 0.0
S345858 126.739 94.8843 2.1700000000000003e-25 1.02e-24 1.818e-23 0.0 125.9 0.0
S345859 126.7302 94.8515 9.914e-18 9.481e-18 6.273e-18 0.0 125.15 0.0
S345860 126.7738 94.8731 5.388e-22 1.258e-21 5.2250000000000004e-21 0.0 125.36 0.0
S345861 126.7413 94.8891 4.993e-18 9.876e-18 2.875e-17 0.0 126.2 0.0
S345862 126.7076 94.8796 1.76e-23 5.569e-23 4.373999999999999e-22 0.0 125.68 0.0
S345863 126.7342 94.866 1.687e-20 2.6830000000000002e-20 5.113e-20 0.0 125.22 0.0
S345864 126.7502 94.867 3.891e-19 4.966e-19 5.769e-19 0.0 125.28 0.0
S345865 126.7423 94.8769 3.287e-26 1.857e-25 4.753e-24 0.0 125.19 0.0
S345866 126.7223 94.9556 5.182e-21 9.136e-21 2.0830000000000002e-20 0.0 126.3 0.0
S345867 126.7251 94.9182 2.4219999999999998e-23 7.109e-23 4.798e-22 0.0 126.3 0.0
S345868 126.6714 94.912 1.623e-18 1.778e-18 1.496e-18 0.0 126.28 0.0
S345869 126.7283 94.8765 3.007e-22 6.923999999999999e-22 2.865e-21 0.0 125.58 0.0
S345870 126.7539 94.876 8.923e-20 1.226e-19 1.704e-19 0.0 125.1 0.0
S345871 126.7161 94.8651 7.518e-18 7.043e-18 4.337e-18 0.0 125.53 0.0
S345872 126.8135 94.8896 2.411e-17 4.356e-17 1.083e-16 0.0 125.55 0.0
S345873 126.7424 94.8323 5.805e-23 1.3899999999999998e-22 6.225999999999999e-22 0.001 125.25 0.0
S345874 126.7323 94.8792 1.042e-17 9.588e-18 5.811e-18 0.0 125.72 0.0
S345875 126.7007 94.8562 4.968e-23 1.306e-22 7.012999999999999e-22 0.0 125.54 0.0
S345876 126.7307 94.8775 2.361e-22 4.935999999999999e-22 1.637e-21 0.0 125.65 0.0
S345877 126.7222 94.8982 6.706e-23 1.7009999999999997e-22 8.507999999999999e-22 0.0 126.26 0.0
S345878 126.8283 94.7471 8.46e-20 1.117e-19 1.424e-19 0.0 124.97 0.0
S345879 126.7308 94.8929 3.162e-22 7.349e-22 3.109e-21 0.0 126.17 0.0
S345880 126.6422 94.8355 3.928e-20 5.857e-20 9.397000000000001e-20 0.0 125.71 0.0
S345881 126.7336 94.8835 5.957e-18 5.874e-18 4.12e-18 0.0 125.88 0.0
S345882 126.7497 94.8752 1.588e-24 5.5229999999999996e-24 5.212e-23 0.0 125.21 0.0
S345883 126.7564 94.8614 1.736e-21 3.427e-21 1.0450000000000001e-20 0.0 125.15 0.0
S345884 126.7003 94.8929 9.285999999999999e-22 1.8e-21 5.162e-21 0.0 125.94 0.0
S345885 126.7242 94.8619 2.242e-23 5.929e-23 3.1569999999999995e-22 0.001 125.39 0.0
S345886 126.7125 94.9105 6.049e-21 1.0570000000000001e-20 2.4000000000000002e-20 0.0 126.14 0.0
S345887 126.7419 94.8478 1.311e-21 2.472e-21 6.465e-21 0.0 125.04 0.0
S345888 126.6746 94.8843 4.671e-19 5.55e-19 5.721e-19 0.0 125.88 0.0
S345889 126.7399 94.9521 4.921e-19 5.737e-19 5.894e-19 0.0 126.26 0.0
S345890 126.7452 94.8817 3.802e-19 4.237e-19 3.813e-19 0.0 125.32 0.0
S345891 126.737 94.9191 5.431e-22 1.173e-21 4.213e-21 0.0 126.43 0.0
S345892 126.8147 94.8474 5.657000000000001e-20 8.31e-20 1.311e-19 0.0 125.33 0.0
S345893 126.7518 94.8466 1.236e-22 2.836e-22 1.148e-21 0.0 125.1 0.0
S345894 126.7574 94.8771 1.123e-23 3.2969999999999997e-23 2.2229999999999996e-22 0.0 125.17 0.0
S345895 126.7684 94.891 3.227e-19 4.093e-19 4.757e-19 0.0 125.84 0.0
S345896 126.6616 94.9419 7.922e-23 1.9609999999999997e-22 9.529e-22 0.0 126.26 0.0
S345897 126.7278 94.9672 3.58e-17 9.639e-17 5.435e-16 0.0 126.32 1.0
S345898 126.7818 94.876 1.629e-24 5.322e-24 4.624e-23 0.0 125.18 0.0
S345899 126.7526 94.8846 9.867000000000001e-21 1.653e-20 3.5010000000000005e-20 0.0 125.55 0.0
S345900 126.7381 94.8852 2.382e-18 2.552e-18 2.11e-18 0.0 126.14 0.0
S345901 126.7689 94.8597 2.192e-21 4.3100000000000004e-21 1.261e-20 0.0 125.04 0.0
S345902 126.6573 94.8024 5.936e-22 1.218e-21 3.847e-21 0.0 125.45 0.0
S345903 126.7293 94.8764 4.42e-23 1.247e-22 7.756999999999999e-22 0.0 125.57 0.0
S345904 126.7619 94.8834 1.566e-18 1.623e-18 1.241e-18 0.0 125.32 0.0
S345905 126.7725 94.7997 2.5809999999999997e-22 6.286999999999999e-22 2.786e-21 0.0 125.12 0.0
S345906 126.7271 94.8637 1.064e-21 2.171e-21 7.114e-21 0.0 125.44 0.0
S345907 126.7495 94.8738 1.5370000000000002e-20 2.55e-20 5.294000000000001e-20 0.0 125.26 0.0
S345908 126.7566 94.8929 1.303e-23 3.718e-23 2.3559999999999996e-22 0.0 125.8 0.0
S345909 126.7383 94.8859 1.91e-17 1.601e-17 8.221e-18 0.0 125.92 0.0
S345910 126.7997 94.8725 1.783e-23 5.163e-23 3.3949999999999995e-22 0.0 125.4 0.0
S345911 126.7508 94.9091 3.049e-24 9.562e-24 7.496e-23 0.0 126.11 0.0
S345912 126.6566 94.9846 6.725e-21 1.149e-20 2.4100000000000003e-20 0.001 126.41 0.0
S345913 126.8012 94.9685 1.574e-22 4.0559999999999995e-22 2.073e-21 0.0 125.98 0.0
S345914 126.7356 94.8817 1.436e-21 9.919e-22 3.5149999999999996e-22 0.0 125.66 0.0
S345915 126.7393 94.8852 5.750999999999999e-22 1.287e-21 4.912e-21 0.0 126.18 0.0
S345916 126.7395 94.8884 1.2269999999999998e-22 3.088e-22 1.473e-21 0.0 126.2 0.0
S345917 126.7485 94.8917 2.204e-19 2.786e-19 3.326e-19 0.0 125.82 0.0
S345918 126.7683 94.881 1.189e-19 1.641e-19 2.27e-19 0.0 125.32 0.0
S345919 126.8506 94.9181 7.459999999999999e-22 1.557e-21 5.172e-21 0.0 125.7 0.0
S345920 126.6968 94.8765 1.826e-19 2.355e-19 2.844e-19 0.0 125.87 0.0
S345921 126.6965 94.8946 6.282e-21 1.101e-20 2.484e-20 0.0 126.06 0.0
S345922 126.8596 94.8038 6.914e-21 1.2170000000000001e-20 2.788e-20 0.0 125.32 0.0
S345923 126.6495 94.9018 2.0049999999999997e-22 4.725e-22 2.071e-21 0.0 126.17 0.0
S345924 126.7563 94.9127 1.8e-19 2.206e-19 2.475e-19 0.0 126.16 0.0
S345925 126.7161 94.904 7.146e-25 2.889e-24 3.972e-23 0.0 126.17 0.0
S345926 126.7694 94.8846 5.376e-23 1.1889999999999998e-22 4.5e-22 0.0 125.39 0.0
S345927 126.7544 94.889 6.733999999999999e-22 1.5350000000000001e-21 6.157e-21 0.0 125.69 0.0
S345928 126.7518 94.8616 1.769e-18 1.858e-18 1.413e-18 0.0 125.05 0.0
S345929 126.7535 94.8 1.3480000000000002e-20 2.233e-20 4.65e-20 0.0 125.23 0.0
S345930 126.7413 94.8791 6.041e-24 2.059e-23 1.878e-22 0.0 125.41 0.0
S345931 126.7754 94.8648 3.949e-21 7.056e-21 1.649e-20 0.0 125.27 0.0
S345932 126.7334 94.9612 3.163e-23 9.153999999999999e-23 5.918999999999999e-22 0.0 126.31 0.0
S345933 126.7421 94.8807 3.693e-21 7.016e-21 1.863e-20 0.0 125.33 0.0
S345934 126.7396 94.8753 1.418e-20 2.3110000000000002e-20 4.4970000000000004e-20 0.0 125.25 0.0
S345935 126.742 94.8891 8.019e-13 5.954e-13 2.316e-13 0.0 126.03 0.0
S345936 126.7639 94.965 1.317e-19 1.672e-19 2.033e-19 0.0 126.21 0.0
S345937 126.7414 94.8851 6.48e-23 1.589e-22 7.1539999999999995e-22 0.0 126.03 0.0
S345938 126.7433 94.8856 1.106e-17 1.06e-17 6.928e-18 0.0 125.9 0.0
S345939 126.7529 94.9123 8.176999999999999e-23 2.0589999999999998e-22 1.0180000000000001e-21 0.001 126.01 0.0
S345940 126.7176 94.906 2.353e-21 1.542e-21 4.830999999999999e-22 0.0 126.28 0.0
S345941 126.7224 94.8894 9.604999999999999e-23 2.5509999999999997e-22 1.374e-21 0.0 126.05 0.0
S345942 126.7632 94.8809 7.894e-21 1.3470000000000001e-20 2.939e-20 0.0 125.37 0.0
S345943 126.6812 94.8748 3.972e-24 1.174e-23 8.246e-23 0.0 125.98 0.0
S345944 126.6931 94.8284 2.11e-19 2.618e-19 3.093e-19 0.0 125.49 0.0
S345945 126.7149 95.0041 1.2279999999999999e-23 4.097e-23 3.6e-22 0.0 126.43 0.0
S345946 126.6457 94.8813 1.318e-17 2.36e-17 5.819e-17 0.0 125.86 0.0
S345947 126.6949 94.8684 9.720000000000001e-20 1.287e-19 1.689e-19 0.0 125.65 0.0
S345948 126.7359 94.8605 4.868e-24 1.6369999999999998e-23 1.4459999999999998e-22 0.0 125.42 0.0
S345949 126.7458 94.8868 1.7159999999999998e-22 4.231e-22 1.958e-21 0.0 125.75 0.0
S345950 126.7333 94.8669 9.588e-21 1.546e-20 3.0060000000000004e-20 0.0 125.14 0.0
S345951 126.7322 94.9039 4.921e-19 6.02e-19 6.349e-19 0.0 126.19 0.0
S345952 126.7675 94.8878 3.8329999999999996e-23 1.0669999999999998e-22 6.268999999999999e-22 0.0 125.49 0.0
S345953 126.7468 94.9017 4.788e-19 5.375e-19 4.887e-19 0.0 126.27 0.0
S345954 126.7522 94.8836 1.768e-17 1.541e-17 8.353e-18 0.0 125.46 0.0
S345955 126.6823 94.9024 7.394e-24 2.5449999999999997e-23 2.4179999999999998e-22 0.0 126.15 0.0
S345956 126.7423 94.8848 1.6169999999999998e-22 3.4549999999999996e-22 1.179e-21 0.0 126.15 0.0
S345957 126.7308 94.896 5.789e-13 4.437e-13 1.835e-13 0.0 126.29 1.0
S345958 126.7444 94.8845 2.4479999999999998e-23 7.056e-23 4.383e-22 0.0 125.57 0.0
S345959 126.7116 94.8589 1.681e-21 1.141e-21 3.9599999999999995e-22 0.0 125.42 0.0
S345960 126.7602 94.8681 6.483e-20 9.018000000000001e-20 1.283e-19 0.0 125.1 0.0
S345961 126.7601 94.9239 6.241e-19 6.99e-19 6.318e-19 0.0 126.2 0.0
S345962 126.7422 94.8851 1.675e-18 1.827e-18 1.56e-18 0.0 126.07 0.0
S345963 126.6846 94.9658 1.291e-17 2.114e-17 4.3e-17 0.0 126.29 0.0
S345964 126.6455 94.8912 2.635e-22 5.800999999999999e-22 2.24e-21 0.0 126.1 0.0
S345965 126.6928 94.899 2.206e-22 5.6829999999999995e-22 3.028e-21 0.0 125.99 0.0
S345966 126.768 94.9382 5.0219999999999995e-23 1.4979999999999998e-22 1.078e-21 0.001 126.25 0.0
S345967 126.7441 94.875 1.0229999999999999e-22 2.5359999999999997e-22 1.18e-21 0.0 125.19 0.0
S345968 126.7761 94.8993 2.0679999999999997e-22 4.504999999999999e-22 1.612e-21 0.0 125.65 0.0
S345969 126.6983 94.8834 1.135e-23 3.016e-23 1.645e-22 0.0 126.02 0.0
S345970 126.7475 94.8876 2.031e-25 9.177e-25 1.495e-23 0.0 125.82 0.0
S345971 126.739 94.8834 6.342e-23 1.6599999999999997e-22 8.753e-22 0.0 125.88 0.0
S345972 126.7429 94.8842 3.369e-24 1.0669999999999999e-23 8.589e-23 0.0 125.71 0.0
S345973 126.7573 94.8256 9.149e-19 1.054e-18 1.004e-18 0.0 125.09 0.0
S345974 126.7543 94.8766 1.688e-19 2.122e-19 2.431e-19 0.0 125.27 0.0
S345975 126.7771 94.891 3.06e-18 3.041e-18 2.207e-18 0.0 125.5 0.0
S345976 126.7535 94.8975 2.715e-21 5.016e-21 1.2710000000000001e-20 0.0 125.86 0.0
S345977 126.7421 94.8883 1.03e-19 1.338e-19 1.717e-19 0.0 125.99 0.0
S345978 126.7597 94.9377 1.132e-20 1.811e-20 3.4390000000000005e-20 0.0 126.16 0.0
S345979 126.861 94.6999 4.152e-21 7.743e-21 2.0060000000000003e-20 0.0 124.93 0.0
S345980 126.7284 94.9635 1.6209999999999999e-22 3.9599999999999995e-22 1.844e-21 0.0 126.39 0.0
S345981 126.791 94.9582 2.602e-24 8.892999999999999e-24 8.069999999999999e-23 0.0 126.08 0.0
S345982 126.7506 94.8801 3.715e-19 4.37e-19 4.467e-19 0.0 125.31 0.0
S345983 126.7569 94.8742 3.379e-22 6.688999999999999e-22 1.933e-21 0.0 125.25 0.0
S345984 126.7516 94.8785 1.313e-18 1.408e-18 1.2e-18 0.0 125.39 0.0
S345985 126.7092 94.923 2.748e-19 3.349e-19 3.561e-19 0.0 126.6 0.0
S345986 126.744 94.8633 4.172e-24 1.23e-23 8.659999999999999e-23 0.0 125.15 0.0
S345987 126.7699 94.9016 3.177e-19 3.987e-19 4.628e-19 0.0 125.79 0.0
S345988 126.7386 94.8866 1.1730000000000001e-25 5.493e-25 9.398e-24 0.0 126.06 0.0
S345989 126.6958 94.9169 1.522e-19 2.105e-19 3.009e-19 0.0 126.41 0.0
S345990 126.7443 94.8603 5.631999999999999e-22 1.222e-21 4.318e-21 0.0 125.16 0.0
S345991 126.7435 94.8809 2.088e-20 3.4180000000000006e-20 6.879e-20 0.0 125.32 0.0
S345992 126.7545 94.8754 4.209e-22 8.647e-22 2.651e-21 0.0 125.23 0.0
S345993 126.7449 94.8706 1.869e-21 1.284e-21 4.319e-22 0.0 125.18 0.0
S345994 126.7207 94.8857 7.827000000000001e-20 1.064e-19 1.488e-19 0.0 126.03 0.0
S345995 126.7417 94.8832 3.811e-23 9.585e-23 4.957e-22 0.0 124.92 0.0
S345996 126.7759 94.83 3.555e-23 1.0489999999999999e-22 6.934e-22 0.0 125.07 0.0
S345997 126.7408 94.8818 8.771e-19 9.91e-19 8.902e-19 0.0 125.43 0.0
S345998 126.6755 94.8705 6.394e-19 7.406e-19 7.039e-19 0.0 126.0 0.0
S345999 126.7047 94.8564 2.071e-22 4.918e-22 2.092e-21 0.0 125.62 0.0
S346000 126.7333 94.899 2.626e-24 9.137e-24 8.444e-23 0.0 126.27 0.0
S346001 126.7588 94.9177 6.236e-20 8.847000000000001e-20 1.302e-19 0.0 126.19 0.0
S346002 126.7419 94.865 5.897999999999999e-22 1.277e-21 4.515e-21 0.0 124.99 0.0
S346003 126.732 94.8749 8.427e-24 2.572e-23 1.8949999999999998e-22 0.0 125.5 0.0
S346004 126.7388 94.8827 1.654e-19 2.05e-19 2.26e-19 0.0 125.67 0.0
S346005 126.6862 94.8753 4.957e-22 9.466e-22 2.594e-21 0.0 125.84 0.0
S346006 126.6556 94.8881 6.26e-24 1.99e-23 1.566e-22 0.0 125.94 0.0
S346007 126.7498 94.876 4.44e-23 1.213e-22 7.1089999999999995e-22 0.0 125.25 0.0
S346008 126.7235 94.8863 4.969e-20 7.165000000000001e-20 1.088e-19 0.0 126.08 0.0
S346009 126.7661 94.9619 4.341999999999999e-22 9.225999999999999e-22 3.179e-21 0.0 126.13 0.0
S346010 126.7408 94.88 6.166e-19 7.073e-19 6.66e-19 0.0 125.41 0.0
S346011 126.7479 94.893 6.995000000000001e-20 9.408000000000001e-20 1.238e-19 0.0 125.93 0.0
S346012 126.7408 94.8933 2.545e-18 2.52e-18 1.847e-18 0.0 126.06 0.0
S346013 126.7519 94.9502 6.764e-23 1.804e-22 1.032e-21 0.0 126.2 0.0
S346014 126.7041 94.9076 5.815e-18 5.837e-18 4.294e-18 0.0 126.09 0.0
S346015 126.7456 94.8792 3.221e-20 4.7870000000000004e-20 7.664000000000001e-20 0.0 125.31 0.0
S346016 126.7724 94.852 3.8499999999999996e-22 8.535999999999999e-22 3.221e-21 0.0 125.13 0.0
S346017 126.7328 94.8884 1.053e-19 1.338e-19 1.585e-19 0.0 126.02 0.0
S346018 126.7483 94.8806 3.1590000000000004e-26 1.78e-25 4.584e-24 0.0 125.46 0.0
S346019 126.7118 94.8525 5.62e-20 7.560000000000001e-20 1.026e-19 0.0 125.51 0.0
S346020 126.7307 94.8939 5.51e-22 1.213e-21 4.537e-21 0.0 126.2 0.0
S346021 126.6979 94.8749 4.581e-25 2.027e-24 3.191e-23 0.0 125.85 0.0
S346022 126.8196 94.9482 1.773e-24 6.205e-24 6.052e-23 0.0 125.97 0.0
S346023 126.7895 94.8934 5.024e-23 1.4019999999999999e-22 8.833999999999999e-22 0.0 125.65 0.0
S346024 126.7328 94.8901 4.182e-24 1.409e-23 1.285e-22 0.0 126.13 0.0
S346025 126.7394 94.9265 4.0530000000000006e-20 6.255000000000001e-20 1.06e-19 0.0 126.34 0.0
S346026 126.7513 94.8966 1.188e-17 1.875e-17 3.539e-17 0.0 125.9 0.0
S346027 126.7505 94.8934 1.5340000000000002e-20 2.4380000000000002e-20 4.7660000000000004e-20 0.0 125.92 0.0
S346028 126.7364 94.9552 3.345e-24 1.021e-23 7.529e-23 0.0 126.23 0.0
S346029 126.7427 94.9059 5.755e-23 1.7609999999999998e-22 1.27e-21 0.0 126.11 0.0
S346030 126.751 94.8847 7.342e-20 1.014e-19 1.47e-19 0.0 125.57 0.0
S346031 126.7068 94.8916 8.942999999999999e-23 2.3719999999999997e-22 1.291e-21 0.0 126.17 0.0
S346032 126.739 94.8846 4.826e-22 9.942e-22 3.312e-21 0.0 126.14 0.0
S346033 126.7414 94.8877 3.072e-23 8.315e-23 4.8209999999999995e-22 0.0 126.1 0.0
S346034 126.6671 94.7988 6.198e-18 6.274e-18 4.603e-18 0.0 125.45 0.0
S346035 126.7638 94.8968 4.976e-23 1.266e-22 6.449999999999999e-22 0.0 125.61 0.0
S346036 126.7762 94.8695 2.426e-23 7.081e-23 4.639999999999999e-22 0.0 125.13 0.0
S346037 126.6754 94.9282 6.6189999999999995e-22 1.5350000000000001e-21 6.376e-21 0.0 126.24 0.0
S346038 126.7423 94.8817 1.2e-17 1.029e-17 5.599e-18 0.0 125.1 0.0
S346039 126.7531 94.8674 2.259e-19 2.689e-19 2.711e-19 0.0 124.89 0.0
S346040 126.75 94.9756 3.2610000000000004e-26 2.0640000000000001e-25 6.752e-24 0.0 126.34 0.0
S346041 126.7798 94.9624 6.528e-19 7.427e-19 6.872e-19 0.0 126.04 0.0
S346042 126.7431 94.8825 1.718e-21 3.451e-21 1.0340000000000001e-20 0.0 125.3 0.0
S346043 126.7407 94.878 6.541e-21 1.113e-20 2.4370000000000003e-20 0.0 125.19 0.0
S346044 126.7322 94.8162 1.1189999999999999e-23 3.249e-23 2.2239999999999997e-22 0.0 125.06 0.0
S346045 126.7392 94.8828 7.389e-20 1.013e-19 1.425e-19 0.0 125.7 0.0
S346046 126.6632 94.8572 1.592e-13 1.069e-13 3.565e-14 0.0 125.83 0.0
S346047 126.7364 94.8929 2.546e-23 7.391e-23 5.033e-22 0.0 126.2 0.0
S346048 126.6969 94.9195 1.144e-19 1.506e-19 1.939e-19 0.0 126.17 0.0
S346049 126.7303 94.8875 3.283e-18 3.297e-18 2.348e-18 0.0 125.97 0.0
S346050 126.7436 94.8867 1.151e-24 4.142e-24 4.41e-23 0.0 125.93 0.0
S346051 126.7974 95.0365 2.496e-13 1.696e-13 5.857e-14 0.0 126.09 0.0
S346052 126.7686 94.8443 1.264e-21 2.479e-21 7.229000000000001e-21 0.0 125.04 0.0
S346053 126.6946 94.889 3.447e-23 8.587e-23 4.302e-22 0.0 125.85 0.0
S346054 126.8249 94.8269 1.847e-21 3.474e-21 9.582e-21 0.0 124.98 0.0
S346055 126.7586 94.8961 1.4729999999999998e-23 4.4899999999999997e-23 3.2329999999999996e-22 0.0 125.75 0.0
S346056 126.734 94.8873 2.53e-22 5.685e-22 2.265e-21 0.0 126.09 0.0
S346057 126.7547 94.8676 4.741e-24 1.582e-23 1.374e-22 0.0 125.04 0.0
S346058 126.7449 94.8861 1.513e-17 1.342e-17 7.402e-18 0.0 125.73 0.0
S346059 126.7283 94.833 1.242e-18 1.271e-18 9.638e-19 0.0 125.26 0.0
S346060 126.7251 94.8545 1.149e-24 4.542e-24 5.672e-23 0.0 125.46 0.0
S346061 126.7547 94.7653 7.734e-23 1.8309999999999997e-22 8.0749999999999995e-22 0.0 125.22 0.0
S346062 126.7726 94.8694 5.578e-21 9.998000000000001e-21 2.3730000000000002e-20 0.0 125.42 0.0
S346063 126.7369 94.8919 4.9030000000000005e-20 7.492e-20 1.256e-19 0.0 125.98 0.0
S346064 126.7419 94.8843 3.745e-19 4.394e-19 4.377e-19 0.0 126.18 0.0
S346065 126.7331 94.8952 1.0240000000000001e-21 2.051e-21 6.056e-21 0.0 126.06 0.0
S346066 126.6553 94.8914 6.498e-20 9.142000000000001e-20 1.31e-19 0.0 126.15 0.0
S346067 126.7014 94.8218 6.988e-21 1.154e-20 2.253e-20 0.0 125.52 0.0
S346068 126.6861 94.8109 2.064e-21 4.208e-21 1.268e-20 0.0 125.35 0.0
S346069 126.7394 94.8981 1.728e-18 1.776e-18 1.348e-18 0.0 126.22 0.0
S346070 126.7817 94.9337 1.2780000000000001e-20 2.0890000000000003e-20 4.3360000000000006e-20 0.0 125.84 0.0
S346071 126.7341 94.8874 6.86e-18 1.2e-17 2.813e-17 0.0 126.2 0.0
S346072 126.7417 94.8897 5.95e-19 6.894e-19 6.552e-19 0.0 126.0 0.0
S346073 126.7117 94.8798 5.619e-18 5.248e-18 3.344e-18 0.0 125.93 0.0
S346074 126.7408 94.8965 1.182e-21 2.329e-21 6.826e-21 0.0 126.08 0.0
S346075 126.7124 94.9138 1.396e-19 1.792e-19 2.132e-19 0.0 126.13 0.0
S346076 126.7317 94.9076 3.327e-18 3.244e-18 2.285e-18 0.0 126.38 0.0
S346077 126.6769 94.8865 7.422e-23 1.986e-22 1.086e-21 0.0 125.95 0.0
S346078 126.7335 94.8837 5.822e-24 1.791e-23 1.3869999999999999e-22 0.0 125.8 0.0
S346079 126.7342 94.8761 4.9969999999999997e-23 1.192e-22 5.055999999999999e-22 0.0 125.71 0.0
S346080 126.755 94.8797 6.491e-17 1.045e-16 2.024e-16 0.0 125.4 0.0
S346081 126.7526 94.8799 5.878e-18 1.118e-17 2.996e-17 0.0 125.29 0.0
S346082 126.721 94.8794 2.543e-23 6.726999999999999e-23 3.571e-22 0.0 125.88 0.0
S346083 126.6542 94.9255 2.646e-19 3.464e-19 4.456e-19 0.0 126.01 0.0
S346084 126.7239 94.881 4.379e-22 1.011e-21 4.03e-21 0.0 125.79 1.0
S346085 126.7007 94.8936 6.057e-22 1.253e-21 4.022e-21 0.0 126.07 0.0
S346086 126.7298 94.8694 6.155e-18 5.745e-18 3.595e-18 0.0 125.58 0.0
S346087 126.7714 94.9137 5.205e-19 5.937e-19 5.865e-19 0.0 126.08 0.0
S346088 126.7306 94.8927 1.739e-21 1.189e-21 4.0779999999999995e-22 0.0 126.2 0.0
S346089 126.7477 94.8794 1.585e-24 5.331e-24 4.965e-23 0.0 125.41 0.0
S346090 126.7196 94.8687 2.681e-22 6.791999999999999e-22 3.2840000000000002e-21 0.0 125.59 0.0
S346091 126.7194 94.8966 4.076e-19 4.699e-19 4.634e-19 0.0 126.29 0.0
S346092 126.7562 94.8932 1.171e-18 1.338e-18 1.25e-18 0.0 125.74 0.0
S346093 126.7476 94.8943 5.233e-18 5.084e-18 3.534e-18 0.0 126.15 0.0
S346094 126.738 94.8821 7.498e-18 7.047e-18 4.42e-18 0.0 125.68 0.0
S346095 126.7511 94.8866 1.6660000000000001e-21 1.145e-21 3.95e-22 0.0 125.68 0.0
S346096 126.7358 94.8929 5.188e-18 8.082e-18 1.504e-17 0.0 126.09 0.0
S346097 126.7486 94.9057 5.475e-18 5.273e-18 3.443e-18 0.0 126.15 0.0
S346098 126.7533 94.9029 7.004e-18 1.183e-17 2.484e-17 0.0 126.07 0.0
S346099 126.7437 94.8977 1.095e-12 9.085e-13 4.601e-13 0.0 126.08 1.0
S346100 126.7417 94.8456 6.494999999999999e-22 1.4430000000000001e-21 5.543e-21 0.0 125.38 0.0
S346101 126.7678 94.8882 1.328e-17 2.246e-17 4.685e-17 0.0 125.67 0.0
S346102 126.7449 94.8694 1.938e-19 2.541e-19 3.116e-19 0.0 125.16 0.0
S346103 126.7291 94.8863 6.341e-18 1.097e-17 2.432e-17 0.0 125.96 0.0
S346104 126.7416 94.8792 2.879e-22 6.784e-22 2.986e-21 0.0 125.28 0.0
S346105 126.7627 94.9035 1.329e-21 2.639e-21 7.912e-21 0.0 125.89 0.0
S346106 126.7244 94.8951 8.075e-18 1.492e-17 3.947e-17 0.0 126.23 0.0
S346107 126.7589 94.8834 3.4359999999999998e-22 7.626999999999999e-22 2.759e-21 0.001 125.49 0.0
S346108 126.7623 94.8573 3.536e-18 3.549e-18 2.557e-18 0.0 125.01 0.0
S346109 126.7422 94.912 9.076e-17 6.93e-17 2.946e-17 0.0 126.2 1.0
S346110 126.7165 94.8726 1.3340000000000001e-25 6.032e-25 1.0019999999999999e-23 0.0 125.77 0.0
S346111 126.7414 94.8987 2.5720000000000003e-20 3.7980000000000005e-20 6.231e-20 0.0 126.03 0.0
S346112 126.7559 94.88 1.674e-21 1.148e-21 3.9849999999999997e-22 0.0 125.31 0.0
S346113 126.7534 94.8836 1.565e-18 1.604e-18 1.193e-18 0.0 125.47 0.0
S346114 126.7553 94.8629 1.682e-21 1.177e-21 4.0949999999999996e-22 0.0 125.14 0.0
S346115 126.7245 94.8892 6.116e-20 8.598e-20 1.298e-19 0.0 126.13 0.0
S346116 126.7344 94.8874 3.071e-20 4.719e-20 8.290000000000001e-20 0.0 125.95 0.0
S346117 126.7125 94.8669 6.213e-18 6.081e-18 4.092e-18 0.0 125.58 0.0
S346118 126.7469 94.8526 2.645e-24 8.2e-24 6.434e-23 0.0 125.15 0.0
S346119 126.721 94.8646 8.757e-22 1.764e-21 5.423e-21 0.0 125.55 0.0
S346120 126.7649 94.8719 1.987e-17 3.256e-17 6.495e-17 0.0 125.26 0.0
S346121 126.7607 94.8725 4.725e-22 1.082e-21 4.242e-21 0.0 125.12 0.0
S346122 126.7541 94.8988 2.361e-13 1.627e-13 5.764e-14 0.0 125.9 0.0
S346123 126.7247 94.8992 6.424e-13 4.516e-13 1.687e-13 0.0 126.16 0.0
S346124 126.7222 94.874 4.265e-18 4.302e-18 3.269e-18 0.0 125.94 0.0
S346125 126.7312 94.8844 2.034e-18 2.164e-18 1.809e-18 0.0 125.95 0.0
S346126 126.7394 94.876 8.765e-17 1.321e-16 2.198e-16 0.0 125.14 0.0
S346127 126.7233 94.8677 4.462999999999999e-22 9.720999999999998e-22 3.615e-21 0.0 125.64 0.0
S346128 126.7158 94.8841 1.038e-21 7.550999999999999e-22 2.991e-22 0.0 125.86 0.0
S346129 126.7308 94.9029 2.049e-19 2.619e-19 3.148e-19 0.0 126.35 0.0
S346130 126.7431 94.8987 1.584e-19 2.096e-19 2.645e-19 0.0 126.08 0.0
S346131 126.726 94.9151 1.735e-19 2.158e-19 2.377e-19 0.0 126.39 0.0
S346132 126.7496 94.8776 1.407e-22 3.087e-22 1.167e-21 0.0 125.33 0.0
S346133 126.7785 94.8862 6.138e-18 1.04e-17 2.247e-17 0.0 125.4 0.0
S346134 126.7476 94.8985 1.565e-16 1.153e-16 4.49e-17 0.0 126.25 0.0
S346135 126.7468 94.8586 3.9019999999999996e-22 8.199999999999999e-22 2.742e-21 0.0 125.13 0.0
S346136 126.7343 94.8712 8.064e-22 1.542e-21 4.304e-21 0.0 124.9 0.0
S346137 126.747 94.9126 4.179e-13 3.397e-13 1.67e-13 0.0 126.27 1.0
S346138 126.7303 94.8976 1.908e-20 3.1090000000000004e-20 6.066000000000001e-20 0.0 126.33 0.0
S346139 126.722 94.8991 3.062e-21 5.347e-21 1.2080000000000002e-20 0.0 126.32 0.0
S346140 126.7252 94.8878 1.355e-18 1.463e-18 1.219e-18 0.0 125.91 0.0
S346141 126.7275 94.9122 4.9100000000000005e-20 7.371000000000001e-20 1.206e-19 0.0 126.43 0.0
S346142 126.7273 94.8729 8.422e-21 1.49e-20 3.484e-20 0.0 125.57 0.0
S346143 126.7319 94.9007 3.401e-17 2.7e-17 1.243e-17 0.0 126.26 0.0
S346144 126.7397 94.8651 2.714e-19 3.265e-19 3.523e-19 0.0 125.33 0.0
S346145 126.7326 94.8556 2.2130000000000003e-20 3.243e-20 5.162e-20 0.0 125.17 0.0
S346146 126.7338 94.8962 1.35e-19 1.868e-19 2.645e-19 0.0 126.35 0.0
S346147 126.7374 94.8699 1.97e-24 7.004e-24 7.217999999999999e-23 0.0 125.31 0.0
S346148 126.7338 94.8877 7.029e-18 6.713e-18 4.45e-18 0.0 126.05 1.0
S346149 126.7187 94.8735 8.13e-24 2.2429999999999998e-23 1.3e-22 0.0 125.74 0.0
S346150 126.7408 94.87 4.0799999999999996e-23 1.198e-22 8.172999999999999e-22 0.0 125.35 0.0
S346151 126.7514 94.9004 3.8e-18 3.782e-18 2.66e-18 0.0 126.16 0.0
S346152 126.7513 94.9036 3.719e-21 6.828e-21 1.78e-20 0.0 126.18 0.0
S346153 126.7208 94.8936 5.601000000000001e-20 7.388000000000001e-20 9.765e-20 0.0 126.2 0.0
S346154 126.7496 94.8923 2.911e-24 9.533e-24 7.884e-23 0.0 125.84 0.0
S346155 126.7787 94.9038 6.657e-25 2.665e-24 3.525e-23 0.0 125.77 0.0
S346156 126.7334 94.8784 6.979e-20 9.687000000000001e-20 1.342e-19 0.0 125.75 0.0
S346157 126.7427 94.8865 5.842e-17 4.938e-17 2.574e-17 0.0 126.03 0.0
S346158 126.7344 94.8593 8.979e-17 7.449e-17 3.643e-17 0.0 125.36 0.0
S346159 126.7481 94.8629 1.214e-18 1.289e-18 1.071e-18 0.0 125.13 0.0
S346160 126.7467 94.8899 7.606e-23 2.0179999999999998e-22 1.089e-21 0.0 125.88 0.0
S346161 126.7302 94.8591 4.849999999999999e-22 1.073e-21 4.15e-21 0.0 125.41 0.0
S346162 126.7519 94.8613 9.891e-19 1.128e-18 1.06e-18 0.0 124.98 0.0
S346163 126.7519 94.9065 3.7089999999999996e-22 8.49e-22 3.562e-21 0.0 126.0 0.0
S346164 126.7169 94.8772 1.102e-19 1.543e-19 2.218e-19 0.0 125.76 0.0
S346165 126.7161 94.892 1.558e-18 1.622e-18 1.239e-18 0.0 126.02 0.0
S346166 126.7434 94.8935 2.059e-17 4.789e-17 1.97e-16 0.0 126.11 1.0
S346167 126.739 94.9173 9.717e-22 7.115999999999999e-22 2.836e-22 0.0 126.34 0.0
S346168 126.744 94.8813 1.495e-13 1.004e-13 3.218e-14 0.0 125.37 0.0
S346169 126.7639 94.8627 9.916999999999999e-23 2.3559999999999996e-22 1.049e-21 0.0 124.96 0.0
S346170 126.7597 94.8851 1.387e-21 9.790999999999999e-22 3.423e-22 0.0 125.43 0.0
S346171 126.7377 94.868 3.378e-17 2.869e-17 1.499e-17 0.0 125.31 0.0
S346172 126.7335 94.8668 1.387e-18 1.513e-18 1.314e-18 0.0 125.28 0.0
S346173 126.7324 94.8953 9.569e-18 9.223e-18 6.036e-18 0.0 126.19 0.0
S346174 126.738 94.9151 1.097e-21 2.304e-21 7.639e-21 0.0 126.38 0.0
S346175 126.7311 94.9065 1.071e-18 1.23e-18 1.175e-18 0.0 126.35 0.0
S346176 126.7566 94.8784 2.826e-23 8.116e-23 5.226e-22 0.0 125.12 0.0
S346177 126.7548 94.8978 1.457e-20 2.3990000000000003e-20 4.8820000000000005e-20 0.0 125.95 0.0
S346178 126.7446 94.9168 6.097e-18 5.967e-18 4.232e-18 0.0 126.05 0.0
S346179 126.7488 94.8544 1.677e-21 1.142e-21 3.9589999999999995e-22 0.0 125.02 0.0
S346180 126.7297 94.8829 1.72e-21 3.295e-21 9.067e-21 0.0 126.12 0.0
S346181 126.7481 94.892 1.755e-21 1.203e-21 4.18e-22 0.0 125.81 0.0
S346182 126.7464 94.8821 4.400999999999999e-22 9.118e-22 3.022e-21 0.0 125.36 0.0
S346183 126.7579 94.894 1.612e-21 1.1e-21 3.8659999999999997e-22 0.0 125.63 0.0
S346184 126.7462 94.8756 1.661e-21 1.166e-21 3.9539999999999996e-22 0.0 125.24 0.0
S346185 126.7155 94.8975 9.503e-20 1.239e-19 1.565e-19 0.0 126.13 0.0
S346186 126.7276 94.9062 2.509e-18 2.571e-18 2.012e-18 0.0 126.41 0.0
S346187 126.7589 94.9088 1.581e-17 1.382e-17 7.459e-18 0.0 125.93 0.0
S346188 126.7293 94.8857 5.513999999999999e-23 1.5489999999999998e-22 9.565e-22 0.001 126.25 0.0
S346189 126.7053 94.8823 1.334e-16 9.768e-17 3.818e-17 0.0 126.01 0.0
S346190 126.7417 94.8983 2.537e-18 2.527e-18 1.874e-18 0.0 126.2 0.0
S346191 126.7395 94.8857 4.633e-21 8.000000000000001e-21 1.812e-20 0.0 126.11 0.0
S346192 126.7383 94.8659 5.833e-19 6.736e-19 6.769e-19 0.0 124.85 0.0
S346193 126.7352 94.8675 9.863e-18 9.658e-18 6.716e-18 0.0 125.34 0.0
S346194 126.765 94.8432 1.202e-18 1.355e-18 1.227e-18 0.0 125.24 0.0
S346195 126.7405 94.877 5.079e-19 6.132e-19 6.56e-19 0.0 125.36 0.0
S346196 126.756 94.8853 7.413e-18 7.416e-18 5.335e-18 0.0 125.43 0.0
S346197 126.7431 94.9069 2.667e-21 4.945e-21 1.299e-20 0.0 126.12 0.0
S346198 126.727 94.8684 2.286e-22 5.739999999999999e-22 2.748e-21 0.0 125.31 0.0
S346199 126.7258 94.8798 1.503e-17 1.337e-17 7.566e-18 0.0 125.76 0.0
S346200 126.7669 94.869 2.017e-18 2.077e-18 1.608e-18 0.0 125.04 0.0
S346201 126.7595 94.8897 6.27e-17 5.179e-17 2.568e-17 0.0 125.67 0.0
S346202 126.7417 94.8923 1.519e-16 1.166e-16 4.948e-17 0.0 126.14 1.0
S346203 126.7024 94.8774 2.197e-19 2.695e-19 2.947e-19 0.0 125.87 0.0
S346204 126.7485 94.9078 9.679e-17 7.725e-17 3.502e-17 0.0 126.11 0.0
S346205 126.7271 94.8572 6.221e-21 1.1000000000000001e-20 2.5940000000000002e-20 0.0 125.23 0.0
S346206 126.7113 94.8583 6.806e-18 6.789e-18 4.95e-18 0.0 125.59 0.0
S346207 126.7316 94.8699 7.252e-13 5.804e-13 2.67e-13 0.0 125.34 1.0
S346208 126.738 94.888 5.750000000000001e-20 8.511e-20 1.328e-19 0.0 126.05 0.0
S346209 126.745 94.8949 4.1739999999999996e-23 1.15e-22 6.9609999999999995e-22 0.001 126.13 0.0
S346210 126.7555 94.8723 1.717e-19 2.271e-19 2.83e-19 0.0 125.15 0.0
S346211 126.7556 94.887 1.439e-17 3.194e-17 1.191e-16 0.0 125.49 0.0
S346212 126.7396 94.8672 8.371e-18 7.894e-18 5.045e-18 0.0 125.18 0.0
S346213 126.7443 94.8652 6.593e-18 6.165e-18 4.015e-18 0.0 125.14 0.0
S346214 126.7435 94.8664 2.142e-17 1.844e-17 9.85e-18 0.0 125.17 1.0
S346215 126.7342 94.8807 2.268e-18 2.338e-18 1.84e-18 0.0 125.77 0.0
S346216 126.739 94.8927 5.494e-23 1.27e-22 5.262999999999999e-22 0.0 126.11 0.0
S346217 126.7567 94.9112 8.369e-18 8.204e-18 5.678e-18 0.0 126.09 0.0
S346218 126.7441 94.8679 8.473000000000001e-20 1.201e-19 1.726e-19 0.0 124.99 0.0
S346219 126.7342 94.9048 4.383e-18 7.352e-18 1.561e-17 0.0 126.34 0.0
S346220 126.7423 94.901 1.374e-18 1.63e-18 1.698e-18 0.0 126.34 0.0
S346221 126.7577 94.8586 2.063e-19 2.602e-19 3e-19 0.0 125.1 0.0
S346222 126.751 94.8762 7.586e-19 1.338e-18 3.02e-18 0.0 125.3 0.0
S346223 126.7741 94.8942 1.194e-18 1.356e-18 1.254e-18 0.0 125.7 0.0
S346224 126.716 94.904 1.237e-21 8.887e-22 3.3139999999999996e-22 0.0 126.28 0.0
S346225 126.7298 94.88 5.666999999999999e-22 1.059e-21 2.842e-21 0.0 125.74 0.0
S346226 126.7242 94.8856 1.509e-19 1.919e-19 2.226e-19 0.0 125.92 0.0
S346227 126.7689 94.8921 3.511e-20 4.8270000000000005e-20 6.811e-20 0.0 125.72 0.0
S346228 126.7723 94.9009 3.851e-20 5.1460000000000004e-20 6.866000000000001e-20 0.0 125.66 0.0
S346229 126.7438 94.8699 4.13e-23 1.135e-22 6.3959999999999995e-22 0.0 125.38 0.0
S346230 126.7385 94.8666 4.796e-22 1.065e-21 4.009e-21 0.0 125.15 0.0
S346231 126.7552 94.8773 4.631e-20 6.561e-20 9.638000000000001e-20 0.0 125.22 0.0
S346232 126.7459 94.8675 7.25e-18 6.868e-18 4.275e-18 0.0 125.15 0.0
S346233 126.7362 94.8816 3e-23 7.734e-23 3.9689999999999996e-22 0.0 125.6 0.0
S346234 126.7499 94.876 1.039e-21 1.968e-21 5.292e-21 0.0 125.29 0.0
S346235 126.7036 94.8715 1.8020000000000003e-20 2.835e-20 5.2220000000000004e-20 0.0 125.85 0.0
S346236 126.7302 94.8544 3.411e-21 6.112e-21 1.4850000000000002e-20 0.0 125.31 0.0
S346237 126.7441 94.913 8.714000000000001e-21 1.425e-20 2.8810000000000004e-20 0.0 126.17 0.0
S346238 126.7516 94.898 1.982e-16 1.472e-16 5.792e-17 0.0 126.07 0.0
S346239 126.7382 94.8903 1.763e-21 1.205e-21 4.18e-22 0.0 126.06 0.0
S346240 126.7316 94.8902 1.35e-17 2.765e-17 8.79e-17 0.0 126.01 0.0
S346241 126.7645 94.8874 2.154e-18 2.316e-18 1.972e-18 0.0 125.52 0.0
S346242 126.7319 94.8854 1.524e-18 1.571e-18 1.213e-18 0.0 125.9 0.0
S346243 126.7356 94.8546 8.544e-17 6.612e-17 2.952e-17 0.0 125.1 0.0
S346244 126.7574 94.8915 8.604e-18 8.118e-18 5.119e-18 0.0 125.57 0.0
S346245 126.7365 94.9176 1.607e-21 1.112e-21 3.8569999999999996e-22 0.0 126.33 0.0
S346246 126.7154 94.8635 1.165e-13 7.885e-14 2.571e-14 0.0 125.48 0.0
S346247 126.7466 94.8765 8.923e-24 3.087e-23 2.9879999999999996e-22 0.0 125.35 0.0
S346248 126.7365 94.8818 6.221e-24 1.83e-23 1.229e-22 0.0 126.35 0.0
S346249 126.7384 94.887 2.741e-19 3.238e-19 3.408e-19 0.0 126.2 0.0
S346250 126.7416 94.874 4.922e-21 8.689e-21 2.0860000000000002e-20 0.0 125.38 0.0
S346251 126.7593 94.8645 4.707e-19 5.595e-19 5.849e-19 0.0 125.08 0.0
S346252 126.7384 94.9 1.698e-21 1.186e-21 4.069e-22 0.0 126.09 0.0
S346253 126.7387 94.896 2.085e-17 5.009e-17 2.174e-16 0.0 126.12 1.0
S346254 126.7478 94.8664 5.924e-18 5.535e-18 3.435e-18 0.0 125.07 0.0
S346255 126.7347 94.8984 1.661e-21 3.294e-21 9.694e-21 0.0 126.31 1.0
S346256 126.7426 94.9 7.223e-19 8.316e-19 7.911e-19 0.0 126.16 0.0
S346257 126.7383 94.8928 7.295e-21 1.3040000000000001e-20 3.1170000000000003e-20 0.0 126.2 0.0
S346258 126.7504 94.8711 2.365e-13 1.591e-13 5.334e-14 0.0 125.17 0.0
S346259 126.7464 94.8709 1.387e-17 1.236e-17 6.853e-18 0.0 125.25 0.0
S346260 126.7375 94.866 3.528e-23 9.531e-23 5.441999999999999e-22 0.0 125.12 0.0
S346261 126.735 94.9044 1.723e-18 1.843e-18 1.512e-18 0.0 126.33 0.0
S346262 126.7466 94.8712 2.515e-24 7.766e-24 6.044999999999999e-23 0.0 125.31 0.0
S346263 126.7467 94.8713 9.304e-18 8.424e-18 4.9e-18 0.0 125.14 0.0
S346264 126.747 94.8616 3.911e-16 2.882e-16 1.161e-16 0.0 125.15 0.0
S346265 126.7442 94.8865 8.104e-23 2.152e-22 1.196e-21 0.0 125.93 0.0
S346266 126.7416 94.89 3.0800000000000005e-20 4.603e-20 7.374000000000001e-20 0.0 125.93 0.0
S346267 126.7441 94.8778 9.754000000000001e-20 1.287e-19 1.616e-19 0.0 125.26 1.0
S346268 126.7448 94.9048 2.083e-17 4.773e-17 1.873e-16 0.0 126.28 1.0
S346269 126.7412 94.8921 3.886e-20 5.737e-20 8.909e-20 0.0 126.01 0.0
S346270 126.74 94.9002 5.803e-13 4.259e-13 1.678e-13 0.0 126.32 0.0
S346271 126.7439 94.8639 3.98e-19 4.862e-19 5.285e-19 0.0 125.2 0.0
S346272 126.7467 94.8692 2.169e-19 2.576e-19 2.727e-19 0.0 125.08 0.0
S346273 126.7425 94.9012 1.1530000000000001e-20 1.8960000000000002e-20 3.9450000000000004e-20 0.0 126.09 0.0
S346274 126.7398 94.9044 5.817e-19 6.997e-19 7.089e-19 0.0 126.14 0.0
S346275 126.7393 94.8962 3.299e-23 1.0239999999999999e-22 8.159999999999999e-22 0.0 126.17 0.0
S346276 126.748 94.8668 8.777e-19 9.653e-19 8.67e-19 0.0 125.08 0.0
S346277 126.7371 94.8967 5.301e-14 3.443e-14 1.062e-14 0.0 126.15 0.0
S346278 126.7467 94.8697 9.626e-19 1.044e-18 8.734e-19 0.0 125.34 0.0
S346279 126.7334 94.901 9.785e-23 2.487e-22 1.264e-21 0.001 126.17 0.0
S346280 126.7405 94.896 3.081e-23 8.852999999999999e-23 5.840999999999999e-22 0.0 126.18 0.0
S346281 126.7462 94.8647 2.9639999999999995e-22 6.848999999999999e-22 2.717e-21 0.0 125.3 0.0
S346282 126.7409 94.8981 6.254e-18 6.318e-18 4.582e-18 0.0 126.23 0.0
S346283 126.7461 94.872 1.322e-21 9.159999999999999e-22 3.2099999999999996e-22 0.0 125.19 0.0
S346284 126.7394 94.8988 3.615e-21 6.917e-21 1.9590000000000002e-20 0.0 126.1 0.0
S346285 126.7458 94.8722 2.473e-17 2.14e-17 1.169e-17 0.0 125.36 0.0
S346286 126.738 94.9029 8.724e-19 1.02e-18 1.018e-18 0.0 126.24 0.0
S346287 126.7408 94.9007 1.38e-19 1.76e-19 2.127e-19 0.0 126.23 0.0
S346288 126.742 94.8588 5.202e-13 4.069e-13 1.815e-13 0.0 125.24 1.0
S346289 126.7421 94.9028 3.398e-17 2.946e-17 1.573e-17 0.0 126.23 0.0
S346290 126.743 94.871 1.256e-17 2.192e-17 4.911e-17 0.0 125.23 0.0
S346291 126.7404 94.8936 5.825e-19 6.504e-19 6.069e-19 0.0 126.16 0.0
S346292 126.7446 94.8647 3.406e-23 9.447999999999999e-23 5.7719999999999995e-22 0.0 125.15 0.0
S346293 126.7392 94.902 6.671e-20 9.246e-20 1.329e-19 0.0 126.17 0.0
S346294 126.7385 94.9036 1.8869999999999998e-23 5.848999999999999e-23 4.448999999999999e-22 0.0 126.13 0.0
S346295 126.74 94.9052 3.016e-18 2.957e-18 2.005e-18 0.0 126.23 0.0
S346296 126.7419 94.8623 1.4300000000000002e-20 2.146e-20 3.645e-20 0.0 125.17 0.0
S346297 126.7337 94.9034 2.8689999999999996e-22 6.566999999999999e-22 2.687e-21 0.0 126.25 0.0
S346298 126.7353 94.9003 2.2260000000000002e-21 1.4550000000000001e-21 4.584e-22 0.0 126.24 0.0
S346299 126.7433 94.8619 4.445e-19 5.376e-19 5.482e-19 0.001 124.89 0.0
S346300 126.7478 94.8666 1.101e-18 1.211e-18 1.054e-18 0.0 125.13 0.0
S346301 126.7421 94.9032 1.685e-21 1.146e-21 3.891e-22 0.0 126.17 0.0
S346302 126.7488 94.87 5.226e-21 9.05e-21 1.9650000000000002e-20 0.0 125.13 0.0
S346303 126.7387 94.9078 3.3099999999999997e-23 7.898e-23 3.4279999999999997e-22 0.0 125.98 0.0
S346304 126.7419 94.9039 3.421e-18 3.232e-18 2.125e-18 0.0 126.21 0.0
S346305 126.7474 94.8619 2.9780000000000004e-20 4.7220000000000006e-20 8.465e-20 0.0 125.23 0.0
S346306 126.7417 94.9104 6.049e-21 1.044e-20 2.333e-20 0.0 126.28 0.0
S346307 126.7454 94.861 1.76e-17 1.511e-17 7.996e-18 0.0 125.12 0.0
S346308 126.7457 94.8615 1.1109999999999998e-22 2.724e-22 1.2170000000000001e-21 0.0 125.01 0.0
S346309 126.735 94.9054 4.486e-21 8.306e-21 2.2240000000000002e-20 0.0 126.36 0.0
S346310 126.7391 94.9042 2.073e-21 3.975e-21 1.1070000000000001e-20 0.0 126.21 0.0
S346311 126.7498 94.8647 1.914e-21 3.552e-21 9.367000000000001e-21 0.001 125.07 0.0
S346312 126.7427 94.8589 4.0769999999999994e-22 7.559e-22 1.947e-21 0.0 125.11 0.0
S346313 126.7456 94.8614 1.389e-17 1.27e-17 7.809e-18 0.0 125.06 0.0
S346314 126.7422 94.8607 8.031000000000001e-20 1.142e-19 1.693e-19 0.0 125.16 0.0
S346315 126.7394 94.9038 5.346e-19 6.616e-19 7.361e-19 0.0 126.25 0.0
S346316 126.7412 94.8988 1.394e-18 2.655e-18 7.436e-18 0.0 126.17 0.0
S346317 126.745 94.8638 4.996e-18 5.015e-18 3.671e-18 0.0 125.19 0.0
S346318 126.743 94.8601 1.1150000000000001e-26 6.999e-26 2.295e-24 0.0 125.43 0.0
S346319 126.7438 94.8681 9.558000000000001e-20 1.258e-19 1.662e-19 0.0 125.24 0.0
S346320 126.7434 94.8648 1.2789999999999998e-22 3.0459999999999995e-22 1.38e-21 0.0 125.23 0.0
S346321 126.749 94.858 1.027e-21 7.548999999999999e-22 2.956e-22 0.0 125.06 0.0
S346322 126.746 94.8692 9.205e-19 9.856e-19 8.245e-19 0.0 125.23 0.0
S346323 126.7428 94.8694 2.51e-22 5.961999999999999e-22 2.638e-21 0.0 125.08 0.0
S346324 126.7352 94.8971 9.794e-19 1.077e-18 9.684e-19 0.0 126.27 0.0
S346325 126.7428 94.8681 1.325e-17 2.144e-17 4.284e-17 0.0 125.19 0.0
S346326 126.7385 94.9003 7.168e-18 6.509e-18 3.936e-18 0.0 126.18 0.0
S346327 126.7496 94.8692 2.444e-22 6.331999999999999e-22 3.368e-21 0.0 125.36 0.0
S346328 126.7439 94.857 5.2090000000000003e-20 7.159e-20 1.001e-19 0.0 125.1 0.0
S346329 126.7381 94.8979 1.0279999999999999e-22 2.599e-22 1.246e-21 0.0 126.27 0.0
S346330 126.7349 94.9054 9.179e-22 1.958e-21 6.6520000000000005e-21 0.0 126.32 0.0
S346331 126.7464 94.8702 4.636e-22 9.904999999999999e-22 3.524e-21 0.0 125.12 0.0
S346332 126.744 94.9024 1.541e-18 1.577e-18 1.205e-18 0.0 126.12 0.0
S346333 126.7378 94.9012 7.156e-17 5.436e-17 2.202e-17 0.0 126.22 0.0
S346334 126.7394 94.9036 4.43e-20 6.637000000000001e-20 1.103e-19 0.0 126.18 0.0
S346335 126.743 94.8564 1.708e-17 1.555e-17 9.07e-18 0.0 125.14 0.0
S346336 126.7357 94.9059 9.301e-18 8.325e-18 4.949e-18 0.0 126.27 0.0
S346337 126.7387 94.8994 4.534e-25 1.918e-24 2.7899999999999997e-23 0.0 126.3 0.0
S346338 126.7396 94.9122 3.909e-17 3.384e-17 1.788e-17 0.0 126.29 0.0
S346339 126.7287 94.9089 9.874e-13 7.822e-13 3.462e-13 0.0 126.31 1.0
S346340 126.7409 94.9084 8.085e-18 1.325e-17 2.596e-17 0.0 126.39 0.0
S346341 126.7401 94.9105 1.001e-19 1.354e-19 1.777e-19 0.0 126.51 0.0
S346342 126.749 94.8557 1.849e-21 1.237e-21 4.1149999999999995e-22 0.0 125.09 0.0
S346343 126.7389 94.894 1.589e-19 2.116e-19 2.732e-19 0.0 126.2 0.0
S346344 126.739 94.9062 1.447e-21 2.846e-21 8.428000000000001e-21 0.0 126.29 0.0
S346345 126.7436 94.8604 4.991e-23 1.247e-22 6.2919999999999995e-22 0.0 125.07 0.0
S346346 126.7451 94.8579 1.745e-21 1.197e-21 4.0249999999999994e-22 0.0 125.18 0.0
S346347 126.736 94.9164 5.059e-18 9.098e-18 2.162e-17 0.0 126.27 0.0
S346348 126.7478 94.8542 3.6509999999999997e-22 8.579e-22 3.54e-21 0.0 125.12 0.0
S346349 126.741 94.8974 1.7719999999999998e-22 4.318e-22 1.981e-21 0.0 125.98 0.0
S346350 126.7484 94.8617 1.075e-20 1.608e-20 2.6560000000000002e-20 0.0 125.22 0.0
S346351 126.7349 94.9101 7.422e-18 6.769e-18 4.164e-18 0.0 126.33 0.0
S346352 126.753 94.8551 1.073e-21 2.104e-21 6.2240000000000005e-21 0.0 125.21 0.0
S346353 126.7352 94.8957 7.531e-18 7.223e-18 4.627e-18 0.0 126.19 0.0
S346354 126.7444 94.8601 1.877e-15 1.316e-15 4.5e-16 0.0 125.15 0.0
S346355 126.7353 94.9155 1.001e-18 1.143e-18 1.04e-18 0.0 126.36 0.0
S346356 126.7449 94.8638 5.144e-17 4.429e-17 2.355e-17 0.0 124.95 0.0
S346357 126.7434 94.9002 5.611e-24 1.639e-23 1.0999999999999998e-22 0.0 126.37 0.0
S346358 126.7384 94.9026 8.599e-18 7.915e-18 4.937e-18 0.0 126.3 0.0
S346359 126.7468 94.861 1.625e-18 1.797e-18 1.618e-18 0.0 125.03 0.0
S346360 126.7497 94.8633 1.199e-22 2.939e-22 1.379e-21 0.0 125.1 0.0
S346361 126.7465 94.8594 1.973e-23 5.527999999999999e-23 3.303e-22 0.0 125.12 0.0
S346362 126.7306 94.9055 2.386e-21 4.692e-21 1.3340000000000002e-20 0.0 126.1 0.0
S346363 126.7442 94.8593 9.632999999999999e-23 2.2689999999999997e-22 1.004e-21 0.0 125.0 0.0
S346364 126.7414 94.906 4.653e-21 8.277e-21 1.884e-20 0.0 126.19 0.0
S346365 126.7315 94.9126 1.201e-17 2.081e-17 4.486e-17 0.0 126.4 0.0
S346366 126.7363 94.9179 9.084e-26 4.632e-25 1.0029999999999999e-23 0.0 126.21 0.0
S346367 126.7448 94.8588 8.019999999999999e-22 1.569e-21 4.623e-21 0.0 124.95 0.0
S346368 126.7398 94.9149 8.712e-19 9.997e-19 9.432e-19 0.0 126.02 0.0
S346369 126.7474 94.8557 6.91e-24 2.3129999999999998e-23 2.0579999999999998e-22 0.0 125.04 0.0
S346370 126.7378 94.9107 2.7060000000000003e-20 4.0560000000000003e-20 6.941000000000001e-20 0.0 126.26 0.0
S346371 126.7456 94.8617 9.019e-17 7.402e-17 3.632e-17 0.0 124.99 0.0
S346372 126.7421 94.8549 1.757e-21 1.2080000000000001e-21 4.2129999999999996e-22 0.0 125.17 0.0
S346373 126.7498 94.8518 4.267999999999999e-22 8.942e-22 2.998e-21 0.0 124.95 0.0
S346374 126.748 94.8558 9.36e-22 1.96e-21 6.4130000000000004e-21 0.0 125.29 0.0
S346375 126.7396 94.91 1.413e-17 1.227e-17 6.725e-18 0.0 126.2 0.0
S346376 126.7502 94.8525 2.52e-19 3.231e-19 3.858e-19 0.0 125.15 0.0
S346377 126.7462 94.8536 1.333e-18 1.421e-18 1.181e-18 0.0 125.06 0.0
S346378 126.733 94.9158 1.886e-19 2.449e-19 3.115e-19 0.0 126.35 0.0
S346379 126.7314 94.9182 8.275000000000001e-21 1.4020000000000003e-20 3.1030000000000003e-20 0.0 126.34 0.0
S346380 126.746 94.8516 8.735e-18 1.642e-17 4.475e-17 0.0 125.09 0.0
S346381 126.7286 94.911 3.0039999999999996e-23 7.68e-23 3.845e-22 0.0 126.34 0.0
S346382 126.7517 94.8488 4.297e-23 1.0249999999999999e-22 4.677e-22 0.0 125.17 0.0
S346383 126.744 94.91 3.8620000000000004e-20 5.3290000000000007e-20 7.622000000000001e-20 0.0 126.13 0.0
S346384 126.7335 94.9066 2.72e-21 5.244e-21 1.546e-20 0.0 126.28 0.0
S346385 126.7351 94.9108 5.304e-13 3.806e-13 1.381e-13 0.0 126.27 0.0
S346386 126.7458 94.8621 8.138e-24 2.3859999999999998e-23 1.6e-22 0.0 125.24 0.0
S346387 126.7381 94.9081 1.15e-17 2.191e-17 6.056e-17 0.0 126.48 0.0
S346388 126.7468 94.8563 2.261e-17 1.995e-17 1.102e-17 0.0 125.24 0.0
S346389 126.7362 94.9218 1.604e-24 5.503e-24 4.9959999999999995e-23 0.0 126.33 0.0
S346390 126.7452 94.8532 7.929e-20 1.071e-19 1.426e-19 0.0 125.14 0.0
S346391 126.7364 94.9063 2.988e-16 2.179e-16 8.767e-17 0.0 126.42 0.0
S346392 126.7393 94.9119 8.189e-18 7.702e-18 4.927e-18 0.0 126.32 0.0
S346393 126.7454 94.8593 7.25e-18 1.179e-17 2.404e-17 0.0 125.23 0.0
S346394 126.7337 94.9151 1.838e-17 1.54e-17 7.733e-18 0.0 126.17 0.0
S346395 126.7449 94.8505 2.498e-19 3.083e-19 3.366e-19 0.0 125.1 0.0
S346396 126.7472 94.849 6.593e-23 1.6599999999999997e-22 7.989e-22 0.0 125.21 0.0
S346397 126.731 94.9207 4.0190000000000005e-20 5.856000000000001e-20 9.208e-20 0.0 126.42 0.0
S346398 126.7467 94.8521 1.362e-18 1.412e-18 1.102e-18 0.0 125.18 0.0
S346399 126.7339 94.9171 5.065e-24 1.535e-23 1.143e-22 0.0 126.25 0.0
S346400 126.7497 94.8467 1.8739999999999999e-22 4.77e-22 2.403e-21 0.0 124.94 0.0
S346401 126.7317 94.9156 2.751e-21 4.802e-21 1.099e-20 0.0 126.39 0.0
S346402 126.7351 94.913 2.562e-19 3.095e-19 3.252e-19 0.0 126.32 0.0
S346403 126.7392 94.9216 7.928e-19 9.121e-19 8.674e-19 0.0 126.3 0.0
S346404 126.7497 94.8429 3.317e-18 3.28e-18 2.351e-18 0.0 125.08 0.0
S346405 126.7397 94.9145 2.156e-17 1.869e-17 9.861e-18 0.0 126.28 0.0
S346406 126.7481 94.8576 7.794e-17 6.415e-17 3.151e-17 0.0 125.0 0.0
S346407 126.7473 94.8593 1.5899999999999998e-22 3.86e-22 1.737e-21 0.001 125.02 0.0
S346408 126.747 94.852 2.006e-18 2.098e-18 1.621e-18 0.0 125.33 0.0
S346409 126.745 94.851 4.623e-21 8.677e-21 2.3210000000000002e-20 0.0 125.3 0.0
S346410 126.7355 94.9157 2.831e-17 2.428e-17 1.286e-17 0.0 126.28 0.0
S346411 126.7374 94.9026 1.352e-17 1.217e-17 7.062e-18 0.0 126.41 0.0
S346412 126.7546 94.8441 1.312e-18 1.397e-18 1.17e-18 0.0 125.12 0.0
S346413 126.7324 94.9197 2.358e-18 2.369e-18 1.664e-18 0.0 126.48 0.0
S346414 126.747 94.846 2.06e-23 5.504999999999999e-23 3.125e-22 0.0 125.08 0.0
S346415 126.7514 94.8509 2.504e-17 2.16e-17 1.175e-17 0.0 124.96 0.0
S346416 126.7491 94.8485 2.321e-19 2.898e-19 3.379e-19 0.0 124.99 0.0
S346417 126.7549 94.8469 1.719e-21 1.192e-21 4.1779999999999997e-22 0.0 125.07 0.0
S346418 126.7458 94.849 7.525e-21 1.2650000000000002e-20 2.7360000000000004e-20 0.0 125.12 0.0
S346419 126.7455 94.8446 9.187999999999999e-23 2.1859999999999996e-22 9.27e-22 0.0 125.04 0.0
S346420 126.7459 94.8533 5.701e-23 1.5949999999999999e-22 9.588e-22 0.0 125.24 0.0
S346421 126.7327 94.918 2.364e-16 1.811e-16 7.809e-17 0.0 126.24 1.0
S346422 126.729 94.9226 3.5970000000000005e-26 1.928e-25 4.707e-24 0.0 126.1 0.0
S346423 126.7554 94.8495 1.461e-19 1.914e-19 2.54e-19 0.0 124.92 0.0
S346424 126.7364 94.9196 8.612e-18 7.659e-18 4.348e-18 0.0 126.45 0.0
S346425 126.7582 94.8495 7.496e-20 1.039e-19 1.436e-19 0.0 125.1 0.0
S346426 126.7462 94.8471 7.440999999999999e-22 1.512e-21 4.719e-21 0.0 125.1 0.0
S346427 126.7369 94.9154 7.901e-19 9.109e-19 9.141e-19 0.0 126.45 0.0
S346428 126.732 94.9223 3.125e-23 9.068e-23 6.151999999999999e-22 0.0 126.41 0.0
S346429 126.7359 94.9214 3.872e-18 3.99e-18 3.061e-18 0.0 126.12 0.0
S346430 126.7374 94.9177 1.049e-17 1.902e-17 4.737e-17 0.0 126.28 1.0
S346431 126.7486 94.8396 9.715e-19 1.001e-18 7.949e-19 0.0 125.1 0.0
S346432 126.7361 94.9235 1.2819999999999998e-22 2.851e-22 1.1100000000000001e-21 0.0 126.31 0.0
S346433 126.7424 94.8487 1.097e-17 1.77e-17 3.471e-17 0.0 125.02 0.0
S346434 126.7486 94.8471 1.824e-18 1.925e-18 1.587e-18 0.0 125.07 0.0
S346435 126.7308 94.9263 1.429e-17 1.255e-17 7.028e-18 0.0 126.28 0.0
S346436 126.7495 94.8415 1.708e-21 3.297e-21 9.052e-21 0.0 125.14 0.0
S346437 126.745 94.8499 6.066000000000001e-20 8.361000000000001e-20 1.153e-19 0.0 125.04 0.0
S346438 126.7493 94.8409 3.163e-28 3.002e-27 2.428e-25 0.0 125.03 0.0
S346439 126.7492 94.8464 3.296e-19 3.816e-19 3.745e-19 0.0 125.15 0.0
S346440 126.734 94.9283 9.762e-21 1.598e-20 3.076e-20 0.0 126.07 1.0
S346441 126.7334 94.9289 1.616e-21 2.966e-21 7.684e-21 0.0 126.33 0.0
S346442 126.7348 94.9319 4.246e-21 8.117e-21 2.343e-20 0.0 126.2 0.0
S346443 126.7279 94.9276 1.185e-17 1.072e-17 6.026e-18 0.0 126.38 0.0
S346444 126.7271 94.926 1.6939999999999998e-22 4.353e-22 2.164e-21 0.0 126.46 0.0
S346445 126.7382 94.9228 7.610999999999999e-22 1.6300000000000001e-21 5.678e-21 0.0 126.29 0.0
S346446 126.7515 94.8436 3.619e-19 4.301e-19 4.509e-19 0.0 125.27 0.0
S346447 126.73 94.9302 3.695e-21 7.133000000000001e-21 2.0750000000000003e-20 0.0 126.11 0.0
S346448 126.7509 94.8406 8.828999999999998e-22 1.856e-21 6.276e-21 0.0 125.12 0.0
S346449 126.7479 94.8398 7.127e-18 6.772e-18 4.294e-18 0.0 124.96 0.0
S346450 126.733 94.9224 1.845e-22 4.0259999999999995e-22 1.488e-21 0.0 126.31 0.0
S346451 126.7562 94.8409 2.51e-17 3.271e-17 4.03e-17 0.0 125.17 0.0
S346452 126.7349 94.9233 1.075e-18 1.203e-18 1.119e-18 0.0 126.35 0.0
S346453 126.7357 94.9245 6.582e-17 5.206e-17 2.29e-17 0.0 126.24 0.0
S346454 126.7342 94.9304 5.461e-18 4.745e-18 2.644e-18 0.0 126.36 0.0
S346455 126.7312 94.9263 1.382e-18 1.541e-18 1.395e-18 0.001 126.32 1.0
S346456 126.7532 94.8378 1.699e-17 3.169e-17 8.32e-17 0.0 124.82 0.0
S346457 126.7341 94.9332 1.012e-16 8.313e-17 3.97e-17 0.0 126.31 0.0
S346458 126.7272 94.931 6.772e-18 1.425e-17 4.688e-17 0.0 126.21 0.0
S346459 126.7535 94.8376 4.259e-18 7.389e-18 1.675e-17 0.0 124.96 0.0
S346460 126.7559 94.8326 1.6419999999999998e-23 5.073e-23 3.756e-22 0.0 125.11 0.0
S346461 126.7518 94.8432 4.034e-18 3.966e-18 2.847e-18 0.0 124.85 0.0
S346462 126.7474 94.8372 7.555e-20 1.009e-19 1.277e-19 0.0 125.0 0.0
S346463 126.748 94.8309 2.568e-17 2.172e-17 1.077e-17 0.0 125.07 0.0
S346464 126.7313 94.9251 1.88e-17 3.742e-17 1.102e-16 0.0 126.31 0.0
S346465 126.7507 94.832 2.122e-19 2.526e-19 2.597e-19 0.0 125.07 0.0
S346466 126.7461 94.8396 7.774e-23 1.7239999999999998e-22 6.439999999999999e-22 0.0 124.94 0.0
S346467 126.7457 94.8373 1.459e-22 3.7299999999999996e-22 1.906e-21 0.0 125.22 0.0
S346468 126.7411 94.9264 1.259e-21 9.011999999999999e-22 3.2469999999999996e-22 0.0 126.13 0.0
S346469 126.7349 94.9393 4.024e-22 8.764e-22 3.1650000000000002e-21 0.0 126.2 0.0
S346470 126.7305 94.9398 6.431e-18 6.136e-18 3.993e-18 0.0 126.31 0.0
S346471 126.7276 94.9416 1.585e-19 2.061e-19 2.551e-19 0.0 126.38 0.0
S346472 126.7563 94.8323 3.201e-20 4.5640000000000006e-20 6.9e-20 0.0 125.18 0.0
S346473 126.7396 94.9292 3.464e-19 3.937e-19 3.816e-19 0.0 126.21 0.0
S346474 126.7326 94.9314 8.437e-20 1.199e-19 1.804e-19 0.0 126.23 0.0
S346475 126.7418 94.884 1.493e-18 1.549e-18 1.167e-18 0.0 126.15 0.0
S346476 126.7417 94.884 1.52e-15 1.079e-15 3.764e-16 0.0 127.91 0.0
S346477 126.7418 94.8839 1.923e-17 1.733e-17 1.055e-17 0.0 124.09 0.0
S346478 126.7419 94.8839 1.894e-17 1.639e-17 8.638e-18 0.0 124.98 0.0
S346479 126.7418 94.8839 2.519e-15 1.684e-15 5.292e-16 0.0 127.28 0.0
S346480 126.7418 94.8839 2.499e-17 2.237e-17 1.271e-17 0.0 127.73 0.0
S346481 126.7417 94.8839 2.337e-17 2.056e-17 1.131e-17 0.0 124.89 0.0
S346482 126.7418 94.8838 1.133e-15 8.132e-16 3.151e-16 0.0 123.77 0.0
S346483 126.7417 94.8838 4.422e-16 3.293e-16 1.348e-16 0.0 124.08 1.0
S346484 126.7417 94.884 4.583e-17 3.816e-17 1.829e-17 0.0 127.08 0.0
S346485 126.754 94.8368 5.174e-18 1.031e-17 3.042e-17 0.0 125.18 0.0
S346486 126.7312 94.9357 1.248e-17 1.129e-17 6.512e-18 0.0 126.14 0.0
S346487 126.7328 94.9383 9.315e-14 6.177e-14 1.998e-14 0.0 126.33 0.0
S346488 126.7489 94.8309 3.05e-13 3.487e-13 3.319e-13 0.0 124.94 0.0
S346489 126.7458 94.8318 5.129e-17 4.315e-17 2.247e-17 0.0 125.35 0.0
S346490 126.7427 94.8275 3.977e-17 3.519e-17 1.989e-17 0.0 125.21 0.0
S346491 126.7406 94.8264 1.199e-16 9.183e-17 3.875e-17 0.0 125.15 1.0
S346492 126.7457 94.9401 1.947e-17 1.675e-17 8.98e-18 0.0 126.28 0.0
S346493 126.7488 94.94 3.339e-15 2.324e-15 8.182e-16 0.0 126.12 0.0
S346494 126.75 94.9389 2.681e-15 1.859e-15 6.29e-16 0.0 126.33 0.0
S346495 126.7285 94.8301 1.062e-16 9.071e-17 4.81e-17 0.0 125.21 0.0
S346496 126.7283 94.8288 1.497e-15 1.067e-15 3.903e-16 0.0 125.15 0.0
S346497 126.7243 94.8284 4.085e-18 3.898e-18 2.581e-18 0.0 125.06 0.0
S346498 126.722 94.8247 3.272e-18 3.242e-18 2.299e-18 0.0 125.28 0.0
S346499 126.7626 94.9416 1.842e-21 1.277e-21 4.369999999999999e-22 0.0 126.13 0.0
S346500 126.7659 94.9377 6.459e-16 4.623e-16 1.74e-16 0.0 126.15 0.0
S346501 126.7117 94.8322 1.897e-15 1.304e-15 4.499e-16 0.0 125.4 0.0
S346502 126.7075 94.8286 1.077e-15 7.451e-16 2.707e-16 0.0 125.2 0.0
S346503 126.708 94.8331 7.507e-16 5.135e-16 1.751e-16 0.0 125.26 0.0
S346504 126.7801 94.9336 3.524e-17 2.949e-17 1.527e-17 0.0 126.14 0.0
S346505 126.7025 94.8332 2.262e-16 1.66e-16 6.37e-17 0.0 125.32 0.0
S346506 126.7039 94.837 2.34e-16 1.701e-16 6.445e-17 0.0 125.36 0.0
S346507 126.7882 94.9287 3.802e-16 2.896e-16 1.246e-16 0.0 125.86 0.0
S346508 126.7912 94.9266 2.414e-16 1.741e-16 6.732e-17 0.0 125.87 0.0
S346509 126.6919 94.8426 8.344000000000001e-20 1.128e-19 1.56e-19 0.0 125.59 0.0
S346510 126.7939 94.9241 1.193e-16 9.438e-17 4.2e-17 0.0 125.85 1.0
S346511 126.7985 94.9212 2.557e-20 3.8870000000000006e-20 6.6e-20 0.0 125.72 0.0
S346512 126.7978 94.9181 3.989e-16 2.995e-16 1.229e-16 0.0 125.73 0.0
S346513 126.68 94.8525 1.1340000000000002e-20 1.925e-20 4.099e-20 0.0 125.68 0.0
S346514 126.68 94.8551 7.468e-18 6.824e-18 4.151e-18 0.0 125.68 0.0
S346515 126.8041 94.9101 7.776e-16 5.593e-16 2.082e-16 0.0 125.53 0.0
S346516 126.804 94.9066 3.421e-17 8.26e-17 3.796e-16 0.0 125.64 1.0
S346517 126.8078 94.904 2.19e-16 1.638e-16 6.547e-17 0.0 125.39 0.0
S346518 126.8076 94.8998 7.807e-19 8.516e-19 7.44e-19 0.0 125.52 0.0
S346519 126.8084 94.8963 8.029e-18 7.302e-18 4.341e-18 0.0 125.51 0.0
S346520 126.8127 94.894 4.162e-15 2.748e-15 8.445e-16 0.0 125.49 0.0
S346521 126.6668 94.8767 6.783e-13 5.085e-13 2.015e-13 0.0 125.68 0.0
S346522 126.6666 94.8807 7.478e-17 5.883e-17 2.533e-17 0.0 125.97 0.0
S346523 126.6752 94.8855 1.684e-15 1.153e-15 3.989e-16 0.0 126.0 0.0
S346524 126.6634 94.8867 2.354e-16 1.696e-16 6.425e-17 0.0 126.21 0.0
S346525 126.8154 94.8765 2.136e-16 1.608e-16 6.805e-17 0.0 125.43 1.0
S346526 126.6701 94.8954 4.01e-16 2.908e-16 1.158e-16 0.0 126.13 0.0
S346527 126.6712 94.8987 3.31e-16 2.459e-16 9.735e-17 0.0 126.17 0.0
S346528 126.6683 94.9038 1.193e-16 9.069e-17 3.734e-17 0.0 126.19 1.0
S346529 126.6667 94.9074 5.982e-16 4.306e-16 1.65e-16 0.0 126.16 0.0
S346530 126.8113 94.8551 2.896e-16 2.225e-16 9.409e-17 0.0 125.33 1.0
S346531 126.671 94.912 1.808e-16 1.415e-16 6.259e-17 0.0 126.31 1.0
S346532 126.6683 94.9198 3.86e-16 2.877e-16 1.169e-16 0.0 126.26 0.0
S346533 126.6668 94.9233 4.956e-18 4.867e-18 3.479e-18 0.0 126.02 0.0
S346534 126.6713 94.9236 1.876e-13 1.277e-13 4.374e-14 0.0 126.1 0.0
S346535 126.6735 94.9266 3.173e-17 2.667e-17 1.373e-17 0.0 126.25 0.0
S346536 126.6799 94.9291 3.558e-17 3.118e-17 1.752e-17 0.0 126.34 0.0
S346537 126.8026 94.8285 1.878e-18 2.028e-18 1.782e-18 0.0 125.0 0.0
S346538 126.6832 94.9413 3.034e-17 2.679e-17 1.432e-17 0.0 126.31 0.0
S346539 126.6811 94.9403 7.973e-16 5.466e-16 1.912e-16 0.0 126.33 0.0
S346540 126.7983 94.8257 2.754e-16 2.082e-16 8.475e-17 0.0 125.27 0.0
S346541 126.7934 94.8201 1.45e-17 2.269e-17 4.17e-17 0.0 124.89 0.0
S346542 126.6905 94.9505 6.871e-23 1.863e-22 1.078e-21 0.0 126.37 0.0
S346543 126.7916 94.8124 3.032e-16 2.23e-16 8.802e-17 0.0 125.12 0.0
S346544 126.7896 94.813 4.54e-16 3.365e-16 1.324e-16 0.0 124.87 0.0
S346545 126.698 94.9554 4.376e-18 4.363e-18 3.178e-18 0.0 126.31 0.0
S346546 126.7032 94.9567 3.924e-15 2.766e-15 9.885e-16 0.0 126.38 0.0
S346547 126.7785 94.8048 1.161e-15 8.137e-16 2.861e-16 0.0 124.97 0.0
S346548 126.7764 94.8003 1.6919999999999999e-22 1.5979999999999998e-22 1.0289999999999999e-22 0.0 125.08 0.0
S346549 126.771 94.8022 2.9e-16 2.14e-16 8.022e-17 0.0 124.94 0.0
S346550 126.7685 94.794 3.745e-16 2.638e-16 9.356e-17 0.0 125.09 0.0
S346551 126.7647 94.7966 5.928e-13 4.514e-13 1.905e-13 0.0 124.73 1.0
S346552 126.7606 94.7948 4.436e-17 5.948e-17 7.876e-17 0.0 125.25 0.0
S346553 126.7552 94.7988 5.542e-16 3.938e-16 1.453e-16 0.0 125.26 0.0
S346554 126.7314 94.9719 2.852e-13 1.958e-13 6.796e-14 0.0 126.3 0.0
S346555 126.7484 94.7908 3.651e-15 2.417e-15 7.877e-16 0.0 125.11 0.0
S346556 126.7422 94.797 3.201e-16 2.463e-16 1.018e-16 0.0 125.05 1.0
S346557 126.7445 94.9735 1.019e-18 1.191e-18 1.168e-18 0.0 126.13 0.0
S346558 126.7344 94.799 4.8120000000000006e-20 7.033e-20 1.148e-19 0.0 125.04 0.0
S346559 126.7317 94.7919 1.144e-18 1.186e-18 9.286e-19 0.0 125.29 0.0
S346560 126.7565 94.9718 3.574e-16 2.527e-16 9.106e-17 0.0 125.99 0.0
S346561 126.7623 94.9743 3.087e-15 2.1e-15 7.121e-16 0.0 126.14 0.0
S346562 126.7187 94.7943 2.96e-17 6.016e-17 1.83e-16 0.0 125.29 0.0
S346563 126.7141 94.7989 3.015e-16 2.336e-16 9.883e-17 0.0 125.18 1.0
S346564 126.7086 94.7957 5.39e-20 7.293e-20 9.975000000000001e-20 0.0 125.12 0.0
S346565 126.7756 94.9667 6.423e-13 5.372e-13 2.702e-13 0.0 126.25 1.0
S346566 126.7812 94.9711 8.468e-17 6.516e-17 2.828e-17 0.0 126.18 1.0
S346567 126.7861 94.9657 5.194e-18 5.052e-18 3.469e-18 0.0 125.98 0.0
S346568 126.7916 94.966 1.483e-16 1.119e-16 4.556e-17 0.0 125.95 0.0
S346569 126.6833 94.8074 1.771e-21 1.199e-21 4.1139999999999994e-22 0.0 125.47 0.0
S346570 126.8017 94.9612 4.145e-18 7.22e-18 1.632e-17 0.0 125.83 0.0
S346571 126.8018 94.9534 4.344e-16 3.397e-16 1.494e-16 0.0 125.88 1.0
S346572 126.8086 94.9523 1.249e-17 2.267e-17 5.635e-17 0.0 126.02 0.0
S346573 126.81 94.9491 4.099e-18 7.835e-18 2.074e-17 0.0 125.87 0.0
S346574 126.6765 94.8215 2.1750000000000003e-25 1.06e-24 2.122e-23 0.0 125.46 0.0
S346575 126.665 94.8276 1.034e-17 9.224e-18 5.16e-18 0.0 125.47 0.0
S346576 126.664 94.8278 6.73e-17 5.52e-17 2.683e-17 0.0 125.69 0.0
S346577 126.8278 94.9365 2.375e-16 1.746e-16 6.66e-17 0.0 125.77 0.0
S346578 126.6519 94.835 6.962e-18 1.308e-17 3.43e-17 0.001 125.84 0.0
S346579 126.6593 94.8409 2.337e-16 1.756e-16 7.011e-17 0.0 125.74 0.0
S346580 126.8284 94.9244 1.57e-19 2.093e-19 2.879e-19 0.0 125.61 0.0
S346581 126.8315 94.9205 5.77e-17 4.628e-17 2.193e-17 0.0 125.77 0.0
S346582 126.6511 94.8529 6.234e-17 4.879e-17 2.128e-17 0.0 125.53 0.0
S346583 126.6517 94.8583 5.109e-17 4.122e-17 1.937e-17 0.0 125.93 0.0
S346584 126.6406 94.8611 9.877e-18 1.638e-17 3.199e-17 0.0 125.95 0.0
S346585 126.6408 94.8664 1.623e-17 1.438e-17 8.207e-18 0.0 125.82 0.0
S346586 126.6433 94.8717 6.645e-17 5.286e-17 2.439e-17 0.0 126.0 0.0
S346587 126.8478 94.8925 1.031e-15 7.074e-16 2.446e-16 0.0 125.57 0.0
S346588 126.6413 94.8825 1.322e-16 1.078e-16 5.23e-17 0.001 125.94 0.0
S346589 126.8411 94.8816 2.781e-17 4.833e-17 1.089e-16 0.0 125.48 0.0
S346590 126.8408 94.8761 8.028e-17 6.378e-17 2.971e-17 0.0 125.37 0.0
S346591 126.6432 94.8987 3.492e-17 9.458e-17 5.485e-16 0.0 125.81 1.0
S346592 126.6387 94.8996 7.871e-16 5.46e-16 1.949e-16 0.0 125.89 0.0
S346593 126.6443 94.9081 1.219e-17 1.053e-17 5.532e-18 0.0 126.12 0.0
S346594 126.6369 94.9109 2.363e-16 1.717e-16 6.463e-17 0.0 125.89 0.0
S346595 126.6326 94.9151 3.095e-17 2.614e-17 1.345e-17 0.001 126.39 0.0
S346596 126.8441 94.8465 4.016e-18 4.113e-18 3.115e-18 0.0 125.37 0.0
S346597 126.8391 94.8435 7.383e-19 8.333e-19 7.493e-19 0.0 125.22 0.0
S346598 126.6456 94.9332 1.596e-17 2.23e-17 3.179e-17 0.0 126.03 0.0
S346599 126.6439 94.9322 6.845e-19 7.258e-19 6.044e-19 0.0 126.31 0.0
S346600 126.8299 94.824 7.124e-17 1.241e-16 2.748e-16 0.0 125.06 0.0
S346601 126.8319 94.822 2.397e-16 1.845e-16 7.95e-17 0.0 125.1 1.0
S346602 126.6518 94.9485 7.388e-17 5.929e-17 2.822e-17 0.0 126.5 0.0
S346603 126.821 94.8132 2.647e-17 2.228e-17 1.168e-17 0.0 125.38 0.0
S346604 126.825 94.8103 1.113e-16 9.056e-17 4.271e-17 0.0 125.12 0.0
S346605 126.8213 94.8044 6.647e-16 4.79e-16 1.849e-16 0.0 124.91 0.0
S346606 126.6684 94.9648 3.51e-16 2.82e-16 1.282e-16 0.0 126.36 1.0
S346607 126.6718 94.9683 2.859e-17 2.553e-17 1.48e-17 0.0 126.22 0.0
S346608 126.6771 94.9705 1.032e-15 7.413e-16 2.735e-16 0.0 126.37 0.0
S346609 126.8086 94.7891 1.32e-17 1.164e-17 6.581e-18 0.0 125.02 0.0
S346610 126.8013 94.7919 1.368e-17 2.242e-17 4.587e-17 0.0 124.95 1.0
S346611 126.6806 94.9912 2.293e-16 1.717e-16 7.094e-17 0.0 126.23 0.0
S346612 126.7937 94.7769 2.511e-16 1.924e-16 8.063e-17 0.0 124.98 1.0
S346613 126.7873 94.7865 3.481e-16 2.674e-16 1.116e-16 0.0 125.04 1.0
S346614 126.6975 94.9968 2.746e-17 5.343e-17 1.501e-16 0.0 126.46 0.0
S346615 126.7778 94.7761 7.066e-17 5.522e-17 2.44e-17 0.0 125.04 0.0
S346616 126.7077 95.0022 7.161e-14 4.809e-14 1.55e-14 0.0 126.49 0.0
S346617 126.7683 94.7768 2.138e-18 2.13e-18 1.55e-18 0.0 125.11 0.0
S346618 126.7632 94.7742 1.441e-16 1.085e-16 4.401e-17 0.0 125.01 0.0
S346619 126.724 95.0011 4.285e-18 4.068e-18 2.652e-18 0.0 126.39 0.0
S346620 126.7539 94.7725 1.306e-18 1.473e-18 1.325e-18 0.0 125.08 0.0
S346621 126.7486 94.7654 2.386e-16 1.815e-16 7.853e-17 0.0 124.96 1.0
S346622 126.7406 94.9979 1.748e-17 1.525e-17 8.365e-18 0.0 126.32 0.0
S346623 126.7385 94.7705 4.431e-17 3.69e-17 1.848e-17 0.0 125.2 0.0
S346624 126.7517 94.9989 2.188e-15 1.508e-15 5.032e-16 0.0 126.47 0.0
S346625 126.7556 95.0011 2.071e-17 1.832e-17 1.024e-17 0.0 126.06 0.0
S346626 126.7631 95.0001 1.929e-16 1.454e-16 6.021e-17 0.0 126.32 1.0
S346627 126.7149 94.7726 2.74e-17 5.015e-17 1.298e-16 0.0 125.17 0.0
S346628 126.7679 94.9883 3.293e-17 2.805e-17 1.453e-17 0.0 126.25 0.0
S346629 126.7806 95.0002 1.105e-14 7.21e-15 2.253e-15 0.0 126.05 0.0
S346630 126.7848 94.9961 2.103e-17 4.031e-17 1.16e-16 0.0 126.14 0.0
S346631 126.6992 94.7775 8.672e-13 7.201e-13 3.543e-13 0.0 125.05 1.0
S346632 126.6877 94.7823 5.831e-19 6.477e-19 5.861e-19 0.0 125.46 0.0
S346633 126.6878 94.7802 2.717e-18 3.022e-18 2.69e-18 0.0 125.22 0.0
S346634 126.6842 94.7835 1.461e-16 1.132e-16 4.974e-17 0.0 125.23 1.0
S346635 126.8086 94.9795 6.911e-15 4.709e-15 1.61e-15 0.0 126.02 0.0
S346636 126.6664 94.7905 9.679e-16 7.394e-16 3.012e-16 0.0 125.48 0.0
S346637 126.6631 94.7936 1.438e-16 1.128e-16 5.091e-17 0.0 125.59 1.0
S346638 126.8229 94.9686 2.987e-15 1.992e-15 6.496e-16 0.0 125.87 0.0
S346639 126.8262 94.9659 1.751e-15 1.24e-15 4.603e-16 0.0 126.04 0.0
S346640 126.6564 94.8045 2.223e-14 1.468e-14 4.577e-15 0.0 125.59 0.0
S346641 126.83 94.9568 1.31e-18 1.398e-18 1.171e-18 0.0 125.9 0.0
S346642 126.8389 94.9513 1.299e-16 9.693e-17 3.89e-17 0.0 125.76 0.0
S346643 126.6425 94.8171 3.142e-17 2.788e-17 1.579e-17 0.0 125.59 0.0
S346644 126.8428 94.9419 6.837e-19 7.78e-19 7.449e-19 0.0 125.58 0.0
S346645 126.8502 94.9381 8.033e-15 5.403e-15 1.794e-15 0.0 125.69 0.0
S346646 126.6341 94.8335 1.602e-16 1.227e-16 5.267e-17 0.0 125.62 1.0
S346647 126.6335 94.8419 1.644e-17 1.434e-17 8.006e-18 0.0 125.63 0.0
S346648 126.8534 94.9206 2.964e-17 5.541e-17 1.417e-16 0.001 125.65 0.0
S346649 126.8616 94.9167 9.658e-16 6.927e-16 2.587e-16 0.0 125.51 0.0
S346650 126.8644 94.9106 5.666e-16 4.068e-16 1.551e-16 0.0 125.66 0.0
S346651 126.6195 94.8632 1.981e-19 2.523e-19 2.982e-19 0.0 125.75 0.0
S346652 126.7379 94.9369 1.411e-17 1.293e-17 7.44e-18 0.0 126.25 0.0
S346653 126.7402 94.9401 4.975e-22 1.014e-21 3.238e-21 0.0 126.09 0.0
S346654 126.7408 94.8294 8.176e-17 1.27e-16 2.266e-16 0.0 125.18 0.0
S346655 126.7376 94.8329 9.05e-17 7.154e-17 3.21e-17 0.0 125.04 1.0
S346656 126.7379 94.8309 5.342e-18 5.132e-18 3.53e-18 0.0 125.06 0.0
S346657 126.7383 94.8198 1.874e-19 2.444e-19 2.977e-19 0.0 125.01 0.0
S346658 126.7505 94.9293 1.171e-17 2.024e-17 4.527e-17 0.0 126.24 0.0
S346659 126.7349 94.8287 6.242e-21 1.0480000000000001e-20 2.257e-20 0.0 125.14 0.0
S346660 126.7315 94.829 3.688e-17 3.036e-17 1.466e-17 0.0 125.26 0.0
S346661 126.7272 94.8273 4.724e-19 5.425e-19 5.238e-19 0.0 125.28 0.0
S346662 126.7564 94.9352 3.388e-17 2.777e-17 1.386e-17 0.0 126.19 0.0
S346663 126.7605 94.9414 1.427e-18 1.561e-18 1.339e-18 0.0 126.08 0.0
S346664 126.7639 94.9318 9.248e-19 1.074e-18 1.08e-18 0.0 126.09 0.0
S346665 126.7631 94.9396 2.666e-23 6.954e-23 3.7759999999999997e-22 0.0 126.1 0.0
S346666 126.7679 94.9399 1.048e-15 7.277e-16 2.513e-16 0.0 126.02 0.0
S346667 126.7244 94.8291 2.529e-13 1.721e-13 5.686e-14 0.0 125.34 0.0
S346668 126.719 94.8286 8.059e-18 7.312e-18 4.355e-18 0.0 125.31 0.0
S346669 126.7734 94.94 5.558e-19 6.588e-19 6.56e-19 0.0 126.13 0.0
S346670 126.7159 94.8422 2.719e-16 1.987e-16 7.875e-17 0.0 125.33 0.0
S346671 126.7109 94.8357 3.613e-17 3.118e-17 1.619e-17 0.0 125.27 0.0
S346672 126.7805 94.9328 3.714e-18 8.443e-18 3.313e-17 0.0 125.99 0.0
S346673 126.7795 94.9319 9.403000000000001e-20 1.289e-19 1.767e-19 0.0 125.94 0.0
S346674 126.6997 94.8407 9.548e-19 1.078e-18 1.03e-18 0.0 125.53 0.0
S346675 126.7892 94.9303 2.332e-22 4.885e-22 1.634e-21 0.0 125.98 0.0
S346676 126.7879 94.9257 2.015e-17 1.773e-17 9.939e-18 0.0 125.87 0.0
S346677 126.6962 94.8456 2.245e-17 1.975e-17 1.121e-17 0.0 125.61 0.0
S346678 126.6996 94.8406 3.79e-18 3.642e-18 2.528e-18 0.0 125.44 0.0
S346679 126.6986 94.8483 3.337e-19 3.868e-19 3.855e-19 0.0 125.65 0.0
S346680 126.7907 94.9198 9.617e-22 1.915e-21 5.6410000000000004e-21 0.0 125.9 0.0
S346681 126.8028 94.9213 4.05e-19 4.723e-19 4.618e-19 0.0 125.71 0.0
S346682 126.6805 94.85 9.398e-13 7.687e-13 3.844e-13 0.0 125.59 1.0
S346683 126.7954 94.9158 3.126e-16 2.457e-16 1.134e-16 0.0 125.69 0.0
S346684 126.6849 94.8558 1.854e-21 1.26e-21 4.244e-22 0.001 125.76 0.0
S346685 126.7987 94.9111 2.775e-19 3.559e-19 4.18e-19 0.0 125.45 0.0
S346686 126.6789 94.8577 3.089e-17 2.543e-17 1.235e-17 0.0 125.75 0.0
S346687 126.6944 94.8632 1.684e-17 2.827e-17 5.854e-17 0.0 125.7 0.0
S346688 126.6735 94.8622 4.805e-19 5.496e-19 5.127e-19 0.0 125.65 0.0
S346689 126.6779 94.8668 1.478e-17 1.245e-17 6.343e-18 0.0 125.73 0.0
S346690 126.8042 94.9005 3.231e-24 1.044e-23 8.606e-23 0.0 125.61 0.0
S346691 126.6776 94.8695 3.357e-17 2.827e-17 1.445e-17 0.0 125.71 0.0
S346692 126.8091 94.8965 4.69e-18 4.403e-18 2.89e-18 0.0 125.57 0.0
S346693 126.6696 94.873 1.354e-16 1.084e-16 4.951e-17 0.0 125.73 0.0
S346694 126.6722 94.8756 1.3819999999999998e-22 3.3819999999999996e-22 1.539e-21 0.0 125.82 0.0
S346695 126.8226 94.8894 1.737e-16 1.314e-16 5.644e-17 0.0 125.38 1.0
S346696 126.8118 94.8844 2.5e-17 2.09e-17 1.025e-17 0.001 125.58 0.0
S346697 126.6692 94.8849 4.035e-16 3.046e-16 1.228e-16 0.0 126.05 0.0
S346698 126.6726 94.8871 9.916999999999999e-23 2.2079999999999996e-22 8.472e-22 0.0 126.12 0.0
S346699 126.8213 94.8779 9.951000000000001e-20 1.41e-19 2.027e-19 0.0 125.38 0.0
S346700 126.6744 94.8925 7.492e-20 9.997000000000001e-20 1.373e-19 0.0 125.91 0.0
S346701 126.8116 94.8744 1.77e-16 1.328e-16 5.262e-17 0.0 125.31 0.0
S346702 126.8096 94.8667 1.2629999999999999e-23 3.555e-23 2.2769999999999998e-22 0.0 125.21 0.0
S346703 126.6775 94.9 3.469e-17 6.518e-17 1.715e-16 0.0 126.11 0.0
S346704 126.8057 94.8621 1.889e-19 2.501e-19 3.218e-19 0.0 125.24 0.0
S346705 126.8072 94.8676 2.356e-16 1.792e-16 7.342e-17 0.0 125.35 1.0
S346706 126.6802 94.9062 1.527e-17 2.301e-17 3.783e-17 0.0 125.97 0.0
S346707 126.8237 94.8626 1.196e-17 1.124e-17 7.376e-18 0.0 125.28 0.0
S346708 126.8025 94.8501 3.26e-18 3.576e-18 3.118e-18 0.0 125.29 0.0
S346709 126.8021 94.8536 4.399e-18 4.409e-18 3.22e-18 0.0 125.28 0.0
S346710 126.6815 94.9186 6.51e-18 5.82e-18 3.418e-18 0.0 126.3 0.0
S346711 126.8012 94.8452 2.264e-22 5.4599999999999995e-22 2.513e-21 0.0 125.02 0.0
S346712 126.807 94.8366 1.314e-17 1.139e-17 6.066e-18 0.0 125.15 0.0
S346713 126.8112 94.8456 2.282e-15 1.547e-15 5.197e-16 0.0 125.23 0.0
S346714 126.6737 94.9299 1.583e-16 1.233e-16 5.447e-17 0.0 126.26 1.0
S346715 126.8051 94.8344 8.697e-19 1.004e-18 9.523e-19 0.0 125.0 0.0
S346716 126.8016 94.8336 1.683e-18 1.664e-18 1.219e-18 0.0 125.17 1.0
S346717 126.6776 94.932 1.121e-18 1.196e-18 9.824e-19 0.0 126.18 0.0
S346718 126.6828 94.9437 1.847e-15 1.32e-15 4.796e-16 0.0 126.28 0.0
S346719 126.6809 94.9382 3.856e-17 3.15e-17 1.523e-17 0.001 126.16 0.0
S346720 126.6892 94.9413 2.277e-21 4.112e-21 1.0480000000000001e-20 0.0 126.29 0.0
S346721 126.7958 94.8116 1.357e-16 1.079e-16 4.933e-17 0.0 125.14 1.0
S346722 126.7929 94.8272 3.9650000000000004e-20 5.799000000000001e-20 9.219000000000001e-20 0.0 125.09 0.0
S346723 126.6952 94.9546 1.298e-16 9.566e-17 3.814e-17 0.0 126.25 0.0
S346724 126.6962 94.9529 3.8409999999999995e-22 8.3279999999999995e-22 3.073e-21 0.0 126.3 0.0
S346725 126.696 94.9574 6.826e-19 7.883e-19 7.752e-19 0.0 126.19 0.0
S346726 126.701 94.9538 2.993e-17 2.67e-17 1.536e-17 0.0 126.39 0.0
S346727 126.7885 94.7975 4.149e-21 7.254e-21 1.6620000000000002e-20 0.0 125.15 0.0
S346728 126.7821 94.8024 1.114e-16 8.166e-17 3.254e-17 0.0 124.91 0.0
S346729 126.7779 94.8041 8.564e-17 6.893e-17 3.262e-17 0.0 124.98 0.0
S346730 126.7087 94.9725 5.374e-18 5.297e-18 3.671e-18 0.0 126.45 0.0
S346731 126.7682 94.8102 7.998e-18 1.627e-17 5.275e-17 0.0 125.0 0.0
S346732 126.7132 94.962 5.944e-18 5.455e-18 3.413e-18 0.0 126.34 0.0
S346733 126.7678 94.7957 2.436e-23 7.004e-23 4.621999999999999e-22 0.0 124.87 0.0
S346734 126.7626 94.8018 1.197e-16 9.421e-17 4.182e-17 0.0 125.05 1.0
S346735 126.7629 94.7911 5.652e-17 4.635e-17 2.184e-17 0.0 125.23 0.0
S346736 126.7565 94.8036 2.084e-15 1.429e-15 4.808e-16 0.0 124.9 0.0
S346737 126.7294 94.9662 2.99e-17 6.989e-17 2.939e-16 0.0 126.33 1.0
S346738 126.7332 94.9636 7.984e-18 7.408e-18 4.611e-18 0.0 126.35 0.0
S346739 126.7371 94.963 1.4520000000000001e-21 2.912e-21 9.115e-21 0.0 126.18 0.0
S346740 126.7473 94.798 1.847e-17 1.629e-17 9.522e-18 0.0 125.11 0.0
S346741 126.7412 94.7986 1.326e-16 1.051e-16 4.771e-17 0.0 125.2 1.0
S346742 126.7388 94.8023 2.377e-18 2.545e-18 2.085e-18 0.0 124.98 0.0
S346743 126.7448 94.9737 3.316e-18 3.345e-18 2.473e-18 0.0 126.2 0.0
S346744 126.7507 94.9774 3.989e-19 4.72e-19 4.648e-19 0.0 126.26 0.0
S346745 126.7299 94.7858 2.726e-17 2.276e-17 1.104e-17 0.0 125.21 0.0
S346746 126.7587 94.979 9.779e-16 7.023e-16 2.574e-16 0.0 126.21 0.0
S346747 126.7592 94.9734 2.361e-17 2e-17 1.052e-17 0.0 126.38 0.0
S346748 126.7201 94.8084 6.901e-18 1.138e-17 2.306e-17 0.0 125.12 0.0
S346749 126.7735 94.9738 1.147e-19 1.543e-19 1.983e-19 0.0 126.16 0.0
S346750 126.7729 94.9754 9.021e-17 6.764e-17 2.843e-17 0.0 126.29 1.0
S346751 126.7106 94.8029 1.519e-20 2.5010000000000002e-20 5.0460000000000007e-20 0.0 125.19 0.0
S346752 126.704 94.7836 1.877e-20 2.9780000000000004e-20 5.589000000000001e-20 0.0 125.18 0.0
S346753 126.7121 94.8007 2.676e-17 3.974e-17 6.312e-17 0.0 125.23 0.0
S346754 126.7896 94.9571 1.3929999999999998e-22 3.6399999999999995e-22 1.892e-21 0.0 126.34 0.0
S346755 126.6955 94.8025 3.597e-18 3.51e-18 2.429e-18 0.0 125.41 0.0
S346756 126.7015 94.8035 1.805e-17 1.613e-17 9.18e-18 0.0 125.21 0.0
S346757 126.6904 94.8023 7.056e-19 7.873e-19 7.291e-19 0.0 125.25 0.0
S346758 126.6882 94.8015 3.917e-17 3.222e-17 1.566e-17 0.0 125.46 0.0
S346759 126.7945 94.9584 5.63e-18 5.201e-18 3.29e-18 0.0 125.9 0.0
S346760 126.6812 94.8097 1.522e-19 1.933e-19 2.327e-19 0.0 125.46 0.0
S346761 126.8002 94.9556 2.094e-18 2.101e-18 1.506e-18 0.0 126.25 0.0
S346762 126.682 94.8144 9.499e-13 7.34e-13 3.041e-13 0.0 125.3 1.0
S346763 126.6678 94.8165 5.524e-17 4.525e-17 2.274e-17 0.0 125.34 0.0
S346764 126.8133 94.9463 1.3150000000000001e-21 9.327e-22 3.4059999999999997e-22 0.0 125.9 1.0
S346765 126.8052 94.9448 1.637e-17 3.195e-17 8.918e-17 0.0 125.83 0.0
S346766 126.6718 94.8226 3.231e-18 3.113e-18 2.119e-18 0.0 125.38 0.0
S346767 126.8076 94.9381 3.637e-17 3.15e-17 1.618e-17 0.0 125.81 0.0
S346768 126.8215 94.9372 8.429000000000001e-20 1.124e-19 1.463e-19 0.0 125.66 0.0
S346769 126.6646 94.8308 2.623e-16 1.962e-16 7.747e-17 0.0 125.41 0.0
S346770 126.6591 94.8369 3.483e-17 2.84e-17 1.35e-17 0.0 125.7 0.0
S346771 126.8289 94.929 1.62e-16 1.272e-16 5.778e-17 0.0 125.61 1.0
S346772 126.8385 94.925 6.187e-19 7.081e-19 6.812e-19 0.0 125.52 0.0
S346773 126.8263 94.9233 1.6510000000000001e-21 1.139e-21 3.8479999999999995e-22 0.0 125.7 0.0
S346774 126.8369 94.9206 1.623e-21 1.129e-21 3.89e-22 0.0 125.7 0.0
S346775 126.6464 94.8472 1.9349999999999997e-22 4.81e-22 2.289e-21 0.0 125.95 0.0
S346776 126.8326 94.9127 5.392e-18 8.792e-18 1.781e-17 0.0 125.63 0.0
S346777 126.6421 94.8572 7.567999999999999e-22 1.681e-21 6.1280000000000004e-21 0.0 125.64 0.0
S346778 126.8293 94.9043 5.624e-19 6.43e-19 6.236e-19 0.0 125.41 0.0
S346779 126.835 94.9021 3.609e-18 3.712e-18 2.779e-18 0.0 125.74 0.0
S346780 126.6449 94.8671 4.981000000000001e-25 2.067e-24 2.982e-23 0.0 125.93 0.0
S346781 126.8429 94.897 1.028e-17 9.708e-18 6.059e-18 0.001 125.25 0.0
S346782 126.8328 94.8899 9.416e-18 1.668e-17 4.014e-17 0.0 125.48 0.0
S346783 126.6376 94.8791 1.393e-17 1.23e-17 6.95e-18 0.0 125.98 0.0
S346784 126.849 94.8893 3.592e-21 6.599e-21 1.714e-20 0.0 125.42 0.0
S346785 126.6505 94.8866 1.433e-17 1.208e-17 6.16e-18 0.0 125.94 0.0
S346786 126.637 94.889 2.661e-16 1.992e-16 8.225e-17 0.0 126.06 1.0
S346787 126.6453 94.8914 3.266e-17 2.665e-17 1.305e-17 0.0 126.12 0.0
S346788 126.6368 94.8954 1.8140000000000001e-25 8.771e-25 1.673e-23 0.0 125.99 0.0
S346789 126.6452 94.9054 1.998e-19 2.553e-19 3.081e-19 0.0 126.13 0.0
S346790 126.8348 94.8654 1.013e-17 1.717e-17 3.739e-17 0.0 125.33 0.0
S346791 126.6321 94.9093 3.623e-16 2.673e-16 1.067e-16 0.0 126.21 0.0
S346792 126.8455 94.8579 6.1290000000000005e-21 1.0770000000000002e-20 2.564e-20 0.0 125.29 0.0
S346793 126.6345 94.9155 3.042e-20 4.7250000000000004e-20 8.400000000000001e-20 0.0 125.96 0.0
S346794 126.6299 94.9186 2.151e-16 1.621e-16 6.563e-17 0.0 126.17 1.0
S346795 126.8419 94.8439 5.337e-13 3.782e-13 1.383e-13 0.0 125.08 0.0
S346796 126.6427 94.9338 6.271e-17 5.018e-17 2.398e-17 0.0 126.15 0.0
S346797 126.8381 94.8298 2.865e-18 2.824e-18 2.022e-18 0.0 125.24 0.0
S346798 126.6629 94.929 2.295e-21 4.375e-21 1.1780000000000001e-20 0.0 126.31 0.0
S346799 126.8227 94.832 4.047e-16 3.015e-16 1.204e-16 0.0 125.28 0.0
S346800 126.8311 94.8262 6.92e-17 5.76e-17 2.947e-17 0.0 125.01 0.0
S346801 126.6585 94.9495 5.065e-17 4.026e-17 1.839e-17 0.0 126.48 0.0
S346802 126.8224 94.8133 2.117e-17 1.881e-17 1.066e-17 0.0 125.01 0.0
S346803 126.8201 94.8178 1.337e-17 1.251e-17 7.538e-18 0.0 125.21 0.0
S346804 126.6602 94.9468 2.661e-19 3.479e-19 4.318e-19 0.0 126.41 0.0
S346805 126.6536 94.9617 4.687e-17 1.192e-16 6.182e-16 0.0 126.31 1.0
S346806 126.8187 94.8152 3.196e-17 5.548e-17 1.281e-16 0.0 124.95 0.0
S346807 126.6669 94.9622 2.574e-23 6.738e-23 3.616e-22 0.0 126.12 0.0
S346808 126.829 94.7885 1.383e-21 9.891e-22 3.57e-22 0.0 125.15 0.0
S346809 126.6733 94.9789 2.891e-17 2.418e-17 1.161e-17 0.0 126.39 0.0
S346810 126.8056 94.8021 4.2330000000000005e-20 5.976e-20 9.013000000000001e-20 0.0 125.08 0.0
S346811 126.8054 94.7949 9.409e-18 1.951e-17 6.358e-17 0.0 124.85 0.0
S346812 126.8059 94.7869 1.37e-17 2.037e-17 3.255e-17 0.0 125.2 0.0
S346813 126.7973 94.7876 5.643e-19 6.698e-19 6.763e-19 0.001 125.25 0.0
S346814 126.6856 94.9755 8.873e-18 8.569e-18 5.764e-18 0.0 126.2 0.0
S346815 126.796 94.7873 1.102e-21 2.35e-21 7.743e-21 0.0 125.02 0.0
S346816 126.7927 94.7784 2.199e-17 4.452e-17 1.36e-16 0.001 125.09 0.0
S346817 126.7864 94.7849 5.87e-13 4.478e-13 1.857e-13 0.0 124.93 1.0
S346818 126.782 94.778 1.209e-17 1.932e-17 3.584e-17 0.0 125.06 0.0
S346819 126.7823 94.7682 1.881e-15 1.327e-15 4.857e-16 0.0 124.97 0.0
S346820 126.776 94.7802 1.729e-15 1.231e-15 4.566e-16 0.0 124.92 0.0
S346821 126.7101 94.9921 1.036e-16 8.158e-17 3.734e-17 0.0 126.58 1.0
S346822 126.7141 95.0017 1.641e-23 4.3949999999999996e-23 2.4669999999999996e-22 0.0 126.41 0.0
S346823 126.7655 94.7674 1.963e-20 3.0050000000000005e-20 5.272e-20 0.0 125.19 0.0
S346824 126.7636 94.7605 2.015e-19 2.542e-19 3.026e-19 0.0 125.1 0.0
S346825 126.7242 94.9993 5.2610000000000006e-20 7.358e-20 1.108e-19 0.0 126.42 0.0
S346826 126.7306 94.9909 4.642e-17 3.723e-17 1.709e-17 0.0 126.46 0.0
S346827 126.7343 95.0002 2.553e-27 2.0940000000000002e-26 1.207e-24 0.0 126.41 0.0
S346828 126.7458 94.7771 2.303e-18 2.278e-18 1.657e-18 0.0 125.18 0.0
S346829 126.743 94.9938 8.562e-17 1.617e-16 4.415e-16 0.0 126.31 0.0
S346830 126.7479 94.996 9.055e-18 8.109e-18 4.886e-18 0.001 126.31 0.0
S346831 126.7522 94.9981 2.171e-23 5.813999999999999e-23 3.2419999999999997e-22 0.0 126.19 0.0
S346832 126.73 94.7747 7.558e-18 7.308e-18 5.12e-18 0.0 125.12 0.0
S346833 126.7573 94.9946 2.406e-15 1.624e-15 5.45e-16 0.0 126.23 0.0
S346834 126.7184 94.7686 7.583e-16 5.417e-16 2.053e-16 0.0 125.07 0.0
S346835 126.7167 94.7692 1.674e-20 2.907e-20 6.739e-20 0.001 125.12 0.0
S346836 126.71 94.7715 3.319e-19 4.018e-19 4.285e-19 0.0 125.12 0.0
S346837 126.7745 94.9996 1.629e-17 2.55e-17 4.818e-17 0.0 126.0 0.0
S346838 126.705 94.7626 1.746e-16 1.285e-16 5.105e-17 0.0 125.15 0.0
S346839 126.7807 94.9817 1.114e-17 1.049e-17 6.7e-18 0.0 126.26 0.0
S346840 126.6999 94.7728 8.546e-17 6.722e-17 2.913e-17 0.0 125.2 0.0
S346841 126.6971 94.7795 1.101e-20 1.895e-20 4.2630000000000003e-20 0.0 125.31 0.0
S346842 126.6869 94.7706 4.322e-18 4.271e-18 3.028e-18 0.0 125.09 0.0
S346843 126.6847 94.7908 7.126e-16 5.07e-16 1.945e-16 0.0 125.35 0.0
S346844 126.6793 94.7955 5.472e-25 2.266e-24 3.1149999999999997e-23 0.0 125.47 0.0
S346845 126.6649 94.7852 2.567e-19 3.225e-19 3.677e-19 0.0 125.42 0.0
S346846 126.805 94.9848 1.271e-17 1.106e-17 6.259e-18 0.0 126.08 0.0
S346847 126.6639 94.7963 1.661e-21 3.253e-21 9.569e-21 0.0 125.37 0.0
S346848 126.8063 94.9718 4.933e-18 4.747e-18 3.252e-18 0.0 125.96 0.0
S346849 126.6681 94.7934 3.467e-18 3.35e-18 2.259e-18 0.0 125.36 0.0
S346850 126.817 94.9782 3.016e-19 3.643e-19 3.863e-19 0.0 125.82 0.0
S346851 126.6572 94.8094 4.206e-18 4.129e-18 2.858e-18 0.0 125.32 0.0
S346852 126.6578 94.8055 8.363e-17 2.209e-16 1.194e-15 0.001 125.68 1.0
S346853 126.8356 94.9569 2.544e-17 2.148e-17 1.143e-17 0.0 125.99 0.0
S346854 126.6445 94.8129 2.764e-19 3.444e-19 3.899e-19 0.0 125.39 0.0
S346855 126.832 94.9471 1.986e-17 1.742e-17 9.627e-18 0.0 125.98 0.0
S346856 126.8491 94.9479 5.392e-14 3.583e-14 1.156e-14 0.0 125.73 0.0
S346857 126.8447 94.9423 9.358e-20 1.164e-19 1.302e-19 0.0 125.7 0.0
S346858 126.8617 94.9449 3.701e-19 4.157e-19 3.884e-19 0.0 125.66 0.0
S346859 126.8467 94.9376 2.534e-17 5.66e-17 2.165e-16 0.0 125.73 1.0
S346860 126.8516 94.9314 1.99e-22 4.1899999999999995e-22 1.394e-21 0.0 125.7 0.0
S346861 126.8362 94.9316 9.693e-18 1.502e-17 2.762e-17 0.0 125.77 0.0
S346862 126.6254 94.8451 6.266e-23 1.8289999999999999e-22 1.205e-21 0.0 125.77 0.0
S346863 126.6134 94.8428 7.35e-24 1.99e-23 1.147e-22 0.0 125.73 0.0
S346864 126.8485 94.9184 2.161e-18 2.203e-18 1.638e-18 0.0 125.57 0.0
S346865 126.6127 94.8525 1.5969999999999997e-22 3.2279999999999998e-22 9.947e-22 0.0 125.98 0.0
S346866 126.8538 94.9093 2.502e-19 3.159e-19 3.768e-19 0.0 125.64 0.0
S346867 126.8527 94.9042 1.492e-19 1.863e-19 2.076e-19 0.0 125.42 0.0
S346868 126.6135 94.8645 8.123e-16 5.774e-16 2.078e-16 0.0 125.76 0.0
S346869 126.867 94.8981 9.138e-22 2.0000000000000002e-21 7.564e-21 0.0 125.49 0.0
S346870 126.6169 94.8744 5.212e-22 1.087e-21 3.511e-21 0.0 126.14 0.0
S346871 126.6246 94.8805 5.266e-17 4.201e-17 1.957e-17 0.0 125.73 0.0
S346872 126.6346 94.8903 6.356e-18 6.096e-18 3.996e-18 0.0 125.96 0.0
S346873 126.6059 94.8888 5.097e-17 4.097e-17 1.984e-17 0.0 126.0 0.0
