Name Equatorial Polar BlueF GreenF RedF Parallax RadialVelocity Variable?
S351332 129.4398 97.161 9.248e-27 5.675e-26 1.825e-24 0.0 124.6 0.0
S351333 129.459 97.2946 4.926e-23 1.377e-22 8.754e-22 0.0 127.6 0.0
S351334 129.4501 97.2754 2.4160000000000002e-21 4.589e-21 1.2270000000000002e-20 0.0 126.12 0.0
S351335 129.4731 97.309 1.5349999999999998e-22 3.5209999999999995e-22 1.4460000000000001e-21 0.0 128.13 0.0
S351336 129.4681 97.2856 1.6630000000000001e-21 3.526e-21 1.192e-20 0.0 127.65 0.0
S351337 129.463 97.2824 4.700999999999999e-22 9.562e-22 3.075e-21 0.0 126.61 0.0
S351338 129.4688 97.279 5.024e-23 1.352e-22 7.559999999999999e-22 0.0 125.67 0.0
S351339 129.4662 97.2845 4.63e-18 4.587e-18 3.173e-18 0.0 127.13 0.0
S351340 129.4193 97.2966 1.4789999999999998e-22 3.252e-22 1.159e-21 0.0 126.74 0.0
S351341 129.4753 97.2347 4.993e-24 1.583e-23 1.243e-22 0.0 124.97 0.0
S351342 129.4556 97.2837 4.1920000000000005e-20 5.894e-20 8.499000000000001e-20 0.0 126.68 0.0
S351343 129.4224 97.2003 7.936999999999999e-22 1.406e-21 3.3440000000000002e-21 0.0 124.93 0.0
S351344 129.4927 97.3121 2.7299999999999997e-22 6.149e-22 2.39e-21 0.0 127.81 0.0
S351345 129.5422 97.1854 1.137e-19 1.555e-19 2.214e-19 0.0 125.4 0.0
S351346 129.4681 97.2808 6.768e-25 2.6719999999999998e-24 3.464e-23 0.0 126.35 0.0
S351347 129.4667 97.295 4.299e-18 4.334e-18 3.233e-18 0.0 127.83 0.0
S351348 129.4709 97.2865 3.851e-20 5.928000000000001e-20 1.025e-19 0.0 127.63 0.0
S351349 129.466 97.2852 2.2420000000000002e-20 3.2950000000000005e-20 5.189e-20 0.0 127.65 0.0
S351350 129.476 97.3018 4.2619999999999996e-23 1.169e-22 6.761999999999999e-22 0.0 127.93 0.0
S351351 129.4675 97.2579 4.427e-22 9.665999999999999e-22 3.6080000000000004e-21 0.0 125.13 0.0
S351352 129.4689 97.2619 2.557e-20 3.802e-20 6.325e-20 0.001 125.35 0.0
S351353 129.507 97.2325 3.408e-19 4.129e-19 4.352e-19 0.0 125.6 0.0
S351354 129.4782 97.3653 1.763e-21 1.218e-21 4.273e-22 0.0 128.63 0.0
S351355 129.4659 97.2834 2.488e-20 3.8330000000000005e-20 6.421e-20 0.0 127.62 0.0
S351356 129.4287 97.3674 5.856e-23 1.4949999999999999e-22 7.396999999999999e-22 0.0 128.07 0.0
S351357 129.456 97.2411 4.485e-18 4.256e-18 2.772e-18 0.0 124.83 0.0
S351358 129.524 97.2786 5.583e-22 1.267e-21 5.169e-21 0.0 126.66 0.0
S351359 129.5115 97.3149 5.67e-24 1.8919999999999998e-23 1.6679999999999998e-22 0.0 127.47 0.0
S351360 129.3783 97.2354 5.032e-21 8.698e-21 1.912e-20 0.0 125.7 0.0
S351361 129.4904 97.2995 1.2459999999999999e-22 2.6989999999999997e-22 9.682e-22 0.0 127.45 0.0
S351362 129.4678 97.282 1.306e-22 3.4859999999999996e-22 1.953e-21 0.0 126.75 0.0
S351363 129.4615 97.2775 9.439e-22 2.02e-21 6.999e-21 0.0 126.06 0.0
S351364 129.4304 97.3986 3.334e-23 9.465999999999999e-23 6.047999999999999e-22 0.0 128.27 0.0
S351365 129.478 97.2704 3.554e-21 6.469e-21 1.5860000000000002e-20 0.0 126.03 0.0
S351366 129.4666 97.2599 5.661999999999999e-29 6.29e-28 7.119e-26 0.0 125.26 0.0
S351367 129.4894 97.3485 8.852e-22 1.909e-21 6.923e-21 0.0 128.26 0.0
S351368 129.4159 97.203 1.423e-24 5.215e-24 5.757e-23 0.0 124.93 0.0
S351369 129.4665 97.2784 1.882e-17 2.98e-17 5.511e-17 0.0 126.21 0.0
S351370 129.4868 97.2459 1.638e-17 3.189e-17 9.207e-17 0.0 125.4 0.0
S351371 129.4708 97.1664 2.6619999999999997e-22 6.637e-22 3.158e-21 0.0 124.7 0.0
S351372 129.4685 97.285 7.306e-13 5.36e-13 2.075e-13 0.0 127.48 0.0
S351373 129.4323 97.2834 9.505e-22 1.891e-21 5.669e-21 0.0 126.42 0.0
S351374 129.4671 97.2828 1.9049999999999998e-23 5.77e-23 4.113e-22 0.0 127.45 0.0
S351375 129.5569 97.3483 1.055e-19 1.448e-19 1.985e-19 0.0 127.46 0.0
S351376 129.4644 97.2651 1.583e-17 2.201e-17 3.156e-17 0.0 125.41 0.0
S351377 129.4836 97.2797 7.001e-18 6.575e-18 4.152e-18 0.0 126.5 0.0
S351378 129.4505 97.3361 9.339e-24 3.148e-23 2.8539999999999996e-22 0.0 128.17 0.0
S351379 129.4767 97.3485 3.159e-24 9.777e-24 7.425999999999999e-23 0.0 128.36 0.0
S351380 129.4687 97.2751 1.481e-21 2.933e-21 8.738000000000001e-21 0.0 125.62 0.0
S351381 129.4336 97.2747 5.789e-19 6.545e-19 5.955e-19 0.0 126.24 0.0
S351382 129.4611 97.272 1.109e-22 2.785e-22 1.346e-21 0.0 125.57 0.0
S351383 129.4665 97.2773 7.736e-24 2.1989999999999998e-23 1.325e-22 0.0 125.89 0.0
S351384 129.4585 97.1949 5.932e-21 1.0260000000000001e-20 2.3090000000000003e-20 0.0 124.68 0.0
S351385 129.3595 97.2926 1.0330000000000001e-20 1.7580000000000002e-20 3.795e-20 0.0 126.65 0.0
S351386 129.4774 97.239 1.6049999999999998e-22 4.0129999999999996e-22 1.909e-21 0.0 125.12 0.0
S351387 129.4668 97.2655 5.552e-22 1.233e-21 4.862e-21 0.0 125.28 0.0
S351388 129.4509 97.2546 7.459e-19 8.639e-19 8.428e-19 0.0 125.09 0.0
S351389 129.4243 97.335 8.198e-20 1.079e-19 1.344e-19 0.0 127.55 0.0
S351390 129.4607 97.2825 1.9680000000000003e-20 3.3650000000000004e-20 7.029e-20 0.0 126.57 0.0
S351391 129.4689 97.3085 2.888e-24 1.0019999999999999e-23 9.161999999999999e-23 0.0 128.16 0.0
S351392 129.4737 97.2617 1.349e-21 9.528e-22 3.3719999999999995e-22 0.0 125.41 0.0
S351393 129.5155 97.2717 1.628e-21 2.965e-21 7.753e-21 0.0 126.42 0.0
S351394 129.4848 97.4279 2.5e-17 4.547e-17 1.115e-16 0.0 128.75 0.0
S351395 129.4596 97.3049 1.628e-19 2.218e-19 2.976e-19 0.0 127.8 0.0
S351396 129.454 97.3112 6.469e-19 7.379e-19 6.916e-19 0.0 128.19 0.0
S351397 129.4793 97.2913 9.282000000000001e-26 4.61e-25 9.345e-24 0.0 127.44 0.0
S351398 129.4629 97.3091 2.011e-20 3.3010000000000005e-20 6.695000000000001e-20 0.0 128.23 0.0
S351399 129.4793 97.3145 1.006e-23 3.2379999999999996e-23 2.7859999999999995e-22 0.0 128.06 0.0
S351400 129.4468 97.2444 9.379e-18 8.641e-18 5.127e-18 0.0 125.1 0.0
S351401 129.5286 97.3022 8.377999999999999e-22 1.7860000000000002e-21 6.147e-21 0.0 127.17 0.0
S351402 129.4706 97.2936 4.4840000000000003e-20 6.524000000000001e-20 9.988000000000001e-20 0.0 127.74 0.0
S351403 129.4637 97.284 4.298e-19 4.987e-19 4.685e-19 0.0 126.92 1.0
S351404 129.5025 97.3272 8.166e-18 7.376e-18 4.401e-18 0.0 127.83 0.0
S351405 129.4614 97.3135 4.647e-17 1.166e-16 5.661e-16 0.0 127.96 1.0
S351406 129.4293 97.2038 4.0089999999999997e-23 1.0239999999999999e-22 5.244e-22 0.0 124.84 0.0
S351407 129.4841 97.276 8.555e-23 1.919e-22 7.270999999999999e-22 0.0 126.46 0.0
S351408 129.5003 97.1848 1.046e-17 2.099e-17 6.488e-17 0.0 124.92 0.0
S351409 129.4671 97.2768 1.027e-21 2.088e-21 6.504e-21 0.0 125.81 0.0
S351410 129.4596 97.2673 2.673e-22 6.065999999999999e-22 2.404e-21 0.0 125.37 0.0
S351411 129.3988 97.3839 1.2120000000000001e-20 2.057e-20 4.6290000000000003e-20 0.0 127.76 0.0
S351412 129.4557 97.2986 2.699e-21 5.092e-21 1.3780000000000002e-20 0.0 127.51 0.0
S351413 129.4347 97.2977 1.537e-17 2.723e-17 6.264e-17 0.0 127.05 0.0
S351414 129.5023 97.2549 1.8799999999999998e-22 4.294e-22 1.644e-21 0.0 125.97 0.0
S351415 129.5317 97.2984 1.485e-17 2.472e-17 4.918e-17 0.0 127.02 0.0
S351416 129.4708 97.326 2.632e-17 2.299e-17 1.253e-17 0.0 128.56 0.0
S351417 129.4616 97.2855 3.009e-24 1.157e-23 1.355e-22 0.0 127.62 0.0
S351418 129.4576 97.2638 2.674e-17 4.934e-17 1.208e-16 0.0 125.24 0.0
S351419 129.4958 97.262 4.3990000000000005e-20 6.293000000000001e-20 9.681e-20 0.0 125.95 0.0
S351420 129.4839 97.2974 2.599e-21 4.869e-21 1.273e-20 0.0 127.66 0.0
S351421 129.4724 97.2988 2.1710000000000003e-20 3.3010000000000005e-20 5.753000000000001e-20 0.0 127.84 0.0
S351422 129.4739 97.3302 3.7730000000000003e-20 5.501e-20 8.458e-20 0.0 128.33 0.0
S351423 129.5036 97.2427 7.412e-24 2.1019999999999999e-23 1.3669999999999998e-22 0.0 125.6 0.0
S351424 129.4474 97.2674 1.612e-23 4.2879999999999996e-23 2.474e-22 0.0 125.71 0.0
S351425 129.4703 97.2898 8.950000000000001e-20 1.248e-19 1.799e-19 0.0 127.45 0.0
S351426 129.4824 97.1596 2.93e-18 3.094e-18 2.446e-18 0.0 124.63 0.0
S351427 129.4582 97.3058 3.645e-18 3.63e-18 2.574e-18 0.0 127.93 0.0
S351428 129.4653 97.2731 1.127e-18 1.265e-18 1.161e-18 0.0 125.75 0.0
S351429 129.4711 97.2899 5.359e-23 1.4189999999999998e-22 7.811999999999999e-22 0.0 127.69 0.0
S351430 129.4637 97.2719 1.216e-24 4.254e-24 4.146e-23 0.0 125.61 0.0
S351431 129.4671 97.2763 4.791e-19 5.711e-19 5.801e-19 0.0 125.8 0.0
S351432 129.4635 97.2781 1.696e-24 5.681e-24 5.15e-23 0.0 125.59 0.0
S351433 129.5438 97.2474 7.729e-19 8.912e-19 8.743e-19 0.0 126.22 0.0
S351434 129.42 97.2511 1.603e-19 2.063e-19 2.61e-19 0.0 125.68 0.0
S351435 129.4524 97.2838 1.756e-21 1.194e-21 4.0819999999999997e-22 0.0 126.65 0.0
S351436 129.4622 97.2771 2.879e-17 2.402e-17 1.198e-17 0.0 126.01 0.0
S351437 129.4121 97.2692 2.997e-18 2.928e-18 2.02e-18 0.0 126.18 0.0
S351438 129.4649 97.3011 4.709e-22 9.658e-22 3.134e-21 0.0 128.0 0.0
S351439 129.4652 97.2809 3.029e-23 7.836e-23 4.0189999999999995e-22 0.0 126.21 0.0
S351440 129.4654 97.2818 1.149e-19 1.521e-19 1.984e-19 0.0 125.78 0.0
S351441 129.446 97.2662 8.554e-18 7.943e-18 4.911e-18 0.0 125.59 0.0
S351442 129.4427 97.3182 7.857e-21 1.2660000000000001e-20 2.4610000000000003e-20 0.0 127.68 0.0
S351443 129.455 97.2463 5.424e-19 5.937e-19 5.248e-19 0.0 124.9 0.0
S351444 129.4687 97.2644 1.363e-20 2.353e-20 5.1780000000000006e-20 0.0 125.48 0.0
S351445 129.4625 97.2893 2.203e-22 5.719999999999999e-22 2.87e-21 0.0 127.58 0.0
S351446 129.4325 97.2034 4.283e-18 4.111e-18 2.676e-18 0.0 124.86 0.0
S351447 129.4595 97.2965 8.975e-22 1.922e-21 6.743e-21 0.0 127.54 0.0
S351448 129.4677 97.2938 6.925999999999999e-22 1.435e-21 4.661e-21 0.0 127.68 0.0
S351449 129.44 97.2557 5.808e-20 8.202000000000001e-20 1.218e-19 0.0 125.65 0.0
S351450 129.4603 97.2756 3.464e-20 5.2630000000000004e-20 8.953000000000001e-20 0.0 125.52 0.0
S351451 129.5229 97.284 4.888999999999999e-22 9.713e-22 2.866e-21 0.0 126.84 0.0
S351452 129.4758 97.3196 2.533e-21 4.7260000000000004e-21 1.2280000000000001e-20 0.0 128.34 0.0
S351453 129.4712 97.2802 2.6889999999999996e-23 7.116999999999999e-23 3.9109999999999997e-22 0.0 126.43 0.0
S351454 129.4732 97.2531 3.342e-17 6.063e-17 1.462e-16 0.0 125.24 0.0
S351455 129.4134 97.247 3.5239999999999997e-22 7.292999999999999e-22 2.382e-21 0.0 125.82 0.0
S351456 129.4825 97.2925 3.392e-22 7.961999999999999e-22 3.426e-21 0.0 127.44 0.0
S351457 129.4761 97.3013 1.653e-17 1.504e-17 8.584e-18 0.0 127.72 0.0
S351458 129.4423 97.2757 8.8e-18 8.273e-18 5.329e-18 0.0 126.08 0.0
S351459 129.4772 97.3122 3.886e-23 9.676999999999999e-23 4.852e-22 0.0 128.18 0.0
S351460 129.4547 97.2507 5.442e-19 6.743e-19 7.477e-19 0.0 124.98 0.0
S351461 129.49 97.2869 1.063e-18 1.195e-18 1.079e-18 0.0 126.88 0.0
S351462 129.4898 97.3179 6.749999999999999e-22 1.317e-21 3.815e-21 0.0 127.99 0.0
S351463 129.4684 97.2919 4.6410000000000005e-20 7.125000000000001e-20 1.205e-19 0.0 127.66 0.0
S351464 129.4642 97.2836 9.816e-24 3.62e-23 4.127e-22 0.0 127.7 1.0
S351465 129.5347 97.1932 8.856e-19 9.901e-19 9.021e-19 0.0 125.52 0.0
S351466 129.4619 97.3243 5.949e-24 2.0689999999999998e-23 2.0829999999999997e-22 0.0 128.32 0.0
S351467 129.4724 97.3577 5.572e-21 9.737e-21 2.1970000000000002e-20 0.0 128.54 0.0
S351468 129.5465 97.2604 4.204e-20 6.293000000000001e-20 1.087e-19 0.0 126.43 0.0
S351469 129.4757 97.2183 1.139e-23 3.409e-23 2.5119999999999996e-22 0.0 124.9 0.0
S351470 129.4754 97.2628 6.17e-20 9.084000000000001e-20 1.453e-19 0.0 125.57 0.0
S351471 129.4531 97.2816 1.7789999999999997e-22 4.386999999999999e-22 2.1e-21 0.0 126.46 0.0
S351472 129.4649 97.2836 1.5129999999999998e-22 3.4919999999999995e-22 1.46e-21 0.0 127.81 0.0
S351473 129.4658 97.3105 3.1790000000000003e-20 4.9180000000000004e-20 8.413e-20 0.0 128.22 0.0
S351474 129.4694 97.24 1.4160000000000002e-20 2.2060000000000003e-20 3.856e-20 0.0 124.92 0.0
S351475 129.4563 97.2647 6.605e-23 1.7169999999999998e-22 9.23e-22 0.0 125.23 0.0
S351476 129.4833 97.2882 8.304e-18 1.277e-17 2.304e-17 0.0 127.01 0.0
S351477 129.4496 97.2441 1.329e-21 2.695e-21 8.506e-21 0.0 124.84 0.0
S351478 129.4715 97.2704 9.881e-23 2.547e-22 1.286e-21 0.0 125.45 0.0
S351479 129.4571 97.2942 5.737e-20 8.593e-20 1.369e-19 0.0 127.35 0.0
S351480 129.4583 97.2822 2.658e-23 7.225e-23 4.0649999999999996e-22 0.0 126.52 0.0
S351481 129.4684 97.292 1.307e-19 1.675e-19 1.953e-19 0.0 127.6 0.0
S351482 129.4605 97.2743 4.0030000000000004e-26 2.0530000000000002e-25 4.656e-24 0.0 125.64 0.0
S351483 129.4572 97.2346 1.295e-16 1.015e-16 4.407e-17 0.0 124.75 1.0
S351484 129.4606 97.2733 4.376e-22 9.797e-22 3.829e-21 0.0 125.74 0.0
S351485 129.4647 97.2769 5.746000000000001e-20 8.476e-20 1.35e-19 0.0 125.93 0.0
S351486 129.4651 97.2806 3.324e-24 9.988e-24 6.914e-23 0.0 126.28 0.0
S351487 129.4468 97.3258 4.718e-21 8.489000000000001e-21 2.0710000000000003e-20 0.0 127.99 0.0
S351488 129.4632 97.1048 7.065e-21 1.2260000000000001e-20 2.7360000000000004e-20 0.0 124.74 0.0
S351489 129.4686 97.2569 1.774e-22 4.265999999999999e-22 1.927e-21 0.001 125.09 0.0
S351490 129.4768 97.3277 4.847999999999999e-22 1.062e-21 3.95e-21 0.0 128.42 0.0
S351491 129.4657 97.2782 8.559e-25 3.183e-24 3.6149999999999996e-23 0.0 125.6 0.0
S351492 129.4775 97.2847 7.284999999999999e-23 1.8639999999999997e-22 9.009999999999998e-22 0.0 127.09 0.0
S351493 129.4803 97.2339 5.367e-18 9.718e-18 2.332e-17 0.0 124.93 0.0
S351494 129.4587 97.3425 1.316e-18 1.498e-18 1.439e-18 0.0 128.51 0.0
S351495 129.5294 97.2846 3.7669999999999996e-22 7.7629999999999995e-22 2.5590000000000002e-21 0.0 126.8 0.0
S351496 129.4693 97.2888 3.281e-21 6.1040000000000004e-21 1.5920000000000002e-20 0.0 127.56 0.0
S351497 129.481 97.2598 6.042e-20 9.008000000000001e-20 1.429e-19 0.0 125.83 0.0
S351498 129.4661 97.2822 8.264e-21 1.542e-20 4.0330000000000005e-20 0.0 126.62 0.0
S351499 129.4946 97.3265 1.301e-20 2.27e-20 5.1930000000000005e-20 0.0 128.05 0.0
S351500 129.4485 97.3465 5.518e-20 7.882e-20 1.201e-19 0.0 128.26 0.0
S351501 129.4672 97.2848 3.355e-19 4.043e-19 4.267e-19 0.0 127.52 0.0
S351502 129.5032 97.3471 1.28e-20 2.043e-20 3.8410000000000004e-20 0.0 128.21 1.0
S351503 129.4696 97.2978 2.667e-17 6.065e-17 2.386e-16 0.0 127.71 1.0
S351504 129.485 97.2949 3.2670000000000005e-20 4.961e-20 8.480000000000001e-20 0.0 127.24 0.0
S351505 129.4557 97.2889 4.602e-20 6.792e-20 1.111e-19 0.0 126.94 0.0
S351506 129.466 97.2765 1.1309999999999999e-22 2.635e-22 1.141e-21 0.0 125.65 0.0
S351507 129.5122 97.2904 2.218e-21 1.482e-21 4.878999999999999e-22 0.0 126.89 0.0
S351508 129.4578 97.2819 3.763e-22 8.151e-22 2.907e-21 0.0 126.52 0.0
S351509 129.4707 97.3391 2.654e-19 3.208e-19 3.351e-19 0.0 128.47 0.0
S351510 129.4434 97.3446 3.7669999999999996e-22 8.537999999999999e-22 3.277e-21 0.0 128.19 0.0
S351511 129.5324 97.1236 5.547e-19 6.328e-19 5.934e-19 0.0 125.04 0.0
S351512 129.4132 97.2155 9.102e-24 2.671e-23 1.7809999999999999e-22 0.0 125.07 0.0
S351513 129.4863 97.3753 8.461e-19 9.631e-19 9.173e-19 0.0 128.53 0.0
S351514 129.5196 97.3404 1.3270000000000001e-21 9.633999999999998e-22 3.534e-22 0.0 127.93 0.0
S351515 129.4411 97.2629 3.469e-19 4.133e-19 4.27e-19 0.0 125.72 0.0
S351516 129.4811 97.2974 5.716e-22 1.279e-21 4.803e-21 0.0 127.79 0.0
S351517 129.4689 97.2858 1.513e-25 6.991e-25 1.2499999999999999e-23 0.0 127.63 0.0
S351518 129.4682 97.2818 1.276e-22 2.799e-22 1.046e-21 0.0 126.65 0.0
S351519 129.4757 97.2762 7.037e-19 8.301e-19 8.321e-19 0.0 126.19 0.0
S351520 129.4581 97.3185 3.042e-27 2.3e-26 1.102e-24 0.0 128.02 0.0
S351521 129.4633 97.2785 7.756e-19 8.387e-19 7.35e-19 0.0 126.22 0.0
S351522 129.4679 97.2668 1.8809999999999999e-22 4.760999999999999e-22 2.263e-21 0.0 125.56 0.0
S351523 129.4762 97.2725 1.489e-22 3.1749999999999997e-22 1.065e-21 0.0 126.04 0.0
S351524 129.459 97.2833 8.906e-23 2.258e-22 1.13e-21 0.0 127.1 0.0
S351525 129.4544 97.2702 2.053e-21 1.397e-21 4.617e-22 0.0 125.74 0.0
S351526 129.4555 97.2777 9.528e-19 1.063e-18 9.555e-19 0.0 126.11 0.0
S351527 129.4672 97.3012 5.745e-22 1.281e-21 4.988e-21 0.0 127.98 0.0
S351528 129.4749 97.2888 1.16e-21 2.385e-21 7.674e-21 0.0 127.48 0.0
S351529 129.4574 97.2963 1.3139999999999999e-23 3.751e-23 2.405e-22 0.0 127.37 0.0
S351530 129.4687 97.2911 7.609000000000001e-21 1.2900000000000001e-20 2.726e-20 0.0 127.58 0.0
S351531 129.4949 97.2948 2.86e-17 4.709e-17 9.394e-17 0.0 127.36 0.0
S351532 129.4623 97.2675 5.949e-23 1.656e-22 9.840999999999998e-22 0.0 125.5 0.0
S351533 129.4475 97.314 1.546e-21 1.08e-21 3.8209999999999997e-22 0.0 127.72 0.0
S351534 129.4605 97.2784 4.663e-23 1.2779999999999998e-22 7.447999999999999e-22 0.0 126.08 0.0
S351535 129.4758 97.2478 2.493e-21 4.085e-21 8.092e-21 0.0 125.21 0.0
S351536 129.4673 97.2625 7.564e-23 2.038e-22 1.102e-21 0.0 125.24 0.0
S351537 129.4407 97.2306 2.606e-24 8.339999999999999e-24 6.812e-23 0.0 124.95 0.0
S351538 129.4759 97.2842 1.856e-18 1.986e-18 1.715e-18 0.0 126.88 0.0
S351539 129.4651 97.2479 8.298e-23 1.9949999999999998e-22 8.741999999999998e-22 0.0 124.97 0.0
S351540 129.4517 97.2466 1.499e-21 1.061e-21 3.75e-22 0.0 125.04 0.0
S351541 129.4512 97.2858 4.407e-21 7.543e-21 1.6930000000000002e-20 0.0 126.65 0.0
S351542 129.469 97.2675 5.901999999999999e-22 1.185e-21 3.625e-21 0.0 125.56 0.0
S351543 129.4496 97.3373 4.283999999999999e-22 9.408e-22 3.4e-21 0.0 128.21 0.0
S351544 129.4816 97.2995 2.952e-19 3.849e-19 4.793e-19 0.0 127.58 0.0
S351545 129.4929 97.4132 4.1140000000000003e-25 1.721e-24 2.4929999999999997e-23 0.0 128.69 0.0
S351546 129.4913 97.3136 8.838000000000001e-20 1.252e-19 1.92e-19 0.0 127.82 0.0
S351547 129.4619 97.2638 2.852e-19 3.424e-19 3.541e-19 0.0 125.4 0.0
S351548 129.4535 97.2707 6.567e-21 1.144e-20 2.5180000000000002e-20 0.0 125.77 0.0
S351549 129.4601 97.288 2.444e-18 2.551e-18 2.074e-18 0.0 127.35 0.0
S351550 129.4648 97.1884 9.444e-18 1.83e-17 5.334e-17 0.0 124.58 0.0
S351551 129.4536 97.3012 1.706e-23 5.587e-23 4.823e-22 0.0 127.62 0.0
S351552 129.4708 97.2564 1.818e-21 1.2290000000000001e-21 4.246e-22 0.0 125.26 0.0
S351553 129.443 97.2856 2.438e-13 1.686e-13 5.845e-14 0.0 126.75 0.0
S351554 129.4667 97.2756 3.459e-17 6.7e-17 1.844e-16 0.0 125.81 0.0
S351555 129.464 97.214 7.006e-22 1.519e-21 5.395e-21 0.0 124.84 0.0
S351556 129.4886 97.2323 2.641e-17 2.348e-17 1.326e-17 0.0 125.27 0.0
S351557 129.4662 97.2776 8.645e-22 1.855e-21 6.6520000000000005e-21 0.0 125.56 0.0
S351558 129.4375 97.2971 2.344e-22 5.366999999999999e-22 2.086e-21 0.0 126.99 0.0
S351559 129.4902 97.348 5.296e-24 1.531e-23 9.953999999999999e-23 0.0 128.51 0.0
S351560 129.5002 97.3001 1.232e-17 2.197e-17 5.288e-17 0.0 127.27 0.0
S351561 129.4877 97.3062 1.781e-21 1.209e-21 4.1189999999999997e-22 0.0 127.89 0.0
S351562 129.4669 97.2809 1.008e-22 2.6409999999999998e-22 1.37e-21 0.0 126.23 0.0
S351563 129.4882 97.3277 9.396e-19 1.058e-18 9.67e-19 0.0 128.31 0.0
S351564 129.4229 97.2925 9.716e-20 1.419e-19 2.229e-19 0.0 126.84 0.0
S351565 129.4847 97.3326 1.374e-21 2.679e-21 7.865e-21 0.0 128.38 0.0
S351566 129.4506 97.2672 7.518000000000001e-20 1.061e-19 1.571e-19 0.0 125.75 0.0
S351567 129.527 97.2769 1.828e-20 2.7650000000000003e-20 4.6410000000000005e-20 0.0 126.71 0.0
S351568 129.494 97.2242 2.273e-13 1.561e-13 5.333e-14 0.0 125.18 0.0
S351569 129.4688 97.2924 1.1499999999999999e-23 3.795e-23 3.149e-22 0.0 127.56 0.0
S351570 129.4632 97.2822 2.419e-20 3.8750000000000004e-20 7.289000000000001e-20 0.0 126.32 0.0
S351571 129.4959 97.1876 1.155e-22 2.6829999999999996e-22 1.094e-21 0.0 124.98 0.0
S351572 129.4581 97.2756 1.102e-17 1.041e-17 6.677e-18 0.0 126.02 0.0
S351573 129.4956 97.3014 3.008e-23 8.28e-23 4.841e-22 0.0 127.49 0.0
S351574 129.5385 97.3483 7.665e-20 1.009e-19 1.275e-19 0.0 127.74 0.0
S351575 129.5075 97.2181 2.026e-18 2.119e-18 1.717e-18 0.0 125.32 0.0
S351576 129.5062 97.2962 1.087e-21 2.159e-21 6.502e-21 0.0 127.18 0.0
S351577 129.46 97.2743 1.2299999999999998e-22 3.3809999999999996e-22 1.924e-21 0.0 125.69 0.0
S351578 129.4617 97.28 2.302e-19 2.837e-19 3.163e-19 0.001 125.8 0.0
S351579 129.4328 97.3165 6.508e-23 1.823e-22 1.177e-21 0.0 127.54 0.0
S351580 129.4643 97.2653 1.965e-21 1.3180000000000001e-21 4.462999999999999e-22 0.0 125.38 0.0
S351581 129.4519 97.2769 1.223e-18 1.382e-18 1.243e-18 0.0 126.09 0.0
S351582 129.4804 97.3277 2.937e-25 1.291e-24 2.0819999999999998e-23 0.0 128.37 0.0
S351583 129.4774 97.2501 3.5959999999999997e-23 8.962999999999999e-23 4.25e-22 0.0 124.89 0.0
S351584 129.4695 97.2858 1.101e-27 8.809e-27 4.896e-25 0.0 127.53 0.0
S351585 129.469 97.2715 3.162e-22 7.528e-22 3.2840000000000002e-21 0.0 125.87 0.0
S351586 129.4666 97.2847 8.037e-23 2.13e-22 1.149e-21 0.0 127.44 0.0
S351587 129.4733 97.2973 5.3160000000000006e-20 7.884000000000001e-20 1.3e-19 0.0 127.69 0.0
S351588 129.4554 97.2636 3.301e-18 3.219e-18 2.3e-18 0.0 125.47 0.0
S351589 129.4623 97.2691 5.39e-19 6.19e-19 5.971e-19 0.0 125.48 0.0
S351590 129.4736 97.2838 6.602999999999999e-23 1.607e-22 7.069e-22 0.0 126.75 0.0
S351591 129.4568 97.2577 2.486e-17 2.156e-17 1.197e-17 0.0 125.11 0.0
S351592 129.5052 97.3158 1.257e-23 3.4719999999999996e-23 2.0949999999999998e-22 0.0 127.64 0.0
S351593 129.4603 97.3205 2.201e-20 3.442e-20 6.378e-20 0.0 128.18 0.0
S351594 129.4714 97.2088 4.409e-22 1.0030000000000001e-21 3.976e-21 0.0 124.6 0.0
S351595 129.4625 97.3194 1.181e-21 2.343e-21 6.736e-21 0.0 128.29 0.0
S351596 129.4717 97.3115 3.722e-23 1.068e-22 6.9609999999999995e-22 0.0 128.25 0.0
S351597 129.4664 97.287 6.011e-25 2.261e-24 2.629e-23 0.0 127.43 0.0
S351598 129.4654 97.2821 1.6809999999999998e-23 5.2309999999999997e-23 3.9959999999999995e-22 0.0 126.58 0.0
S351599 129.4667 97.2666 1.2309999999999999e-22 3.1309999999999997e-22 1.631e-21 0.0 125.56 0.0
S351600 129.464 97.2748 2.896e-21 1.861e-21 5.676999999999999e-22 0.0 125.55 0.0
S351601 129.4701 97.2633 2.215e-17 1.969e-17 1.132e-17 0.0 125.4 0.0
S351602 129.4473 97.2113 7.831e-13 5.503e-13 2.023e-13 0.0 124.69 0.0
S351603 129.4596 97.3093 2.398e-23 7.419e-23 5.51e-22 0.0 127.79 0.0
S351604 129.4362 97.2769 1.506e-21 2.8860000000000002e-21 8.214000000000001e-21 0.0 126.36 0.0
S351605 129.4674 97.3162 1.048e-21 2.212e-21 7.554e-21 0.0 128.44 0.0
S351606 129.4893 97.2709 7.812e-19 8.78e-19 7.831e-19 0.0 126.23 0.0
S351607 129.4674 97.3956 3.023e-19 3.741e-19 4.106e-19 0.0 128.52 0.0
S351608 129.4942 97.3153 1.966e-21 3.6200000000000004e-21 9.701000000000001e-21 0.0 127.79 0.0
S351609 129.4157 97.1565 4.858e-20 7.288e-20 1.228e-19 0.0 124.68 0.0
S351610 129.4442 97.1509 1.949e-21 3.598e-21 9.231e-21 0.0 124.58 0.0
S351611 129.5193 97.3089 2.554e-22 5.69e-22 2.2320000000000002e-21 0.0 127.43 0.0
S351612 129.4482 97.2686 3.399e-25 1.455e-24 2.163e-23 0.0 125.66 0.0
S351613 129.3751 97.3662 2.437e-17 2.101e-17 1.11e-17 0.0 127.52 0.0
S351614 129.4596 97.2715 1.762e-21 3.502e-21 1.0390000000000002e-20 0.0 125.78 0.0
S351615 129.4609 97.2812 1.312e-21 2.495e-21 6.811e-21 0.0 126.25 0.0
S351616 129.5397 97.228 1.582e-18 1.728e-18 1.448e-18 0.0 125.93 0.0
S351617 129.4714 97.3413 8.392e-23 1.9959999999999998e-22 9.077999999999999e-22 0.0 128.54 0.0
S351618 129.4504 97.2824 2.566e-17 3.942e-17 6.676e-17 0.0 126.53 0.0
S351619 129.4721 97.2758 1.072e-17 9.95e-18 6.281e-18 0.0 126.15 0.0
S351620 129.4612 97.2749 7.778e-19 8.697e-19 7.532e-19 0.0 125.48 0.0
S351621 129.4826 97.2901 7.471e-18 6.919e-18 4.405e-18 0.0 127.1 0.0
S351622 129.486 97.2973 3.7829999999999996e-22 7.998999999999999e-22 2.816e-21 0.0 127.69 0.0
S351623 129.3437 97.2656 2.534e-21 4.567e-21 1.1290000000000001e-20 0.0 126.32 0.0
S351624 129.4081 97.3899 5.829e-18 5.615e-18 3.762e-18 0.0 128.13 0.0
S351625 129.4347 97.2453 4.0250000000000006e-20 5.653e-20 8.545000000000001e-20 0.0 125.46 0.0
S351626 129.4806 97.2864 1.3419999999999998e-22 3.1889999999999996e-22 1.3300000000000001e-21 0.0 126.94 0.0
S351627 129.467 97.255 2.183e-17 1.747e-17 8.127e-18 0.0 125.0 0.0
S351628 129.4625 97.2899 7.986e-21 1.404e-20 3.23e-20 0.0 127.18 0.0
S351629 129.4669 97.2351 1.808e-22 4.0869999999999996e-22 1.628e-21 0.0 124.89 0.0
S351630 129.4625 97.2795 3.063e-19 3.791e-19 4.288e-19 0.0 125.5 0.0
S351631 129.4583 97.2769 4.421e-24 1.3979999999999998e-23 1.1309999999999999e-22 0.0 126.04 0.0
S351632 129.4785 97.2987 1.778e-18 1.815e-18 1.381e-18 0.0 127.75 0.0
S351633 129.4648 97.3121 4.374e-19 5.075e-19 4.927e-19 0.0 128.12 0.0
S351634 129.4079 97.2769 7.555e-18 1.357e-17 3.262e-17 0.0 126.41 0.0
S351635 129.4944 97.2658 2.2380000000000002e-21 4.152e-21 1.0380000000000001e-20 0.0 126.24 0.0
S351636 129.4851 97.2829 4.185e-19 4.949e-19 4.847e-19 0.0 126.81 0.0
S351637 129.458 97.2779 4.844999999999999e-22 1.102e-21 4.308e-21 0.0 125.87 0.0
S351638 129.4898 97.2986 6.199000000000001e-20 8.224e-20 1.041e-19 0.0 127.54 0.0
S351639 129.471 97.2363 3.912e-19 4.89e-19 5.55e-19 0.0 125.08 0.0
S351640 129.4609 97.3531 6.19e-21 1.0650000000000001e-20 2.4310000000000002e-20 0.0 128.53 0.0
S351641 129.4733 97.2834 1.954e-16 5.744e-16 3.886e-15 0.0 126.9 1.0
S351642 129.3859 97.2048 6.514e-23 1.804e-22 1.063e-21 0.0 125.24 0.0
S351643 129.4569 97.3315 1.429e-18 1.525e-18 1.234e-18 0.0 128.04 0.0
S351644 129.4954 97.3196 4.313999999999999e-22 9.615e-22 3.521e-21 0.0 128.07 0.0
S351645 129.5144 97.2768 2.084e-13 2.235e-13 1.938e-13 0.0 126.51 0.0
S351646 129.5144 97.3062 6.723e-25 2.638e-24 3.182e-23 0.0 127.4 0.0
S351647 129.453 97.358 2.035e-21 1.379e-21 4.588e-22 0.0 128.38 0.0
S351648 129.4507 97.2805 1.549e-21 2.896e-21 7.743e-21 0.0 126.36 0.0
S351649 129.4661 97.2885 1.948e-21 3.756e-21 1.0550000000000001e-20 0.0 127.62 0.0
S351650 129.4613 97.2848 6.438e-19 7.559e-19 7.529e-19 0.0 127.04 0.0
S351651 129.4152 97.1897 6.014e-21 1.132e-20 2.9570000000000004e-20 0.0 124.88 0.0
S351652 129.4872 97.2958 2.001e-22 4.426e-22 1.6510000000000001e-21 0.0 127.34 0.0
S351653 129.465 97.272 7.101e-23 1.9569999999999997e-22 1.153e-21 0.0 125.54 0.0
S351654 129.4463 97.2982 9.451e-18 1.207e-17 1.448e-17 0.0 127.32 0.0
S351655 129.4744 97.2453 1.023e-23 3.448e-23 3.1579999999999996e-22 0.0 125.08 0.0
S351656 129.4951 97.293 4.453e-22 1.039e-21 4.3330000000000004e-21 0.0 127.14 0.0
S351657 129.4239 97.2523 2.776e-21 5.116e-21 1.349e-20 0.0 125.73 0.0
S351658 129.3843 97.3608 1.205e-21 2.088e-21 4.693e-21 0.0 127.54 0.0
S351659 129.4608 97.2329 3.676e-23 8.731999999999999e-23 3.8649999999999996e-22 0.0 124.66 1.0
S351660 129.456 97.2806 1.182e-23 3.107e-23 1.7209999999999998e-22 0.0 126.45 0.0
S351661 129.4582 97.2824 2.902e-21 5.627e-21 1.5890000000000002e-20 0.0 126.02 0.0
S351662 129.4738 97.2665 5.194e-19 6.293e-19 7.044e-19 0.0 125.72 0.0
S351663 129.4642 97.1932 7.722999999999999e-22 1.629e-21 5.455e-21 0.0 124.67 0.0
S351664 129.4537 97.1962 6.051e-20 7.938e-20 1.038e-19 0.0 124.65 0.0
S351665 129.4414 97.4859 5.575e-24 1.7719999999999998e-23 1.395e-22 0.0 128.68 0.0
S351666 129.4643 97.2869 1.5239999999999998e-22 3.719e-22 1.704e-21 0.0 127.17 0.0
S351667 129.4729 97.284 1.0849999999999998e-22 2.621e-22 1.201e-21 0.0 126.8 0.0
S351668 129.4641 97.2804 4.520999999999999e-22 1.004e-21 3.696e-21 0.0 125.64 0.0
S351669 129.4778 97.2943 3.751e-19 4.478e-19 4.488e-19 0.0 127.96 0.0
S351670 129.4538 97.3001 1.058e-22 2.4819999999999996e-22 1.074e-21 0.0 127.88 0.0
S351671 129.469 97.2672 4.2389999999999996e-23 1.2229999999999998e-22 7.929e-22 0.0 125.53 0.0
S351672 129.4398 97.3157 1.955e-17 1.707e-17 9.568e-18 0.0 127.89 0.0
S351673 129.463 97.2827 4.28e-19 5.309e-19 5.973e-19 0.0 126.75 0.0
S351674 129.4781 97.2863 6.915e-19 8.186e-19 8.032e-19 0.0 127.41 0.0
S351675 129.4641 97.2738 1.891e-17 1.672e-17 9.68e-18 0.0 125.84 0.0
S351676 129.4495 97.3269 8.025e-18 7.509e-18 4.707e-18 0.0 128.0 0.0
S351677 129.4675 97.2891 1.46e-20 2.198e-20 3.7660000000000003e-20 0.0 127.27 0.0
S351678 129.444 97.3119 7.709e-18 1.27e-17 2.557e-17 0.0 128.25 0.0
S351679 129.4556 97.3025 4.063e-19 4.851e-19 4.972e-19 0.0 127.78 0.0
S351680 129.4611 97.2586 2.182e-16 1.682e-16 7.3e-17 0.0 125.1 1.0
S351681 129.467 97.3087 5.322e-24 1.664e-23 1.2609999999999999e-22 0.0 127.85 0.0
S351682 129.4653 97.2943 2.332e-18 2.531e-18 2.1e-18 0.0 127.76 0.0
S351683 129.4807 97.2465 2.004e-21 3.741e-21 9.785e-21 0.0 125.27 0.0
S351684 129.4628 97.2841 1.92e-18 1.978e-18 1.52e-18 0.0 126.71 0.0
S351685 129.4648 97.2876 9.655e-19 1.106e-18 1.023e-18 0.0 127.6 0.0
S351686 129.4616 97.2813 2.0120000000000002e-21 1.387e-21 4.649e-22 0.0 126.49 0.0
S351687 129.4193 97.2848 2.926e-21 5.71e-21 1.674e-20 0.0 126.44 0.0
S351688 129.4534 97.2468 5.474e-17 4.49e-17 2.139e-17 0.0 124.88 0.0
S351689 129.45 97.2493 1.022e-21 2.437e-21 1.04e-20 0.0 125.03 0.0
S351690 129.4861 97.2835 2.065e-18 2.066e-18 1.51e-18 0.0 126.78 0.0
S351691 129.49 97.2895 4.1560000000000006e-20 6.115000000000001e-20 9.946000000000001e-20 0.0 127.09 0.0
S351692 129.4557 97.2819 2.879e-18 3.025e-18 2.28e-18 0.0 126.29 0.0
S351693 129.4962 97.2903 3.055e-21 5.74e-21 1.511e-20 0.0 127.13 0.0
S351694 129.4458 97.2874 2.911e-17 5.615e-17 1.546e-16 0.0 127.28 0.0
S351695 129.4418 97.2759 4.666e-22 8.503999999999998e-22 2.116e-21 0.0 125.61 0.0
S351696 129.4593 97.2864 4.162e-21 7.727000000000001e-21 2.018e-20 0.0 126.81 0.0
S351697 129.4528 97.2887 3.377e-17 6.727e-17 2.032e-16 0.0 127.77 0.0
S351698 129.4493 97.2864 2.98e-23 8.410999999999999e-23 5.152e-22 0.0 126.79 0.0
S351699 129.4675 97.2674 1.594e-21 1.1070000000000001e-21 3.8709999999999996e-22 0.0 125.48 0.0
S351700 129.466 97.2758 4.783e-20 6.916e-20 1.063e-19 0.0 126.2 0.0
S351701 129.4486 97.2801 9.872e-18 9.036e-18 5.495e-18 0.0 126.44 0.0
S351702 129.4681 97.2888 5.690999999999999e-22 1.129e-21 3.359e-21 0.0 127.5 0.0
S351703 129.5153 97.2671 6.033000000000001e-20 8.802000000000001e-20 1.4e-19 0.0 126.09 0.0
S351704 129.4716 97.2784 1.962e-21 1.335e-21 4.507999999999999e-22 0.0 126.49 0.0
S351705 129.4856 97.2835 6.608e-21 1.1650000000000002e-20 2.724e-20 0.0 126.78 0.0
S351706 129.4857 97.2823 3.607e-17 2.934e-17 1.442e-17 0.0 126.83 0.0
S351707 129.4591 97.2606 1.811e-21 1.253e-21 4.2329999999999994e-22 0.0 125.3 0.0
S351708 129.4559 97.2626 3.288e-23 9.997999999999999e-23 7.598999999999999e-22 0.0 125.44 0.0
S351709 129.4464 97.2867 6.79e-24 2.1569999999999998e-23 1.6909999999999998e-22 0.0 126.82 0.0
S351710 129.4676 97.2962 2.467e-17 4.084e-17 8.418e-17 0.0 127.37 0.0
S351711 129.4878 97.2798 5.136e-21 9.583000000000001e-21 2.577e-20 0.0 126.56 0.0
S351712 129.4799 97.2683 7.994e-18 1.546e-17 4.194e-17 0.0 125.11 0.0
S351713 129.4967 97.2992 4.489e-18 8.467e-18 2.251e-17 0.0 127.23 0.0
S351714 129.4905 97.3 5.805e-20 8.368000000000001e-20 1.302e-19 0.0 127.72 0.0
S351715 129.4677 97.2249 3.585e-17 3.067e-17 1.634e-17 0.0 124.76 0.0
S351716 129.4503 97.2596 6.374e-17 5.059e-17 2.335e-17 0.001 125.29 0.0
S351717 129.488 97.2993 1.139e-23 3.155e-23 1.9029999999999998e-22 0.0 127.47 0.0
S351718 129.4956 97.2602 3.918e-17 3.142e-17 1.464e-17 0.0 125.55 0.0
S351719 129.4508 97.2394 4.319e-18 4.164e-18 2.768e-18 0.0 124.86 0.0
S351720 129.4595 97.3011 8.272e-13 7.614e-13 4.775e-13 0.0 127.95 1.0
S351721 129.4394 97.2391 6.657e-23 1.6899999999999998e-22 8.711999999999998e-22 0.0 124.91 0.0
S351722 129.4562 97.2803 2.313e-21 4.0480000000000004e-21 9.513e-21 0.0 126.44 0.0
S351723 129.4501 97.306 1.778e-19 2.289e-19 2.702e-19 0.0 127.94 0.0
S351724 129.4663 97.2717 4.4110000000000007e-20 6.975e-20 1.277e-19 0.0 125.66 0.0
S351725 129.4534 97.2705 8.322e-20 1.141e-19 1.601e-19 0.0 125.68 0.0
S351726 129.4792 97.3177 1.19e-17 1.786e-17 2.923e-17 0.0 128.05 0.0
S351727 129.4401 97.2372 4.106e-20 6.031000000000001e-20 9.245000000000001e-20 0.0 125.08 0.0
S351728 129.4674 97.2629 7.608999999999999e-22 1.747e-21 6.78e-21 0.0 125.32 0.0
S351729 129.4678 97.2649 5.668e-24 1.787e-23 1.385e-22 0.0 125.6 0.0
S351730 129.4903 97.3017 5.45e-19 6.87e-19 8.31e-19 0.0 128.14 0.0
S351731 129.4461 97.3152 2.285e-21 4.45e-21 1.28e-20 0.0 128.21 0.0
S351732 129.4335 97.2869 2.066e-18 2.174e-18 1.789e-18 0.0 126.94 0.0
S351733 129.4755 97.2366 8.219999999999999e-22 6.312e-22 2.614e-22 0.001 124.76 0.0
S351734 129.4624 97.2691 7.162e-17 1.493e-16 5.017e-16 0.0 125.49 1.0
S351735 129.4584 97.3062 2.3939999999999998e-23 7.19e-23 5.112999999999999e-22 0.0 127.75 0.0
S351736 129.4611 97.2771 9.444e-18 8.816e-18 5.488e-18 0.0 126.14 0.0
S351737 129.4739 97.291 1.583e-17 1.517e-17 1.016e-17 0.0 127.17 0.0
S351738 129.4719 97.2434 2.877e-18 2.902e-18 2.189e-18 0.0 124.87 0.0
S351739 129.4361 97.2998 1.0090000000000001e-21 1.906e-21 5.187e-21 0.0 127.5 0.0
S351740 129.5046 97.2864 1.749e-24 6.26e-24 6.448e-23 0.0 128.12 0.0
S351741 129.4331 97.26 1.8189999999999998e-23 5.0769999999999995e-23 2.993e-22 0.0 125.21 0.0
S351742 129.5018 97.267 1.99e-19 2.59e-19 3.219e-19 0.0 124.81 0.0
S351743 129.3968 97.2945 4.631e-18 4.82e-18 3.667e-18 0.0 126.84 0.0
S351744 129.4778 97.2667 6.002e-19 6.66e-19 6.025e-19 0.0 125.17 0.0
S351745 129.4737 97.3081 5.041e-25 2.035e-24 2.645e-23 0.0 128.16 0.0
S351746 129.4507 97.278 1.513e-21 1.058e-21 3.7359999999999995e-22 0.0 126.17 0.0
S351747 129.484 97.2625 1.148e-17 1.094e-17 7.217e-18 0.0 125.66 0.0
S351748 129.4806 97.3158 1.1290000000000001e-20 1.9620000000000002e-20 4.4180000000000007e-20 0.0 128.29 0.0
S351749 129.4593 97.3154 1.171e-19 1.529e-19 1.935e-19 0.0 128.39 0.0
S351750 129.4908 97.2548 8.779e-21 1.495e-20 3.258e-20 0.0 124.9 0.0
S351751 129.4796 97.2905 1.734e-17 3.283e-17 8.929e-17 0.0 127.79 0.0
S351752 129.4653 97.2813 8.582e-18 8.005e-18 4.973e-18 0.0 126.5 0.0
S351753 129.4699 97.2804 5.399e-18 4.954e-18 3.009e-18 0.0 126.47 0.0
S351754 129.4904 97.3025 1.522e-21 2.906e-21 7.83e-21 0.0 128.34 0.0
S351755 129.4761 97.2852 1.578e-19 2.026e-19 2.404e-19 0.0 126.82 0.0
S351756 129.5031 97.2876 5.854e-21 1.047e-20 2.5550000000000003e-20 0.0 127.02 0.0
S351757 129.4713 97.2999 3.46e-21 6.6750000000000004e-21 1.835e-20 0.0 127.53 0.0
S351758 129.4671 97.2951 2.083e-19 2.697e-19 3.27e-19 0.0 127.75 0.0
S351759 129.4717 97.2643 1.044e-18 1.159e-18 9.814e-19 0.0 125.94 0.0
S351760 129.4688 97.2614 8.887000000000001e-20 1.257e-19 1.78e-19 0.0 125.21 0.0
S351761 129.4415 97.2382 1.914e-17 3.371e-17 7.697e-17 0.0 124.95 0.0
S351762 129.4561 97.2697 2.1339999999999996e-22 5.002e-22 2.14e-21 0.0 126.23 0.0
S351763 129.4668 97.2781 3.942e-17 3.401e-17 1.804e-17 0.0 126.26 0.0
S351764 129.4855 97.3196 1.692e-17 3.776e-17 1.465e-16 0.0 128.22 0.0
S351765 129.4898 97.2894 2.258e-21 4.264e-21 1.161e-20 0.0 127.89 0.0
S351766 129.4549 97.2906 7.669e-18 7.69e-18 5.614e-18 0.0 127.25 0.0
S351767 129.4273 97.2707 1.973e-18 2.109e-18 1.715e-18 0.0 125.32 0.0
S351768 129.4739 97.2758 1.0199999999999999e-22 2.375e-22 1.001e-21 0.0 126.21 0.0
S351769 129.4417 97.2842 2.202e-13 1.492e-13 5.054e-14 0.0 126.57 0.0
S351770 129.4536 97.2795 6.272e-23 1.4939999999999998e-22 6.389999999999999e-22 0.0 125.64 0.0
S351771 129.4994 97.295 1.452e-17 1.27e-17 7.017e-18 0.0 127.48 0.0
S351772 129.4886 97.2648 3.512e-23 9.393e-23 5.204999999999999e-22 0.0 125.09 0.0
S351773 129.4728 97.3127 3.701e-23 1.0129999999999999e-22 5.881e-22 0.0 128.07 0.0
S351774 129.4388 97.2848 1.469e-19 1.972e-19 2.622e-19 0.0 126.57 0.0
S351775 129.4271 97.2914 4.222e-19 4.891e-19 4.713e-19 0.0 127.99 0.0
S351776 129.4265 97.2773 4.483e-17 1.058e-16 4.611e-16 0.0 125.9 1.0
S351777 129.4664 97.2528 3.323e-21 6.285e-21 1.712e-20 0.0 125.02 0.0
S351778 129.4554 97.3018 3.75e-23 9.748999999999999e-23 5.108e-22 0.0 127.65 0.0
S351779 129.4899 97.2902 2.337e-21 4.358e-21 1.1570000000000001e-20 0.0 127.5 0.0
S351780 129.4444 97.2958 6.833e-24 2.306e-23 2.105e-22 0.0 127.51 0.0
S351781 129.4368 97.2776 6.717e-18 6.37e-18 4.098e-18 0.0 124.85 0.0
S351782 129.465 97.3102 1.208e-17 1.015e-17 5.385e-18 0.0 128.07 0.0
S351783 129.4528 97.3186 1.972e-17 1.752e-17 9.919e-18 0.0 128.17 0.0
S351784 129.4769 97.2722 1.8900000000000002e-20 2.996e-20 5.370000000000001e-20 0.0 125.98 0.0
S351785 129.4573 97.2894 7.235000000000001e-20 9.626000000000001e-20 1.292e-19 0.0 127.52 0.0
S351786 129.4488 97.2898 3.434e-24 1.0979999999999999e-23 8.771999999999999e-23 0.0 128.0 0.0
S351787 129.4848 97.2604 4.356e-21 8.325e-21 2.2820000000000003e-20 0.0 125.69 0.0
S351788 129.4794 97.2653 8.010999999999999e-22 6.071e-22 2.5439999999999997e-22 0.0 125.44 0.0
S351789 129.4471 97.2818 3.608e-19 4.294e-19 4.578e-19 0.0 126.48 0.0
S351790 129.4645 97.2559 1.539e-21 1.068e-21 3.7919999999999997e-22 0.0 125.12 0.0
S351791 129.4899 97.2996 2.934e-17 4.693e-17 8.8e-17 0.0 127.62 0.0
S351792 129.4534 97.2898 1.967e-18 2.077e-18 1.664e-18 0.0 127.31 0.0
S351793 129.4486 97.2729 7.828999999999999e-22 1.509e-21 4.11e-21 0.0 125.36 0.0
S351794 129.4673 97.2723 1.545e-17 1.307e-17 6.979e-18 0.0 125.77 0.0
S351795 129.4554 97.296 1.436e-17 2.321e-17 4.651e-17 0.0 127.15 0.0
S351796 129.4434 97.2949 3.028e-17 2.531e-17 1.281e-17 0.0 127.35 0.0
S351797 129.4725 97.2961 1.649e-21 3.478e-21 1.1390000000000002e-20 0.0 127.34 0.0
S351798 129.4519 97.2593 7.237e-23 1.8759999999999998e-22 9.823e-22 0.001 125.17 0.0
S351799 129.4681 97.302 1.37e-19 1.786e-19 2.302e-19 0.0 127.47 0.0
S351800 129.4745 97.2681 4.799e-17 3.883e-17 1.857e-17 0.0 125.47 0.0
S351801 129.4359 97.3015 5.737e-23 1.4129999999999999e-22 6.785e-22 0.0 127.97 0.0
S351802 129.4841 97.2708 1.251e-17 2.653e-17 9.478e-17 0.0 126.06 0.0
S351803 129.4702 97.2576 3.712e-17 3.149e-17 1.667e-17 0.0 125.28 0.0
S351804 129.451 97.2786 7.554000000000001e-20 1.031e-19 1.383e-19 0.0 125.65 0.0
S351805 129.459 97.318 4.8140000000000004e-20 6.907e-20 1.082e-19 0.0 127.91 0.0
S351806 129.4588 97.2561 3.936e-21 7.16e-21 1.818e-20 0.0 124.97 0.0
S351807 129.4383 97.29 1.471e-18 1.628e-18 1.42e-18 0.0 126.97 0.0
S351808 129.4621 97.296 2.511e-17 5.467e-17 2.028e-16 0.0 127.78 1.0
S351809 129.4726 97.3051 7.926e-18 7.233e-18 4.438e-18 0.0 127.96 0.0
S351810 129.4717 97.2933 4.493e-19 5.092e-19 4.89e-19 0.0 127.32 0.0
S351811 129.4485 97.2546 1.441e-19 1.813e-19 2.127e-19 0.0 125.1 0.0
S351812 129.4718 97.2608 2.189e-19 2.667e-19 2.805e-19 0.0 125.06 0.0
S351813 129.479 97.2619 2.724e-21 5.036e-21 1.275e-20 0.0 125.73 0.0
S351814 129.4577 97.2749 5.318e-21 9.426e-21 2.157e-20 0.0 125.58 0.0
S351815 129.4644 97.2748 1.305e-17 2.2e-17 4.527e-17 0.0 126.14 0.0
S351816 129.4933 97.2754 3.815e-25 1.557e-24 2.085e-23 0.0 126.37 0.0
S351817 129.5013 97.2758 2.526e-20 3.9170000000000004e-20 6.914e-20 0.0 126.35 0.0
S351818 129.4551 97.2315 2.234e-23 5.856e-23 3.147e-22 0.0 124.8 0.0
S351819 129.4872 97.2874 9.854e-19 1.059e-18 8.912e-19 0.0 126.95 0.0
S351820 129.4515 97.2775 1.613e-19 2.208e-19 2.899e-19 0.0 126.2 0.0
S351821 129.4285 97.2986 7.484000000000001e-20 1.048e-19 1.511e-19 0.0 127.17 0.0
S351822 129.4945 97.2705 1.019e-18 1.136e-18 9.876e-19 0.0 126.38 0.0
S351823 129.4631 97.2957 1.58e-17 2.921e-17 7.554e-17 0.0 127.5 0.0
S351824 129.4829 97.2882 8.328000000000001e-20 1.164e-19 1.682e-19 0.0 127.44 0.0
S351825 129.4919 97.2646 1.43e-23 4.4599999999999996e-23 3.414e-22 0.0 125.79 0.0
S351826 129.4588 97.2642 1.206e-17 1.123e-17 7.091e-18 0.0 125.22 0.0
S351827 129.4661 97.281 1.39e-16 1.087e-16 4.789e-17 0.0 126.47 1.0
S351828 129.4593 97.247 4.623e-13 3.246e-13 1.208e-13 0.0 124.84 0.0
S351829 129.4591 97.2716 6.954e-17 5.565e-17 2.525e-17 0.0 125.51 0.0
S351830 129.4682 97.2404 7.571e-22 1.509e-21 4.582e-21 0.0 125.02 0.0
S351831 129.4929 97.2552 5.003e-19 5.726e-19 5.481e-19 0.0 124.77 0.0
S351832 129.4673 97.2348 3.358e-19 4.041e-19 4.278e-19 0.0 124.84 0.0
S351833 129.4678 97.3012 9.819e-18 8.569e-18 4.872e-18 0.0 127.43 0.0
S351834 129.4894 97.2331 1.079e-18 1.266e-18 1.24e-18 0.0 124.95 0.0
S351835 129.4804 97.259 2.784e-18 5.032e-18 1.275e-17 0.0 125.07 0.0
S351836 129.4618 97.2637 3.4719999999999996e-23 1.0339999999999998e-22 7.300999999999999e-22 0.0 125.23 0.0
S351837 129.4585 97.2674 2.135e-21 1.441e-21 4.709e-22 0.0 125.6 0.0
S351838 129.4523 97.2792 4.762e-17 8.735e-17 2.268e-16 0.0 126.35 0.0
S351839 129.4769 97.2854 1.401e-20 2.381e-20 4.8830000000000004e-20 0.0 126.96 0.0
S351840 129.4557 97.2773 1.304e-21 9.45e-22 3.5159999999999997e-22 0.0 126.28 0.0
S351841 129.4563 97.2739 6.68e-24 1.997e-23 1.4379999999999998e-22 0.0 125.96 0.0
S351842 129.4821 97.2927 1.517e-21 2.9570000000000002e-21 8.989e-21 0.0 127.38 0.0
S351843 129.4561 97.2785 1.084e-17 9.601e-18 5.524e-18 0.0 126.07 0.0
S351844 129.4542 97.2726 2.7339999999999995e-22 5.986999999999999e-22 2.259e-21 0.0 126.01 0.0
S351845 129.4733 97.2912 9.726000000000001e-20 1.328e-19 1.819e-19 0.0 127.46 0.0
S351846 129.4816 97.2835 4.999e-17 7.986e-17 1.524e-16 0.0 126.8 0.0
S351847 129.4527 97.2799 2.687e-23 7.099999999999999e-23 3.7459999999999996e-22 0.0 126.37 0.0
S351848 129.4495 97.2753 2.081e-18 2.215e-18 1.819e-18 0.0 125.99 0.0
S351849 129.4463 97.2809 4.43e-13 3.247e-13 1.271e-13 0.0 126.48 0.0
S351850 129.4533 97.2726 9.418e-23 2.474e-22 1.34e-21 0.0 125.98 0.0
S351851 129.4841 97.2882 3.55e-24 1.1979999999999999e-23 1.095e-22 0.001 127.24 0.0
S351852 129.4731 97.2797 2.343e-18 2.476e-18 1.932e-18 0.0 126.45 0.0
S351853 129.4731 97.2832 7.818e-18 7.247e-18 4.449e-18 0.0 126.71 0.0
S351854 129.4818 97.2958 2.758e-19 3.429e-19 3.866e-19 0.0 127.41 0.0
S351855 129.4846 97.2862 1.1480000000000001e-20 1.9370000000000003e-20 4.168e-20 0.0 126.95 0.0
S351856 129.4647 97.2752 3.079e-17 4.51e-17 7.427e-17 0.0 125.74 0.0
S351857 129.4726 97.2875 4.2490000000000003e-20 6.219e-20 9.998000000000001e-20 0.0 127.12 0.0
S351858 129.475 97.2874 4.511e-23 1.1149999999999998e-22 5.188999999999999e-22 0.0 127.04 0.0
S351859 129.4533 97.271 2.167e-22 5.233999999999999e-22 2.307e-21 0.0 125.83 0.0
S351860 129.4772 97.2865 1.468e-21 1.04e-21 3.7439999999999995e-22 0.0 127.11 0.0
S351861 129.4504 97.2787 1.095e-17 1.665e-17 2.816e-17 0.0 126.18 0.0
S351862 129.4754 97.2829 4.309e-24 1.409e-23 1.199e-22 0.0 126.82 0.0
S351863 129.454 97.2764 2.58e-21 4.83e-21 1.3160000000000001e-20 0.0 126.23 0.0
S351864 129.4869 97.2891 1.174e-23 3.545e-23 2.486e-22 0.0 127.16 0.0
S351865 129.4596 97.2841 3.688e-18 3.603e-18 2.492e-18 0.0 126.76 0.0
S351866 129.4789 97.2836 6.059e-13 4.988e-13 2.383e-13 0.0 126.86 1.0
S351867 129.4615 97.2786 1.074e-21 2.301e-21 8.298e-21 0.0 126.25 0.0
S351868 129.4718 97.2962 2.354e-17 2.025e-17 1.103e-17 0.0 127.73 0.0
S351869 129.4725 97.2835 2.371e-16 1.727e-16 6.563e-17 0.0 126.79 0.0
S351870 129.4581 97.2821 1.557e-21 2.857e-21 7.351e-21 0.0 126.51 0.0
S351871 129.484 97.2871 3.375e-24 1.1159999999999999e-23 9.392e-23 0.0 126.95 0.0
S351872 129.479 97.2907 1.398e-16 1.031e-16 4.088e-17 0.0 127.22 0.0
S351873 129.4817 97.2916 6.781e-19 7.718e-19 7.332e-19 0.0 127.23 0.0
S351874 129.4479 97.2731 9.858e-22 2.0300000000000002e-21 6.422e-21 0.0 126.01 0.0
S351875 129.4504 97.2692 6.407e-23 1.6729999999999999e-22 8.813e-22 0.0 125.68 0.0
S351876 129.4559 97.2707 5.691e-17 4.476e-17 2.054e-17 0.0 125.73 0.0
S351877 129.4428 97.2733 1.444e-18 1.539e-18 1.273e-18 0.0 126.04 0.0
S351878 129.4774 97.2943 2.572e-18 2.598e-18 1.88e-18 0.0 127.34 0.0
S351879 129.4526 97.2801 4.299e-17 3.516e-17 1.729e-17 0.0 126.33 0.0
S351880 129.4775 97.2857 5.541e-22 1.16e-21 3.99e-21 0.0 126.99 0.0
S351881 129.4584 97.278 2.493e-22 5.812999999999999e-22 2.413e-21 0.0 126.2 0.0
S351882 129.4569 97.2804 7.097e-21 1.2980000000000001e-20 3.2620000000000003e-20 0.0 126.43 0.0
S351883 129.479 97.2814 1.177e-17 1.109e-17 7.051e-18 0.0 126.6 0.0
S351884 129.4836 97.2876 3.715e-23 9.627999999999999e-23 4.995999999999999e-22 0.0 127.02 0.0
S351885 129.4475 97.2715 2.943e-19 3.648e-19 4.027e-19 0.0 126.0 0.0
S351886 129.4485 97.2811 8.287e-21 1.4750000000000002e-20 3.6210000000000003e-20 0.0 126.48 0.0
S351887 129.4539 97.279 1.335e-23 3.6379999999999996e-23 2.125e-22 0.0 126.32 0.0
S351888 129.4736 97.2864 3.831e-19 4.721e-19 5.192e-19 0.0 127.18 0.0
S351889 129.4449 97.2833 1.1360000000000001e-20 1.833e-20 3.539e-20 0.0 126.59 0.0
S351890 129.4828 97.2893 4.7780000000000006e-20 6.75e-20 1.026e-19 0.0 127.1 0.0
S351891 129.4574 97.2899 4.969e-23 1.4349999999999998e-22 9.277999999999999e-22 0.0 127.09 0.0
S351892 129.4541 97.2706 2.425e-21 4.806e-21 1.4510000000000002e-20 0.0 125.89 0.0
S351893 129.4435 97.2737 1.102e-18 1.182e-18 9.475e-19 0.0 126.09 0.0
S351894 129.4492 97.2761 9.529e-22 2.0480000000000002e-21 7.322e-21 0.0 126.21 0.0
S351895 129.4492 97.2757 2.905e-13 2.106e-13 7.958e-14 0.0 126.13 0.0
S351896 129.4864 97.2976 3.027e-19 3.884e-19 4.675e-19 0.0 127.44 0.0
S351897 129.4834 97.2916 1.1549999999999999e-23 3.503e-23 2.5199999999999996e-22 0.0 127.26 0.0
S351898 129.4456 97.2827 2.684e-17 2.454e-17 1.45e-17 0.0 126.6 0.0
S351899 129.4604 97.2825 6.8859999999999995e-22 1.463e-21 5.169e-21 0.0 126.56 0.0
S351900 129.4842 97.29 6.696e-19 7.765e-19 7.653e-19 0.0 127.18 0.0
S351901 129.4856 97.2902 3.844e-18 3.719e-18 2.533e-18 0.001 127.11 0.0
S351902 129.4779 97.2859 1.31e-17 2.649e-17 8.012e-17 0.0 126.98 0.0
S351903 129.4748 97.2873 3.76e-20 5.562e-20 9.001000000000001e-20 0.0 127.01 0.0
S351904 129.4523 97.2777 3.362e-18 3.325e-18 2.42e-18 0.0 126.17 0.0
S351905 129.4857 97.2889 3.559e-19 4.297e-19 4.442e-19 0.0 127.18 0.0
S351906 129.455 97.2756 2.306e-18 2.468e-18 1.995e-18 0.0 126.14 0.0
S351907 129.4773 97.2793 2.9569999999999995e-22 5.773e-22 1.6390000000000001e-21 0.0 126.51 0.0
S351908 129.481 97.285 3.686e-18 3.698e-18 2.833e-18 0.0 126.81 0.0
S351909 129.4477 97.2767 3.27e-21 6.239e-21 1.687e-20 0.0 126.23 0.0
S351910 129.4536 97.2774 3.956e-17 3.248e-17 1.601e-17 0.0 126.32 0.0
S351911 129.4816 97.2846 2.0590000000000002e-20 3.2680000000000004e-20 6.112e-20 0.0 126.87 0.0
S351912 129.4772 97.289 6.686e-18 6.312e-18 4.125e-18 0.0 127.19 0.0
S351913 129.4483 97.2863 4.444e-18 4.513e-18 3.294e-18 0.0 126.71 0.0
S351914 129.4506 97.2744 2.0009999999999998e-23 5.174e-23 2.696e-22 0.0 125.99 0.0
S351915 129.4498 97.2821 3.053e-21 5.92e-21 1.701e-20 0.0 126.59 0.0
S351916 129.4492 97.2764 1.512e-17 3.105e-17 9.965e-17 0.0 126.24 0.0
S351917 129.4856 97.2879 8.520000000000001e-20 1.279e-19 2.086e-19 0.0 127.09 0.0
S351918 129.4512 97.277 6.967999999999999e-22 1.479e-21 5.116e-21 0.0 126.29 0.0
S351919 129.4848 97.2888 6.423e-26 3.339e-25 7.262e-24 0.0 127.06 0.0
S351920 129.4855 97.2867 1.971e-23 5.291e-23 2.9649999999999996e-22 0.0 126.99 0.0
S351921 129.4509 97.2755 4.821e-13 4.644e-13 3.111e-13 0.0 126.05 1.0
S351922 129.4867 97.2871 7.668e-18 1.522e-17 4.67e-17 0.0 127.02 0.0
S351923 129.4799 97.2877 2.674e-17 3.521e-17 4.508e-17 0.0 126.92 0.0
S351924 129.4851 97.2884 5.669e-19 6.785e-19 7.245e-19 0.0 127.11 0.0
S351925 129.4493 97.2729 3.373e-20 5.142e-20 8.966000000000001e-20 0.0 125.98 0.0
S351926 129.4833 97.2835 1.817e-21 1.265e-21 4.309e-22 0.0 126.79 0.0
S351927 129.4801 97.2991 1.395e-21 2.903e-21 9.217e-21 0.0 127.66 0.0
S351928 129.484 97.2885 6.385e-21 1.0890000000000002e-20 2.353e-20 0.0 127.11 0.0
S351929 129.4723 97.2931 8.259e-13 6.724e-13 3.187e-13 0.0 127.42 1.0
S351930 129.4854 97.2944 2.487e-17 2.168e-17 1.186e-17 0.0 127.32 0.0
S351931 129.4858 97.2866 1.699e-21 1.175e-21 4.0479999999999995e-22 0.0 126.92 0.0
S351932 129.4446 97.2764 3.8870000000000006e-20 5.871e-20 1.011e-19 0.0 126.06 0.0
S351933 129.4432 97.2745 2.918e-19 3.814e-19 4.836e-19 0.0 126.05 0.0
S351934 129.4455 97.2708 1.148e-23 3.28e-23 2.1579999999999998e-22 0.0 125.86 0.0
S351935 129.4496 97.2752 9.17e-23 2.39e-22 1.283e-21 0.0 126.0 0.0
S351936 129.4884 97.2914 2.1259999999999996e-22 4.966999999999999e-22 2.021e-21 0.0 127.21 0.0
S351937 129.4506 97.2776 6.225000000000001e-20 8.414000000000001e-20 1.138e-19 0.0 126.3 0.0
S351938 129.4493 97.276 7.665e-20 1.096e-19 1.656e-19 0.0 126.15 0.0
S351939 129.4847 97.2868 9.591e-14 6.407e-14 2.05e-14 0.0 126.98 0.0
S351940 129.4445 97.2753 8.921e-18 1.557e-17 3.55e-17 0.0 126.21 0.0
S351941 129.4521 97.2781 4.239e-17 3.506e-17 1.674e-17 0.0 126.23 0.0
S351942 129.4484 97.2838 4.824e-24 1.666e-23 1.555e-22 0.0 126.59 0.0
S351943 129.482 97.2849 3.765e-18 6.342e-18 1.349e-17 0.0 126.8 0.0
S351944 129.4437 97.2686 7.231e-22 1.433e-21 4.154e-21 0.0 125.74 0.0
S351945 129.4384 97.2734 2.921e-19 3.36e-19 3.342e-19 0.0 126.1 0.0
S351946 129.4845 97.2879 1.1730000000000001e-25 6.163e-25 1.3689999999999998e-23 0.0 126.91 0.0
S351947 129.4891 97.293 8.448e-13 7.789e-13 4.798e-13 0.0 127.17 1.0
S351948 129.4831 97.2867 1.007e-17 9.491e-18 6.005e-18 0.0 126.9 0.0
S351949 129.4872 97.2896 1.062e-21 2.106e-21 6.361e-21 0.0 127.13 0.0
S351950 129.487 97.2889 2.104e-19 2.7e-19 3.161e-19 0.0 127.16 0.0
S351951 129.4842 97.2954 3.3869999999999995e-22 6.996999999999999e-22 2.252e-21 0.0 127.34 0.0
S351952 129.4879 97.2876 3.105e-19 3.825e-19 4.387e-19 0.0 126.98 0.0
S351953 129.4841 97.2939 6.058e-22 1.284e-21 4.46e-21 0.0 127.3 0.0
S351954 129.441 97.2753 5.551e-22 1.3360000000000001e-21 5.9140000000000004e-21 0.0 126.18 0.0
S351955 129.4497 97.2715 1.531e-17 2.427e-17 4.602e-17 0.0 125.98 0.0
S351956 129.4872 97.296 4.351e-18 7.596e-18 1.723e-17 0.0 127.35 0.0
S351957 129.4397 97.2769 4.806e-18 4.834e-18 3.458e-18 0.0 126.24 0.0
S351958 129.4438 97.2784 1.118e-21 8.130999999999999e-22 3.089e-22 0.0 126.37 0.0
S351959 129.4855 97.2897 5.572e-17 4.57e-17 2.257e-17 0.0 127.13 0.0
S351960 129.4452 97.2713 8.443e-25 3.31e-24 4.214e-23 0.0 126.01 0.0
S351961 129.4426 97.2744 1.135e-17 1.025e-17 6.136e-18 0.0 126.2 0.0
S351962 129.4848 97.2892 3.304e-17 8.386e-17 4.037e-16 0.0 127.17 1.0
S351963 129.4877 97.2933 5.705e-17 1.237e-16 4.631e-16 0.0 127.23 1.0
S351964 129.4514 97.275 1.082e-23 3.439e-23 2.637e-22 0.0 126.08 0.0
S351965 129.4381 97.2736 6.601e-20 9.460000000000001e-20 1.432e-19 0.0 126.17 0.0
S351966 129.4884 97.2861 8.393e-24 2.588e-23 1.9399999999999998e-22 0.0 126.87 0.0
S351967 129.4853 97.2944 1.846e-17 4.192e-17 1.701e-16 0.0 127.2 0.0
S351968 129.49 97.2986 2.401e-17 2.108e-17 1.164e-17 0.0 127.42 0.0
S351969 129.4451 97.2737 3.216e-19 3.773e-19 3.729e-19 0.0 126.07 0.0
S351970 129.4944 97.2873 1.786e-23 5.628e-23 4.54e-22 0.0 126.94 0.0
S351971 129.4508 97.2798 9.412e-20 1.282e-19 1.749e-19 0.0 126.52 0.0
S351972 129.4852 97.2878 2.136e-21 1.45e-21 4.670999999999999e-22 0.0 126.99 0.0
S351973 129.4389 97.2709 3.213e-18 5.674e-18 1.297e-17 0.0 125.98 0.0
S351974 129.4412 97.2706 2.146e-27 1.5500000000000002e-26 6.9650000000000005e-25 0.0 125.88 0.0
S351975 129.4387 97.2748 2.732e-25 1.181e-24 1.7719999999999998e-23 0.0 126.17 0.0
S351976 129.4839 97.2894 2.252e-21 4.12e-21 1.0240000000000001e-20 0.0 127.11 0.0
S351977 129.4371 97.2751 7.333e-23 1.8589999999999999e-22 9.510999999999998e-22 0.0 126.2 0.0
S351978 129.4909 97.2955 2.702e-21 5.162e-21 1.431e-20 0.0 127.29 0.0
S351979 129.4843 97.2952 1.103e-18 1.265e-18 1.188e-18 0.0 127.25 0.0
S351980 129.4494 97.269 3.766e-23 1.1109999999999998e-22 7.650999999999999e-22 0.0 125.8 0.0
S351981 129.4389 97.2656 3.827e-17 6.317e-17 1.277e-16 0.0 125.61 0.0
S351982 129.4918 97.3003 2.293e-22 5.067999999999999e-22 1.873e-21 0.0 127.43 1.0
S351983 129.4958 97.2857 1.5300000000000002e-20 2.3780000000000003e-20 4.244e-20 0.0 126.93 0.0
S351984 129.4956 97.283 1.5209999999999999e-22 4.002e-22 2.227e-21 0.001 126.69 0.0
S351985 129.4367 97.2675 1.295e-21 2.45e-21 6.51e-21 0.0 126.01 0.0
S351986 129.4963 97.2882 1.197e-19 1.514e-19 1.813e-19 0.0 127.09 0.0
S351987 129.4936 97.2901 6.792e-13 5.354e-13 2.392e-13 0.0 127.05 1.0
S351988 129.4831 97.2852 1.212e-18 1.348e-18 1.231e-18 0.0 126.86 0.0
S351989 129.4348 97.2721 3.452e-17 6.205e-17 1.502e-16 0.0 126.01 0.0
S351990 129.4373 97.2718 3.846e-18 3.645e-18 2.458e-18 0.0 125.98 1.0
S351991 129.4987 97.292 2.524e-18 2.617e-18 2.094e-18 0.0 127.04 0.0
S351992 129.441 97.275 6.125e-23 1.581e-22 7.995999999999999e-22 0.0 126.07 0.0
S351993 129.4883 97.2998 9.51e-17 7.902e-17 3.85e-17 0.0 127.26 0.0
S351994 129.4905 97.29 9.972e-19 1.062e-18 8.833e-19 0.0 127.07 0.0
S351995 129.4888 97.2848 1.166e-16 9.006e-17 3.941e-17 0.0 126.78 1.0
S351996 129.443 97.2755 5.24e-13 3.85e-13 1.485e-13 0.0 126.3 0.0
S351997 129.4385 97.2688 1.4159999999999998e-22 3.3809999999999996e-22 1.505e-21 0.0 126.03 0.0
S351998 129.4961 97.2877 1.492e-22 3.9369999999999995e-22 2.186e-21 0.0 126.84 0.0
S351999 129.4978 97.2987 9.228e-18 9.235e-18 6.605e-18 0.0 127.29 0.0
S352000 129.4937 97.2928 1.701e-23 4.472e-23 2.3189999999999996e-22 0.0 127.08 0.0
S352001 129.4372 97.2717 2.4420000000000002e-20 3.6280000000000003e-20 5.852e-20 0.0 126.14 0.0
S352002 129.441 97.2775 1.2700000000000002e-20 2.06e-20 4.1780000000000005e-20 0.0 126.18 0.0
S352003 129.4941 97.2884 1.085e-17 1.018e-17 6.471e-18 0.0 127.02 0.0
S352004 129.4938 97.2955 3.073e-18 3.2e-18 2.554e-18 0.0 127.05 0.0
S352005 129.4365 97.2735 2.1250000000000002e-21 1.448e-21 4.796e-22 0.001 126.17 0.0
S352006 129.4969 97.2918 1.315e-17 1.18e-17 7.019e-18 0.0 127.21 0.0
S352007 129.4889 97.2924 1.9179999999999998e-23 5.2569999999999997e-23 3.036e-22 0.0 126.95 0.0
S352008 129.4999 97.2956 1.0539999999999999e-23 3.13e-23 2.197e-22 0.0 127.18 0.0
S352009 129.4322 97.2717 3.588e-20 5.2290000000000004e-20 7.904000000000001e-20 0.0 126.19 0.0
S352010 129.4958 97.2946 5.336e-21 9.407e-21 2.2030000000000002e-20 0.0 127.26 0.0
S352011 129.4341 97.2625 8.361000000000001e-20 1.144e-19 1.586e-19 0.0 125.89 0.0
S352012 129.4396 97.2743 6.463e-19 7.346e-19 6.84e-19 0.0 126.13 0.0
S352013 129.4414 97.2818 1.724e-21 1.193e-21 4.1299999999999995e-22 0.0 126.45 0.0
S352014 129.4313 97.2725 8.109e-18 1.293e-17 2.384e-17 0.0 126.2 0.0
S352015 129.4318 97.2771 1.6410000000000002e-20 2.4820000000000003e-20 4.162e-20 0.0 126.18 0.0
S352016 129.4368 97.2646 3.7389999999999997e-22 8.228999999999999e-22 2.9630000000000002e-21 0.0 125.78 0.0
S352017 129.4956 97.2882 1.798e-17 1.544e-17 7.98e-18 0.0 126.97 0.0
S352018 129.4353 97.2629 8.814e-21 1.508e-20 3.3220000000000005e-20 0.0 125.86 0.0
S352019 129.496 97.298 7.815999999999999e-22 1.624e-21 5.433e-21 0.0 127.23 0.0
S352020 129.505 97.2865 1.683e-17 3.228e-17 8.664e-17 0.0 126.93 0.0
S352021 129.428 97.2665 1.714e-23 4.641e-23 2.5649999999999997e-22 0.0 125.98 0.0
S352022 129.4262 97.2706 9.797e-18 1.311e-17 1.726e-17 0.0 126.2 0.0
S352023 129.4349 97.2701 1.0600000000000001e-20 1.781e-20 3.9840000000000006e-20 0.0 126.09 0.0
S352024 129.4924 97.294 4.543e-23 1.2749999999999998e-22 7.9559999999999995e-22 0.0 127.1 0.0
S352025 129.4978 97.2852 7.099e-20 9.893000000000001e-20 1.443e-19 0.0 126.79 0.0
S352026 129.4916 97.2967 2.301e-24 9.252e-24 1.2079999999999998e-22 0.0 127.29 0.0
S352027 129.4331 97.2687 2.592e-21 4.704e-21 1.161e-20 0.0 126.05 0.0
S352028 129.4838 97.2887 2.78e-18 2.853e-18 2.196e-18 0.0 127.01 0.0
S352029 129.4968 97.2919 2.295e-19 2.986e-19 3.666e-19 0.0 127.08 0.0
S352030 129.4298 97.271 9.666e-18 2.214e-17 9.087e-17 0.0 125.99 0.0
S352031 129.4349 97.268 5.282e-18 5.178e-18 3.583e-18 0.0 125.96 0.0
S352032 129.498 97.299 1.351e-22 3.4049999999999997e-22 1.6970000000000002e-21 0.0 127.28 0.0
S352033 129.4341 97.269 3.807e-17 3.259e-17 1.681e-17 0.0 126.01 0.0
S352034 129.43 97.27 5.231e-20 7.608000000000001e-20 1.172e-19 0.0 126.18 0.0
S352035 129.4337 97.2619 2.122e-22 5.463e-22 2.741e-21 0.0 125.87 0.0
S352036 129.4328 97.2713 1.636e-18 1.72e-18 1.37e-18 0.0 126.22 0.0
S352037 129.4961 97.2933 1.266e-13 8.289e-14 2.698e-14 0.0 127.19 0.0
S352038 129.5009 97.2926 2.024e-18 2.118e-18 1.694e-18 0.0 127.01 0.0
S352039 129.5045 97.2911 1.032e-21 1.992e-21 5.437e-21 0.0 127.02 0.0
S352040 129.5016 97.2946 5.500999999999999e-22 1.045e-21 2.79e-21 0.0 127.1 0.0
S352041 129.4942 97.297 5.646e-18 1.014e-17 2.456e-17 0.001 127.22 0.0
S352042 129.4304 97.2726 1.493e-17 2.618e-17 5.956e-17 0.0 126.27 0.0
S352043 129.4287 97.2668 2.155e-18 2.189e-18 1.64e-18 0.001 126.04 0.0
S352044 129.5042 97.2904 1.1140000000000001e-20 1.943e-20 4.3300000000000005e-20 0.0 127.06 0.0
S352045 129.4313 97.2749 1.446e-17 2.426e-17 4.957e-17 0.0 126.22 0.0
S352046 129.5095 97.2898 2.802e-20 4.3390000000000003e-20 7.659000000000001e-20 0.0 126.88 0.0
S352047 129.4338 97.2616 3.41e-18 3.436e-18 2.558e-18 0.0 125.92 0.0
S352048 129.4373 97.2815 6.208e-22 1.285e-21 4.265e-21 0.0 126.57 0.0
S352049 129.4287 97.266 2.016e-17 1.714e-17 8.666e-18 0.0 125.97 0.0
S352050 129.5018 97.2963 1.991e-18 2.201e-18 1.943e-18 0.0 127.06 0.0
S352051 129.5069 97.2958 5.981e-24 1.935e-23 1.6659999999999999e-22 0.0 126.97 0.0
S352052 129.423 97.2699 2.586e-13 2.579e-13 1.836e-13 0.0 126.15 1.0
S352053 129.4234 97.2614 8.779e-18 7.725e-18 4.473e-18 0.0 125.8 0.0
S352054 129.5063 97.2971 1.763e-21 1.2170000000000001e-21 4.0879999999999997e-22 0.0 127.17 0.0
S352055 129.4325 97.2661 7.279e-19 8.573e-19 8.519e-19 0.0 126.04 0.0
S352056 129.425 97.2621 7.797e-17 2.026e-16 1.069e-15 0.0 125.94 1.0
S352057 129.4232 97.26 2.46e-17 2.101e-17 1.071e-17 0.0 125.86 0.0
S352058 129.5006 97.2923 1.414e-21 2.8800000000000002e-21 9.281e-21 0.0 127.12 0.0
S352059 129.5068 97.3077 1.865e-17 1.653e-17 9.006e-18 0.0 127.64 0.0
S352060 129.506 97.2911 1.49e-16 1.147e-16 4.97e-17 0.0 127.1 1.0
S352061 129.4228 97.2686 8.143999999999999e-22 1.58e-21 4.409e-21 0.0 126.08 0.0
S352062 129.5047 97.2901 1.018e-16 8.183e-17 3.836e-17 0.0 126.99 0.0
S352063 129.5078 97.2957 1.408e-16 1.129e-16 5.376e-17 0.0 127.08 0.0
S352064 129.5072 97.2983 9.225e-19 1.01e-18 8.907e-19 0.0 127.22 0.0
S352065 129.4235 97.2624 7.2729999999999995e-22 1.509e-21 5.121e-21 0.0 125.92 0.0
S352066 129.5056 97.3051 4.352e-17 3.589e-17 1.774e-17 0.0 127.36 0.0
S352067 129.5068 97.308 2.739e-19 3.541e-19 4.36e-19 0.0 127.45 0.0
S352068 129.4295 97.2528 1.201e-17 2.014e-17 4.177e-17 0.0 125.62 0.0
S352069 129.4276 97.2505 8.02e-16 5.747e-16 2.181e-16 0.0 125.52 0.0
S352070 129.5073 97.3167 1.132e-16 8.548e-17 3.523e-17 0.0 127.69 1.0
S352071 129.504 97.3214 8.294e-20 1.144e-19 1.613e-19 0.0 127.72 0.0
S352072 129.4288 97.2408 4.346e-16 3.263e-16 1.282e-16 0.0 125.34 0.0
S352073 129.5054 97.3296 2.629e-15 1.741e-15 5.42e-16 0.0 127.87 0.0
S352074 129.505 97.3313 1.338e-15 9.129e-16 3.153e-16 0.0 128.0 0.0
S352075 129.4267 97.2273 8.843e-19 9.57e-19 8.207e-19 0.0 125.21 0.0
S352076 129.4298 97.2264 2.002e-16 1.552e-16 6.595e-17 0.0 125.12 1.0
S352077 129.502 97.3404 1.694e-17 2.989e-17 7.248e-17 0.0 128.23 0.0
S352078 129.4333 97.2191 6.139e-21 1.0910000000000001e-20 2.5090000000000004e-20 0.0 124.89 0.0
S352079 129.4967 97.3456 5.248e-16 3.721e-16 1.391e-16 0.0 128.37 0.0
S352080 129.4345 97.2135 1.421e-16 1.128e-16 5.02e-17 0.0 124.87 1.0
S352081 129.4381 97.2117 9.703e-16 6.968e-16 2.497e-16 0.0 124.78 0.0
S352082 129.4928 97.3598 6.087e-15 4.166e-15 1.346e-15 0.0 128.52 0.0
S352083 129.4898 97.3544 1.529e-16 1.232e-16 5.628e-17 0.0 128.55 1.0
S352084 129.4413 97.2026 5.592e-18 5.498e-18 3.791e-18 0.0 124.79 0.0
S352085 129.4419 97.2037 3.147e-17 6.39e-17 1.959e-16 0.0 124.74 0.0
S352086 129.4482 97.1986 9.822e-16 7.054e-16 2.566e-16 0.0 124.59 0.0
S352087 129.4474 97.1997 2.307e-16 1.807e-16 7.84e-17 0.0 124.57 1.0
S352088 129.4792 97.3618 9.216e-16 6.737e-16 2.577e-16 0.0 128.54 0.0
S352089 129.4523 97.201 2.837e-18 2.872e-18 2.084e-18 0.0 124.62 0.0
S352090 129.4764 97.3653 5.933e-16 4.322e-16 1.702e-16 0.0 128.61 0.0
S352091 129.4563 97.1931 9.636e-18 8.718e-18 5.255e-18 0.0 124.51 0.0
S352092 129.4702 97.3747 8.302e-21 1.3530000000000002e-20 2.795e-20 0.0 128.65 0.0
S352093 129.4685 97.3679 5.164e-17 4.712e-17 2.852e-17 0.0 128.46 0.0
S352094 129.4654 97.1879 3.802e-16 2.815e-16 1.103e-16 0.0 124.71 0.0
S352095 129.4679 97.1959 3.563e-17 6.236e-17 1.49e-16 0.0 124.77 0.0
S352096 129.462 97.3716 3.306e-16 2.303e-16 8.433e-17 0.0 128.5 0.0
S352097 129.4733 97.1946 3.072e-17 2.632e-17 1.414e-17 0.0 124.65 0.0
S352098 129.4749 97.1946 9.018e-17 7.28e-17 3.316e-17 0.001 124.7 0.0
S352099 129.4797 97.1885 2.541e-16 1.864e-16 7.419e-17 0.0 124.7 0.0
S352100 129.4818 97.1953 1.245e-17 1.124e-17 6.424e-18 0.0 124.83 0.0
S352101 129.4849 97.1974 7.954e-17 6.177e-17 2.747e-17 0.0 124.86 0.0
S352102 129.4441 97.3645 1.46e-17 2.571e-17 5.807e-17 0.0 128.33 0.0
S352103 129.4412 97.3683 4.902e-16 3.594e-16 1.408e-16 0.0 128.32 0.0
S352104 129.4923 97.2029 3.35e-19 3.893e-19 3.903e-19 0.0 124.92 0.0
S352105 129.434 97.3635 3.91e-17 3.192e-17 1.579e-17 0.0 128.24 0.0
S352106 129.4311 97.3588 2.131e-16 1.687e-16 7.507e-17 0.0 128.11 1.0
S352107 129.4281 97.3541 2.747e-16 2.006e-16 7.514e-17 0.0 127.99 0.0
S352108 129.4248 97.3559 9.072e-17 6.882e-17 2.878e-17 0.0 127.92 0.0
S352109 129.5044 97.217 1.199e-15 8.561e-16 3.17e-16 0.0 125.37 0.0
S352110 129.5115 97.2128 1.202e-16 9.716e-17 4.578e-17 0.0 125.29 0.0
S352111 129.5097 97.217 7.912e-17 6.607e-17 3.192e-17 0.0 125.34 0.0
S352112 129.5116 97.2187 7.588e-18 7.165e-18 4.727e-18 0.0 125.4 0.0
S352113 129.5165 97.2266 1.536e-16 1.191e-16 5.19e-17 0.0 125.6 1.0
S352114 129.4124 97.3352 1.026e-17 1.957e-17 5.296e-17 0.0 127.49 0.0
S352115 129.5186 97.2326 1.571e-19 2.085e-19 2.556e-19 0.0 125.66 0.0
S352116 129.5201 97.2361 2.865e-17 2.495e-17 1.368e-17 0.0 125.88 0.0
S352117 129.5241 97.2402 6.342e-18 6.651e-18 5.207e-18 0.0 125.86 0.0
S352118 129.4052 97.3175 2.327e-13 1.713e-13 6.654e-14 0.001 126.99 0.0
S352119 129.5279 97.2507 2.224e-15 1.61e-15 5.993e-16 0.0 126.09 0.0
S352120 129.4008 97.3041 3.025e-17 2.563e-17 1.358e-17 0.0 126.88 0.0
S352121 129.4006 97.2996 1.207e-17 1.089e-17 6.314e-18 0.0 126.79 0.0
S352122 129.5291 97.2668 9.447e-18 1.523e-17 2.917e-17 0.0 126.52 0.0
S352123 129.5288 97.2739 4.3e-16 3.165e-16 1.256e-16 0.0 126.8 0.0
S352124 129.3975 97.2864 2.845e-15 1.915e-15 6.308e-16 0.0 126.68 0.0
S352125 129.4012 97.284 5.501e-16 4.054e-16 1.555e-16 0.0 126.57 0.0
S352126 129.3952 97.2756 5.164e-13 3.89e-13 1.569e-13 0.0 126.22 0.0
S352127 129.3975 97.2716 1.617e-17 1.383e-17 7.407e-18 0.0 126.26 0.0
S352128 129.3978 97.2664 1.672e-16 1.257e-16 5.184e-17 0.0 126.0 1.0
S352129 129.4006 97.2623 5.224e-15 3.593e-15 1.208e-15 0.0 126.13 0.0
S352130 129.5344 97.3077 1.17e-17 1.095e-17 7.042e-18 0.0 127.15 0.0
S352131 129.5341 97.3137 2.819e-17 2.406e-17 1.288e-17 0.0 127.18 0.0
S352132 129.5374 97.3187 3.769e-16 2.877e-16 1.211e-16 0.0 127.33 0.0
S352133 129.5355 97.325 2.143e-18 2.207e-18 1.716e-18 0.0 127.6 0.0
S352134 129.5353 97.33 4.118e-17 3.385e-17 1.692e-17 0.0 127.52 0.0
S352135 129.5296 97.333 5.329e-16 3.938e-16 1.555e-16 0.0 127.63 0.0
S352136 129.3995 97.2221 6.394e-13 4.775e-13 1.879e-13 0.0 125.46 0.0
S352137 129.3984 97.2162 2.882e-16 2.316e-16 1.092e-16 0.0 125.38 0.0
S352138 129.3988 97.2139 2.415e-17 2.027e-17 1.058e-17 0.0 125.35 0.0
S352139 129.4129 97.2091 2.698e-17 3.761e-17 5.294e-17 0.0 125.1 0.0
S352140 129.5256 97.3595 1.729e-20 2.7650000000000003e-20 5.1460000000000004e-20 0.0 128.04 0.0
S352141 129.4073 97.2057 2.086e-15 1.444e-15 4.913e-16 0.0 125.13 0.0
S352142 129.5175 97.3738 1.017e-16 7.989e-17 3.521e-17 0.0 128.35 0.0
S352143 129.4132 97.1938 2.051e-15 1.396e-15 4.556e-16 0.0 124.9 0.0
S352144 129.52 97.3778 4.186e-16 3.122e-16 1.253e-16 0.0 128.34 0.0
S352145 129.515 97.3782 6.429e-17 5.521e-17 2.944e-17 0.0 128.28 0.0
S352146 129.5076 97.3791 3.989e-17 3.37e-17 1.742e-17 0.0 128.42 0.0
S352147 129.4202 97.175 7.78e-17 6.172e-17 2.749e-17 0.0 124.74 1.0
S352148 129.4243 97.1707 1.917e-16 1.434e-16 5.794e-17 0.0 124.76 0.0
S352149 129.428 97.16 4.013e-19 5.028e-19 5.798e-19 0.0 124.62 0.0
S352150 129.5014 97.3966 6.574e-17 5.565e-17 2.787e-17 0.0 128.63 0.0
S352151 129.4368 97.1623 1.122e-17 1.049e-17 6.599e-18 0.0 124.52 0.0
S352152 129.4336 97.169 1.593e-16 1.209e-16 4.898e-17 0.0 124.49 0.0
S352153 129.4389 97.1638 1.27e-15 9.017e-16 3.353e-16 0.0 124.6 0.0
S352154 129.4875 97.4089 9.618e-16 6.752e-16 2.495e-16 0.0 128.7 0.0
S352155 129.4813 97.4046 1.094e-16 8.567e-17 3.812e-17 0.0 128.61 1.0
S352156 129.4496 97.1549 4.237e-18 7.612e-18 1.872e-17 0.0 124.45 0.0
S352157 129.4768 97.406 6.033e-16 4.456e-16 1.677e-16 0.0 128.59 0.0
S352158 129.4708 97.4114 1.163e-16 9.152e-17 4.176e-17 0.0 128.68 1.0
S352159 129.4611 97.1532 2.32e-16 1.751e-16 7.374e-17 0.0 124.56 1.0
S352160 129.4659 97.4195 7.485e-16 5.708e-16 2.312e-16 0.0 128.66 0.0
S352161 129.4619 97.4138 1.056e-16 8.462e-17 3.898e-17 0.0 128.83 0.0
S352162 129.4583 97.4052 1.592e-17 2.815e-17 6.425e-17 0.0 128.71 0.0
S352163 129.4755 97.1606 1.223e-15 8.682e-16 3.096e-16 0.0 124.56 0.0
S352164 129.4797 97.1606 2.176e-18 3.863e-18 9.377e-18 0.0 124.67 0.0
S352165 129.4835 97.1645 1.464e-13 9.942e-14 3.33e-14 0.0 124.86 0.0
S352166 129.4882 97.1532 7.557e-17 6.316e-17 3.186e-17 0.0 124.75 0.0
S352167 129.4909 97.1611 4.905e-19 5.998e-19 6.647e-19 0.0 124.93 0.0
S352168 129.4964 97.1659 2.51e-17 2.291e-17 1.328e-17 0.0 124.82 0.0
S352169 129.4315 97.3995 2.218e-16 1.748e-16 7.752e-17 0.0 128.22 1.0
S352170 129.429 97.3943 3.791e-17 3.237e-17 1.718e-17 0.0 128.36 0.0
S352171 129.504 97.1761 2.017e-19 2.76e-19 3.794e-19 0.0 125.03 0.0
S352172 129.4227 97.3845 7.333e-17 5.646e-17 2.494e-17 0.0 128.09 0.0
S352173 129.5155 97.1784 1.349e-15 9.452e-16 3.418e-16 0.0 125.24 0.0
S352174 129.5189 97.1834 3.044e-17 2.478e-17 1.192e-17 0.0 125.05 0.0
S352175 129.5183 97.1833 1.64e-16 1.281e-16 5.52e-17 0.0 125.11 1.0
S352176 129.5248 97.1921 2.748e-17 4.535e-17 9.059e-17 0.0 125.41 0.0
S352177 129.5239 97.1968 2.018e-16 1.568e-16 6.659e-17 0.0 125.2 1.0
S352178 129.4018 97.37 2.229e-17 4.22e-17 1.146e-16 0.0 127.71 0.0
S352179 129.3995 97.3582 4.893e-16 3.494e-16 1.311e-16 0.0 127.62 0.0
S352180 129.3925 97.3585 9.295e-18 1.532e-17 3.052e-17 0.0 127.48 1.0
S352181 129.5374 97.2201 8.163e-17 6.355e-17 2.769e-17 0.0 125.87 0.0
S352182 129.5465 97.2192 6.231e-15 4.238e-15 1.358e-15 0.0 125.78 0.0
S352183 129.5427 97.2278 3.663e-18 3.788e-18 2.914e-18 0.0 125.75 0.0
S352184 129.3892 97.3312 2.147e-17 1.873e-17 1.039e-17 0.0 127.25 0.0
S352185 129.3854 97.3213 3.663e-18 3.678e-18 2.697e-18 0.0 127.14 0.0
S352186 129.3822 97.318 1.228e-15 8.755e-16 3.257e-16 0.0 127.18 0.0
S352187 129.549 97.2515 6.4e-16 4.677e-16 1.818e-16 0.0 126.18 0.0
S352188 129.3823 97.3026 7.261e-18 6.668e-18 3.996e-18 0.0 126.73 0.0
S352189 129.5511 97.2695 6.026e-16 4.332e-16 1.564e-16 0.0 126.55 0.0
S352190 129.3794 97.289 7.082e-17 5.835e-17 2.831e-17 0.0 126.46 0.0
S352191 129.5544 97.284 5.175e-20 7.62e-20 1.163e-19 0.0 126.94 0.0
S352192 129.5494 97.2869 5.035e-16 3.757e-16 1.583e-16 0.0 126.72 0.0
S352193 129.3719 97.2685 1.493e-17 1.445e-17 9.51e-18 0.0 126.34 0.0
S352194 129.3756 97.2622 2.717e-16 2.07e-16 8.828e-17 0.0 126.18 1.0
S352195 129.5553 97.3081 1.928e-16 1.439e-16 5.845e-17 0.0 127.01 0.0
S352196 129.3793 97.2499 1.745e-18 1.841e-18 1.469e-18 0.0 126.1 0.0
S352197 129.3806 97.2447 6.68e-16 4.861e-16 1.875e-16 0.0 126.01 0.0
S352198 129.548 97.3271 6.592e-13 4.804e-13 1.865e-13 0.0 127.27 0.0
S352199 129.5566 97.3378 1.007e-17 9.619e-18 6.393e-18 0.0 127.64 0.0
S352200 129.3726 97.2217 2.097e-16 1.561e-16 6.41e-17 0.0 125.78 0.0
S352201 129.3873 97.2166 5.275e-17 4.385e-17 2.209e-17 0.0 125.47 0.0
S352202 129.385 97.2129 3.964e-17 7.328e-17 1.877e-16 0.0 125.54 0.0
S352203 129.3848 97.2015 7.959e-17 6.662e-17 3.343e-17 0.0 125.35 0.0
S352204 129.5443 97.3666 7.649e-16 5.455e-16 1.932e-16 0.0 127.98 0.0
S352205 129.3877 97.1918 6.31e-17 5.138e-17 2.427e-17 0.0 125.26 0.0
S352206 129.5424 97.377 7.079e-17 5.721e-17 2.703e-17 0.0 128.08 0.0
S352207 129.5374 97.3825 5.649e-16 4.154e-16 1.586e-16 0.0 128.16 0.0
S352208 129.5409 97.3846 3.737e-17 6.086e-17 1.189e-16 0.0 128.05 0.0
S352209 129.5379 97.3979 1.992e-18 2.126e-18 1.723e-18 0.0 128.37 0.0
S352210 129.4006 97.1662 6.747e-15 4.437e-15 1.432e-15 0.0 124.72 0.0
S352211 129.5317 97.4036 1.113e-15 7.673e-16 2.695e-16 0.0 128.48 0.0
S352212 129.4087 97.154 6.034e-17 4.992e-17 2.464e-17 0.0 124.77 0.0
S352213 129.4074 97.1452 1.102e-15 7.581e-16 2.66e-16 0.0 124.7 0.0
S352214 129.4158 97.1461 1.872e-21 1.272e-21 4.317e-22 0.0 124.74 0.0
S352215 129.5173 97.4225 2.906e-15 2.021e-15 7.109e-16 0.0 128.6 0.0
S352216 129.4165 97.1472 1.511e-21 1.039e-21 3.668e-22 0.0 124.59 0.0
S352217 129.5034 97.4353 7.546e-17 5.981e-17 2.711e-17 0.0 128.86 1.0
S352218 129.4324 97.139 7.363e-13 5.437e-13 2.133e-13 0.0 124.4 0.0
S352219 129.5008 97.431 4.089e-17 3.381e-17 1.7e-17 0.0 128.68 0.0
S352220 129.4348 97.123 1.079e-21 2.164e-21 6.703e-21 0.0 124.41 0.0
S352221 129.4411 97.128 1.827e-16 1.493e-16 7.005e-17 0.0 124.24 0.0
S352222 129.4851 97.4348 2.893e-17 2.485e-17 1.3e-17 0.0 128.69 0.0
S352223 129.4493 97.1302 1.45e-16 1.1e-16 4.73e-17 0.0 124.41 1.0
S352224 129.4552 97.1266 2.08e-15 1.456e-15 5.25e-16 0.0 124.58 0.0
S352225 129.4715 97.4426 1.172e-17 1.796e-17 3.172e-17 0.0 128.82 0.0
S352226 129.4634 97.1277 2.641e-16 1.947e-16 7.567e-17 0.0 124.41 0.0
S352227 129.4689 97.1279 3.608e-16 2.624e-16 1.012e-16 0.0 124.29 0.0
S352228 129.4754 97.1212 1.443e-19 1.989e-19 2.791e-19 0.0 124.41 0.0
S352229 129.4525 97.439 2.311e-17 1.976e-17 1.061e-17 0.0 128.67 0.0
S352230 129.5004 97.3041 1.398e-20 2.353e-20 5.0690000000000005e-20 0.0 127.35 0.0
S352231 129.5031 97.3043 4.179e-25 1.655e-24 2.013e-23 0.0 127.4 0.0
S352232 129.4227 97.2553 6.0220000000000005e-21 1.078e-20 2.577e-20 0.0 125.8 0.0
S352233 129.426 97.2521 1.6330000000000001e-21 1.135e-21 3.9209999999999994e-22 0.0 125.63 0.0
S352234 129.5008 97.3129 9.979e-23 2.5939999999999996e-22 1.3360000000000001e-21 0.0 127.62 0.0
S352235 129.5051 97.317 5.769e-18 9.73e-18 2.079e-17 0.0 127.67 0.0
S352236 129.4293 97.2425 7.789e-18 7.023e-18 4.206e-18 0.0 125.32 0.0
S352237 129.4231 97.2434 1.262e-18 1.417e-18 1.267e-18 0.0 125.49 0.0
S352238 129.4293 97.2418 7.326e-18 1.375e-17 3.528e-17 0.0 125.35 0.0
S352239 129.5 97.3207 2.462e-17 5.915e-17 2.502e-16 0.0 127.84 1.0
S352240 129.5014 97.3342 2.103e-19 2.671e-19 3.289e-19 0.0 127.98 0.0
S352241 129.5006 97.3321 1.072e-22 2.598e-22 1.192e-21 0.0 127.96 0.0
S352242 129.4349 97.2334 1.6720000000000002e-20 2.7430000000000004e-20 5.522e-20 0.0 125.23 0.0
S352243 129.5012 97.3356 2.607e-19 3.13e-19 3.237e-19 0.0 128.0 0.0
S352244 129.5009 97.3395 5.084e-21 9.149e-21 2.2850000000000003e-20 0.0 128.2 0.0
S352245 129.4968 97.3357 2.104e-21 4.209e-21 1.28e-20 0.0 128.05 0.0
S352246 129.5013 97.3375 3.296e-16 2.385e-16 8.944e-17 0.0 128.21 0.0
S352247 129.4963 97.343 1.5049999999999998e-22 3.52e-22 1.5e-21 0.0 128.14 0.0
S352248 129.4938 97.3469 2.062e-17 3.27e-17 6.011e-17 0.0 128.48 0.0
S352249 129.4944 97.3497 1.175e-18 1.238e-18 1.019e-18 0.0 128.39 0.0
S352250 129.4887 97.3447 1.752e-17 3.294e-17 8.677e-17 0.0 128.31 0.0
S352251 129.4944 97.353 1.407e-18 1.515e-18 1.281e-18 0.0 128.48 0.0
S352252 129.4889 97.35 1.342e-16 1.009e-16 4.329e-17 0.0 128.43 1.0
S352253 129.4862 97.3564 6.024e-19 6.845e-19 6.564e-19 0.0 128.44 0.0
S352254 129.4424 97.2094 1.478e-15 1.059e-15 3.92e-16 0.0 124.73 0.0
S352255 129.4444 97.2067 5.651e-16 4.145e-16 1.606e-16 0.0 124.63 0.0
S352256 129.484 97.3708 5.943e-19 6.689e-19 6.087e-19 0.0 128.69 0.0
S352257 129.4823 97.3569 1.839e-21 1.243e-21 4.236e-22 0.0 128.67 0.0
S352258 129.4525 97.1955 1.89e-21 1.308e-21 4.369999999999999e-22 0.0 124.63 0.0
S352259 129.4491 97.2064 1.205e-17 1.07e-17 6.065e-18 0.0 124.7 0.0
S352260 129.4515 97.1979 3.359e-21 6.799e-21 2.0860000000000002e-20 0.0 124.66 0.0
S352261 129.4774 97.3643 3.972e-18 3.981e-18 2.962e-18 0.0 128.56 0.0
S352262 129.46 97.1948 3.177e-16 2.455e-16 1.079e-16 0.0 124.63 0.0
S352263 129.4722 97.3753 3.9170000000000004e-21 6.927e-21 1.6720000000000002e-20 0.0 128.45 0.0
S352264 129.471 97.361 2.324e-17 6.022e-17 3.144e-16 0.0 128.64 1.0
S352265 129.4638 97.1945 7.654e-18 1.599e-17 5.212e-17 0.0 124.77 0.0
S352266 129.4687 97.3587 6.267e-18 5.923e-18 3.858e-18 0.0 128.56 0.0
S352267 129.4665 97.191 1.538e-16 1.189e-16 5.212e-17 0.0 124.65 1.0
S352268 129.469 97.2022 1.965e-21 1.3360000000000001e-21 4.352e-22 0.0 124.63 0.0
S352269 129.4682 97.1887 3.933e-21 7.35e-21 2.0280000000000002e-20 0.0 124.7 0.0
S352270 129.4633 97.3549 2.44e-17 4.449e-17 1.135e-16 0.0 128.6 0.0
S352271 129.469 97.2004 2.803e-20 4.383e-20 7.687000000000001e-20 0.0 124.63 0.0
S352272 129.4588 97.3706 5.383e-18 5.047e-18 3.078e-18 0.0 128.45 0.0
S352273 129.4598 97.3653 9.549e-21 1.557e-20 2.9790000000000003e-20 0.0 128.45 0.0
S352274 129.4536 97.3708 5.694000000000001e-20 8.154e-20 1.25e-19 0.0 128.46 0.0
S352275 129.4832 97.1962 4.366e-21 8.072000000000001e-21 2.112e-20 0.0 124.89 0.0
S352276 129.4867 97.1957 1.082e-12 8.158e-13 3.309e-13 0.0 124.84 0.0
S352277 129.4867 97.1976 3.501e-16 2.616e-16 1.003e-16 0.0 124.83 0.0
S352278 129.4449 97.355 5.383999999999999e-23 1.2419999999999998e-22 4.991e-22 0.0 128.29 0.0
S352279 129.4429 97.364 4.415999999999999e-22 9.803e-22 3.73e-21 0.0 128.33 0.0
S352280 129.487 97.2027 5.388e-13 3.817e-13 1.4e-13 0.0 124.99 0.0
S352281 129.4911 97.1959 2.1e-18 2.224e-18 1.744e-18 0.0 124.88 0.0
S352282 129.4953 97.197 3.279e-17 2.745e-17 1.406e-17 0.0 124.94 0.0
S352283 129.4975 97.1991 7.036e-20 9.757000000000001e-20 1.362e-19 0.0 125.1 0.0
S352284 129.4323 97.3661 7.871e-18 7.38e-18 4.88e-18 0.0 128.14 0.0
S352285 129.428 97.3558 4.801e-18 4.691e-18 3.363e-18 0.0 128.08 0.0
S352286 129.5017 97.2166 1.083e-13 1.326e-13 1.455e-13 0.0 125.17 0.0
S352287 129.5088 97.2136 1.41e-17 2.326e-17 4.858e-17 0.0 125.22 0.0
S352288 129.424 97.3517 1.684e-16 1.344e-16 6.29e-17 0.0 127.93 0.0
S352289 129.5103 97.2149 1.195e-18 1.332e-18 1.186e-18 0.0 125.3 0.0
S352290 129.5117 97.2252 3.491e-16 2.575e-16 1.024e-16 0.0 125.61 0.0
S352291 129.4218 97.3494 2.5660000000000002e-20 3.928e-20 7.070000000000001e-20 0.0 127.93 0.0
S352292 129.5116 97.2404 2.301e-18 2.307e-18 1.607e-18 0.0 125.75 0.0
S352293 129.509 97.2333 7.213e-16 5.285e-16 2.013e-16 0.0 125.78 0.0
S352294 129.5156 97.2373 1.751e-17 1.545e-17 8.649e-18 0.0 125.87 0.0
S352295 129.5136 97.2312 1.125e-22 2.924e-22 1.551e-21 0.0 125.64 0.0
S352296 129.4111 97.3292 2.703e-17 4.874e-17 1.209e-16 0.0 127.33 0.0
S352297 129.4083 97.3216 5.391e-25 2.076e-24 2.5569999999999998e-23 0.0 127.38 0.0
S352298 129.5214 97.241 9.188e-19 1.002e-18 8.626e-19 0.0 125.83 0.0
S352299 129.5191 97.2528 8.237e-18 7.632e-18 4.824e-18 0.0 126.04 0.0
S352300 129.4017 97.3153 1.182e-23 3.184e-23 1.8399999999999998e-22 0.0 127.09 0.0
S352301 129.4047 97.3111 2.607e-19 3.125e-19 3.316e-19 0.0 126.94 0.0
S352302 129.5293 97.2546 2.0879999999999998e-22 5.066e-22 2.397e-21 0.0 126.27 0.0
S352303 129.4042 97.3084 2.117e-17 1.81e-17 9.482e-18 0.0 127.11 0.0
S352304 129.3997 97.2972 5.904e-17 4.812e-17 2.398e-17 0.0 126.86 0.0
S352305 129.5227 97.2608 1.997e-17 1.774e-17 1.04e-17 0.0 126.27 0.0
S352306 129.529 97.2741 8.777999999999999e-22 1.8930000000000002e-21 6.649e-21 0.0 126.56 0.0
S352307 129.4043 97.2913 8.483e-24 2.5969999999999997e-23 1.9589999999999999e-22 0.0 126.45 0.0
S352308 129.3986 97.2837 1.45e-21 1.016e-21 3.6269999999999996e-22 0.0 126.52 0.0
S352309 129.397 97.2797 1.785e-19 2.183e-19 2.381e-19 0.0 126.4 0.0
S352310 129.5356 97.2836 5.461e-17 1.49e-16 8.825e-16 0.0 126.76 1.0
S352311 129.396 97.2746 1.203e-19 1.538e-19 1.872e-19 0.0 126.32 0.0
S352312 129.5353 97.2942 3.954e-17 3.318e-17 1.696e-17 0.0 126.87 0.0
S352313 129.544 97.3017 2.381e-18 2.454e-18 1.846e-18 0.0 127.04 0.0
S352314 129.5221 97.2992 3.781e-18 6.595e-18 1.477e-17 0.0 127.13 0.0
S352315 129.3964 97.2563 1.052e-15 7.386e-16 2.735e-16 0.0 125.95 0.0
S352316 129.529 97.307 2.2039999999999998e-23 6.016e-23 3.5869999999999994e-22 0.0 127.15 0.0
S352317 129.4014 97.2509 8.71e-21 1.474e-20 3.132e-20 0.0 125.94 0.0
S352318 129.3942 97.2456 1.114e-17 2.127e-17 5.725e-17 0.0 125.76 0.0
S352319 129.5362 97.3227 3.072e-17 2.696e-17 1.481e-17 0.0 127.44 0.0
S352320 129.536 97.3253 1.568e-16 1.22e-16 5.236e-17 0.0 127.48 1.0
S352321 129.5259 97.327 1.487e-17 2.851e-17 7.775e-17 0.0 127.53 0.0
S352322 129.5229 97.3308 1.783e-20 2.7500000000000004e-20 4.9430000000000006e-20 0.0 127.69 0.0
S352323 129.536 97.3339 2.085e-17 1.808e-17 9.628e-18 0.0 127.7 0.0
S352324 129.5204 97.337 2.91e-19 3.586e-19 3.979e-19 0.0 127.74 0.0
S352325 129.5391 97.3465 1.859e-19 2.291e-19 2.569e-19 0.0 127.91 0.0
S352326 129.4036 97.2088 1.703e-17 2.601e-17 4.428e-17 0.0 125.23 0.0
S352327 129.4067 97.2168 3.518e-17 2.997e-17 1.572e-17 0.0 125.21 0.0
S352328 129.4078 97.2173 7.107999999999999e-22 5.487999999999999e-22 2.419e-22 0.0 125.22 0.0
S352329 129.4054 97.21 9.12e-23 2.28e-22 1.1100000000000001e-21 0.0 125.15 0.0
S352330 129.5233 97.366 1.824e-21 3.731e-21 1.1770000000000002e-20 0.0 128.18 0.0
S352331 129.5122 97.3656 2.56e-19 3.229e-19 3.624e-19 0.001 128.31 0.0
S352332 129.5157 97.3637 8.409000000000001e-20 1.13e-19 1.522e-19 0.0 128.09 0.0
S352333 129.5184 97.3671 2.301e-19 3.009e-19 3.856e-19 0.0 128.26 0.0
S352334 129.5115 97.3805 9.268e-24 2.766e-23 1.9629999999999999e-22 0.0 128.39 0.0
S352335 129.411 97.1867 1.2749999999999998e-22 3.1219999999999996e-22 1.409e-21 0.0 124.86 0.0
S352336 129.424 97.1822 1.999e-19 2.52e-19 2.859e-19 0.0 124.69 0.0
S352337 129.4146 97.1809 5.865000000000001e-20 8.381000000000001e-20 1.269e-19 0.0 124.64 0.0
S352338 129.4138 97.1804 2.674e-17 2.276e-17 1.196e-17 0.001 124.68 0.0
S352339 129.4251 97.1823 1.502e-16 1.198e-16 5.314e-17 0.0 124.91 1.0
S352340 129.4206 97.1773 2.472e-17 3.988e-17 7.839e-17 0.0 124.68 0.0
S352341 129.4299 97.176 7.47e-18 6.818e-18 4.053e-18 0.0 124.66 0.0
S352342 129.5009 97.3905 6.987e-18 1.346e-17 3.802e-17 0.0 128.62 0.0
S352343 129.4302 97.1673 1.385e-22 3.1829999999999997e-22 1.248e-21 0.0 124.63 0.0
S352344 129.4314 97.1711 6.722e-18 1.392e-17 4.422e-17 0.0 124.51 0.0
S352345 129.4928 97.3886 2.144e-17 1.901e-17 1.063e-17 0.0 128.55 0.0
S352346 129.4327 97.1479 1.229e-17 2.695e-17 1.011e-16 0.0 124.54 0.0
S352347 129.4932 97.3998 1.13e-18 1.204e-18 9.897e-19 0.0 128.69 0.0
S352348 129.4874 97.3989 1.052e-19 1.431e-19 1.961e-19 0.0 128.68 0.0
S352349 129.4852 97.4017 1.556e-22 3.9779999999999997e-22 1.999e-21 0.0 128.74 0.0
S352350 129.4513 97.1643 4.3790000000000004e-20 6.408000000000001e-20 1.025e-19 0.0 124.36 0.0
S352351 129.4763 97.4237 5.376e-13 4.151e-13 1.842e-13 0.0 128.6 1.0
S352352 129.4543 97.1646 1.204e-18 1.302e-18 1.099e-18 0.0 124.57 0.0
S352353 129.4759 97.3965 1.057e-12 8.314e-13 3.641e-13 0.0 128.6 1.0
S352354 129.4741 97.407 3.644e-16 2.594e-16 9.826e-17 0.0 128.67 0.0
S352355 129.462 97.1693 1.51e-17 2.418e-17 4.528e-17 0.0 124.45 0.0
S352356 129.4651 97.1512 2.37e-17 1.946e-17 9.55e-18 0.0 124.7 0.0
S352357 129.4632 97.4024 4.338e-17 3.683e-17 1.97e-17 0.0 128.69 0.0
S352358 129.4592 97.4123 3.405e-17 2.744e-17 1.262e-17 0.0 128.62 0.0
S352359 129.4571 97.3819 1.262e-24 4.6209999999999996e-24 4.9449999999999997e-23 0.0 128.51 0.0
S352360 129.4786 97.1427 1.164e-16 9.366e-17 4.258e-17 0.0 124.6 1.0
S352361 129.4501 97.4139 3.2489999999999997e-22 7.366999999999999e-22 2.82e-21 0.0 128.5 0.0
S352362 129.4824 97.1617 6.053999999999999e-23 1.5909999999999998e-22 8.704e-22 0.0 124.68 0.0
S352363 129.4882 97.1466 7.785e-13 6.345e-13 3.112e-13 0.0 124.6 1.0
S352364 129.4876 97.1608 2.525e-17 5.036e-17 1.509e-16 0.0 124.57 0.0
S352365 129.4869 97.1811 1.546e-18 1.699e-18 1.534e-18 0.0 124.88 0.0
S352366 129.439 97.3968 2.709e-17 2.266e-17 1.173e-17 0.0 128.31 0.0
S352367 129.4349 97.3997 8.745e-23 2.189e-22 1.096e-21 0.0 128.42 0.0
S352368 129.4959 97.1635 1.773e-16 1.282e-16 4.965e-17 0.0 124.86 0.0
S352369 129.5022 97.1717 1.916e-17 1.709e-17 9.786e-18 0.0 124.89 0.0
S352370 129.5049 97.1803 2.032e-18 2.073e-18 1.56e-18 0.0 125.09 0.0
S352371 129.5114 97.1732 5.536e-20 7.598000000000001e-20 1.106e-19 0.0 124.96 0.0
S352372 129.422 97.3752 1.481e-16 1.245e-16 6.383e-17 0.0 128.17 0.0
S352373 129.5124 97.1883 7.845e-13 6.09e-13 2.562e-13 0.0 125.22 1.0
S352374 129.4067 97.3862 7.601e-21 1.2950000000000001e-20 2.8610000000000004e-20 0.0 128.09 0.0
S352375 129.4159 97.3525 1.174e-17 2.001e-17 4.254e-17 0.0 127.79 0.0
S352376 129.5215 97.1728 2.181e-17 3.569e-17 7.045e-17 0.0 125.11 0.0
S352377 129.5199 97.196 1.024e-17 9.169e-18 5.429e-18 0.0 125.29 0.0
S352378 129.4137 97.3771 1.521e-21 3.077e-21 9.545e-21 0.0 128.22 0.0
S352379 129.4085 97.3504 1.277e-16 9.988e-17 4.365e-17 0.0 127.76 1.0
S352380 129.5284 97.2044 7.196e-23 1.7609999999999998e-22 8.257999999999999e-22 0.0 125.54 0.0
S352381 129.5312 97.2123 8.79e-17 6.911e-17 3.135e-17 0.0 125.74 1.0
S352382 129.5267 97.2047 5.529e-18 9.94e-18 2.403e-17 0.0 125.5 0.0
S352383 129.5289 97.2036 2.822e-22 6.759999999999999e-22 2.996e-21 0.0 125.31 0.0
S352384 129.5398 97.2176 8.837000000000001e-20 1.213e-19 1.622e-19 0.0 125.76 0.0
S352385 129.3919 97.3361 7.183e-17 6.051e-17 2.994e-17 0.0 127.16 0.0
S352386 129.3934 97.339 8.636e-17 7.287e-17 3.75e-17 0.001 127.33 0.0
S352387 129.548 97.2321 2.4e-18 2.543e-18 2.09e-18 0.0 126.1 0.0
S352388 129.3784 97.3229 2.83e-16 2.154e-16 8.928e-17 0.0 127.08 1.0
S352389 129.5452 97.2374 3.329e-17 9.257e-17 5.719e-16 0.0 126.04 1.0
S352390 129.5466 97.2316 1.594e-17 1.455e-17 8.66e-18 0.0 125.82 0.0
S352391 129.3862 97.31 1.762e-17 1.436e-17 6.869e-18 0.0 126.97 0.0
S352392 129.5514 97.261 3.328e-16 2.52e-16 1.044e-16 0.0 126.45 1.0
S352393 129.3746 97.3028 1.903e-17 2.83e-17 4.715e-17 0.0 126.66 0.0
S352394 129.3852 97.3051 1.837e-21 1.253e-21 4.2029999999999994e-22 0.0 126.73 0.0
S352395 129.5463 97.268 2.165e-17 1.818e-17 9.382e-18 0.0 126.57 0.0
S352396 129.5391 97.2637 5.751e-23 1.343e-22 5.7569999999999995e-22 0.0 126.49 0.0
S352397 129.5543 97.2815 1.212e-17 1.102e-17 6.592e-18 0.0 126.77 0.0
S352398 129.5588 97.2887 4.342e-19 4.94e-19 4.833e-19 0.0 126.69 0.0
S352399 129.374 97.2727 1.5389999999999998e-22 3.787e-22 1.748e-21 0.0 126.39 0.0
S352400 129.3742 97.2678 4.877e-15 3.319e-15 1.09e-15 0.0 126.21 0.0
S352401 129.5542 97.2988 2.281e-22 5.070999999999999e-22 1.859e-21 0.0 126.89 0.0
S352402 129.554 97.3033 1.191e-23 3.192e-23 1.8169999999999998e-22 0.0 127.09 0.0
S352403 129.5584 97.3115 6.149e-17 1.583e-16 7.983e-16 0.0 127.26 1.0
S352404 129.373 97.2502 6.818e-18 1.261e-17 3.357e-17 0.0 126.0 0.0
S352405 129.5463 97.3139 4.031e-13 2.785e-13 9.565e-14 0.0 127.36 0.0
S352406 129.5649 97.328 5.311e-19 6.08e-19 5.798e-19 0.0 127.31 0.0
S352407 129.381 97.2365 4.3090000000000004e-21 7.671e-21 1.7890000000000002e-20 0.0 125.72 0.0
S352408 129.3819 97.2336 2.023e-17 3.118e-17 5.407e-17 0.0 125.63 0.0
S352409 129.5497 97.3388 2.528e-18 2.616e-18 2.033e-18 0.0 127.52 0.0
S352410 129.371 97.2186 3.569e-17 3.077e-17 1.688e-17 0.0 125.53 0.0
S352411 129.3747 97.2168 1.393e-17 2.375e-17 5.387e-17 0.0 125.55 0.0
S352412 129.5395 97.3525 3.0519999999999998e-24 1.001e-23 8.708999999999999e-23 0.0 127.79 0.0
S352413 129.5423 97.3538 1.334e-18 1.436e-18 1.244e-18 0.0 127.77 0.0
S352414 129.3851 97.2017 1.695e-17 1.498e-17 8.685e-18 0.001 125.37 0.0
S352415 129.5358 97.3655 7.546999999999999e-22 1.625e-21 5.766e-21 0.0 127.87 0.0
S352416 129.5448 97.3792 6.075e-19 7.139e-19 7.199e-19 0.0 128.13 0.0
S352417 129.3866 97.186 5.808e-18 5.779e-18 4.129e-18 0.0 125.09 0.0
S352418 129.3913 97.1732 3.793e-17 3.173e-17 1.619e-17 0.0 124.88 0.0
S352419 129.3997 97.1849 2.549e-17 2.235e-17 1.269e-17 0.0 125.04 0.0
S352420 129.3906 97.1702 1.1340000000000001e-21 2.308e-21 7.427e-21 0.0 124.96 0.0
S352421 129.4018 97.1756 9.12e-17 7.247e-17 3.5e-17 0.0 124.89 0.0
S352422 129.5358 97.3968 9.075e-18 1.658e-17 4.251e-17 0.0 128.29 0.0
S352423 129.4109 97.1706 7.323e-17 5.926e-17 2.733e-17 0.0 124.84 0.0
S352424 129.3964 97.1488 1.629e-17 3.763e-17 1.521e-16 0.0 124.82 0.0
S352425 129.5242 97.4055 7.349e-17 5.867e-17 2.659e-17 0.0 128.44 1.0
S352426 129.5277 97.39 1.023e-18 1.179e-18 1.143e-18 0.0 128.14 0.0
S352427 129.5177 97.3987 3.042e-18 5.263e-18 1.229e-17 0.0 128.48 0.0
S352428 129.5201 97.4178 4.458e-19 5.008e-19 4.495e-19 0.0 128.54 0.0
S352429 129.5191 97.4048 1.057e-17 1.989e-17 5.353e-17 0.0 128.36 0.0
S352430 129.5098 97.4369 1.121e-17 2.055e-17 4.988e-17 0.0 128.72 0.0
S352431 129.4222 97.1403 3.778e-17 3.217e-17 1.651e-17 0.0 124.56 0.0
S352432 129.5023 97.4272 4.719e-16 3.436e-16 1.361e-16 0.0 128.64 0.0
S352433 129.4232 97.1584 1.006e-16 7.562e-17 3.029e-17 0.0 124.5 0.0
S352434 129.5025 97.4266 1.979e-17 1.763e-17 1.026e-17 0.0 128.54 0.0
S352435 129.4386 97.1303 1.535e-19 1.997e-19 2.401e-19 0.0 124.52 0.0
S352436 129.4986 97.4334 5.571e-19 6.808e-19 7.319e-19 0.0 128.74 0.0
S352437 129.4935 97.4254 3.215e-16 2.41e-16 9.969e-17 0.0 128.74 1.0
S352438 129.4861 97.4185 6.677000000000001e-20 9.548000000000001e-20 1.388e-19 0.0 128.69 0.0
S352439 129.4496 97.1239 1.012e-19 1.34e-19 1.757e-19 0.0 124.24 0.0
S352440 129.4869 97.4395 6.675e-18 6.534e-18 4.499e-18 0.0 128.92 0.0
S352441 129.4516 97.1312 6.933e-16 5.09e-16 1.979e-16 0.0 124.4 0.0
S352442 129.475 97.4505 1.564e-17 1.426e-17 8.275e-18 0.0 128.72 0.0
S352443 129.4596 97.1294 1.236e-17 1.108e-17 6.341e-18 0.0 124.57 0.0
S352444 129.4586 97.1514 6.75e-19 7.811e-19 7.675e-19 0.0 124.56 0.0
S352445 129.4672 97.1063 2.536e-21 5.191e-21 1.6100000000000002e-20 0.0 124.58 0.0
S352446 129.4645 97.4388 7.038e-13 6.538e-13 4.073e-13 0.0 128.86 1.0
S352447 129.47 97.1433 8.357e-18 7.964e-18 5.212e-18 0.0 124.71 0.0
S352448 129.4545 97.424 1.46e-19 1.903e-19 2.366e-19 0.0 128.69 0.0
S352449 129.4504 97.4348 1.012e-18 1.116e-18 9.674e-19 0.0 128.49 0.0
S352450 129.4508 97.435 1.012e-17 1.769e-17 3.954e-17 0.0 128.57 0.0
S352451 129.4863 97.1305 2.9719999999999995e-22 6.392999999999999e-22 2.301e-21 0.0 124.45 0.0
S352452 129.4909 97.1345 9.374e-18 1.57e-17 3.25e-17 0.0 124.56 0.0
S352453 129.494 97.1222 4.265e-17 3.701e-17 1.958e-17 0.0 124.62 0.0
S352454 129.4959 97.1474 1.999e-17 4.272e-17 1.462e-16 0.0 124.7 0.0
