Name Equatorial Polar BlueF GreenF RedF Parallax RadialVelocity Variable?
S075679 130.2409 69.7343 6.782000000000001e-20 9.569000000000001e-20 1.377e-19 0.0 89.58 0.0
S075680 130.1637 69.7267 1.076e-21 2.13e-21 6.251e-21 0.0 87.17 0.0
S075681 130.2099 69.6959 1.692e-21 3.371e-21 1.0530000000000001e-20 0.0 89.27 0.0
S075682 130.2331 69.7591 6.051e-26 3.2770000000000004e-25 7.849e-24 0.0 88.95 1.0
S075683 130.2079 69.7056 3.125e-21 6.138e-21 1.7930000000000002e-20 0.0 89.31 0.0
S075684 130.1933 69.72 1.548e-18 1.756e-18 1.647e-18 0.0 88.47 0.0
S075685 130.19 69.7213 8.009000000000001e-26 4.593e-25 1.307e-23 0.0 87.85 0.0
S075686 130.1835 69.7201 3.1369999999999996e-22 7.457999999999999e-22 3.333e-21 0.0 87.78 0.0
S075687 130.1439 69.7375 1.9650000000000002e-20 3.355e-20 7.345000000000001e-20 0.0 86.99 0.0
S075688 130.225 69.6751 5.727e-17 1.069e-16 2.749e-16 0.0 89.39 0.0
S075689 130.1705 69.7109 2.2500000000000002e-21 1.567e-21 5.553e-22 0.0 87.66 0.0
S075690 130.126 69.7242 3.576e-20 5.470000000000001e-20 9.137000000000001e-20 0.0 87.21 0.0
S075691 130.1885 69.7255 2.364e-20 3.7310000000000004e-20 6.827e-20 0.0 87.51 0.0
S075692 130.2034 69.7327 1.79e-21 3.585e-21 1.0500000000000001e-20 0.0 88.9 0.0
S075693 130.1955 69.7488 2.592e-21 1.742e-21 5.79e-22 0.0 88.22 0.0
S075694 130.2107 69.7263 1.823e-21 3.554e-21 1.042e-20 0.0 89.52 0.0
S075695 130.1832 69.7251 3.897e-21 7.712e-21 2.312e-20 0.0 87.31 0.0
S075696 130.1926 69.7323 1.2009999999999998e-22 2.946e-22 1.361e-21 0.0 87.94 0.0
S075697 130.1832 69.7158 3.416e-19 4.292e-19 4.822e-19 0.0 88.11 0.0
S075698 130.2385 69.6828 5.451e-24 1.725e-23 1.4229999999999998e-22 0.0 89.63 0.0
S075699 130.1359 69.715 7.081000000000001e-20 9.973e-20 1.44e-19 0.0 87.09 0.0
S075700 130.1909 69.7294 4.947e-17 1.022e-16 3.355e-16 0.0 87.6 1.0
S075701 130.1979 69.7145 9.282e-24 2.626e-23 1.7049999999999998e-22 0.0 89.0 0.0
S075702 130.1813 69.6882 6.328e-21 1.0740000000000001e-20 2.212e-20 0.0 88.37 0.0
S075703 130.1919 69.7294 1.2430000000000001e-20 2.18e-20 5.1320000000000004e-20 0.0 87.5 0.0
S075704 130.3228 69.713 6.164999999999999e-22 1.372e-21 5.236e-21 0.0 89.91 0.0
S075705 130.2043 69.7351 1.932e-21 1.358e-21 4.893999999999999e-22 0.0 88.75 0.0
S075706 130.148 69.7497 8.653e-21 1.528e-20 3.651e-20 0.0 87.04 0.0
S075707 130.2614 69.73 1.67e-20 2.6780000000000004e-20 5.1170000000000005e-20 0.0 89.76 0.0
S075708 130.2328 69.732 2.928e-18 2.967e-18 2.156e-18 0.0 89.38 0.0
S075709 130.2017 69.7317 6.847e-25 2.846e-24 3.9659999999999996e-23 0.0 88.87 0.0
S075710 130.1949 69.7202 7.072000000000001e-20 1.004e-19 1.524e-19 0.0 88.65 0.0
S075711 130.1417 69.7708 2.988e-19 3.859e-19 4.61e-19 0.0 87.28 0.0
S075712 130.1891 69.6786 4.114e-21 7.847000000000001e-21 2.2210000000000002e-20 0.0 88.82 0.0
S075713 130.1817 69.7307 1.263e-21 2.7610000000000002e-21 1.011e-20 0.0 87.2 0.0
S075714 130.178 69.7163 1.58e-17 3.317e-17 1.108e-16 0.0 87.8 0.0
S075715 130.2322 69.7282 3.448e-21 6.583e-21 1.8160000000000003e-20 0.0 89.69 1.0
S075716 130.1457 69.7124 4.549999999999999e-22 1.1100000000000001e-21 5.193e-21 0.0 87.34 0.0
S075717 130.2162 69.7125 1.773e-18 1.902e-18 1.588e-18 0.0 89.63 0.0
S075718 130.2335 69.7078 9.225e-18 9.177e-18 6.36e-18 0.0 89.77 0.0
S075719 130.2004 69.6372 5.074e-19 6.226e-19 6.997e-19 0.0 88.85 0.0
S075720 130.1638 69.7237 1.1829999999999999e-22 3.043e-22 1.569e-21 0.0 87.16 0.0
S075721 130.2169 69.7026 2.4850000000000003e-20 3.946e-20 7.067000000000001e-20 0.0 89.46 0.0
S075722 130.2052 69.7133 4.8120000000000005e-26 2.787e-25 8.162e-24 0.0 89.2 0.0
S075723 130.1861 69.7273 1.0700000000000001e-30 2.01e-29 6.483999999999999e-27 0.0 87.41 0.0
S075724 130.1781 69.7371 1.7729999999999998e-22 4.460999999999999e-22 2.206e-21 0.0 87.17 0.0
S075725 130.1472 69.7617 2.018e-23 5.876e-23 3.9479999999999997e-22 0.0 87.21 0.0
S075726 130.2288 69.7647 2.075e-23 5.732999999999999e-23 3.5509999999999995e-22 0.0 88.9 0.0
S075727 130.135 69.7011 1.882e-18 2.1e-18 1.859e-18 0.0 87.41 1.0
S075728 130.2069 69.7388 8.095e-20 1.125e-19 1.63e-19 0.0 88.87 0.0
S075729 130.1903 69.7187 5.1430000000000006e-26 2.8050000000000003e-25 6.905e-24 0.0 88.33 0.0
S075730 130.1707 69.7598 2.314e-19 2.962e-19 3.402e-19 0.0 87.58 0.0
S075731 130.2003 69.7116 3.264e-24 1.11e-23 1.045e-22 0.0 89.16 0.0
S075732 130.1961 69.7164 7.440999999999999e-22 1.803e-21 8.25e-21 0.0 88.68 0.0
S075733 130.2126 69.7258 2.331e-21 4.693e-21 1.442e-20 0.0 89.58 0.0
S075734 130.1986 69.7431 2.098e-21 4.325e-21 1.351e-20 0.0 88.23 0.0
S075735 130.212 69.7475 3.683e-22 8.248999999999999e-22 3.157e-21 0.0 88.82 0.0
S075736 130.1888 69.7223 6.504e-19 7.48e-19 7.264e-19 0.0 87.74 0.0
S075737 130.2222 69.6106 1.337e-17 2.432e-17 6.11e-17 0.0 89.08 0.0
S075738 130.1768 69.7304 1.53e-22 3.0379999999999995e-22 9.319e-22 0.0 87.3 0.0
S075739 130.2247 69.6979 4.1639999999999998e-22 9.366999999999999e-22 3.709e-21 0.0 89.58 0.0
S075740 130.1477 69.7154 5.133e-13 5.134e-13 3.842e-13 0.0 87.3 1.0
S075741 130.1565 69.7893 4.31e-23 1.3299999999999998e-22 9.557e-22 0.0 87.5 0.0
S075742 130.2124 69.722 5.715e-22 1.334e-21 5.543e-21 0.0 89.56 0.0
S075743 130.2391 69.694 3.896e-24 1.3819999999999998e-23 1.4229999999999998e-22 0.0 89.8 0.0
S075744 130.1954 69.7404 3.12e-23 9.127999999999999e-23 6.275999999999999e-22 0.0 88.15 0.0
S075745 130.1959 69.7279 4.347e-24 1.443e-23 1.296e-22 0.0 88.27 0.0
S075746 130.1895 69.7384 2.28e-22 5.6979999999999995e-22 2.691e-21 0.0 87.76 0.0
S075747 130.1837 69.7268 2.984e-21 5.252e-21 1.2170000000000001e-20 0.0 87.47 0.0
S075748 130.312 69.6281 2.863e-18 3.115e-18 2.612e-18 0.0 89.77 0.0
S075749 130.2483 69.7112 5.354e-25 2.4039999999999998e-24 3.8069999999999996e-23 0.0 89.93 0.0
S075750 130.2623 69.7359 1.0480000000000001e-26 6.929000000000001e-26 2.523e-24 0.0 89.58 0.0
S075751 130.2156 69.7257 1.495e-17 2.491e-17 5.132e-17 0.0 89.56 0.0
S075752 130.1425 69.7396 2.9820000000000003e-25 1.289e-24 1.9929999999999998e-23 0.0 87.05 0.0
S075753 130.1214 69.6076 5.112e-23 1.474e-22 9.883e-22 0.0 88.36 0.0
S075754 130.1839 69.7391 2.592e-21 1.795e-21 6.197999999999999e-22 0.0 87.62 0.0
S075755 130.1823 69.7263 3.429e-20 5.2810000000000007e-20 9.446000000000001e-20 0.0 87.52 0.0
S075756 130.2155 69.7373 1.429e-22 3.9619999999999997e-22 2.355e-21 0.0 89.06 0.0
S075757 130.2458 69.731 5.576999999999999e-22 1.326e-21 5.543e-21 0.0 89.5 0.0
S075758 130.2066 69.7401 2.103e-19 2.676e-19 3.268e-19 0.0 88.97 0.0
S075759 130.1251 69.8423 2.116e-19 2.802e-19 3.494e-19 0.0 87.64 0.0
S075760 130.1943 69.7235 2.162e-21 1.53e-21 5.393999999999999e-22 0.0 88.47 0.0
S075761 130.1357 69.7374 2.003e-19 2.501e-19 2.788e-19 0.0 87.17 0.0
S075762 130.201 69.737 6.704e-21 1.235e-20 3.1630000000000005e-20 0.0 88.65 0.0
S075763 130.2021 69.7437 7.997e-24 2.735e-23 2.6479999999999997e-22 0.0 88.65 0.0
S075764 130.1837 69.7308 2.126e-20 3.493e-20 7.038e-20 0.0 87.38 0.0
S075765 130.1869 69.7292 1.08e-12 8.831e-13 4.3e-13 0.0 87.59 1.0
S075766 130.2092 69.7155 3.5519999999999996e-22 8.933e-22 4.391e-21 0.0 89.56 0.0
S075767 130.1655 69.7572 1.07e-21 2.312e-21 8.174e-21 0.0 87.28 0.0
S075768 130.2179 69.7231 5.083e-19 6.064e-19 6.282e-19 0.0 89.73 0.0
S075769 130.1959 69.7283 1.679e-17 3.788e-17 1.517e-16 0.0 87.75 0.0
S075770 130.175 69.7529 1.056e-21 2.151e-21 6.855e-21 0.0 87.48 0.0
S075771 130.2342 69.7345 2.502e-18 2.645e-18 2.103e-18 0.0 89.59 0.0
S075772 130.2152 69.7326 5.958000000000001e-20 8.253000000000001e-20 1.199e-19 0.0 89.23 0.0
S075773 130.1956 69.7283 3.961e-23 9.881e-23 4.890999999999999e-22 0.0 87.9 0.0
S075774 130.1736 69.7816 3.13e-23 9.439999999999999e-23 6.951999999999999e-22 0.0 87.7 0.0
S075775 130.1809 69.7482 2.991e-21 5.881e-21 1.7240000000000002e-20 0.0 87.66 0.0
S075776 130.1919 69.7278 1.5290000000000001e-21 3.27e-21 1.1550000000000001e-20 0.0 87.4 0.0
S075777 130.1238 69.7074 5.627e-20 8.235e-20 1.265e-19 0.0 87.4 0.0
S075778 130.1954 69.7304 2.771e-21 5.77e-21 1.957e-20 0.0 87.45 0.0
S075779 130.1943 69.7369 5.755e-17 4.801e-17 2.492e-17 0.0 87.96 0.0
S075780 130.1911 69.7283 2.18e-18 2.305e-18 1.88e-18 0.0 87.38 0.0
S075781 130.1954 69.7268 3.539e-21 6.595e-21 1.718e-20 0.0 87.94 0.0
S075782 130.0583 69.6691 4.139e-21 7.863e-21 2.1030000000000002e-20 0.0 87.71 0.0
S075783 130.1891 69.7235 1.6399999999999999e-22 4.384999999999999e-22 2.365e-21 0.0 87.63 0.0
S075784 130.238 69.686 8.149e-19 9.455e-19 8.946e-19 0.0 89.53 0.0
S075785 130.1031 69.8523 9.405e-20 1.401e-19 2.297e-19 0.0 87.49 0.0
S075786 130.1995 69.6973 3.88e-25 1.698e-24 2.681e-23 0.0 88.84 0.0
S075787 130.176 69.7208 1.794e-23 5.072e-23 3.1509999999999996e-22 0.0 87.51 0.0
S075788 130.2651 69.6725 6.806999999999999e-22 1.432e-21 4.789e-21 0.0 89.77 0.0
S075789 130.2021 69.7044 1.043e-12 8.383e-13 3.934e-13 0.0 88.93 1.0
S075790 130.2332 69.7637 3.717e-21 6.815e-21 1.7540000000000003e-20 0.0 88.97 0.0
S075791 130.1967 69.7291 9.442e-22 1.734e-21 4.486e-21 0.001 88.45 0.0
S075792 130.2093 69.7071 1.236e-21 2.782e-21 1.0570000000000001e-20 0.0 89.28 0.0
S075793 130.2536 69.7281 2.845e-22 6.453999999999999e-22 2.567e-21 0.0 89.76 0.0
S075794 130.0518 69.7336 8.728000000000001e-20 1.186e-19 1.61e-19 0.0 87.18 0.0
S075795 130.305 69.6587 5.719999999999999e-22 1.326e-21 5.461e-21 0.0 89.89 0.0
S075796 130.2275 69.7237 3.8100000000000004e-21 6.575e-21 1.4790000000000002e-20 0.0 89.68 1.0
S075797 130.2146 69.7555 1.068e-19 1.486e-19 2.038e-19 0.0 88.79 0.0
S075798 130.2215 69.7428 6.665000000000001e-20 9.485000000000001e-20 1.393e-19 0.0 89.06 0.0
S075799 130.1899 69.7288 9.814e-20 1.315e-19 1.765e-19 0.0 87.45 0.0
S075800 130.242 69.7404 6.042e-20 8.606000000000001e-20 1.257e-19 0.0 89.44 0.0
S075801 130.2212 69.7521 1.581e-21 2.946e-21 7.882000000000001e-21 0.0 88.83 0.0
S075802 130.1934 69.7204 4.4520000000000004e-21 8.071e-21 2.0370000000000003e-20 0.001 88.42 0.0
S075803 130.2064 69.7274 1.115e-21 8.593999999999998e-22 3.6779999999999996e-22 0.0 89.11 0.0
S075804 130.1786 69.687 6.142e-23 1.5859999999999998e-22 8.063e-22 0.0 88.32 0.0
S075805 130.211 69.7311 2.099e-23 6.422e-23 4.596999999999999e-22 0.0 89.2 0.0
S075806 130.1595 69.7189 2.126e-24 7.97e-24 8.647e-23 0.0 87.38 0.0
S075807 130.1849 69.6766 1.1530000000000001e-20 2.008e-20 4.741e-20 0.0 88.66 0.0
S075808 130.1973 69.7296 1.5169999999999999e-22 3.7219999999999995e-22 1.688e-21 0.0 88.88 0.0
S075809 130.2108 69.7161 1.232e-12 9.802e-13 4.354e-13 0.0 89.53 1.0
S075810 130.16 69.6718 2.717e-20 4.2400000000000005e-20 7.673000000000001e-20 0.0 88.28 0.0
S075811 130.259 69.6977 2.5959999999999997e-22 6.263e-22 2.806e-21 0.001 89.84 0.0
S075812 130.2209 69.7976 6.218e-19 7.418e-19 7.958e-19 0.0 88.52 0.0
S075813 130.2148 69.7396 2.6720000000000002e-21 5.072e-21 1.438e-20 0.0 88.94 0.0
S075814 130.1735 69.728 3.654e-21 7.205000000000001e-21 2.0480000000000002e-20 0.0 87.37 0.0
S075815 130.1693 69.7093 2.977e-23 8.84e-23 6.075999999999999e-22 0.0 87.76 0.0
S075816 130.2258 69.7493 1.036e-19 1.38e-19 1.835e-19 0.0 89.02 0.0
S075817 130.2199 69.7424 1.794e-18 2.049e-18 1.896e-18 0.0 89.19 0.0
S075818 130.1747 69.7352 1.03e-22 2.199e-22 7.682999999999999e-22 0.0 87.02 0.0
S075819 130.3167 69.7018 1.535e-23 4.7949999999999996e-23 3.579e-22 0.0 89.83 0.0
S075820 130.1965 69.7263 3.544e-17 2.974e-17 1.556e-17 0.0 88.9 0.0
S075821 130.1927 69.6949 1.213e-21 2.348e-21 6.741e-21 0.0 88.69 0.0
S075822 130.2613 69.6798 5.584e-23 1.5569999999999998e-22 9.340999999999999e-22 0.0 89.57 0.0
S075823 130.1992 69.7745 3.5370000000000004e-21 2.309e-21 7.189999999999999e-22 0.0 88.2 0.0
S075824 130.1846 69.7604 1.0719999999999999e-23 3.396e-23 2.629e-22 0.0 87.7 0.0
S075825 130.2072 69.7284 3.273e-16 9.432e-16 6.253e-15 0.0 89.61 1.0
S075826 130.1558 69.7201 2.134e-16 1.728e-16 8.071e-17 0.0 87.31 0.0
S075827 130.2903 69.6094 6.750999999999999e-22 1.495e-21 5.464e-21 0.0 89.66 0.0
S075828 130.3083 69.7964 3.139e-24 1.1679999999999999e-23 1.2749999999999998e-22 0.0 89.26 0.0
S075829 130.2223 69.7333 8.013e-13 5.584e-13 1.941e-13 0.0 89.43 0.0
S075830 130.1608 69.673 3.1030000000000003e-20 5.189e-20 1.1e-19 0.0 88.23 0.0
S075831 130.1939 69.7277 3.172e-23 8.387e-23 4.591e-22 0.0 87.43 0.0
S075832 130.1336 69.7515 8.141999999999999e-22 1.795e-21 6.803e-21 0.0 86.98 0.0
S075833 130.2097 69.7168 1.735e-17 2.743e-17 5.026e-17 0.0 89.65 0.0
S075834 130.1552 69.7469 2.741e-19 3.37e-19 3.617e-19 0.0 87.25 0.0
S075835 130.1866 69.7279 1.6419999999999998e-23 4.5119999999999996e-23 2.6759999999999996e-22 0.0 87.52 0.0
S075836 130.1872 69.732 3.156e-23 7.771e-23 3.571e-22 0.0 87.45 0.0
S075837 130.2121 69.828 1.031e-19 1.445e-19 2.162e-19 0.0 88.2 0.0
S075838 130.2049 69.7163 6.423e-19 7.29e-19 7.13e-19 0.0 89.31 0.0
S075839 130.2032 69.6793 3.847e-18 4.059e-18 3.243e-18 0.0 89.07 0.0
S075840 130.1991 69.7276 5.818e-13 4.105e-13 1.506e-13 0.0 88.77 0.0
S075841 130.1501 69.7546 2.74e-25 1.302e-24 2.4429999999999998e-23 0.0 87.03 0.0
S075842 130.144 69.7573 1.0459999999999999e-22 2.7189999999999995e-22 1.393e-21 0.0 87.12 0.0
S075843 130.2193 69.798 5.9699999999999996e-24 1.88e-23 1.5129999999999998e-22 0.0 88.38 0.0
S075844 130.1812 69.7404 2.115e-21 4.415e-21 1.452e-20 0.0 87.41 0.0
S075845 130.1856 69.7217 3.271e-18 3.332e-18 2.513e-18 0.0 87.84 0.0
S075846 130.1963 69.7278 7.276e-22 1.573e-21 5.673e-21 0.0 88.53 0.0
S075847 130.3357 69.7468 1.24e-17 1.131e-17 6.71e-18 0.0 89.76 0.0
S075848 130.181 69.7317 5.26e-17 7.632e-17 1.153e-16 0.0 87.31 1.0
S075849 130.2045 69.7328 3.579e-22 9.046999999999999e-22 4.43e-21 0.0 89.43 0.0
S075850 130.1951 69.7253 1.111e-16 8.787e-17 3.881e-17 0.0 88.88 0.0
S075851 130.181 69.7202 1.275e-20 2.1900000000000002e-20 4.865e-20 0.0 87.79 0.0
S075852 130.169 69.7207 5.543e-17 7.995e-17 1.275e-16 0.0 87.47 0.0
S075853 130.184 69.6349 6.162e-24 1.964e-23 1.622e-22 0.0 88.53 0.0
S075854 130.193 69.7208 3.29e-18 3.424e-18 2.674e-18 0.0 88.36 0.0
S075855 130.1983 69.7314 8.076e-19 8.604e-19 7.139e-19 0.0 88.61 0.0
S075856 130.1476 69.7635 2.847e-23 7.512999999999999e-23 4.1699999999999997e-22 0.0 87.08 0.0
S075857 130.3143 69.6559 8.437e-20 1.297e-19 2.328e-19 0.0 89.93 0.0
S075858 130.2453 69.685 5.627e-22 1.282e-21 5.299e-21 0.0 89.68 0.0
S075859 130.1993 69.7206 4.401e-19 5.457e-19 6.368e-19 0.0 89.2 0.0
S075860 130.2321 69.6678 7.168e-19 8.229e-19 7.804e-19 0.0 89.31 0.0
S075861 130.2142 69.7161 5.454e-17 1.152e-16 4.005e-16 0.0 89.63 1.0
S075862 130.2139 69.716 4.757e-23 1.221e-22 6.457e-22 0.0 89.7 0.0
S075863 130.1442 69.7401 9.923000000000001e-20 1.468e-19 2.292e-19 0.0 86.88 0.0
S075864 130.1754 69.7074 2.652e-19 3.267e-19 3.693e-19 0.0 87.98 0.0
S075865 130.3053 69.7651 2.3959999999999998e-23 6.642999999999999e-23 4.0099999999999994e-22 0.0 89.48 0.0
S075866 130.1406 69.7648 2.3030000000000003e-20 3.9660000000000003e-20 8.557000000000001e-20 0.0 87.29 0.0
S075867 130.1848 69.7203 1.1739999999999998e-22 3.0459999999999995e-22 1.574e-21 0.0 87.72 0.0
S075868 130.1972 69.7251 2.773e-20 4.224e-20 6.905e-20 0.0 89.5 0.0
S075869 130.1626 69.7002 8.013999999999999e-22 1.665e-21 5.321e-21 0.0 87.78 0.0
S075870 130.1707 69.755 1.211e-22 3.4329999999999996e-22 2.085e-21 0.0 87.25 0.0
S075871 130.1886 69.7293 9.98e-20 1.31e-19 1.692e-19 0.0 87.52 0.0
S075872 130.1835 69.7498 1.58e-19 2.127e-19 2.799e-19 0.0 87.63 0.0
S075873 130.1751 69.7271 2.085e-17 3.431e-17 6.65e-17 0.0 87.38 0.0
S075874 130.2227 69.6855 8.581e-22 1.688e-21 4.823e-21 0.0 89.65 0.0
S075875 130.1789 69.6906 1.479e-21 2.996e-21 8.956e-21 0.0 88.45 0.0
S075876 130.158 69.7244 2.693e-17 4.174e-17 7.595e-17 0.0 87.46 0.0
S075877 130.278 69.6961 9.787e-21 1.721e-20 4.009e-20 0.0 89.89 0.0
S075878 130.1894 69.6997 6.771e-19 7.946e-19 7.755e-19 0.0 88.44 0.0
S075879 130.1797 69.7148 6.418999999999999e-22 1.571e-21 7.27e-21 0.0 87.78 0.0
S075880 130.0631 69.7203 4.494e-19 5.543e-19 6.31e-19 0.0 87.18 0.0
S075881 130.3268 69.7787 4.0460000000000005e-26 2.304e-25 6.067e-24 0.0 89.4 0.0
S075882 130.1843 69.7029 1.6759999999999998e-22 4.2149999999999997e-22 2.005e-21 0.0 88.31 0.0
S075883 130.1719 69.71 2.208e-20 3.6730000000000006e-20 7.788000000000001e-20 0.0 87.96 0.0
S075884 130.1714 69.6575 5.139e-21 9.208e-21 2.2720000000000003e-20 0.001 88.38 0.0
S075885 130.1574 69.7063 4.037e-20 5.966e-20 9.709e-20 0.0 87.52 0.0
S075886 130.2037 69.7074 2.737e-19 3.549e-19 4.2e-19 0.0 89.15 0.0
S075887 130.2018 69.7631 7.169e-25 2.99e-24 4.2679999999999995e-23 0.0 88.49 0.0
S075888 130.2211 69.7155 6.709e-17 1.4e-16 4.705e-16 0.0 89.82 1.0
S075889 130.1151 69.639 2.899e-21 5.2e-21 1.2650000000000002e-20 0.0 88.08 0.0
S075890 130.2134 69.7323 5.249e-18 5.313e-18 3.749e-18 0.0 89.25 0.0
S075891 130.193 69.7153 2.136e-21 4.244e-21 1.23e-20 0.0 88.55 0.0
S075892 130.1969 69.731 2.1860000000000002e-20 3.566e-20 7.087e-20 0.0 88.49 0.0
S075893 130.1658 69.7333 1.351e-20 2.3000000000000002e-20 4.9740000000000003e-20 0.0 87.25 0.0
S075894 130.2192 69.7646 1.0049999999999999e-22 2.597e-22 1.326e-21 0.0 88.69 0.0
S075895 130.1702 69.7126 7.856e-19 9.149e-19 8.894e-19 0.0 87.62 0.0
S075896 130.1499 69.7245 5.525e-22 1.312e-21 5.786e-21 0.0 87.19 0.0
S075897 130.193 69.7306 4.479e-25 1.842e-24 2.528e-23 0.0 87.62 0.0
S075898 130.2365 69.7279 2.0830000000000002e-20 3.389e-20 6.975e-20 0.0 89.64 0.0
S075899 130.2041 69.7428 5.465e-22 1.256e-21 5.207e-21 0.0 88.63 0.0
S075900 130.15 69.7842 1.186e-19 1.752e-19 2.759e-19 0.0 87.47 0.0
S075901 130.247 69.6957 2.641e-21 5.024e-21 1.4e-20 0.0 89.82 0.0
S075902 130.1407 69.7636 2.703e-23 8.213e-23 6.074e-22 0.0 87.03 0.0
S075903 130.1009 69.7464 2.106e-21 1.4520000000000001e-21 5.037e-22 0.0 87.1 0.0
S075904 130.2004 69.6869 1.1210000000000001e-20 1.963e-20 4.534e-20 0.0 88.95 0.0
S075905 130.2108 69.715 1.564e-18 1.75e-18 1.575e-18 0.0 89.55 0.0
S075906 130.1766 69.7449 6.455e-24 2.185e-23 1.9619999999999998e-22 0.0 87.34 0.0
S075907 130.2222 69.7479 9.241e-22 1.801e-21 5.191e-21 0.0 89.14 0.0
S075908 130.159 69.6158 8.835000000000001e-20 1.297e-19 2.044e-19 0.0 88.54 0.0
S075909 130.0661 69.5235 3.347e-24 1.166e-23 1.1079999999999998e-22 0.0 88.24 0.0
S075910 130.1811 69.7168 7.973e-21 1.3310000000000001e-20 2.907e-20 0.0 87.87 0.0
S075911 130.2299 69.7256 4.9300000000000006e-20 7.263000000000001e-20 1.157e-19 0.0 89.63 0.0
S075912 130.2825 69.6896 1.5780000000000003e-20 2.622e-20 5.3320000000000004e-20 0.0 89.91 0.0
S075913 130.1358 69.7918 2.912e-18 3.143e-18 2.634e-18 0.0 87.58 0.0
S075914 130.3234 69.6647 8.912e-21 1.421e-20 2.7490000000000005e-20 0.0 89.84 0.0
S075915 130.2042 69.6884 2.264e-19 2.957e-19 3.63e-19 0.0 88.98 0.0
S075916 130.2087 69.6961 3.226e-23 8.509999999999999e-23 4.465e-22 0.0 89.28 0.0
S075917 130.3103 69.754 1.136e-21 2.39e-21 8.243e-21 0.0 89.46 0.0
S075918 130.1568 69.7438 6.956e-21 1.1740000000000001e-20 2.5890000000000003e-20 0.0 87.14 0.0
S075919 130.0473 69.8713 6.153e-19 6.93e-19 6.598e-19 0.0 87.29 0.0
S075920 130.1205 69.7339 1.555e-19 2.091e-19 2.725e-19 0.0 87.07 0.0
S075921 130.1286 69.7375 1.048e-19 1.424e-19 1.861e-19 0.0 87.15 0.0
S075922 130.1935 69.7219 4.315e-21 7.985e-21 2.0720000000000002e-20 0.0 88.3 0.0
S075923 130.2165 69.7385 3.719e-21 6.972e-21 1.849e-20 0.0 89.16 0.0
S075924 130.1987 69.7233 1.2869999999999999e-22 3.26e-22 1.631e-21 0.0 89.17 0.0
S075925 130.2207 69.73 5.096e-23 1.418e-22 8.671e-22 0.0 89.51 0.0
S075926 130.2298 69.6749 4.608e-23 1.2599999999999998e-22 7.174999999999999e-22 0.0 89.58 0.0
S075927 130.1626 69.7134 2.4490000000000002e-20 3.7650000000000004e-20 6.58e-20 0.0 87.42 0.0
S075928 130.2678 69.7058 2.903e-19 3.516e-19 3.772e-19 0.0 89.96 0.0
S075929 130.2034 69.7275 1.7050000000000001e-28 1.7369999999999998e-27 1.599e-25 0.0 89.56 0.0
S075930 130.2337 69.7435 1.632e-21 1.17e-21 4.3309999999999995e-22 0.0 89.23 0.0
S075931 130.1943 69.7244 1.499e-18 1.658e-18 1.485e-18 0.0 88.33 0.0
S075932 130.1983 69.6661 2.8099999999999996e-22 6.387999999999999e-22 2.472e-21 0.0 88.89 0.0
S075933 130.1991 69.7624 6.169e-23 1.5169999999999999e-22 7.214e-22 0.0 88.28 0.0
S075934 130.1882 69.7441 5.872e-13 4.104e-13 1.436e-13 0.0 87.83 0.0
S075935 130.1974 69.7207 2.744e-19 3.509e-19 4.081e-19 0.0 89.16 0.0
S075936 130.1924 69.705 4.828e-22 1.2110000000000001e-21 5.987e-21 0.0 88.51 0.0
S075937 130.2522 69.6649 3.5490000000000004e-21 6.78e-21 1.836e-20 0.0 89.38 0.0
S075938 130.209 69.7315 3.171e-17 6.351e-17 1.962e-16 0.0 89.12 0.0
S075939 130.1857 69.7255 1.718e-17 1.533e-17 8.919e-18 0.0 87.42 0.0
S075940 130.1971 69.7259 1.0459999999999999e-22 2.6329999999999997e-22 1.276e-21 0.0 89.64 0.0
S075941 130.155 69.7188 6.129e-24 1.885e-23 1.359e-22 0.0 87.25 0.0
S075942 130.1841 69.7353 2.0659999999999998e-22 4.2709999999999995e-22 1.41e-21 0.0 87.66 0.0
S075943 130.2242 69.6802 3.6269999999999996e-22 8.3279999999999995e-22 3.504e-21 0.0 89.54 0.0
S075944 130.1384 69.7156 1.033e-19 1.458e-19 2.116e-19 0.0 87.37 0.0
S075945 130.2375 69.7316 2.69e-17 4.645e-17 1.036e-16 0.0 89.6 0.0
S075946 130.1618 69.817 3.7640000000000005e-20 5.85e-20 1.057e-19 0.0 87.63 0.0
S075947 130.2216 69.7133 1.4169999999999999e-22 3.3499999999999995e-22 1.4550000000000001e-21 0.0 89.68 0.0
S075948 130.1894 69.7008 2.331e-18 2.449e-18 2e-18 0.0 88.7 0.0
S075949 130.2275 69.7124 6.184e-18 6.165e-18 4.383e-18 0.0 89.74 0.0
S075950 130.1052 69.6498 2.5279999999999997e-22 6.19e-22 2.97e-21 0.0 87.83 0.0
S075951 130.1914 69.7258 3.19e-20 4.7570000000000006e-20 7.818000000000001e-20 0.0 87.61 0.0
S075952 130.2207 69.7625 4.506e-18 4.811e-18 3.808e-18 0.0 88.68 0.0
S075953 130.1589 69.8291 2.835e-18 2.945e-18 2.332e-18 0.0 87.76 0.0
S075954 130.1764 69.7447 1.511e-18 1.727e-18 1.598e-18 0.0 87.31 0.0
S075955 130.1937 69.7205 4.036e-19 4.836e-19 5.247e-19 0.0 88.61 0.0
S075956 130.2093 69.7288 4.9059999999999997e-23 1.4129999999999999e-22 8.947999999999998e-22 0.0 89.22 0.0
S075957 130.1981 69.7236 2.2079999999999996e-22 5.2e-22 2.283e-21 0.0 89.36 0.0
S075958 130.1951 69.7108 1.961e-21 3.697e-21 9.959e-21 0.0 88.85 0.0
S075959 130.2695 69.7329 1.1079999999999998e-22 2.8929999999999997e-22 1.499e-21 0.0 89.75 0.0
S075960 130.1979 69.7347 4.0210000000000006e-26 2.408e-25 7.048e-24 0.0 88.47 0.0
S075961 130.1954 69.724 1.197e-12 9.721e-13 4.648e-13 0.0 88.57 1.0
S075962 130.235 69.6938 1.384e-19 1.871e-19 2.541e-19 0.0 89.64 0.0
S075963 130.2137 69.7215 9.731e-23 2.4169999999999997e-22 1.144e-21 0.0 89.6 0.0
S075964 130.1805 69.6767 2.343e-21 1.607e-21 5.684e-22 0.0 88.48 0.0
S075965 130.1907 69.6716 3.1669999999999997e-22 6.924999999999999e-22 2.584e-21 0.0 88.53 0.0
S075966 130.1918 69.7055 6.836999999999999e-22 1.527e-21 5.792e-21 0.0 88.64 0.0
S075967 130.2091 69.7298 7.941e-18 1.402e-17 3.22e-17 0.0 89.35 0.0
S075968 130.2345 69.7259 3.086e-17 5.485e-17 1.368e-16 0.0 89.85 0.0
S075969 130.1856 69.7252 7.008e-19 8.382e-19 8.343e-19 0.0 87.57 0.0
S075970 130.1819 69.8075 4.848e-23 1.2679999999999998e-22 6.720999999999999e-22 0.0 87.94 0.0
S075971 130.1982 69.7311 6.597e-17 1.112e-16 2.381e-16 0.0 88.81 0.0
S075972 130.175 69.7475 5.1289999999999995e-23 1.359e-22 7.2579999999999995e-22 0.0 87.43 0.0
S075973 130.2179 69.7251 5.39e-17 8.769e-17 1.698e-16 0.0 89.63 0.0
S075974 130.1825 69.6749 4.191e-24 1.295e-23 9.999999999999999e-23 0.0 88.47 0.0
S075975 130.1898 69.7479 1.299e-23 3.808e-23 2.629e-22 0.0 88.07 0.0
S075976 130.3079 69.7072 2.4849999999999998e-22 6.093999999999999e-22 2.9e-21 0.0 89.82 0.0
S075977 130.1856 69.7195 1.853e-17 4.173e-17 1.622e-16 0.0 87.97 0.0
S075978 130.2108 69.7711 3.433e-21 6.997e-21 2.219e-20 0.0 88.36 0.0
S075979 130.121 69.666 3.7370000000000004e-20 6.161e-20 1.222e-19 0.0 87.92 0.0
S075980 130.2087 69.7376 7.847999999999999e-23 1.856e-22 8.286e-22 0.0 88.96 0.0
S075981 130.1626 69.7438 3.4070000000000003e-20 5.1190000000000003e-20 8.456000000000001e-20 0.0 87.05 0.0
S075982 130.2064 69.7198 4.886e-20 7.485e-20 1.303e-19 0.0 89.58 0.0
S075983 130.2729 69.7419 7.379e-23 1.785e-22 7.932999999999999e-22 0.0 89.68 0.0
S075984 130.1412 69.7302 9.851e-19 1.188e-18 1.257e-18 0.0 87.06 0.0
S075985 130.1919 69.7345 2.475e-23 7.063e-23 4.536999999999999e-22 0.0 87.91 0.0
S075986 130.2703 69.6548 2.131e-22 5.313e-22 2.518e-21 0.0 89.8 0.0
S075987 130.1839 69.7894 1.231e-19 1.635e-19 2.042e-19 0.0 87.66 0.0
S075988 130.2244 69.7493 8.395e-23 2.1849999999999996e-22 1.121e-21 0.0 89.02 0.0
S075989 130.1967 69.739 4.362e-20 6.512e-20 1.055e-19 0.0 88.25 0.0
S075990 130.171 69.7493 2.8740000000000002e-21 5.466e-21 1.4850000000000002e-20 0.0 87.27 0.0
S075991 130.201 69.7286 5.009e-21 9.16e-21 2.3620000000000002e-20 0.0 89.07 0.0
S075992 130.323 69.7248 1.222e-18 1.391e-18 1.291e-18 0.0 89.75 0.0
S075993 130.2326 69.7594 1.493e-21 2.8560000000000002e-21 7.792e-21 0.0 88.93 0.0
S075994 130.1965 69.7293 1.416e-18 1.492e-18 1.181e-18 0.0 89.02 0.0
S075995 130.2163 69.7207 1.55e-23 4.1909999999999997e-23 2.369e-22 0.0 89.5 0.0
S075996 130.1934 69.7336 4.239e-19 5.031e-19 5.183e-19 0.0 87.94 0.0
S075997 130.2033 69.7205 5.069e-21 9.024000000000001e-21 2.077e-20 0.0 89.49 0.0
S075998 130.1127 69.7254 9.157e-21 1.6690000000000002e-20 4.0490000000000003e-20 0.0 87.18 0.0
S075999 130.1689 69.7312 2.3729999999999997e-22 5.304999999999999e-22 1.983e-21 0.0 87.1 0.0
S076000 130.2133 69.7398 1.1199999999999999e-23 3.455e-23 2.7419999999999996e-22 0.001 89.1 0.0
S076001 130.1911 69.7064 2.086e-19 2.715e-19 3.499e-19 0.0 88.58 0.0
S076002 130.1933 69.7254 2.088e-23 5.86e-23 3.4729999999999998e-22 0.0 87.14 0.0
S076003 130.1903 69.6965 7.778e-23 1.993e-22 1.005e-21 0.0 88.65 0.0
S076004 130.198 69.6967 3.631e-24 1.191e-23 1.062e-22 0.0 88.97 0.0
S076005 130.3409 69.7301 1.585e-21 1.15e-21 4.384999999999999e-22 0.0 89.82 0.0
S076006 130.3381 69.7512 4.516e-19 5.538e-19 6.159e-19 0.0 89.65 0.0
S076007 130.2598 69.8291 5.022e-19 6.179e-19 6.582e-19 0.0 88.72 0.0
S076008 130.1961 69.7246 7.142999999999999e-23 2.125e-22 1.465e-21 0.0 88.75 0.0
S076009 130.1706 69.7489 2.557e-21 1.734e-21 5.893e-22 0.0 87.36 0.0
S076010 130.1901 69.7298 4.9780000000000006e-20 7.207000000000001e-20 1.113e-19 0.0 87.59 0.0
S076011 130.13 69.7089 2.472e-22 6.457e-22 3.455e-21 0.0 87.31 0.0
S076012 130.2809 69.6594 5.378e-19 6.327e-19 6.405e-19 0.0 89.74 0.0
S076013 130.1915 69.7249 2.0000000000000002e-21 3.932e-21 1.1890000000000002e-20 0.0 87.45 0.0
S076014 130.3151 69.797 2.865e-19 3.859e-19 5.12e-19 0.0 89.36 0.0
S076015 130.1948 69.6922 1.117e-17 2.045e-17 5.074e-17 0.0 88.8 0.0
S076016 130.1869 69.7229 5.792e-23 1.5969999999999997e-22 9.454999999999998e-22 0.0 87.76 0.0
S076017 130.2108 69.7474 1.2519999999999998e-22 3.1219999999999996e-22 1.534e-21 0.0 88.66 0.0
S076018 130.182 69.7318 5.0710000000000003e-20 7.159e-20 1.043e-19 0.0 87.27 0.0
S076019 130.1967 69.7279 9.026e-20 1.289e-19 1.97e-19 0.0 88.76 0.0
S076020 130.1985 69.7375 1.5459999999999998e-22 4.0709999999999995e-22 2.229e-21 0.0 88.46 0.0
S076021 130.094 69.7498 1.0240000000000001e-21 2.183e-21 7.691e-21 0.0 87.16 0.0
S076022 130.1913 69.7263 1.22e-17 1.88e-17 3.457e-17 0.0 87.98 0.0
S076023 130.1956 69.7196 5.275e-18 5.191e-18 3.598e-18 0.0 88.7 0.0
S076024 130.2871 69.7399 4.9380000000000005e-20 7.437000000000001e-20 1.264e-19 0.0 89.69 0.0
S076025 130.1862 69.7294 6.318999999999999e-22 1.43e-21 5.683e-21 0.0 87.54 0.0
S076026 130.2382 69.7223 4.112e-24 1.2589999999999999e-23 8.968999999999999e-23 0.0 89.83 0.0
S076027 130.2304 69.6432 9.419e-18 1.916e-17 5.955e-17 0.0 89.14 0.0
S076028 130.1765 69.7697 7.018999999999999e-22 1.444e-21 4.799e-21 0.0 87.66 0.0
S076029 130.3357 69.7922 2.003e-23 6.614e-23 5.673e-22 0.0 89.41 0.0
S076030 130.1707 69.7211 3.3940000000000004e-21 6.288e-21 1.6650000000000002e-20 0.0 87.36 0.0
S076031 130.2172 69.7569 5.789e-23 1.37e-22 5.869999999999999e-22 0.0 88.69 0.0
S076032 130.1129 69.7117 1.688e-20 2.836e-20 5.896e-20 0.0 87.39 0.0
S076033 130.1662 69.7126 2.304e-17 1.999e-17 1.113e-17 0.0 87.57 0.0
S076034 130.1838 69.7176 2.191e-17 4.18e-17 1.142e-16 0.0 87.89 0.0
S076035 130.1698 69.6855 6.495999999999999e-23 1.6049999999999998e-22 7.626999999999999e-22 0.0 88.13 0.0
S076036 130.1455 69.7192 4.233e-18 4.303e-18 3.227e-18 0.0 87.39 0.0
S076037 130.1927 69.7266 1.361e-23 4.8729999999999996e-23 4.877999999999999e-22 0.0 88.03 0.0
S076038 130.191 69.7143 6.065e-19 7.259e-19 7.448e-19 0.0 88.44 0.0
S076039 130.2024 69.7516 1.2499999999999999e-23 3.613e-23 2.426e-22 0.0 88.43 0.0
S076040 130.2219 69.735 6.56e-23 1.6539999999999998e-22 8.138999999999999e-22 0.0 89.42 0.0
S076041 130.177 69.6492 9.99e-13 8.434e-13 4.342e-13 0.0 88.63 1.0
S076042 130.2082 69.7236 3.666e-23 9.4e-23 4.830999999999999e-22 0.0 89.43 0.0
S076043 130.2217 69.7328 3.219e-19 4.038e-19 4.675e-19 0.0 89.54 0.0
S076044 130.2184 69.7196 9.117e-24 2.664e-23 1.8689999999999998e-22 0.0 89.72 0.0
S076045 130.2273 69.7835 4.406e-21 8.042e-21 2.074e-20 0.0 88.7 0.0
S076046 130.1807 69.7146 4.573e-23 1.291e-22 8.3429999999999995e-22 0.0 88.08 0.0
S076047 130.1776 69.7499 4.921999999999999e-22 1.065e-21 3.782e-21 0.0 87.47 0.0
S076048 130.2178 69.6847 9.630000000000001e-20 1.284e-19 1.685e-19 0.0 89.41 0.0
S076049 130.1791 69.7079 2.825e-21 1.938e-21 6.417999999999999e-22 0.0 87.94 0.0
S076050 130.222 69.7242 3.8099999999999995e-22 7.908999999999999e-22 2.487e-21 0.0 89.82 0.0
S076051 130.2021 69.7291 8.228e-18 7.805e-18 5.228e-18 0.0 88.78 0.0
S076052 130.2251 69.731 5.263e-18 5.157e-18 3.666e-18 0.0 89.28 0.0
S076053 130.238 69.7172 3.6740000000000005e-20 5.621e-20 9.773000000000001e-20 0.0 89.78 0.0
S076054 130.1997 69.7022 1.4559999999999998e-22 3.646e-22 1.836e-21 0.0 88.85 0.0
S076055 130.178 69.7199 2.807e-17 6.017e-17 2.089e-16 0.0 87.29 0.0
S076056 130.2236 69.6859 1.832e-20 3.0330000000000004e-20 6.32e-20 0.0 89.68 0.0
S076057 130.1951 69.7049 1.144e-21 2.38e-21 7.777e-21 0.0 89.1 0.0
S076058 130.194 69.714 5.667e-19 7.272e-19 8.511e-19 0.0 89.64 0.0
S076059 130.1893 69.709 3.404e-17 3.035e-17 1.664e-17 0.0 88.49 0.0
S076060 130.1906 69.7433 1.675e-17 1.487e-17 8.416e-18 0.0 87.66 1.0
S076061 130.2175 69.7137 2.724e-21 5.089e-21 1.3330000000000001e-20 0.0 89.67 0.0
S076062 130.1558 69.7442 5.378e-13 3.679e-13 1.254e-13 0.0 87.01 0.0
S076063 130.2227 69.7193 1.5729999999999999e-22 4.0769999999999994e-22 2.124e-21 0.0 89.73 0.0
S076064 130.2178 69.7098 3.455e-17 3.019e-17 1.654e-17 0.0 89.61 0.0
S076065 130.2094 69.723 5.671e-19 6.86e-19 7.273e-19 0.0 89.57 0.0
S076066 130.2056 69.7247 3.505e-22 8.933e-22 4.534e-21 0.0 89.24 0.0
S076067 130.2049 69.7371 3.56e-19 4.292e-19 4.588e-19 0.001 88.78 0.0
S076068 130.2194 69.7326 4.385e-17 6.484e-17 1.056e-16 0.0 89.34 0.0
S076069 130.1944 69.7223 2.492e-17 2.198e-17 1.178e-17 0.0 88.69 0.0
S076070 130.1467 69.7563 1.538e-18 1.703e-18 1.518e-18 0.0 87.02 0.0
S076071 130.1987 69.7117 5.061e-17 4.306e-17 2.258e-17 0.0 89.03 0.0
S076072 130.1836 69.7473 4.314e-21 8.022e-21 2.046e-20 0.0 87.0 0.0
S076073 130.1892 69.7013 1.161e-20 1.98e-20 4.2530000000000006e-20 0.001 88.75 0.0
S076074 130.19 69.7184 1.178e-21 2.376e-21 7.452e-21 0.0 88.05 0.0
S076075 130.2008 69.7506 3.603e-21 6.716e-21 1.821e-20 0.0 88.18 0.0
S076076 130.1453 69.7332 1.081e-12 7.781e-13 2.907e-13 0.0 87.01 0.0
S076077 130.1839 69.7271 4.318e-17 7.059e-17 1.38e-16 0.0 87.76 0.0
S076078 130.1653 69.7145 2.012e-17 1.805e-17 1.043e-17 0.0 87.4 0.0
S076079 130.2219 69.7084 1.901e-17 1.672e-17 9.198e-18 0.0 89.54 0.0
S076080 130.181 69.7333 2.087e-18 2.2e-18 1.766e-18 0.0 87.39 0.0
S076081 130.1837 69.729 2.19e-18 2.394e-18 2.091e-18 0.0 87.64 0.0
S076082 130.1878 69.7506 1.19e-18 1.316e-18 1.163e-18 0.0 87.8 0.0
S076083 130.1664 69.7071 1.926e-17 1.88e-17 1.271e-17 0.0 87.43 0.0
S076084 130.201 69.7223 2.61e-21 5.221e-21 1.57e-20 0.0 89.21 0.0
S076085 130.1979 69.7453 2.177e-21 4.379e-21 1.3850000000000002e-20 0.0 87.97 0.0
S076086 130.1839 69.747 1.803e-21 3.809e-21 1.2830000000000001e-20 0.0 87.76 0.0
S076087 130.2031 69.7373 2.208e-17 3.653e-17 7.186e-17 0.0 88.65 0.0
S076088 130.2322 69.7243 1.613e-17 2.942e-17 7.291e-17 0.0 89.75 0.0
S076089 130.1976 69.7164 1.291e-18 1.411e-18 1.207e-18 0.0 88.86 0.0
S076090 130.1832 69.7108 2.03e-19 2.728e-19 3.515e-19 0.0 87.6 0.0
S076091 130.1718 69.7289 1.264e-23 4.111e-23 3.5669999999999996e-22 0.0 87.25 0.0
S076092 130.1918 69.7515 8.921e-20 1.218e-19 1.651e-19 0.0 87.97 0.0
S076093 130.1685 69.7449 2.733e-18 2.962e-18 2.492e-18 0.0 87.07 0.0
S076094 130.1978 69.7414 2.2609999999999997e-22 6.119e-22 3.589e-21 0.0 88.42 0.0
S076095 130.2099 69.7505 7.356e-13 5.284e-13 2.009e-13 0.0 89.01 0.0
S076096 130.2392 69.7175 8.213999999999999e-22 1.8e-21 6.337e-21 0.0 89.84 0.0
S076097 130.1515 69.7263 6.598e-18 9.983e-18 1.715e-17 0.001 87.08 0.0
S076098 130.1748 69.7358 1.2030000000000002e-20 1.9850000000000003e-20 4.1930000000000004e-20 0.001 87.24 0.0
S076099 130.1911 69.7148 1.075e-18 1.197e-18 1.107e-18 0.0 88.4 0.0
S076100 130.1697 69.7406 2.8609999999999996e-23 7.521e-23 3.9169999999999996e-22 0.0 87.19 0.0
S076101 130.2116 69.7165 3.572e-18 3.654e-18 2.715e-18 0.0 89.52 0.0
S076102 130.163 69.7215 6.537e-17 5.28e-17 2.528e-17 0.0 87.34 0.0
S076103 130.1579 69.7305 1.153e-18 1.408e-18 1.502e-18 0.0 87.16 0.0
S076104 130.2191 69.7249 2.3390000000000002e-21 1.632e-21 5.67e-22 0.0 89.28 0.0
S076105 130.1656 69.7376 6.349999999999999e-22 1.508e-21 6.5920000000000004e-21 0.0 87.15 0.0
S076106 130.1917 69.7362 4.227e-23 1.274e-22 9.143e-22 0.0 87.7 0.0
S076107 130.2359 69.7095 1.507e-19 2.113e-19 3.033e-19 0.0 89.85 0.0
S076108 130.2172 69.7085 3.6279999999999997e-22 8.941e-22 4.058e-21 0.0 89.35 0.0
S076109 130.2193 69.7387 3.891e-16 2.831e-16 1.117e-16 0.0 88.92 0.0
S076110 130.1915 69.7312 1.983e-26 1.2440000000000002e-25 4.0889999999999996e-24 0.0 87.43 0.0
S076111 130.1743 69.7267 3.599e-21 6.982e-21 1.974e-20 0.0 87.38 0.0
S076112 130.1981 69.7188 6.18e-20 9.085000000000001e-20 1.447e-19 0.0 88.78 0.0
S076113 130.1855 69.7148 4.307e-19 5.497e-19 6.559e-19 0.0 87.98 0.0
S076114 130.2119 69.7444 8.531e-13 6.061e-13 2.314e-13 0.0 89.42 0.0
S076115 130.2011 69.7135 1.264e-18 1.504e-18 1.524e-18 0.0 89.44 0.0
S076116 130.1967 69.7414 1.331e-21 2.776e-21 9.231e-21 0.0 88.0 0.0
S076117 130.1911 69.7602 2.8679999999999995e-22 6.46e-22 2.484e-21 0.0 87.65 0.0
S076118 130.2122 69.7287 1.485e-18 1.666e-18 1.482e-18 0.0 89.41 0.0
S076119 130.1959 69.7428 1.84e-17 3.769e-17 1.198e-16 0.0 88.11 0.0
S076120 130.1992 69.7199 5.1170000000000005e-20 7.344e-20 1.116e-19 0.0 89.46 0.0
S076121 130.2161 69.7292 1.715e-24 5.976e-24 5.9e-23 0.0 89.62 0.0
S076122 130.1922 69.6877 4.894e-18 4.751e-18 3.205e-18 0.0 88.77 0.0
S076123 130.1977 69.742 1.442e-17 2.582e-17 6.453e-17 0.0 88.34 0.0
S076124 130.1786 69.7041 1.89e-17 3.361e-17 8.271e-17 0.0 88.09 0.0
S076125 130.2013 69.7118 2.346e-21 1.637e-21 5.6829999999999995e-22 0.0 88.97 0.0
S076126 130.1796 69.7056 1.777e-23 4.589e-23 2.51e-22 0.001 88.01 0.0
S076127 130.1759 69.7272 1.261e-19 1.712e-19 2.383e-19 0.0 87.51 0.0
S076128 130.1813 69.7313 9.063e-19 1.062e-18 1.038e-18 0.0 87.46 0.0
S076129 130.2091 69.729 8.409e-19 9.722e-19 9.542e-19 0.0 89.2 0.0
S076130 130.1758 69.7238 1.81e-17 3.769e-17 1.263e-16 0.0 87.28 0.0
S076131 130.1706 69.7135 2.609e-19 3.28e-19 3.81e-19 0.0 87.72 0.0
S076132 130.1636 69.7447 2.131e-17 1.904e-17 1.086e-17 0.0 87.37 0.0
S076133 130.1924 69.7124 2.066e-17 1.837e-17 1.054e-17 0.0 88.58 0.0
S076134 130.1974 69.7244 1.736e-20 2.8320000000000005e-20 5.542000000000001e-20 0.0 88.54 0.0
S076135 130.1948 69.7254 1e-19 1.356e-19 1.841e-19 0.0 88.31 0.0
S076136 130.1913 69.7424 8.568999999999999e-22 2.079e-21 9.462e-21 0.0 87.34 0.0
S076137 130.174 69.7003 7.037e-23 1.9069999999999999e-22 1.047e-21 0.0 87.84 0.0
S076138 130.193 69.734 3.451e-17 3.042e-17 1.63e-17 0.0 88.26 0.0
S076139 130.1663 69.7192 2.2760000000000002e-20 3.684e-20 7.360000000000001e-20 0.0 87.16 0.0
S076140 130.1784 69.7618 4.927e-19 6.132e-19 6.987e-19 0.0 87.25 0.0
S076141 130.1954 69.7299 1.507e-21 1.1070000000000001e-21 4.309e-22 0.0 88.43 0.0
S076142 130.1668 69.7367 1.304e-16 1.034e-16 4.753e-17 0.0 87.18 0.0
S076143 130.2197 69.7413 2.957e-17 4.6e-17 7.985e-17 0.0 89.51 0.0
S076144 130.1897 69.7251 3.847e-17 3.221e-17 1.677e-17 0.0 88.35 0.0
S076145 130.1846 69.7489 2.443e-13 2.653e-13 2.26e-13 0.0 87.5 0.0
S076146 130.2211 69.7021 1.3990000000000002e-20 2.3400000000000003e-20 4.9440000000000005e-20 0.0 89.47 0.0
S076147 130.1862 69.7224 6.818e-19 8.345e-19 8.859e-19 0.0 87.8 0.0
S076148 130.2117 69.7449 3.484e-24 1.1019999999999999e-23 8.681e-23 0.0 89.06 0.0
S076149 130.1675 69.7095 3.1189999999999998e-24 1.1059999999999999e-23 1.0929999999999998e-22 0.0 87.58 0.0
S076150 130.1989 69.7044 9.107e-23 2.3049999999999997e-22 1.164e-21 0.0 88.91 0.0
S076151 130.1865 69.7263 2.865e-21 5.561e-21 1.618e-20 0.0 87.4 0.0
S076152 130.1776 69.73 3.902e-18 4.16e-18 3.309e-18 0.0 87.47 0.0
S076153 130.2051 69.7299 4.046e-21 7.708e-21 2.1450000000000002e-20 0.0 88.93 0.0
S076154 130.2069 69.6762 1.387e-16 1.138e-16 5.699e-17 0.0 89.0 0.0
S076155 130.1956 69.7219 5.987e-21 1.109e-20 2.961e-20 0.0 88.66 0.0
S076156 130.1867 69.7057 1.618e-20 2.748e-20 5.595e-20 0.0 88.4 0.0
S076157 130.1963 69.7446 1.106e-18 1.179e-18 9.657e-19 0.0 87.78 0.0
S076158 130.1943 69.7133 1.26e-17 1.198e-17 8.034e-18 0.0 89.54 0.0
S076159 130.203 69.7455 2.861e-19 3.533e-19 3.97e-19 0.0 88.43 0.0
S076160 130.1898 69.7206 3.1579999999999996e-22 7.214e-22 2.784e-21 0.0 87.84 0.0
S076161 130.1928 69.7013 7.572000000000001e-21 1.3330000000000001e-20 3.105e-20 0.0 88.89 0.0
S076162 130.1821 69.7203 1.311e-19 1.78e-19 2.376e-19 0.0 87.83 0.0
S076163 130.1966 69.7345 6.172e-18 6.094e-18 4.105e-18 0.0 88.28 0.0
S076164 130.2212 69.7256 2.466e-21 1.7150000000000002e-21 5.904999999999999e-22 0.0 89.74 0.0
S076165 130.1839 69.701 3.449e-17 2.803e-17 1.367e-17 0.0 88.47 0.0
S076166 130.1922 69.7319 3.237e-18 3.359e-18 2.606e-18 0.0 87.63 0.0
S076167 130.191 69.7151 9.205e-23 2.7419999999999996e-22 1.907e-21 0.0 88.19 0.0
S076168 130.1931 69.7365 2.923e-21 1.994e-21 6.646999999999999e-22 0.0 88.21 0.0
S076169 130.2086 69.7341 6.702e-19 7.606e-19 7.29e-19 0.0 88.94 0.0
S076170 130.2308 69.7437 1.997e-16 1.571e-16 6.864e-17 0.0 89.46 1.0
S076171 130.2225 69.7353 6.558e-17 5.417e-17 2.632e-17 0.0 89.2 0.0
S076172 130.1841 69.7151 4.1919999999999997e-22 1.034e-21 4.888e-21 0.0 87.5 0.0
S076173 130.254 69.712 2.504e-21 5.169e-21 1.645e-20 0.0 89.97 0.0
S076174 130.183 69.7254 2.878e-21 1.947e-21 6.472e-22 0.0 87.7 0.0
S076175 130.183 69.7244 2.846e-21 5.561e-21 1.619e-20 0.0 87.82 1.0
S076176 130.154 69.705 9.562e-23 2.3869999999999997e-22 1.155e-21 0.0 87.71 0.0
S076177 130.186 69.714 9.809e-19 1.079e-18 9.643e-19 0.0 88.21 0.0
S076178 130.1666 69.716 2.136e-21 4.398e-21 1.435e-20 0.0 87.34 0.0
S076179 130.2035 69.7499 1.266e-18 1.419e-18 1.251e-18 0.0 88.38 0.0
S076180 130.1817 69.7554 1.694e-17 3.216e-17 8.695e-17 0.0 87.46 0.0
S076181 130.1817 69.726 3.7500000000000005e-20 5.96e-20 1.11e-19 0.0 87.52 0.0
S076182 130.2419 69.7195 2.616e-23 7.002e-23 3.8569999999999996e-22 0.0 89.79 0.0
S076183 130.1775 69.7348 1.4400000000000001e-21 2.95e-21 9.454e-21 0.0 87.22 0.0
S076184 130.1611 69.7256 4.088e-23 1.155e-22 7.381e-22 0.0 87.06 0.0
S076185 130.1918 69.7474 7.333e-22 1.736e-21 7.549e-21 0.0 87.91 0.0
S076186 130.1873 69.7348 6.929e-19 7.871e-19 7.388e-19 0.0 87.67 0.0
S076187 130.1936 69.7052 1.318e-12 9.845e-13 4.009e-13 0.0 88.77 0.0
S076188 130.2013 69.7297 2.5e-17 2.077e-17 1.012e-17 0.0 88.95 0.0
S076189 130.1926 69.7313 4.286e-25 1.789e-24 2.5179999999999999e-23 0.0 87.73 0.0
S076190 130.2128 69.7256 4.142e-18 4.273e-18 3.433e-18 0.0 89.48 0.0
S076191 130.1771 69.7336 5.291e-17 1.262e-16 5.399e-16 0.0 87.19 1.0
S076192 130.1546 69.7163 4.135e-18 4.355e-18 3.465e-18 0.0 87.31 0.0
S076193 130.2026 69.7629 1.819e-22 3.9479999999999997e-22 1.463e-21 0.0 88.11 0.0
S076194 130.1927 69.7005 1.742e-20 2.8670000000000004e-20 5.759e-20 0.0 88.98 0.0
S076195 130.1932 69.7324 7.854e-27 5.299000000000001e-26 2.107e-24 0.0 87.68 0.0
S076196 130.163 69.7496 1.844e-12 1.439e-12 6.605e-13 0.0 87.19 1.0
S076197 130.1976 69.7098 7.841e-19 8.821e-19 8.169e-19 0.0 89.46 0.0
S076198 130.1516 69.7446 4.417e-19 5.202e-19 5.353e-19 0.0 87.03 0.0
S076199 130.1731 69.7332 2.163e-17 3.771e-17 8.199e-17 0.0 87.17 0.0
S076200 130.1769 69.7083 5.2980000000000004e-20 7.624000000000001e-20 1.206e-19 0.0 87.82 0.0
S076201 130.2234 69.7264 8.568e-13 5.927e-13 2.146e-13 0.0 89.8 0.0
S076202 130.1984 69.7314 3.988e-20 5.982000000000001e-20 1.017e-19 0.0 88.78 0.0
S076203 130.1737 69.7124 1.235e-16 1.005e-16 4.889e-17 0.0 87.56 0.0
S076204 130.2259 69.7211 1.388e-22 3.8799999999999997e-22 2.372e-21 0.0 89.58 0.0
S076205 130.1726 69.7225 7.24e-23 1.93e-22 1.08e-21 0.0 87.24 0.0
S076206 130.2079 69.7091 2.657e-13 1.798e-13 6.034e-14 0.0 89.53 0.0
S076207 130.2043 69.7577 1.511e-15 1.077e-15 4.04e-16 0.0 88.35 0.0
S076208 130.2171 69.74 3.158e-24 1.1499999999999999e-23 1.2379999999999998e-22 0.0 89.16 0.0
S076209 130.1881 69.7564 2.042e-19 2.532e-19 2.898e-19 0.0 87.53 0.0
S076210 130.1912 69.7449 1.663e-20 2.8390000000000005e-20 6.123e-20 0.0 87.44 0.0
S076211 130.224 69.7147 6.408999999999999e-23 1.86e-22 1.2e-21 0.0 89.67 0.0
S076212 130.2252 69.7331 5.995e-18 5.874e-18 4.183e-18 0.0 89.86 0.0
S076213 130.1696 69.7398 1.6269999999999998e-22 4.261e-22 2.3e-21 0.0 87.26 0.0
S076214 130.2203 69.7343 1.966e-21 1.38e-21 4.949999999999999e-22 0.0 89.47 0.0
S076215 130.2325 69.7217 1.2039999999999998e-22 3.104e-22 1.617e-21 0.0 89.98 0.0
S076216 130.1657 69.7324 2.32e-17 4.875e-17 1.687e-16 0.0 87.35 0.0
S076217 130.1831 69.7146 4.755e-13 3.315e-13 1.171e-13 0.0 87.37 0.0
S076218 130.187 69.7123 1.222e-22 3.429e-22 2.0420000000000002e-21 0.0 87.87 0.0
S076219 130.1852 69.7475 5.1780000000000006e-20 7.597e-20 1.211e-19 0.0 87.88 0.0
S076220 130.182 69.7379 2.108e-24 7.315e-24 7.157e-23 0.0 87.57 0.0
S076221 130.2114 69.7224 2.988e-21 2.004e-21 6.492999999999999e-22 0.0 89.47 0.0
S076222 130.171 69.7326 3.7730000000000003e-20 5.830000000000001e-20 1.051e-19 0.0 87.31 0.0
S076223 130.2076 69.7034 5.484e-17 4.575e-17 2.402e-17 0.0 89.15 0.0
S076224 130.1898 69.7103 1.774e-20 2.9e-20 5.718e-20 0.0 88.53 1.0
S076225 130.1836 69.7113 2.816e-17 4.944e-17 1.142e-16 0.0 87.52 0.0
S076226 130.2055 69.6913 1.297e-18 1.474e-18 1.372e-18 0.0 89.24 0.0
S076227 130.2182 69.7326 3.051e-18 3.096e-18 2.34e-18 0.0 89.54 0.0
S076228 130.2101 69.7151 2.429e-17 5.527e-17 2.179e-16 0.0 89.58 0.0
S076229 130.1711 69.7378 9.052e-21 1.653e-20 4.079e-20 0.0 87.28 0.0
S076230 130.1631 69.7305 2.523e-23 7.645999999999999e-23 5.538e-22 0.0 87.1 0.0
S076231 130.1723 69.7276 3.666e-19 4.417e-19 4.736e-19 0.0 87.1 0.0
S076232 130.2266 69.7253 2.052e-21 1.457e-21 5.289999999999999e-22 0.0 89.79 0.0
S076233 130.1587 69.751 5.578e-17 9.118e-17 1.803e-16 0.001 87.24 0.0
S076234 130.2432 69.7098 1.134e-18 1.303e-18 1.243e-18 0.0 89.89 0.0
S076235 130.2332 69.7113 1.165e-21 2.331e-21 7.119e-21 0.0 89.89 0.0
S076236 130.2236 69.7203 2.131e-19 2.893e-19 3.928e-19 0.0 89.8 0.0
S076237 130.1754 69.74 1.407e-23 4.2459999999999997e-23 3.044e-22 0.0 87.22 0.0
S076238 130.1616 69.7281 2.4470000000000003e-20 3.7150000000000006e-20 6.275e-20 0.0 87.22 0.0
S076239 130.2132 69.7216 2.3209999999999997e-22 4.920999999999999e-22 1.739e-21 0.0 89.58 0.0
S076240 130.1578 69.7344 6.16e-25 2.577e-24 3.526e-23 0.0 87.15 0.0
S076241 130.2288 69.7087 1.553e-17 2.963e-17 8.484e-17 0.0 89.74 0.0
S076242 130.1636 69.7464 2.6889999999999996e-23 7.893999999999999e-23 5.503999999999999e-22 0.0 87.21 0.0
S076243 130.175 69.7236 1.027e-17 9.462e-18 5.701e-18 0.001 87.32 0.0
S076244 130.1679 69.7365 1.314e-24 4.943e-24 5.574e-23 0.0 87.28 0.0
S076245 130.1563 69.7381 1.051e-21 8.184999999999999e-22 3.5289999999999995e-22 0.0 87.12 0.0
S076246 130.2186 69.7119 2.4870000000000002e-20 4.0890000000000004e-20 7.873e-20 0.0 89.87 0.0
S076247 130.2118 69.7098 1.408e-21 1.048e-21 4.2329999999999994e-22 0.0 89.75 0.0
S076248 130.2155 69.7079 3.549e-23 9.728e-23 5.681999999999999e-22 0.0 89.77 0.0
S076249 130.2184 69.7182 1.174e-17 1.048e-17 5.919e-18 0.0 89.64 0.0
S076250 130.1697 69.7296 3.775e-23 1.113e-22 7.612999999999999e-22 0.0 87.16 0.0
S076251 130.1677 69.7299 2.286e-16 1.842e-16 8.672e-17 0.0 87.2 0.0
S076252 130.2066 69.7249 7.213e-21 1.2500000000000001e-20 2.7970000000000005e-20 0.0 89.6 0.0
S076253 130.2313 69.7142 7.741e-18 7.582e-18 5.192e-18 0.0 89.86 0.0
S076254 130.2355 69.7202 1.711e-16 1.375e-16 6.2e-17 0.0 89.9 1.0
S076255 130.1777 69.7224 2.047e-19 2.661e-19 3.19e-19 0.0 87.57 0.0
S076256 130.2172 69.7129 1.6169999999999998e-22 4.0189999999999995e-22 1.9050000000000002e-21 0.0 89.87 0.0
S076257 130.1489 69.7327 3.7609999999999996e-22 8.368999999999999e-22 3.19e-21 0.0 87.11 0.0
S076258 130.1494 69.7365 4.872e-22 1.16e-21 5.048e-21 0.0 87.13 0.0
S076259 130.2373 69.709 9.498e-18 8.806e-18 5.557e-18 0.0 89.88 0.0
S076260 130.1497 69.7432 5.309e-21 9.760000000000001e-21 2.515e-20 0.0 86.98 0.0
S076261 130.1548 69.7332 8.918e-20 1.287e-19 1.973e-19 0.0 87.17 0.0
S076262 130.239 69.7162 3.063e-21 2.008e-21 6.581999999999999e-22 0.0 89.84 0.0
S076263 130.2467 69.7033 4.337e-17 3.578e-17 1.816e-17 0.0 89.84 0.0
S076264 130.1749 69.7212 3.401e-22 8.108e-22 3.603e-21 0.0 87.19 0.0
S076265 130.2346 69.7154 2.169e-21 1.5410000000000001e-21 5.332e-22 0.0 89.95 0.0
S076266 130.2306 69.7071 1.203e-23 4.118e-23 3.8369999999999998e-22 0.001 89.8 0.0
S076267 130.2259 69.7139 1.985e-31 4.522e-30 2.333e-27 0.0 89.78 0.0
S076268 130.2388 69.7049 2.275e-19 2.807e-19 3.116e-19 0.0 89.79 0.0
S076269 130.2385 69.7076 2.382e-21 5.022e-21 1.767e-20 0.0 89.92 0.0
S076270 130.1596 69.7274 3.319e-21 6.492e-21 1.8900000000000002e-20 0.0 87.0 0.0
S076271 130.2287 69.7079 3.621e-17 3.127e-17 1.695e-17 0.0 89.82 0.0
S076272 130.1642 69.728 3.106e-19 4.233e-19 5.712e-19 0.0 87.24 0.0
S076273 130.2177 69.716 1.06e-17 2.316e-17 8.233e-17 0.0 89.73 0.0
S076274 130.2438 69.7155 2.4580000000000002e-21 1.688e-21 5.88e-22 0.0 89.81 0.0
S076275 130.2306 69.7056 9.784e-17 7.9e-17 3.733e-17 0.0 89.78 0.0
S076276 130.2392 69.7099 7.724e-19 9.49e-19 1.038e-18 0.001 89.84 0.0
S076277 130.1592 69.7313 1.516e-23 5.16e-23 4.755e-22 0.0 87.25 0.0
S076278 130.2438 69.7085 8.955000000000001e-20 1.258e-19 1.802e-19 0.0 89.69 0.0
S076279 130.1659 69.7408 1.011e-17 9.658e-18 6.423e-18 0.0 87.14 0.0
S076280 130.1486 69.7348 4.525e-17 1.03e-16 4.231e-16 0.0 87.23 1.0
S076281 130.2434 69.7143 1.093e-17 1.022e-17 6.438e-18 0.0 89.98 0.0
S076282 130.1516 69.7488 3.778e-16 2.896e-16 1.182e-16 0.0 87.04 1.0
S076283 130.2487 69.7041 6.963e-18 6.454e-18 4.016e-18 0.0 89.85 0.0
S076284 130.2262 69.7102 7.409e-17 6.08e-17 2.948e-17 0.0 89.7 0.0
S076285 130.1444 69.7367 6.466999999999999e-23 1.8419999999999997e-22 1.16e-21 0.0 87.09 0.0
S076286 130.2379 69.708 8.144e-18 7.81e-18 5.167e-18 0.0 89.8 0.0
S076287 130.2441 69.7119 4.873e-13 4.621e-13 3.026e-13 0.0 89.81 1.0
S076288 130.2402 69.7159 3.232e-17 2.832e-17 1.54e-17 0.0 89.76 0.0
S076289 130.1594 69.7384 1.581e-17 3.355e-17 1.137e-16 0.0 87.05 0.0
S076290 130.1364 69.7455 1.485e-19 1.969e-19 2.536e-19 0.0 87.13 0.0
S076291 130.1591 69.7439 1.371e-12 1.087e-12 4.934e-13 0.0 87.15 1.0
S076292 130.1372 69.7401 1.942e-17 3.265e-17 6.889e-17 0.0 87.18 0.0
S076293 130.1759 69.7428 2.237e-24 7.632e-24 7.333e-23 0.0 87.29 0.0
S076294 130.1483 69.7429 5.18e-24 1.701e-23 1.425e-22 0.0 87.01 0.0
S076295 130.1588 69.7375 8.317000000000001e-25 3.232e-24 4.0509999999999997e-23 0.0 87.09 0.0
S076296 130.2185 69.7217 1.537e-19 2.081e-19 2.812e-19 0.0 89.57 0.0
S076297 130.1673 69.7418 7.677e-21 1.3750000000000002e-20 3.1500000000000005e-20 0.0 87.29 0.0
S076298 130.2402 69.7153 1.341e-17 2.477e-17 6.372e-17 0.0 89.91 0.0
S076299 130.1341 69.7475 2.157e-21 4.348e-21 1.388e-20 0.0 87.19 0.0
S076300 130.2352 69.7165 2.9860000000000003e-20 4.657e-20 8.319000000000001e-20 0.0 89.89 0.0
S076301 130.2401 69.7105 8.09e-23 2.3429999999999997e-22 1.475e-21 0.0 90.01 0.0
S076302 130.2438 69.7017 2.201e-17 1.99e-17 1.163e-17 0.0 89.7 0.0
S076303 130.1432 69.7412 1.261e-18 1.403e-18 1.235e-18 0.0 87.06 0.0
S076304 130.2468 69.71 9.069000000000001e-20 1.406e-19 2.487e-19 0.0 89.83 0.0
S076305 130.236 69.7071 6.743e-18 1.067e-17 2.03e-17 0.0 89.64 0.0
S076306 130.2491 69.7153 1.002e-21 2.252e-21 8.75e-21 0.001 89.81 0.0
S076307 130.2324 69.7158 1.949e-17 1.743e-17 1.007e-17 0.0 89.92 0.0
S076308 130.238 69.7217 6.503e-21 1.123e-20 2.502e-20 0.0 89.88 0.0
S076309 130.2603 69.6991 4.404e-17 7.794e-17 1.865e-16 0.0 89.89 0.0
S076310 130.2479 69.7089 2.336e-18 2.401e-18 1.823e-18 0.0 89.76 1.0
S076311 130.1511 69.736 6.019e-19 6.753e-19 6.266e-19 0.001 87.03 0.0
S076312 130.1631 69.7271 1.482e-17 2.166e-17 3.427e-17 0.0 87.37 0.0
S076313 130.1503 69.7533 6.153000000000001e-20 8.926000000000001e-20 1.395e-19 0.0 87.1 0.0
S076314 130.2491 69.7092 1.2270000000000002e-20 2.16e-20 4.935e-20 0.0 89.76 0.0
S076315 130.142 69.7416 3.862e-17 9.161e-17 3.892e-16 0.0 86.96 1.0
S076316 130.151 69.7439 3.571e-24 1.226e-23 1.18e-22 0.0 87.05 0.0
S076317 130.1457 69.7415 2.636e-17 6.275e-17 2.734e-16 0.0 87.1 1.0
S076318 130.2496 69.7116 1.823e-17 3.449e-17 9.78e-17 0.0 89.71 0.0
S076319 130.2569 69.7039 6.064e-17 1.402e-16 5.529e-16 0.0 89.82 1.0
S076320 130.127 69.7436 1.534e-19 2.157e-19 3.112e-19 0.0 87.03 0.0
S076321 130.1361 69.7357 1.886e-21 3.828e-21 1.1530000000000001e-20 0.0 86.98 0.0
S076322 130.235 69.7182 9.57e-19 1.115e-18 1.063e-18 0.0 89.91 0.0
S076323 130.2392 69.7102 5.0129999999999997e-23 1.28e-22 6.488e-22 0.0 89.74 0.0
S076324 130.141 69.7449 3.932e-18 4.058e-18 3.022e-18 0.0 87.17 0.0
S076325 130.1284 69.7415 5.35e-17 4.653e-17 2.523e-17 0.0 86.87 0.0
S076326 130.1483 69.7308 1.273e-17 2.718e-17 9.466e-17 0.0 87.13 0.0
S076327 130.25 69.7025 3.229e-17 5.27e-17 1.047e-16 0.0 90.1 0.0
S076328 130.1185 69.7513 2.31e-17 2.005e-17 1.092e-17 0.0 86.91 0.0
S076329 130.2633 69.7091 8.433e-23 2.3709999999999996e-22 1.53e-21 0.001 89.88 0.0
S076330 130.1234 69.7453 5.42e-19 6.707e-19 7.62e-19 0.0 87.02 0.0
S076331 130.2429 69.7059 9.157e-20 1.364e-19 2.137e-19 0.0 89.95 0.0
S076332 130.2598 69.7061 5.995999999999999e-23 1.4909999999999999e-22 7.35e-22 0.0 89.93 0.0
S076333 130.2485 69.7092 6.162e-19 7.48e-19 7.965e-19 0.0 90.07 0.0
S076334 130.2601 69.7058 7.999e-18 1.485e-17 3.975e-17 0.0 90.03 0.0
S076335 130.2456 69.7157 1.729e-17 2.809e-17 5.562e-17 0.0 89.73 0.0
S076336 130.2591 69.7111 8.023e-18 7.721e-18 5.137e-18 0.0 89.7 0.0
S076337 130.1337 69.7488 2.288e-21 4.539e-21 1.388e-20 0.0 87.06 0.0
S076338 130.2527 69.7036 6.28e-18 5.913e-18 3.781e-18 0.0 89.78 0.0
S076339 130.12 69.7519 2.479e-17 2.191e-17 1.244e-17 0.0 87.16 0.0
S076340 130.1489 69.7421 1.119e-19 1.544e-19 2.132e-19 0.0 87.07 0.0
S076341 130.1334 69.7428 2.799e-21 1.933e-21 6.556999999999999e-22 0.0 87.15 0.0
S076342 130.1299 69.7531 7.609000000000001e-21 1.381e-20 3.3910000000000005e-20 0.0 87.15 0.0
S076343 130.1415 69.7386 1.249e-18 1.393e-18 1.254e-18 0.0 86.99 0.0
S076344 130.2542 69.7147 8.612e-19 1.014e-18 1.028e-18 0.0 89.87 0.0
S076345 130.1285 69.7423 1.635e-17 1.464e-17 8.42e-18 0.0 87.12 0.0
S076346 130.2606 69.7118 2.406e-21 1.673e-21 5.808e-22 0.0 90.0 0.0
S076347 130.1343 69.7425 2.763e-17 4.572e-17 9.594e-17 0.0 87.01 0.0
S076348 130.2519 69.7045 2.6699999999999997e-22 6.167999999999999e-22 2.479e-21 0.0 89.92 0.0
S076349 130.1353 69.7494 7.661e-18 1.303e-17 2.855e-17 0.0 86.94 0.0
S076350 130.2605 69.722 4.148e-20 6.314000000000001e-20 1.049e-19 0.0 89.92 0.0
S076351 130.2565 69.6958 8.277e-15 5.518e-15 1.722e-15 0.0 89.71 0.0
S076352 130.1273 69.7457 3.496e-21 6.541e-21 1.684e-20 0.0 87.0 0.0
S076353 130.1214 69.7539 5.172999999999999e-22 1.093e-21 3.9410000000000004e-21 0.0 87.03 0.0
S076354 130.2595 69.7046 3.3570000000000005e-20 5.045e-20 8.402000000000001e-20 0.0 89.97 0.0
S076355 130.1224 69.7438 5.551e-17 7.647e-17 1.067e-16 0.0 86.89 0.0
S076356 130.1283 69.7527 9.811999999999999e-23 2.456e-22 1.157e-21 0.0 87.01 0.0
S076357 130.2705 69.7073 1.405e-17 1.225e-17 6.834e-18 0.0 90.07 0.0
S076358 130.1359 69.7474 4.029e-18 3.983e-18 2.9e-18 0.0 87.06 0.0
S076359 130.2625 69.7026 5.444e-23 1.514e-22 8.823e-22 0.0 89.89 0.0
S076360 130.12 69.7421 8.655000000000001e-20 1.284e-19 2.101e-19 0.0 87.07 0.0
S076361 130.269 69.7134 1.383e-19 1.833e-19 2.388e-19 0.0 89.78 0.0
S076362 130.2785 69.7004 2.966e-17 2.601e-17 1.463e-17 0.0 89.89 0.0
S076363 130.1459 69.7468 3.626e-17 6.074e-17 1.319e-16 0.0 86.99 0.0
S076364 130.2576 69.7113 2.2610000000000003e-20 3.3840000000000005e-20 5.551e-20 0.0 89.86 0.0
S076365 130.1206 69.7463 2.177e-13 1.481e-13 5.049e-14 0.0 86.91 0.0
S076366 130.1236 69.7422 9.209e-21 1.546e-20 3.166e-20 0.0 87.15 0.0
S076367 130.2671 69.7006 3.621e-18 3.856e-18 3.058e-18 0.0 89.94 0.0
S076368 130.2721 69.6985 3.4989999999999995e-22 8.170999999999999e-22 3.3940000000000004e-21 0.0 89.93 0.0
S076369 130.1424 69.7386 8.172e-19 1.032e-18 1.154e-18 0.0 87.03 0.0
S076370 130.1115 69.7573 1.333e-17 1.251e-17 8.084e-18 0.0 87.05 0.0
S076371 130.1309 69.7385 5.177e-17 7.267e-17 1.06e-16 0.0 87.25 0.0
S076372 130.2736 69.7086 1.383e-17 1.257e-17 7.519e-18 0.0 89.95 0.0
S076373 130.1165 69.7443 1.8e-17 3.765e-17 1.219e-16 0.0 87.09 0.0
S076374 130.2764 69.6989 2.249e-28 2.252e-27 1.988e-25 0.0 89.89 0.0
S076375 130.2716 69.699 2.48e-17 6.029e-17 2.694e-16 0.0 89.88 1.0
S076376 130.1048 69.7488 5.489e-16 1.746e-15 1.35e-14 0.0 86.99 1.0
S076377 130.1157 69.7568 1.9879999999999998e-22 4.585e-22 1.937e-21 0.0 87.07 0.0
S076378 130.2608 69.6995 4.479e-17 3.746e-17 1.944e-17 0.0 89.85 0.0
S076379 130.1174 69.7471 1.325e-17 1.228e-17 7.581e-18 0.0 86.87 0.0
S076380 130.2706 69.704 4.354e-20 6.599000000000001e-20 1.131e-19 0.0 89.79 0.0
S076381 130.1116 69.7482 4.091e-17 3.498e-17 1.903e-17 0.0 87.05 0.0
S076382 130.2754 69.7096 2.623e-18 2.78e-18 2.362e-18 0.0 89.94 0.0
S076383 130.103 69.7515 5.718e-23 1.7569999999999998e-22 1.313e-21 0.0 87.01 0.0
S076384 130.2792 69.6987 1.6609999999999998e-22 4.379e-22 2.341e-21 0.0 89.93 0.0
S076385 130.2705 69.7042 4.5370000000000005e-20 6.857000000000001e-20 1.19e-19 0.0 89.89 0.0
S076386 130.2803 69.7039 2.033e-24 8.374e-24 1.12e-22 0.0 89.76 0.0
S076387 130.2899 69.69 1.247e-22 3.14e-22 1.54e-21 0.0 89.92 0.0
S076388 130.2816 69.697 3.378e-18 3.528e-18 2.797e-18 0.0 89.8 0.0
S076389 130.1277 69.7532 1.118e-16 9.167e-17 4.278e-17 0.0 86.98 0.0
S076390 130.0985 69.7539 4.443999999999999e-22 1.0030000000000001e-21 4.043e-21 0.0 87.01 0.0
S076391 130.2949 69.6925 9.984e-18 1.5e-17 2.472e-17 0.0 90.02 0.0
S076392 130.1088 69.7488 4.148e-17 3.417e-17 1.66e-17 0.0 87.06 0.0
S076393 130.1134 69.7581 2.993e-17 4.433e-17 7.338e-17 0.0 87.11 0.0
S076394 130.2824 69.7029 1.389e-22 3.5839999999999997e-22 1.853e-21 0.0 89.7 0.0
S076395 130.2862 69.6966 2.871e-17 2.453e-17 1.317e-17 0.0 89.82 0.0
S076396 130.0931 69.7557 1.668e-24 6.091e-24 6.570999999999999e-23 0.0 86.97 0.0
S076397 130.1274 69.7487 2.616e-21 1.802e-21 6.074e-22 0.0 87.04 0.0
S076398 130.1036 69.7549 3.256e-25 1.533e-24 2.7049999999999996e-23 0.0 87.18 0.0
S076399 130.2866 69.7028 7.518000000000001e-20 1.124e-19 1.819e-19 0.0 89.75 0.0
S076400 130.2964 69.6871 2.619e-17 5.409e-17 1.816e-16 0.0 89.8 0.0
S076401 130.271 69.7048 2.225e-17 4.412e-17 1.364e-16 0.0 89.87 0.0
S076402 130.2822 69.7046 1.462e-17 1.33e-17 7.731e-18 0.0 90.06 0.0
S076403 130.0913 69.7552 1.256e-17 1.161e-17 7.153e-18 0.0 86.88 0.0
S076404 130.2769 69.698 2.153e-17 1.916e-17 1.129e-17 0.0 89.95 0.0
S076405 130.0843 69.7623 1.218e-25 5.940000000000001e-25 1.175e-23 0.0 87.16 0.0
S076406 130.0939 69.75 3.913e-17 3.41e-17 1.891e-17 0.0 87.04 0.0
S076407 130.0977 69.7482 4.4420000000000004e-20 6.793000000000001e-20 1.183e-19 0.0 87.04 0.0
S076408 130.0948 69.7462 1.1969999999999999e-23 3.4069999999999996e-23 2.2019999999999997e-22 0.0 87.02 0.0
S076409 130.0991 69.7681 2.711e-17 3.663e-17 4.8e-17 0.0 87.12 0.0
S076410 130.2981 69.6982 7.975e-13 5.655e-13 2.048e-13 0.0 89.85 0.0
S076411 130.1007 69.7616 1.495e-17 1.32e-17 7.296e-18 0.0 87.09 0.0
S076412 130.1954 69.7262 4.466e-16 3.294e-16 1.3e-16 0.0 91.3 0.0
S076413 130.1951 69.7262 3.312e-17 2.869e-17 1.593e-17 0.0 85.77 0.0
S076414 130.1952 69.7261 4.333e-13 2.988e-13 1.054e-13 0.0 87.4 0.0
S076415 130.1953 69.7263 4.542e-16 3.374e-16 1.305e-16 0.0 85.52 0.0
S076416 130.1953 69.7261 3.197e-16 2.478e-16 1.112e-16 0.0 89.79 1.0
S076417 130.1951 69.7263 1.346e-15 9.798e-16 3.717e-16 0.0 85.52 0.0
S076418 130.0969 69.7504 1.94e-15 1.384e-15 5.093e-16 0.0 87.15 0.0
S076419 130.2964 69.6993 4.122e-17 3.412e-17 1.696e-17 0.0 89.81 0.0
S076420 130.2939 69.6994 3.866e-16 2.94e-16 1.244e-16 0.0 89.75 1.0
S076421 130.2966 69.6982 4.163e-15 2.778e-15 9.262e-16 0.0 89.82 0.0
S076422 130.0952 69.7567 8.152e-16 5.663e-16 1.97e-16 0.0 87.04 0.0
S076423 130.0998 69.7558 1.589e-15 1.131e-15 4.147e-16 0.0 87.02 0.0
S076424 130.2932 69.6956 2.048e-17 1.885e-17 1.106e-17 0.0 89.8 0.0
S076425 130.2897 69.6947 6.507e-17 5.494e-17 2.814e-17 0.0 89.84 0.0
S076426 130.297 69.6918 2.137e-17 4.174e-17 1.208e-16 0.0 89.98 0.0
S076427 130.2917 69.6919 1.996e-17 1.828e-17 1.125e-17 0.0 89.87 0.0
S076428 130.2984 69.6894 5.441e-16 3.936e-16 1.506e-16 0.0 89.92 0.0
S076429 130.1006 69.7636 4.342e-15 2.841e-15 8.658e-16 0.0 87.0 0.0
S076430 130.2952 69.687 3.694e-15 2.587e-15 9.213e-16 0.0 89.85 0.0
S076431 130.0988 69.7666 1.509e-15 1.075e-15 3.929e-16 0.0 87.02 0.0
S076432 130.0956 69.7677 7.712e-17 6.527e-17 3.473e-17 0.0 86.96 0.0
S076433 130.0949 69.7704 8.362e-14 5.626e-14 1.806e-14 0.0 87.16 0.0
S076434 130.0983 69.7715 1.898e-16 1.447e-16 6.314e-17 0.0 87.09 0.0
S076435 130.2971 69.6777 4.994e-13 3.436e-13 1.202e-13 0.0 89.97 0.0
S076436 130.0943 69.7746 1.016e-16 1.701e-16 3.519e-16 0.0 87.17 0.0
S076437 130.2884 69.6774 6.151e-16 4.7e-16 1.982e-16 0.0 89.91 1.0
S076438 130.2893 69.6788 7.89e-19 9.442e-19 9.671e-19 0.0 89.86 0.0
S076439 130.2937 69.6729 2.139e-16 1.651e-16 7.112e-17 0.0 89.87 1.0
S076440 130.296 69.6712 9.808e-19 1.152e-18 1.189e-18 0.0 89.83 0.0
S076441 130.2962 69.6699 5.901e-13 4.385e-13 1.739e-13 0.0 89.77 0.0
S076442 130.2874 69.6691 8.208e-17 7.062e-17 3.726e-17 0.0 90.01 0.0
S076443 130.2892 69.669 5.291e-16 3.967e-16 1.609e-16 0.0 89.86 0.0
S076444 130.0981 69.7852 1.971e-16 1.482e-16 6.215e-17 0.0 86.98 1.0
S076445 130.2945 69.6637 1.181e-15 9.151e-16 3.819e-16 0.0 89.79 0.0
S076446 130.1035 69.7878 6.95e-16 5.007e-16 1.89e-16 0.0 87.16 0.0
S076447 130.2879 69.6616 2.124e-15 1.456e-15 5.03e-16 0.0 89.77 0.0
S076448 130.1048 69.7906 3.687e-17 3.14e-17 1.614e-17 0.0 87.01 0.0
S076449 130.292 69.6576 3.325e-17 2.841e-17 1.524e-17 0.0 89.81 0.0
S076450 130.2815 69.6583 3.057e-19 3.895e-19 4.773e-19 0.0 89.87 0.0
S076451 130.1089 69.7951 5.917e-19 6.611e-19 5.875e-19 0.0 87.28 0.0
S076452 130.2879 69.6542 3.668e-17 3.146e-17 1.695e-17 0.0 89.8 0.0
S076453 130.1086 69.8034 4.199e-16 3.34e-16 1.467e-16 0.0 87.15 1.0
S076454 130.1196 69.798 4.55e-16 3.365e-16 1.321e-16 0.0 87.38 0.0
S076455 130.2832 69.6502 6.565e-16 5.097e-16 2.183e-16 0.0 89.71 0.0
S076456 130.2737 69.6507 1.864e-16 1.523e-16 7.192e-17 0.0 89.63 0.0
S076457 130.1173 69.8052 7.548e-17 1.099e-16 1.729e-16 0.0 87.2 0.0
S076458 130.1219 69.8051 8.086e-16 6.216e-16 2.652e-16 0.0 87.19 0.0
S076459 130.1154 69.8061 7.193e-17 1.219e-16 2.65e-16 0.0 87.27 0.0
S076460 130.2685 69.6412 4.099e-17 3.327e-17 1.584e-17 0.0 89.76 0.0
S076461 130.2667 69.6409 1.622e-15 1.176e-15 4.431e-16 0.0 89.57 0.0
S076462 130.2664 69.6385 3.331e-17 2.917e-17 1.601e-17 0.0 89.6 0.0
S076463 130.2674 69.6437 3.232e-17 2.761e-17 1.41e-17 0.0 89.49 1.0
S076464 130.1294 69.8155 6.763e-18 6.799e-18 4.981e-18 0.0 87.43 0.0
S076465 130.1348 69.8119 5.127e-16 3.579e-16 1.314e-16 0.0 87.58 0.0
S076466 130.2564 69.63 2.49e-17 4.021e-17 7.993e-17 0.0 89.65 0.0
S076467 130.2591 69.6366 1.809e-15 1.276e-15 4.629e-16 0.0 89.68 0.0
S076468 130.2555 69.6329 1.324e-17 3.296e-17 1.545e-16 0.0 89.34 0.0
S076469 130.2495 69.6291 5.142e-16 1.658e-15 1.34e-14 0.0 89.43 1.0
S076470 130.2447 69.6303 3.564e-15 2.432e-15 8.226e-16 0.0 89.36 0.0
S076471 130.1546 69.8237 5.969e-15 4.102e-15 1.395e-15 0.0 87.48 0.0
S076472 130.1427 69.8238 3.015e-13 2.069e-13 6.73e-14 0.0 87.59 0.0
S076473 130.1517 69.8244 6.827e-16 5.026e-16 1.931e-16 0.0 87.63 0.0
S076474 130.1552 69.8222 2.073e-17 1.879e-17 1.085e-17 0.0 87.62 0.0
S076475 130.2345 69.6298 1.9e-15 1.324e-15 4.637e-16 0.0 89.16 0.0
S076476 130.2282 69.63 6.141e-17 5.215e-17 2.685e-17 0.0 89.23 0.0
S076477 130.1638 69.8317 7.096e-16 5.333e-16 2.269e-16 0.0 87.77 0.0
S076478 130.1649 69.8259 1.222e-15 8.673e-16 3.079e-16 0.0 87.72 0.0
S076479 130.217 69.628 1.69e-12 1.403e-12 6.917e-13 0.0 89.01 1.0
S076480 130.1714 69.836 1.217e-15 9.095e-16 3.619e-16 0.001 87.79 0.0
S076481 130.2136 69.6229 1.756e-15 1.205e-15 4.332e-16 0.0 89.05 0.0
S076482 130.2102 69.6256 5.182e-17 4.359e-17 2.174e-17 0.0 88.97 0.0
S076483 130.2031 69.6239 2.123e-16 1.592e-16 6.478e-17 0.0 88.81 0.0
S076484 130.2026 69.6288 6.61e-13 4.545e-13 1.551e-13 0.0 88.97 0.0
S076485 130.1982 69.6258 6.312e-13 5.017e-13 2.289e-13 0.0 88.8 1.0
S076486 130.1979 69.8311 2.925e-16 2.216e-16 9.055e-17 0.0 87.92 0.0
S076487 130.191 69.6213 6.92e-16 5.042e-16 1.909e-16 0.0 88.79 0.0
S076488 130.183 69.614 3.845e-17 3.304e-17 1.811e-17 0.0 88.61 0.0
S076489 130.2068 69.8287 1.365e-19 1.79e-19 2.269e-19 0.001 88.17 0.0
S076490 130.1796 69.627 1.743e-15 1.188e-15 4.064e-16 0.0 88.64 0.0
S076491 130.2171 69.8313 8.867e-17 7.329e-17 3.549e-17 0.0 88.31 0.0
S076492 130.1666 69.6171 1.525e-17 3.009e-17 9.038e-17 0.0 88.58 0.0
S076493 130.1629 69.6222 1.04e-15 7.143e-16 2.421e-16 0.0 88.51 0.0
S076494 130.2303 69.8268 4.654e-16 3.638e-16 1.58e-16 0.0 88.43 1.0
S076495 130.1548 69.6248 2.087e-15 1.499e-15 5.366e-16 0.0 88.49 0.0
S076496 130.2392 69.8221 9.971e-17 8.271e-17 4.184e-17 0.0 88.62 0.0
S076497 130.1455 69.6283 1.428e-15 1.007e-15 3.615e-16 0.0 88.21 0.0
S076498 130.1422 69.6253 6.418e-16 4.662e-16 1.793e-16 0.0 88.29 0.0
S076499 130.1365 69.6281 9.164e-18 1.809e-17 5.585e-17 0.001 88.2 0.0
S076500 130.1315 69.6347 5e-16 3.666e-16 1.458e-16 0.0 88.24 0.0
S076501 130.1286 69.6352 9.633e-17 7.758e-17 3.635e-17 0.0 88.19 0.0
S076502 130.2672 69.8142 6.798e-17 5.955e-17 3.305e-17 0.0 88.86 0.0
S076503 130.2771 69.8132 3.082e-16 2.235e-16 8.553e-17 0.0 89.01 0.0
S076504 130.2765 69.8058 4.752e-15 3.287e-15 1.098e-15 0.0 88.95 0.0
S076505 130.2814 69.8198 1.213e-15 8.893e-16 3.518e-16 0.0 88.96 0.0
S076506 130.2887 69.8065 1.447e-15 9.962e-16 3.516e-16 0.0 88.97 0.0
S076507 130.2915 69.8022 5.429e-16 4.026e-16 1.588e-16 0.0 88.99 0.0
S076508 130.0863 69.6516 5.112e-17 4.139e-17 1.98e-17 0.0 87.73 0.0
S076509 130.1028 69.7646 9.944e-18 9.295e-18 5.724e-18 0.0 87.04 0.0
S076510 130.1019 69.7667 1.078e-17 1.916e-17 4.44e-17 0.0 87.08 0.0
S076511 130.303 69.6801 1.007e-17 1.569e-17 2.865e-17 0.0 89.92 0.0
S076512 130.0974 69.7698 4.339e-21 8.092e-21 2.1720000000000002e-20 0.0 87.14 0.0
S076513 130.1062 69.7678 2.658e-16 7.612e-16 4.856e-15 0.0 87.07 1.0
S076514 130.272 69.6893 4.5189999999999997e-23 1.292e-22 8.379999999999999e-22 0.0 89.85 0.0
S076515 130.282 69.6819 6.719e-17 5.419e-17 2.567e-17 0.0 89.76 0.0
S076516 130.1086 69.7712 3.204e-21 2.152e-21 7.165999999999999e-22 0.0 87.0 0.0
S076517 130.1165 69.771 4.186e-23 1.107e-22 5.990999999999999e-22 0.0 87.09 0.0
S076518 130.1084 69.775 1.304e-25 6.138e-25 1.1589999999999999e-23 0.0 87.04 0.0
S076519 130.2929 69.6774 4.304e-17 3.581e-17 1.835e-17 0.0 89.92 0.0
S076520 130.1039 69.779 9.542999999999998e-22 7.333e-22 3.178e-22 0.0 87.02 0.0
S076521 130.1046 69.7804 2.8769999999999996e-22 6.954999999999999e-22 2.973e-21 0.0 86.88 0.0
S076522 130.1086 69.7805 5.795e-18 5.623e-18 3.785e-18 0.0 87.12 0.0
S076523 130.1003 69.7846 5.095e-13 3.639e-13 1.329e-13 0.0 87.11 0.0
S076524 130.1037 69.7845 6.297e-16 4.398e-16 1.576e-16 0.0 87.27 0.0
S076525 130.2947 69.6688 2.6620000000000003e-20 4.2890000000000005e-20 8.241000000000001e-20 0.0 89.78 0.0
S076526 130.115 69.7832 3.819e-18 4.063e-18 3.209e-18 0.0 87.12 0.0
S076527 130.2756 69.665 6.893e-19 8e-19 7.828e-19 0.0 89.86 0.0
S076528 130.2837 69.6647 7.99e-19 8.514e-19 7.033e-19 0.0 89.9 0.0
S076529 130.1103 69.7859 4.293e-18 4.41e-18 3.35e-18 0.0 87.29 0.0
S076530 130.1012 69.7895 6.252e-17 1.226e-16 3.548e-16 0.0 87.08 0.0
S076531 130.2816 69.6569 4.096e-19 4.757e-19 4.531e-19 0.0 89.72 0.0
S076532 130.2762 69.6611 5.957e-17 4.961e-17 2.441e-17 0.0 89.8 0.0
S076533 130.2674 69.6577 9.364000000000001e-20 1.298e-19 1.763e-19 0.0 89.67 0.0
S076534 130.2682 69.6646 1.838e-18 2.03e-18 1.765e-18 0.0 89.64 0.0
S076535 130.2728 69.6579 3.008e-16 2.289e-16 9.572e-17 0.0 89.65 1.0
S076536 130.1181 69.7954 7.784999999999999e-22 1.5620000000000001e-21 4.686e-21 0.0 87.31 0.0
S076537 130.275 69.648 1.289e-19 1.853e-19 2.741e-19 0.0 89.54 0.0
S076538 130.2725 69.6475 3.216e-17 5.096e-17 9.575e-17 0.0 89.62 0.0
S076539 130.2704 69.6467 1.583e-17 2.795e-17 6.737e-17 0.0 89.58 0.0
S076540 130.2496 69.6575 1.2190000000000001e-20 2.225e-20 5.512000000000001e-20 0.0 89.63 0.0
S076541 130.1351 69.8073 1.404e-17 2.741e-17 7.881e-17 0.0 87.3 0.0
S076542 130.1127 69.8079 1.792e-18 1.978e-18 1.721e-18 0.0 87.21 0.0
S076543 130.1311 69.8037 1.578e-21 1.139e-21 4.279e-22 0.0 87.58 0.0
S076544 130.1244 69.8209 2.484e-18 2.691e-18 2.226e-18 0.0 87.31 0.0
S076545 130.1385 69.8029 1.03e-16 8.234e-17 3.889e-17 0.0 87.55 0.0
S076546 130.2753 69.6364 5.781999999999999e-22 1.173e-21 3.612e-21 0.0 89.68 0.0
S076547 130.2645 69.6355 2.573e-17 2.169e-17 1.101e-17 0.0 89.54 0.0
S076548 130.1332 69.8077 1.497e-15 1.091e-15 4.142e-16 0.0 87.44 0.0
S076549 130.2523 69.6356 3.666e-18 3.986e-18 3.548e-18 0.0 89.43 0.0
S076550 130.1424 69.8174 1.149e-17 1.074e-17 6.75e-18 0.0 87.41 0.0
S076551 130.1415 69.8228 7.725e-17 6.363e-17 3.12e-17 0.0 87.55 0.0
S076552 130.1359 69.8058 6.167e-17 1.188e-16 3.215e-16 0.0 87.43 0.0
S076553 130.1398 69.805 7.962e-18 1.213e-17 2.141e-17 0.0 87.56 0.0
S076554 130.1476 69.8118 1.153e-19 1.662e-19 2.526e-19 0.0 87.44 0.0
S076555 130.16 69.8182 2.777e-16 2.082e-16 8.344e-17 0.0 87.67 0.0
S076556 130.157 69.8166 3.751e-17 5.331e-17 8.227e-17 0.0 87.62 0.0
S076557 130.2337 69.6337 1.897e-21 1.329e-21 4.719e-22 0.0 89.2 0.0
S076558 130.2319 69.6211 1.119e-18 1.265e-18 1.131e-18 0.0 89.24 0.0
S076559 130.238 69.6364 3.348e-17 2.867e-17 1.504e-17 0.0 89.34 0.0
S076560 130.1656 69.8226 3.572e-19 4.757e-19 5.95e-19 0.0 87.72 0.0
S076561 130.1639 69.8146 5.883e-16 4.389e-16 1.741e-16 0.0 87.75 0.0
S076562 130.2185 69.6265 6.396e-19 7.421e-19 7.137e-19 0.0 89.13 0.0
S076563 130.2135 69.6313 7.52e-18 7.205e-18 4.85e-18 0.0 89.08 0.0
S076564 130.179 69.8219 1.097e-12 8.178e-13 3.437e-13 0.0 87.86 1.0
S076565 130.1834 69.8306 5.484e-17 9.818e-17 2.446e-16 0.0 88.04 0.0
S076566 130.2126 69.6324 9.379e-13 8.792e-13 5.6e-13 0.0 89.03 1.0
S076567 130.1828 69.8207 6.749000000000001e-20 1.007e-19 1.677e-19 0.0 87.96 0.0
S076568 130.2 69.626 3.7040000000000003e-20 5.742e-20 1.001e-19 0.0 88.8 0.0
S076569 130.1989 69.6351 7.997e-20 1.172e-19 1.862e-19 0.0 88.84 0.0
S076570 130.1993 69.6317 2.313e-21 4.505e-21 1.2860000000000001e-20 0.0 88.88 0.0
S076571 130.1865 69.6214 2.099e-19 2.555e-19 2.879e-19 0.0 88.45 0.0
S076572 130.206 69.8306 7.631000000000001e-20 1.131e-19 1.81e-19 0.0 88.11 0.0
S076573 130.2086 69.8365 1.97e-21 1.39e-21 5.045e-22 0.0 88.23 0.0
S076574 130.175 69.6188 1.101e-16 8.68e-17 3.977e-17 0.0 88.53 0.0
S076575 130.1727 69.6204 5.203e-20 7.99e-20 1.435e-19 0.0 88.68 1.0
S076576 130.2259 69.845 9.303e-19 1.035e-18 9.461e-19 0.0 88.43 0.0
S076577 130.165 69.632 6.991000000000001e-21 1.1580000000000002e-20 2.401e-20 0.0 88.68 0.0
S076578 130.2278 69.8227 8.575e-17 6.97e-17 3.367e-17 0.0 88.46 0.0
S076579 130.2349 69.8285 1.999e-18 2.061e-18 1.552e-18 0.0 88.5 0.0
S076580 130.1529 69.6295 5.167e-17 4.38e-17 2.298e-17 0.0 88.36 0.0
S076581 130.2364 69.8174 1.44e-18 1.526e-18 1.271e-18 0.0 88.54 0.0
S076582 130.2371 69.8046 5.294e-19 6.709e-19 7.763e-19 0.0 88.71 0.0
S076583 130.1352 69.6212 2.057e-17 4.042e-17 1.212e-16 0.0 88.31 0.0
S076584 130.253 69.8218 4.349e-17 3.809e-17 2.113e-17 0.0 88.74 0.0
S076585 130.1319 69.6383 4.46e-17 9.428e-17 3.306e-16 0.0 88.11 1.0
S076586 130.1328 69.6341 4.37e-17 3.748e-17 2.009e-17 0.0 88.17 0.0
S076587 130.12 69.641 1.4379999999999998e-22 3.3529999999999997e-22 1.4490000000000001e-21 0.0 87.93 0.0
S076588 130.2741 69.805 1.564e-17 1.366e-17 7.71e-18 0.0 89.04 0.0
S076589 130.2666 69.8057 1.437e-18 1.663e-18 1.66e-18 0.0 88.73 0.0
S076590 130.2841 69.8164 7.892e-13 5.641e-13 2.166e-13 0.0 89.01 0.0
S076591 130.2928 69.8034 1.2140000000000001e-20 2.2070000000000002e-20 5.518e-20 0.0 89.25 0.0
S076592 130.2838 69.8047 2.23e-21 1.567e-21 5.511e-22 0.0 88.96 0.0
S076593 130.095 69.6544 8.503e-17 6.75e-17 3.063e-17 0.0 87.8 0.0
S076594 130.2966 69.7955 5.753e-17 1.121e-16 3.22e-16 0.0 89.22 0.0
S076595 130.0851 69.6642 1.09e-17 1.054e-17 6.966e-18 0.0 87.68 0.0
S076596 130.3108 69.7903 1.226e-18 1.309e-18 1.078e-18 0.0 89.32 0.0
S076597 130.3088 69.7837 1.193e-21 9.115e-22 3.9169999999999996e-22 0.0 89.2 0.0
S076598 130.3125 69.7861 9.875e-19 1.141e-18 1.113e-18 0.0 89.38 0.0
S076599 130.0656 69.6748 4.356e-17 6.808e-17 1.179e-16 0.0 87.44 0.0
