Name Equatorial Polar BlueF GreenF RedF Parallax RadialVelocity Variable?
S421444 158.3731 26.4575 6.614e-21 1.2090000000000001e-20 3.045e-20 0.0 170.58 0.0
S421453 158.5325 26.3841 1.376e-20 2.2240000000000002e-20 4.2950000000000005e-20 0.0 180.58 0.0
S421485 158.2553 26.4755 1.871e-22 4.1659999999999994e-22 1.576e-21 0.0 177.59 0.0
S421532 158.4381 26.4052 9.122e-22 1.793e-21 5.244e-21 0.0 174.83 0.0
S421594 158.3704 26.3478 2.151e-22 5.966e-22 3.539e-21 0.0 177.03 0.0
S421659 158.2647 26.3036 4.566e-18 4.889e-18 4.088e-18 0.0 178.02 0.0
S421669 158.1627 26.463 1.0229999999999999e-22 2.463e-22 1.059e-21 0.0 170.46 0.0
S421711 158.4857 26.4572 4.182e-21 8.092e-21 2.2340000000000003e-20 0.0 172.84 0.0
S421770 158.2291 26.3953 6.002e-19 7.301e-19 7.786e-19 0.0 178.63 0.0
S421796 158.4535 26.4817 1.924e-21 4.032e-21 1.363e-20 0.0 175.05 0.0
S421798 158.347 26.4406 1.213e-21 2.549e-21 8.845000000000001e-21 0.0 177.64 0.0
S421829 157.8096 26.2888 2.5309999999999999e-23 8.766e-23 8.261999999999999e-22 0.0 180.34 0.0
S421895 158.1911 26.3408 2.645e-21 1.85e-21 6.4e-22 0.0 170.41 0.0
S421926 158.6297 26.6113 3.6839999999999995e-22 8.763e-22 3.84e-21 0.0 172.59 0.0
S421938 158.0347 26.3943 9.418000000000001e-20 1.263e-19 1.719e-19 0.0 177.6 0.0
S421958 158.5504 26.4329 1.2849999999999999e-23 4.0869999999999997e-23 3.2249999999999996e-22 0.0 182.91 0.0
S421989 158.4643 26.655 2.778e-19 3.669e-19 4.555e-19 0.0 183.97 0.0
S422020 158.5993 26.6895 8.228e-18 8.016e-18 5.553e-18 0.0 169.99 0.0
S422083 158.4566 26.4859 3.3239999999999997e-22 8.099999999999999e-22 3.598e-21 0.0 171.4 0.0
S422093 157.886 26.3334 1.278e-24 5.555e-24 8.878999999999999e-23 0.0 176.9 0.0
S422100 158.4013 26.4609 4.617e-23 1.239e-22 7.017999999999999e-22 0.0 184.09 0.0
S422117 157.7993 26.351 6.158e-19 7.218e-19 7.363e-19 0.0 181.19 0.0
S422119 158.541 26.5199 1.121e-25 5.54e-25 1.104e-23 0.0 170.77 0.0
S422205 158.3112 26.3648 8.24e-20 1.156e-19 1.693e-19 0.0 177.2 0.0
S422223 158.3355 26.3685 1.331e-23 4.825e-23 5.12e-22 0.0 174.27 0.0
S422256 158.3253 26.3801 1.35e-19 1.752e-19 2.076e-19 0.0 181.75 0.0
S422266 158.4127 26.5457 5.212e-19 6.45e-19 6.933e-19 0.0 179.6 0.0
S422298 157.9417 26.4273 4.15e-21 8.143e-21 2.405e-20 0.0 179.04 0.0
S422309 157.8949 26.3038 1.6160000000000003e-20 2.836e-20 6.398000000000001e-20 0.0 174.67 0.0
S422365 158.4579 26.4983 5.03e-22 1.147e-21 4.427e-21 0.0 173.25 0.0
S422369 157.9477 26.6758 1.562e-22 4.408e-22 2.709e-21 0.0 176.41 0.0
S422441 158.562 26.4607 6.397e-18 6.228e-18 4.33e-18 0.0 177.36 0.0
S422475 158.2156 26.6133 1.1669999999999998e-22 2.8969999999999995e-22 1.433e-21 0.0 183.86 0.0
S422515 158.6541 26.5908 2.23e-21 4.282e-21 1.1890000000000002e-20 0.0 178.1 0.0
S422527 158.2768 26.3215 4.901e-22 1.194e-21 5.667e-21 0.0 183.54 0.0
S422581 158.4834 26.3963 4.958e-22 1.2260000000000001e-21 5.643e-21 0.0 178.67 0.0
S422584 158.664 26.5549 3.041e-19 4.033e-19 5.24e-19 0.0 177.96 0.0
S422601 158.384 26.3179 8.538e-21 1.5270000000000002e-20 3.6250000000000006e-20 0.0 182.9 0.0
S422614 158.5716 26.4911 3.372e-24 1.1589999999999999e-23 1.1149999999999998e-22 0.0 180.51 0.0
S422624 158.1998 26.3585 4.37e-24 1.543e-23 1.552e-22 0.0 179.36 0.0
S422647 158.2257 26.5909 1.1830000000000001e-20 1.9830000000000002e-20 4.2390000000000006e-20 0.0 176.8 0.0
S422651 158.538 26.5991 1.261e-21 2.621e-21 8.71e-21 0.0 186.4 0.0
S422669 158.3181 26.3936 6.245e-20 9.280000000000001e-20 1.538e-19 0.0 171.07 0.0
S422672 158.2492 26.5692 6.132e-19 7.379e-19 7.741e-19 0.0 175.41 0.0
S422675 158.3283 26.3127 5.724e-17 4.717e-17 2.355e-17 0.0 172.49 0.0
S422694 158.2012 26.3598 4.7030000000000005e-20 7.021e-20 1.165e-19 0.0 181.83 0.0
S422717 158.4814 26.4824 1.433e-23 4.2229999999999996e-23 2.866e-22 0.0 185.54 0.0
S422730 158.1768 26.458 2.036e-17 1.901e-17 1.183e-17 0.0 172.34 0.0
S422774 158.2262 26.5582 8.167e-18 7.89e-18 5.222e-18 0.0 173.65 0.0
S422776 158.404 26.5737 7.751e-23 1.93e-22 9.265e-22 0.0 171.96 0.0
S422777 158.4926 26.5413 5.1870000000000004e-20 7.946000000000001e-20 1.38e-19 0.0 182.93 0.0
S422848 158.5689 26.703 2.779e-20 4.236e-20 7.364000000000001e-20 0.0 180.28 0.0
S422868 158.4649 26.4883 8.545e-24 2.6459999999999998e-23 2.0479999999999998e-22 0.001 182.04 0.0
S422890 158.4878 26.4749 1.44e-17 2.907e-17 9.219e-17 0.0 180.61 0.0
S422898 158.1784 26.5613 2.4919999999999997e-22 5.473999999999999e-22 1.945e-21 0.0 184.49 0.0
S422919 158.3034 26.622 8.458e-21 1.4540000000000002e-20 3.2550000000000003e-20 0.0 176.66 0.0
S423045 158.5674 26.4565 1.247e-19 1.661e-19 2.232e-19 0.0 175.67 0.0
S423075 158.0706 26.3605 7.533e-21 1.332e-20 3.0120000000000004e-20 0.001 170.26 0.0
S423099 158.6045 26.5354 4.24e-21 8.28e-21 2.4990000000000003e-20 0.0 176.13 0.0
S423120 158.5193 26.3885 5.9699999999999996e-24 1.8579999999999998e-23 1.377e-22 0.0 178.59 0.0
S423122 158.3471 26.4894 3.201e-20 5.1730000000000004e-20 9.845000000000001e-20 0.0 173.48 0.0
S423127 158.17 26.3462 1.7199999999999998e-23 4.585e-23 2.5059999999999997e-22 0.0 170.72 0.0
S424013 158.1647 26.6477 1.7370000000000001e-25 8.795e-25 1.8889999999999998e-23 0.0 183.55 0.0
S424014 158.0886 26.6194 6.063e-19 6.994e-19 6.633e-19 0.0 183.76 0.0
S424015 158.4311 26.605 2.573e-17 5.554e-17 2.027e-16 0.0 182.84 0.0
S424016 158.0701 26.6507 6.751000000000001e-20 9.954000000000001e-20 1.595e-19 0.0 183.95 0.0
S424017 158.1622 26.647 5.193e-24 1.729e-23 1.577e-22 0.001 183.56 0.0
S424018 158.1749 26.685 3.609e-20 5.582000000000001e-20 9.659000000000001e-20 0.0 183.52 0.0
S424019 158.2291 26.673 3.0569999999999998e-22 6.607e-22 2.404e-21 0.0 183.03 0.0
S424020 158.181 26.6589 2.501e-22 5.991999999999999e-22 2.639e-21 0.0 183.06 0.0
S424021 158.0839 26.6609 2.0119999999999998e-24 7.638e-24 8.808e-23 0.0 184.27 0.0
S424022 158.136 26.6538 4.605e-22 9.395999999999998e-22 2.858e-21 0.0 183.96 0.0
S424023 158.1857 26.6545 2.557e-19 3.299e-19 3.896e-19 0.0 183.03 0.0
S424024 158.1652 26.6432 1.7919999999999999e-22 4.7169999999999995e-22 2.613e-21 0.0 183.35 0.0
S424025 158.3322 26.6669 1.328e-22 3.4389999999999995e-22 1.823e-21 0.0 182.69 0.0
S424026 158.3103 26.6119 3.467e-22 7.217e-22 2.393e-21 0.0 182.64 0.0
S424027 158.0995 26.6761 2.9510000000000002e-21 6.215e-21 2.1000000000000002e-20 0.0 184.1 0.0
S424028 158.1544 26.6875 2.9100000000000003e-20 4.6690000000000004e-20 8.908000000000001e-20 0.0 183.82 0.0
S424029 158.1718 26.6528 8.696e-23 2.0759999999999997e-22 9.072999999999999e-22 0.0 183.36 0.0
S424030 158.1608 26.6392 3.6610000000000004e-20 6.147e-20 1.333e-19 0.0 183.59 0.0
S424031 158.0267 26.6224 3.4890000000000004e-20 5.2820000000000006e-20 8.754000000000001e-20 0.0 184.03 0.0
S424032 158.2755 26.6499 2.03e-17 3.53e-17 7.883e-17 0.0 182.7 0.0
S424033 158.2455 26.6729 5.0449999999999996e-23 1.332e-22 7.051e-22 0.0 182.8 0.0
S424034 158.0903 26.6511 1.938e-18 2.111e-18 1.819e-18 0.0 183.86 0.0
S424035 158.1067 26.6828 1.201e-21 2.632e-21 9.723e-21 0.0 184.08 0.0
S424036 158.1661 26.8275 3.517e-21 6.612e-21 1.7920000000000003e-20 0.0 183.64 0.0
S424037 158.1273 26.6864 5.874999999999999e-22 1.2380000000000001e-21 4.114e-21 0.0 183.96 0.0
S424038 157.61 26.6556 1.394e-19 2.017e-19 3.167e-19 0.0 184.22 0.0
S424039 158.1788 26.657 1.133e-21 2.215e-21 6.3e-21 0.0 183.02 0.0
S424040 157.9301 26.7548 2.803e-18 2.849e-18 2.142e-18 0.0 184.04 0.0
S424041 158.1867 26.6642 7.781e-24 2.424e-23 1.7989999999999998e-22 0.0 183.06 0.0
S424042 158.242 26.6722 7.061999999999999e-22 1.643e-21 7.096e-21 0.0 182.93 0.0
S424043 158.0941 26.6683 2.7550000000000002e-21 4.722e-21 1.0690000000000001e-20 0.0 184.11 0.0
S424044 158.342 26.5702 1.366e-22 3.5879999999999995e-22 1.927e-21 0.0 182.87 0.0
S424045 158.5178 26.8271 8.014999999999999e-22 1.713e-21 6.155e-21 0.0 183.22 0.0
S424046 158.1719 26.6367 6.576e-18 6.418e-18 4.499e-18 0.0 183.21 0.0
S424047 158.2687 26.7041 8.858e-26 4.52e-25 9.98e-24 0.0 183.1 0.0
S424048 158.1028 26.6361 2.973e-20 4.6700000000000004e-20 8.396000000000001e-20 0.0 183.73 0.0
S424049 158.037 26.5317 2.6660000000000002e-21 5.342e-21 1.694e-20 0.0 183.6 0.0
S424050 158.1975 26.6745 9.116e-13 7.581e-13 3.767e-13 0.0 183.23 1.0
S424051 158.1115 26.6363 9.626e-19 1.075e-18 9.503e-19 0.0 183.79 0.0
S424052 158.1344 26.6402 4.388e-25 1.948e-24 3.1599999999999996e-23 0.0 183.84 0.0
S424053 158.4111 26.6631 1.107e-22 2.629e-22 1.191e-21 0.0 182.71 0.0
S424054 158.1461 26.6715 2.0779999999999999e-22 4.901e-22 2.178e-21 0.0 183.95 0.0
S424055 158.1382 26.6673 2.017e-24 7.161e-24 7.287e-23 0.0 183.9 0.0
S424056 158.1095 26.6736 6.197e-24 2.259e-23 2.414e-22 0.0 184.15 0.0
S424057 158.3613 26.7633 8.054e-23 2.233e-22 1.3480000000000001e-21 0.0 183.11 0.0
S424058 158.3162 26.6735 1.538e-20 2.6860000000000003e-20 6.131e-20 0.0 182.8 0.0
S424059 158.0489 26.6178 1.342e-17 2.588e-17 7.31e-17 0.0 183.88 0.0
S424060 158.1953 26.6279 5.228e-21 1.0120000000000001e-20 2.933e-20 0.0 183.1 0.0
S424061 158.1383 26.6384 2.859e-21 2.0000000000000002e-21 6.956999999999999e-22 0.001 183.62 0.0
S424062 158.1934 26.6453 1.884e-18 2.104e-18 1.883e-18 0.0 182.92 0.0
S424063 158.1978 26.6521 2.352e-22 5.841999999999999e-22 2.875e-21 0.0 182.98 0.0
S424064 158.1901 26.5459 5.628000000000001e-25 2.315e-24 3.252e-23 0.0 182.93 0.0
S424065 158.3404 26.8469 4.119e-18 4.271e-18 3.392e-18 0.0 183.56 0.0
S424066 158.1721 26.6589 1.326e-19 1.93e-19 3.053e-19 0.0 183.35 0.0
S424067 158.234 26.6547 2.2900000000000002e-20 3.8470000000000005e-20 7.898000000000001e-20 0.0 182.84 0.0
S424068 158.1709 26.66 1.4939999999999998e-23 4.3819999999999996e-23 2.9789999999999995e-22 0.0 183.92 0.0
S424069 158.1423 26.6394 1.244e-21 2.562e-21 8.18e-21 0.0 183.7 0.0
S424070 158.1706 26.5856 2.415e-25 1.186e-24 2.38e-23 0.0 183.31 0.0
S424071 158.1673 26.65 3.553e-20 5.3500000000000007e-20 8.905000000000001e-20 0.0 183.46 0.0
S424072 158.1659 26.6591 7.928e-22 1.733e-21 6.095e-21 0.0 183.8 0.0
S424073 158.1445 26.6176 6.78e-19 7.758e-19 7.374e-19 0.0 183.51 0.0
S424074 158.1593 26.6528 1.151e-22 3.014e-22 1.591e-21 0.0 183.48 0.0
S424075 158.1188 26.6773 5.264e-19 6.411e-19 6.963e-19 0.0 184.08 0.0
S424076 158.1977 26.6445 2.1820000000000003e-20 3.3350000000000006e-20 5.868e-20 0.0 183.09 0.0
S424077 158.0766 26.6698 3.7080000000000006e-20 5.951000000000001e-20 1.142e-19 0.0 184.37 0.0
S424078 158.2353 26.6461 1.239e-19 1.734e-19 2.461e-19 0.0 182.75 0.0
S424079 158.0872 26.7347 5.331e-21 9.96e-21 2.5590000000000002e-20 0.0 183.97 0.0
S424080 158.1797 26.6614 1.006e-23 3.077e-23 2.249e-22 0.0 183.24 0.0
S424081 158.2115 26.7189 1.371e-21 2.613e-21 7.378e-21 0.0 183.42 0.0
S424082 158.2477 26.6584 5.146999999999999e-22 1.165e-21 4.432e-21 0.0 182.85 0.0
S424083 158.1744 26.6572 1.669e-23 4.9379999999999996e-23 3.2619999999999996e-22 0.0 182.94 0.0
S424084 158.1621 26.6533 9.435e-17 1.445e-16 2.437e-16 0.0 183.77 0.0
S424085 158.1829 26.6626 6.311e-21 1.2400000000000001e-20 3.6280000000000003e-20 0.0 183.01 0.0
S424086 158.0538 26.8158 1.06e-23 3.4199999999999996e-23 2.8159999999999996e-22 0.0 183.65 0.0
S424087 158.2827 26.6594 4.362e-20 6.656e-20 1.158e-19 0.001 182.72 0.0
S424088 158.198 26.6532 2.161e-22 5.388e-22 2.513e-21 0.0 182.8 0.0
S424089 158.2413 26.6663 5.582e-22 1.183e-21 4.035e-21 0.001 182.62 0.0
S424090 158.1772 26.6712 1.8959999999999999e-22 5.0589999999999995e-22 2.9e-21 0.0 183.49 0.0
S424091 158.1655 26.6455 7.707e-21 1.3710000000000003e-20 3.283e-20 0.0 183.45 0.0
S424092 158.0586 26.624 5.976e-21 1.1260000000000001e-20 3.132e-20 0.0 183.86 0.0
S424093 158.1375 26.7011 1.05e-19 1.523e-19 2.402e-19 0.0 183.78 0.0
S424094 158.0146 26.7193 1.9669999999999998e-23 5.423e-23 3.311e-22 0.0 184.1 0.0
S424095 158.009 26.573 1.13e-21 2.429e-21 8.397e-21 0.0 183.58 0.0
S424096 158.2204 26.6714 2.9930000000000002e-21 6.032e-21 1.8170000000000002e-20 0.0 183.05 0.0
S424097 158.2594 26.6559 2.171e-21 4.159e-21 1.194e-20 0.001 182.89 0.0
S424098 158.1461 26.6628 6.311e-22 1.392e-21 5.2e-21 0.0 183.91 0.0
S424099 158.2207 26.6507 2.153e-22 5.168e-22 2.331e-21 0.0 182.7 0.0
S424100 158.2081 26.67 5.929e-21 1.0650000000000001e-20 2.564e-20 0.0 183.1 0.0
S424101 158.1786 26.6611 8.222e-23 2.353e-22 1.522e-21 0.0 183.19 0.0
S424102 158.0927 26.6343 3.862e-21 7.575e-21 2.1170000000000002e-20 0.0 183.9 0.0
S424103 158.2443 26.6803 2.338e-21 1.6390000000000001e-21 5.865e-22 0.0 182.97 0.0
S424104 158.169 26.6569 2.562e-22 5.542999999999999e-22 1.936e-21 0.0 183.77 0.0
S424105 158.2018 26.6034 4.518e-23 1.263e-22 7.592999999999999e-22 0.0 183.22 0.0
S424106 158.1341 26.6896 1.342e-18 1.585e-18 1.582e-18 0.0 183.89 0.0
S424107 158.1792 26.663 6.415000000000001e-20 9.577000000000001e-20 1.538e-19 0.0 183.15 0.0
S424108 158.1717 26.6545 3.031e-21 5.345e-21 1.3000000000000001e-20 0.0 183.29 0.0
S424109 158.178 26.6606 3.831e-23 1.132e-22 7.928e-22 0.001 183.12 0.0
S424110 158.1286 26.6775 1.449e-19 2.105e-19 3.202e-19 0.0 184.02 0.0
S424111 158.1959 26.6893 3.964e-21 7.54e-21 2.0690000000000002e-20 0.0 183.36 0.0
S424112 158.3442 26.682 6.47e-24 2.177e-23 1.8829999999999997e-22 0.0 182.84 0.0
S424113 158.1145 26.656 8.253e-19 1.001e-18 1.087e-18 0.0 183.93 0.0
S424114 158.2271 26.6271 2.603e-18 2.609e-18 1.974e-18 0.0 182.85 0.0
S424115 158.1689 26.6549 2.2620000000000002e-20 3.5710000000000005e-20 6.425e-20 0.0 184.02 0.0
S424116 158.0868 26.6639 7.134e-23 1.9049999999999997e-22 1.032e-21 0.0 184.06 0.0
S424117 158.196 26.6562 1.997e-23 5.2169999999999995e-23 2.726e-22 0.0 182.89 0.0
S424118 158.0049 26.6202 7.934e-21 1.481e-20 3.788e-20 0.0 183.94 0.0
S424119 158.0108 26.7165 1.802e-21 3.637e-21 1.1380000000000001e-20 0.0 184.08 0.0
S424120 158.033 26.7863 1.085e-19 1.543e-19 2.245e-19 0.0 183.87 0.0
S424121 158.1664 26.6773 5.497999999999999e-22 1.257e-21 5.019e-21 0.0 183.64 0.0
S424122 158.1748 26.7186 3.5669999999999996e-22 8.405999999999999e-22 3.555e-21 0.0 183.43 0.0
S424123 158.1242 26.6889 1.197e-19 1.648e-19 2.34e-19 0.0 183.95 0.0
S424124 158.1225 26.6562 1.821e-19 2.307e-19 2.772e-19 0.0 183.94 0.0
S424125 158.3584 26.4923 4.0630000000000003e-20 6.148000000000001e-20 1.024e-19 0.0 182.93 0.0
S424126 158.0643 26.613 1.4899999999999998e-22 4.0429999999999996e-22 2.249e-21 0.0 183.84 0.0
S424127 158.2734 26.5362 1.773e-25 8.504e-25 1.5589999999999998e-23 0.0 183.09 0.0
S424128 158.2018 26.6495 4.124e-24 1.402e-23 1.3149999999999998e-22 0.0 182.79 0.0
S424129 158.1133 26.7919 2.31e-19 3.293e-19 5.092e-19 0.0 183.76 0.0
S424130 158.1035 26.6646 6.598e-24 2.091e-23 1.6309999999999998e-22 0.0 184.13 0.0
S424131 158.2112 26.6753 2.064e-16 1.583e-16 6.871e-17 0.0 183.09 1.0
S424132 158.4375 26.7199 1.324e-19 1.788e-19 2.466e-19 0.0 182.93 0.0
S424133 158.1638 26.6555 2.881e-21 1.989e-21 6.891e-22 0.0 183.7 0.0
S424134 158.1747 26.6592 1.817e-18 2.013e-18 1.742e-18 0.0 183.15 0.0
S424135 157.7327 26.6267 4.8559999999999995e-23 1.161e-22 5.018e-22 0.0 184.14 0.0
S424136 158.1997 26.6629 1.4860000000000002e-20 2.5750000000000003e-20 5.705e-20 0.0 183.0 0.0
S424137 158.2 26.6602 9.046999999999999e-23 2.318e-22 1.183e-21 0.0 183.09 0.0
S424138 158.1614 26.6593 1.782e-18 1.815e-18 1.341e-18 0.0 183.64 0.0
S424139 158.2009 26.645 1.068e-19 1.584e-19 2.6e-19 0.0 183.01 0.0
S424140 157.9094 26.705 9.143e-21 1.65e-20 4.0800000000000006e-20 0.0 184.22 0.0
S424141 158.1024 26.6654 6.555000000000001e-20 9.51e-20 1.485e-19 0.0 184.06 0.0
S424142 158.1359 26.6294 8.679999999999999e-23 2.555e-22 1.795e-21 0.0 183.54 0.0
S424143 158.178 26.6594 1.955e-21 3.719e-21 9.771000000000001e-21 0.0 182.98 0.0
S424144 158.077 26.6808 1.031e-21 2.338e-21 9.526e-21 0.0 184.34 0.0
S424145 158.2666 26.6719 1.612e-18 1.782e-18 1.632e-18 0.0 182.94 0.0
S424146 158.1123 26.6989 4.045e-24 1.591e-23 2.0089999999999997e-22 0.0 183.9 0.0
S424147 158.1198 26.7302 1.639e-20 2.6820000000000003e-20 5.3310000000000005e-20 0.0 183.73 0.0
S424148 158.0537 26.6521 2.252e-19 2.95e-19 3.764e-19 0.0 184.07 0.0
S424149 158.1031 26.6484 7.175e-18 7.247e-18 5.137e-18 0.0 183.98 0.0
S424150 158.1725 26.6599 9.155e-23 2.0839999999999998e-22 8.572999999999999e-22 0.0 183.59 0.0
S424151 158.2059 26.6518 1.42e-21 2.841e-21 8.556e-21 0.0 182.99 0.0
S424152 158.1071 26.639 1.836e-20 2.946e-20 5.907000000000001e-20 0.0 183.97 0.0
S424153 158.1602 26.7113 1.509e-21 3.127e-21 1.013e-20 0.0 183.59 0.0
S424154 158.1581 26.6604 2.179e-24 7.764e-24 8.043999999999999e-23 0.0 184.0 0.0
S424155 157.9914 26.7008 1.007e-21 2.248e-21 8.712e-21 0.0 184.28 0.0
S424156 158.2143 26.6404 1.835e-21 3.937e-21 1.3920000000000002e-20 0.0 182.98 0.0
S424157 158.1176 26.6904 3.9729999999999994e-22 9.820999999999999e-22 4.6900000000000004e-21 0.0 183.87 0.0
S424158 158.0184 26.5234 9.073e-19 1.133e-18 1.217e-18 0.0 183.67 0.0
S424159 158.2032 26.6488 6.635e-18 6.336e-18 4.069e-18 0.0 183.06 0.0
S424160 157.9418 26.6267 1.961e-21 3.9170000000000004e-21 1.237e-20 0.0 184.21 0.0
S424161 158.1661 26.6614 1.75e-19 2.324e-19 2.947e-19 0.0 184.04 0.0
S424162 158.152 26.6345 1.35e-19 1.78e-19 2.313e-19 0.0 183.45 0.0
S424163 158.1726 26.648 1.1039999999999998e-22 2.977e-22 1.652e-21 0.0 183.31 0.0
S424164 158.1438 26.6618 9.513e-24 2.922e-23 2.2539999999999997e-22 0.0 184.02 0.0
S424165 158.2041 26.6946 2.996e-24 1.217e-23 1.6119999999999998e-22 0.0 183.43 0.0
S424166 158.0996 26.6351 1.186e-19 1.637e-19 2.36e-19 0.0 183.94 0.0
S424167 158.1937 26.6671 1.345e-18 1.516e-18 1.381e-18 0.0 183.07 0.0
S424168 158.172 26.6477 4.0699999999999996e-23 1.144e-22 7.267999999999999e-22 0.0 183.29 0.0
S424169 158.1789 26.6669 2.299e-17 4.888e-17 1.754e-16 0.0 183.48 0.0
S424170 158.1911 26.6678 3.55e-18 3.666e-18 2.805e-18 0.0 183.22 0.0
S424171 158.2832 26.6892 2.333e-22 5.023999999999999e-22 1.779e-21 0.0 182.9 0.0
S424172 158.124 26.6209 3.374e-13 2.323e-13 7.793e-14 0.0 183.53 0.0
S424173 158.1973 26.681 1.718e-20 3.0270000000000003e-20 7.097000000000001e-20 0.0 183.4 0.0
S424174 158.0284 26.6535 1.182e-21 9.074999999999999e-22 3.9509999999999994e-22 0.0 184.3 0.0
S424175 158.1017 26.6989 4.995000000000001e-25 2.134e-24 3.1929999999999997e-23 0.0 183.67 0.0
S424176 158.1709 26.652 7.303e-13 5.537e-13 2.291e-13 0.0 183.28 1.0
S424177 158.1784 26.6611 2.351e-23 6.703e-23 4.1999999999999997e-22 0.0 183.21 0.0
S424178 158.032 26.61 8.221e-20 1.226e-19 1.999e-19 0.0 183.95 0.0
S424179 158.1638 26.6546 2.81e-21 5.313e-21 1.426e-20 0.0 183.57 0.0
S424180 158.1314 26.6625 9.607999999999999e-22 1.949e-21 6.151e-21 0.0 184.0 0.0
S424181 158.3259 26.5723 3.327e-19 4.217e-19 5.044e-19 0.0 182.71 0.0
S424182 158.3147 26.6416 1.081e-24 3.954e-24 4.396e-23 0.0 182.57 0.0
S424183 158.1842 26.6689 1.1559999999999998e-22 3.0489999999999997e-22 1.679e-21 0.0 183.22 0.0
S424184 158.0327 26.665 2.205e-19 3.026e-19 4.059e-19 0.0 184.2 0.0
S424185 158.0817 26.6255 2.311e-21 4.537e-21 1.2860000000000001e-20 0.0 183.99 0.0
S424186 158.1942 26.6518 1.989e-21 4.005e-21 1.2960000000000002e-20 0.0 183.02 0.0
S424187 158.1536 26.6355 3.845e-19 4.75e-19 5.449e-19 0.0 183.5 0.0
S424188 158.2488 26.6437 5.433e-19 6.653e-19 7.202e-19 0.0 182.65 0.0
S424189 158.1768 26.6641 4.885e-16 1.498e-15 1.13e-14 0.0 183.37 1.0
S424190 158.1528 26.6665 1.01e-21 2.1310000000000002e-21 7.085000000000001e-21 0.0 183.89 0.0
S424191 158.2093 26.6435 1.1880000000000001e-20 2.0310000000000002e-20 4.5990000000000005e-20 0.0 182.88 0.0
S424192 158.4332 26.627 7.639e-20 1.134e-19 1.823e-19 0.0 182.56 0.0
S424193 158.2388 26.7459 7.844e-19 9.798e-19 1.098e-18 0.0 183.38 0.0
S424194 158.1948 26.6497 9.816e-13 7.322e-13 2.875e-13 0.0 182.91 0.0
S424195 158.039 26.6493 1.194e-19 1.724e-19 2.647e-19 0.0 184.2 0.0
S424196 158.2081 26.6788 5.295e-24 1.705e-23 1.3829999999999998e-22 0.0 183.11 0.0
S424197 158.1559 26.6556 3.8550000000000004e-20 5.851000000000001e-20 1.014e-19 0.0 183.85 0.0
S424198 157.7139 26.6538 1.607e-21 3.235e-21 9.873e-21 0.0 184.09 0.0
S424199 158.1681 26.6486 6.161e-13 4.273e-13 1.509e-13 0.0 183.25 0.0
S424200 158.1197 26.6728 2.062e-24 7.472e-24 8.201e-23 0.0 184.04 0.0
S424201 158.1734 26.6716 9.434e-13 6.937e-13 2.712e-13 0.0 183.61 0.0
S424202 158.4944 26.5629 4.368e-24 1.862e-23 2.6969999999999995e-22 0.0 182.66 0.0
S424203 158.1487 26.6583 2.261e-18 2.494e-18 2.2e-18 0.0 183.93 0.0
S424204 158.1916 26.6061 1.12e-18 1.325e-18 1.337e-18 0.0 183.15 1.0
S424205 158.1714 26.6561 2.6199999999999997e-29 3.576e-28 5.882e-26 0.0 182.78 0.0
S424206 158.1923 26.6547 9.311999999999999e-22 1.766e-21 4.914e-21 0.001 182.85 0.0
S424207 158.1682 26.6643 2.21e-21 4.2740000000000004e-21 1.2520000000000001e-20 0.0 183.67 0.0
S424208 158.196 26.6134 1.501e-19 1.994e-19 2.576e-19 0.0 183.07 0.0
S424209 158.1181 26.6605 3.507e-23 1.0569999999999999e-22 7.449999999999999e-22 0.0 184.17 0.0
S424210 158.1125 26.6843 2.436e-23 7.352e-23 5.202999999999999e-22 0.0 183.83 0.0
S424211 158.2016 26.6836 8.035999999999999e-22 1.68e-21 5.761e-21 0.0 183.4 0.0
S424212 158.0633 26.6241 3.33e-24 1.251e-23 1.425e-22 0.0 183.84 0.0
S424213 158.1551 26.6764 1.83e-27 1.498e-26 8.798e-25 0.0 183.7 0.0
S424214 158.1058 26.669 3.538e-23 9.097e-23 4.808e-22 0.0 184.12 0.0
S424215 158.1126 26.6673 1.423e-24 6.038e-24 8.928999999999999e-23 0.0 184.19 0.0
S424216 158.2995 26.7094 1.746e-21 3.512e-21 1.109e-20 0.0 183.13 0.0
S424217 158.1798 26.6555 3.466e-21 6.446e-21 1.7020000000000003e-20 0.0 183.08 0.0
S424218 158.2269 26.5814 2.207e-22 5.402e-22 2.585e-21 0.0 183.07 0.0
S424219 158.1901 26.7186 1.1449999999999998e-22 2.939e-22 1.5e-21 0.0 183.6 0.0
S424220 158.167 26.6311 2.052e-18 2.211e-18 1.782e-18 0.0 183.34 0.0
S424221 158.1151 26.6076 1.556e-17 1.386e-17 8.145e-18 0.0 183.61 0.0
S424222 158.2578 26.6698 3.729e-18 3.747e-18 2.705e-18 0.0 182.78 0.0
S424223 158.2872 26.5525 4.204e-20 6.351000000000001e-20 1.098e-19 0.0 182.99 0.0
S424224 158.1732 26.6605 3.729e-19 4.746e-19 5.81e-19 0.0 183.16 0.0
S424225 158.168 26.6719 2.46e-17 2.316e-17 1.441e-17 0.0 183.61 0.0
S424226 158.1718 26.6599 1.759e-21 3.415e-21 9.854e-21 0.0 183.72 0.0
S424227 158.1665 26.6554 1.0259999999999999e-22 2.605e-22 1.3270000000000001e-21 0.0 183.72 0.0
S424228 158.0572 26.6758 2.456e-17 2.257e-17 1.369e-17 0.0 184.22 0.0
S424229 158.1773 26.6522 9.073000000000001e-25 3.725e-24 5.1789999999999997e-23 0.0 183.18 0.0
S424230 158.1867 26.675 1.622e-17 2.542e-17 4.665e-17 0.0 183.56 0.0
S424231 158.1709 26.6573 5.1310000000000005e-20 7.91e-20 1.39e-19 0.0 183.57 0.0
S424232 157.6244 26.6431 1.892e-24 7.145e-24 8.136999999999999e-23 0.0 184.12 0.0
S424233 158.1308 26.6446 7.716e-18 7.844e-18 5.622e-18 0.0 184.03 0.0
S424234 158.424 26.6269 1.1369999999999998e-22 2.723e-22 1.181e-21 0.0 182.59 0.0
S424235 158.4493 26.7144 4.982e-17 4.376e-17 2.359e-17 0.0 182.73 0.0
S424236 158.1665 26.6579 1.344e-19 1.932e-19 2.886e-19 0.0 183.77 0.0
S424237 158.1893 26.6599 1.16e-17 1.135e-17 7.65e-18 0.0 182.98 0.0
S424238 158.2048 26.6822 1.596e-21 3.221e-21 1.0030000000000001e-20 0.0 183.18 0.0
S424239 158.1575 26.6541 3.191e-23 1.087e-22 1.0060000000000001e-21 0.0 183.93 0.0
S424240 158.276 26.6317 4.674e-21 7.442e-21 1.412e-20 0.0 182.95 0.0
S424241 158.283 26.6984 6.597e-24 2.226e-23 1.993e-22 0.001 182.99 0.0
S424242 158.1834 26.6672 1.768e-21 3.804e-21 1.37e-20 0.0 183.21 0.0
S424243 158.1759 26.6475 7.553e-19 8.944e-19 8.766e-19 0.0 183.19 0.0
S424244 158.236 26.7028 1.484e-17 1.382e-17 9.048e-18 0.0 183.27 0.0
S424245 158.36 26.4989 5.51e-24 1.8969999999999998e-23 1.852e-22 0.0 182.79 0.0
S424246 158.2773 26.6896 4.702e-24 1.4629999999999998e-23 1.1259999999999998e-22 0.0 182.86 0.0
S424247 158.1825 26.6879 1.022e-21 2.07e-21 6.258e-21 0.0 183.54 0.0
S424248 158.0783 26.717 3.6279999999999997e-22 8.369999999999999e-22 3.3850000000000002e-21 0.0 183.99 0.0
S424249 158.169 26.6577 5.011999999999999e-22 1.042e-21 3.471e-21 0.0 183.9 0.0
S424250 158.2135 26.6458 2.139e-26 1.281e-25 3.849e-24 0.0 182.8 0.0
S424251 158.1269 26.7211 4.299e-19 5.253e-19 5.672e-19 0.0 183.76 0.0
S424252 157.8531 26.6763 3.361e-20 5.1380000000000005e-20 9.059e-20 0.0 184.29 0.0
S424253 158.2242 26.7098 6.731999999999999e-22 1.537e-21 6.113e-21 0.0 183.25 0.0
S424254 158.0249 26.6402 5.2919999999999996e-23 1.618e-22 1.198e-21 0.001 183.86 0.0
S424255 158.219 26.6962 3.008e-24 1.097e-23 1.1409999999999998e-22 0.0 183.37 0.0
S424256 158.2889 26.637 3.8399999999999995e-22 8.491e-22 3.28e-21 0.0 182.53 0.0
S424257 157.9035 26.7458 1.93e-19 2.679e-19 3.735e-19 0.0 184.29 0.0
S424258 158.1856 26.6579 7.728999999999999e-22 1.736e-21 6.587e-21 0.0 182.91 0.0
S424259 158.107 26.667 1.0200000000000002e-20 1.7820000000000002e-20 4.2800000000000006e-20 0.0 183.96 0.0
S424260 158.1558 26.6564 1.08e-24 4.123e-24 4.6449999999999995e-23 0.0 183.97 0.0
S424261 158.1718 26.6079 2.466e-22 5.466e-22 2.1310000000000002e-21 0.0 183.22 0.0
S424262 158.3297 26.6651 4.0870000000000006e-20 6.438000000000001e-20 1.165e-19 0.0 182.7 0.0
S424263 158.1902 26.7062 1.614e-24 6.507e-24 8.864999999999999e-23 0.0 183.54 0.0
S424264 158.1036 26.6604 2.686e-24 1.0069999999999999e-23 1.144e-22 0.0 184.21 0.0
S424265 158.1126 26.7479 5.3790000000000004e-21 1.0050000000000001e-20 2.64e-20 0.0 183.81 0.0
S424266 157.7403 26.5398 2.928e-23 8.826999999999999e-23 6.464999999999999e-22 0.0 183.84 0.0
S424267 158.2171 26.7024 2.316e-17 4.572e-17 1.304e-16 0.0 183.31 0.0
S424268 158.177 26.6516 2.501e-23 7.659999999999999e-23 5.813999999999999e-22 0.0 183.2 0.0
S424269 158.1222 26.678 1.124e-16 8.824e-17 4.018e-17 0.0 184.02 0.0
S424270 158.1083 26.6889 3.038e-20 4.9460000000000004e-20 9.967000000000001e-20 0.0 184.06 0.0
S424271 158.125 26.6695 2.591e-21 1.766e-21 6.2619999999999995e-22 0.0 184.03 0.0
S424272 158.1871 26.656 1.735e-17 1.686e-17 1.14e-17 0.0 183.12 0.0
S424273 158.2236 26.6646 1.901e-12 1.671e-12 8.931e-13 0.0 183.03 1.0
S424274 158.1923 26.6677 3.122e-18 3.248e-18 2.469e-18 0.0 183.09 0.0
S424275 158.236 26.6543 1.541e-22 3.5799999999999995e-22 1.484e-21 0.0 182.83 0.0
S424276 158.1733 26.6683 6.59e-21 1.216e-20 2.975e-20 0.0 183.53 0.0
S424277 158.1343 26.6473 3.323e-24 1.1159999999999999e-23 9.826e-23 0.0 184.1 0.0
S424278 158.1632 26.6745 1.165e-17 1.128e-17 7.506e-18 0.0 183.67 0.0
S424279 158.1633 26.6623 7.89e-18 7.673e-18 5.208e-18 0.0 183.85 0.0
S424280 158.1646 26.6461 3.8069999999999997e-22 8.779999999999999e-22 3.58e-21 0.0 183.36 0.0
S424281 158.176 26.6788 9.169e-18 8.854e-18 6.112e-18 0.0 183.51 0.0
S424282 158.1229 26.6922 8.561e-25 3.3089999999999996e-24 4.101e-23 0.0 184.1 0.0
S424283 158.1372 26.6683 1.5350000000000001e-21 2.992e-21 8.697e-21 0.0 183.98 0.0
S424284 158.1187 26.6449 1.106e-17 1.092e-17 7.544e-18 0.0 184.03 0.0
S424285 158.195 26.6385 1.187e-17 1.103e-17 7.059e-18 0.0 182.98 0.0
S424286 158.2337 26.6677 4.177e-21 8.235e-21 2.4510000000000003e-20 0.0 182.78 0.0
S424287 158.2315 26.6864 4.443e-18 4.66e-18 3.842e-18 0.0 183.05 0.0
S424288 158.1336 26.672 7.938e-18 8.026e-18 5.87e-18 0.0 183.88 0.0
S424289 158.2195 26.6545 1.385e-17 1.313e-17 8.501e-18 0.0 182.75 0.0
S424290 158.1289 26.6453 4.907e-20 7.631000000000001e-20 1.362e-19 0.0 184.07 0.0
S424291 158.1473 26.6808 6.92e-21 1.306e-20 3.677e-20 0.0 183.83 0.0
S424292 158.1467 26.6444 7.754e-18 1.359e-17 3.274e-17 0.0 183.57 0.0
S424293 158.1327 26.6925 3.295e-18 3.468e-18 2.79e-18 0.0 183.89 0.0
S424294 158.1385 26.6801 1.618e-20 2.739e-20 5.936e-20 0.0 184.11 0.0
S424295 158.143 26.6538 9.9e-19 1.145e-18 1.075e-18 0.0 183.78 0.0
S424296 158.1063 26.6755 4.9959999999999995e-23 1.2889999999999998e-22 6.967999999999999e-22 0.0 184.0 0.0
S424297 158.1566 26.6793 1.174e-17 1.127e-17 7.346e-18 0.0 183.7 0.0
S424298 158.2215 26.6598 6.209e-17 5.237e-17 2.769e-17 0.0 182.74 0.0
S424299 158.1792 26.6296 1.791e-17 1.618e-17 9.43e-18 0.0 183.27 0.0
S424300 158.1536 26.6709 8.983e-21 1.621e-20 4.0530000000000006e-20 0.0 183.75 0.0
S424301 158.2247 26.6637 1.224e-18 1.381e-18 1.251e-18 0.0 182.8 0.0
S424302 158.1701 26.6539 8.65e-13 6.287e-13 2.411e-13 0.0 183.42 0.0
S424303 158.1707 26.6624 3.79e-16 3.016e-16 1.356e-16 0.0 183.59 1.0
S424304 158.123 26.6916 9.233999999999999e-24 3.112e-23 2.8099999999999996e-22 0.0 183.99 0.0
S424305 158.1274 26.6372 6.523e-13 4.438e-13 1.521e-13 0.0 183.76 1.0
S424306 158.1797 26.6808 1.077e-22 2.563e-22 1.15e-21 0.0 183.47 0.0
S424307 158.1192 26.6656 1.024e-17 9.313e-18 5.738e-18 0.0 184.15 0.0
S424308 158.1242 26.6352 9.801e-18 9.056e-18 5.794e-18 0.0 183.74 0.0
S424309 158.2264 26.6616 6.4999999999999995e-22 1.482e-21 5.999e-21 0.0 182.84 0.0
S424310 158.1674 26.6576 1.561e-16 1.247e-16 5.631e-17 0.0 183.55 1.0
S424311 158.2051 26.6305 7.658e-19 8.945e-19 9.111e-19 0.0 182.92 0.0
S424312 158.1586 26.6245 3.227e-19 3.781e-19 3.776e-19 0.0 183.3 0.0
S424313 158.1867 26.6594 1.184e-16 9.757e-17 4.742e-17 0.0 183.03 0.0
S424314 158.1644 26.665 3.031e-24 1.023e-23 9.393e-23 0.0 183.67 0.0
S424315 158.2181 26.6304 1.2140000000000001e-20 2.1090000000000003e-20 4.7910000000000006e-20 0.0 182.86 0.0
S424316 158.2001 26.6743 6.092e-18 5.935e-18 4.089e-18 0.0 183.05 0.0
S424317 158.202 26.7007 3.613e-17 6.286e-17 1.401e-16 0.0 183.44 0.0
S424318 158.2136 26.6436 3.517e-13 2.46e-13 8.764e-14 0.0 183.0 0.0
S424319 158.1931 26.6704 2.876e-19 3.981e-19 5.474e-19 0.0 183.35 0.0
S424320 158.1304 26.6621 3.415e-22 7.698999999999999e-22 3.019e-21 0.0 184.08 0.0
S424321 158.1809 26.636 2.257e-21 1.611e-21 5.734e-22 0.0 183.29 0.0
S424322 158.1953 26.6711 7.704e-21 1.3100000000000002e-20 2.747e-20 0.0 183.19 0.0
S424323 158.1602 26.6482 1.54e-22 3.713e-22 1.6480000000000001e-21 0.0 183.55 0.0
S424324 158.2311 26.6223 4.349e-18 6.899e-18 1.315e-17 0.0 182.9 0.0
S424325 158.1488 26.645 3.327e-17 5.303e-17 1.005e-16 0.0 183.65 0.0
S424326 158.1118 26.6449 1.498e-17 1.375e-17 8.501e-18 0.0 183.98 0.0
S424327 158.1922 26.6558 3.257e-17 2.806e-17 1.501e-17 0.0 182.93 0.0
S424328 158.2289 26.6734 2.36e-21 4.9e-21 1.5930000000000002e-20 0.0 182.91 0.0
S424329 158.1374 26.6107 1.281e-12 9.791e-13 4.237e-13 0.0 183.67 1.0
S424330 158.201 26.6733 2.483e-19 3.087e-19 3.423e-19 0.0 183.22 0.0
S424331 158.137 26.6717 1.309e-12 1.16e-12 6.47e-13 0.0 183.87 1.0
S424332 158.1993 26.6334 2.508e-21 1.761e-21 6.184999999999999e-22 0.0 182.73 0.0
S424333 158.1975 26.6717 4.1519999999999997e-23 1.187e-22 7.666999999999999e-22 0.0 183.16 0.0
S424334 158.1447 26.664 2.3420000000000002e-20 3.6900000000000003e-20 6.493e-20 0.0 183.96 0.0
S424335 158.1814 26.667 1.031e-19 1.435e-19 2.019e-19 0.0 183.31 0.0
S424336 158.0799 26.676 6.732999999999999e-22 1.516e-21 5.678e-21 0.0 184.24 0.0
S424337 158.2498 26.6531 1.452e-22 3.661e-22 1.838e-21 0.0 182.76 0.0
S424338 158.213 26.6714 1.075e-12 8.503e-13 3.746e-13 0.0 183.04 1.0
S424339 158.2645 26.654 2.846e-19 3.914e-19 5.507e-19 0.0 182.61 0.0
S424340 158.2154 26.6999 2.236e-17 2.119e-17 1.339e-17 0.0 183.39 0.0
S424341 158.1589 26.6696 3.381e-17 6.903e-17 2.174e-16 0.0 183.88 0.0
S424342 158.1735 26.6337 2.927e-17 5.253e-17 1.22e-16 0.0 183.41 0.0
S424343 158.1671 26.6541 5.389e-18 5.662e-18 4.509e-18 0.0 183.5 0.0
S424344 158.2066 26.6381 3.2000000000000003e-20 4.956000000000001e-20 8.934000000000001e-20 0.0 182.73 0.0
S424345 158.218 26.6552 7.016e-17 9.842e-17 1.446e-16 0.0 182.73 0.0
S424346 158.1257 26.6606 2.553e-23 7.375e-23 4.938999999999999e-22 0.0 184.13 0.0
S424347 158.1746 26.683 1.158e-25 5.728e-25 1.162e-23 0.0 183.65 0.0
S424348 158.1801 26.6484 3.247e-19 4.358e-19 5.897e-19 0.0 182.75 0.0
S424349 158.1883 26.6329 1.144e-20 2.0650000000000002e-20 4.9730000000000004e-20 0.0 183.26 0.0
S424350 158.2118 26.6232 3.898e-21 7.46e-21 2.1100000000000002e-20 0.0 183.14 0.0
S424351 158.196 26.6755 9.749e-20 1.388e-19 2.045e-19 0.0 183.23 0.0
S424352 158.1638 26.6283 6.724e-18 6.649e-18 4.735e-18 0.0 183.45 0.0
S424353 158.194 26.6482 1.007e-19 1.423e-19 2.139e-19 0.0 182.97 0.0
S424354 158.1898 26.6406 3.0640000000000002e-21 5.575e-21 1.37e-20 0.0 183.03 0.0
S424355 158.0928 26.6782 7.749e-22 1.683e-21 6.147e-21 0.0 184.25 0.0
S424356 158.0987 26.6537 4.582e-13 5.161e-13 4.871e-13 0.0 184.09 0.0
S424357 158.2151 26.642 7.681e-21 1.2980000000000001e-20 2.9280000000000005e-20 0.0 182.85 0.0
S424358 158.184 26.673 1.41e-24 5.309e-24 6.13e-23 0.0 183.3 0.0
S424359 158.1555 26.6376 1.952e-16 1.541e-16 7.076e-17 0.0 183.66 1.0
S424360 158.2031 26.6556 2.718e-21 1.888e-21 6.548e-22 0.0 182.94 0.0
S424361 158.1176 26.6587 1.348e-18 1.536e-18 1.425e-18 0.0 184.06 0.0
S424362 158.1951 26.6717 1.1220000000000001e-21 2.227e-21 6.709e-21 0.0 183.16 0.0
S424363 158.1431 26.646 1.148e-22 3.0259999999999997e-22 1.631e-21 0.0 183.59 0.0
S424364 158.179 26.661 2.015e-17 3.286e-17 6.577e-17 0.0 183.26 0.0
S424365 158.1885 26.646 2.619e-21 5.0110000000000004e-21 1.3850000000000002e-20 0.0 182.77 0.0
S424366 158.178 26.627 3.006e-22 7.305e-22 3.3200000000000002e-21 0.0 183.25 0.0
S424367 158.1492 26.6513 6.654e-19 8.086e-19 8.522e-19 0.0 184.01 0.0
S424368 158.1769 26.6585 1.897e-22 3.8939999999999996e-22 1.21e-21 0.0 183.28 0.0
S424369 158.1527 26.6222 1.5610000000000002e-20 2.6450000000000002e-20 5.71e-20 0.0 183.41 0.0
S424370 158.235 26.6498 3.171e-17 5.553e-17 1.287e-16 0.001 182.82 0.0
S424371 158.1197 26.6556 2.89e-21 1.986e-21 6.771e-22 0.0 184.06 0.0
S424372 158.2175 26.6481 2.587e-21 1.802e-21 6.402e-22 0.0 182.8 0.0
S424373 158.1963 26.6344 7.607e-24 2.629e-23 2.5129999999999997e-22 0.0 183.1 0.0
S424374 158.2575 26.6697 8.955e-24 3.106e-23 2.947e-22 0.0 182.84 0.0
S424375 158.1779 26.6605 3.2900000000000004e-26 1.92e-25 5.418e-24 0.0 183.1 0.0
S424376 158.1597 26.6458 1.1640000000000001e-20 2.035e-20 4.6360000000000003e-20 0.0 183.85 0.0
S424377 158.1584 26.6936 2.693e-21 1.857e-21 6.52e-22 0.0 183.66 0.0
S424378 158.1924 26.6611 6.615e-20 9.522e-20 1.434e-19 0.001 183.15 0.0
S424379 158.0909 26.6651 4.0950000000000004e-21 7.668000000000001e-21 2.0170000000000002e-20 0.0 184.09 0.0
S424380 158.219 26.6224 3.434e-24 1.1539999999999999e-23 1.083e-22 0.0 183.05 0.0
S424381 158.1773 26.6762 1.5710000000000003e-20 2.6270000000000003e-20 5.313e-20 0.0 183.41 0.0
S424382 158.1357 26.6262 6.442e-13 4.482e-13 1.533e-13 0.0 183.64 0.0
S424383 158.2385 26.6587 6.627e-19 7.782e-19 7.755e-19 0.0 182.82 0.0
S424384 158.1632 26.6488 4.574e-20 7.151000000000001e-20 1.282e-19 0.0 183.58 0.0
S424385 158.2392 26.6848 1.57e-20 2.6540000000000004e-20 5.63e-20 0.0 182.92 0.0
S424386 158.1929 26.6737 4.369e-17 3.808e-17 2.158e-17 0.0 183.36 0.0
S424387 158.2159 26.6473 5.36e-23 1.567e-22 1.061e-21 0.0 182.76 0.0
S424388 158.118 26.6457 6.727e-19 7.845e-19 7.626e-19 0.0 184.02 0.0
S424389 158.2222 26.6549 2.131e-22 5.182e-22 2.295e-21 0.0 182.93 0.0
S424390 158.1399 26.641 3.416e-20 5.44e-20 1.03e-19 0.0 184.21 0.0
S424391 158.1893 26.6328 9.978e-18 9.332e-18 5.878e-18 0.0 183.14 0.0
S424392 158.1542 26.6561 2.22e-16 3.012e-16 4.138e-16 0.0 183.96 0.0
S424393 158.2257 26.6782 6.581e-23 1.5059999999999999e-22 5.9799999999999995e-22 0.0 182.95 0.0
S424394 158.2266 26.6938 2.886e-18 3.174e-18 2.794e-18 0.0 183.22 0.0
S424395 158.1552 26.6926 1.946e-16 1.541e-16 7.157e-17 0.0 183.87 1.0
S424396 158.1361 26.6722 2.118e-22 5.082999999999999e-22 2.2320000000000002e-21 0.0 184.0 0.0
S424397 158.2123 26.6646 3.05e-16 2.31e-16 9.79e-17 0.0 182.81 1.0
S424398 158.281 26.661 1.082e-12 9.224e-13 4.849e-13 0.0 182.59 1.0
S424399 158.0855 26.6778 2.414e-17 3.983e-17 8.017e-17 0.0 184.18 0.0
S424400 158.1335 26.6333 2.71e-21 1.904e-21 6.733999999999999e-22 0.0 183.56 0.0
S424401 158.1677 26.6891 4.981e-23 1.5429999999999999e-22 1.153e-21 0.0 183.65 0.0
S424402 158.1475 26.6209 2.585e-19 3.193e-19 3.52e-19 0.0 183.51 0.0
S424403 158.1404 26.6414 5.501e-19 6.75e-19 7.447e-19 0.0 183.77 0.0
S424404 158.1899 26.6523 3.03e-17 4.853e-17 9.176e-17 0.0 183.0 0.0
S424405 158.1093 26.639 1e-17 9.603e-18 6.283e-18 0.0 184.04 0.0
S424406 158.1484 26.654 8.953e-19 1.008e-18 9.136e-19 0.0 184.03 0.0
S424407 158.1898 26.6444 1.9580000000000002e-20 3.305e-20 7e-20 0.0 182.68 0.0
S424408 158.0845 26.654 1.939e-21 4.0360000000000004e-21 1.3720000000000002e-20 0.0 183.96 0.0
S424409 158.2012 26.6895 4.126e-17 3.398e-17 1.657e-17 0.0 183.27 0.0
S424410 158.187 26.67 1.169e-16 9.236e-17 3.955e-17 0.0 183.34 0.0
S424411 158.1578 26.6813 2.919e-17 2.76e-17 1.83e-17 0.0 183.99 0.0
S424412 158.1834 26.6594 5.03e-19 5.974e-19 6.093e-19 0.0 183.02 0.0
S424413 158.1278 26.6918 2.755e-17 4.205e-17 7.297e-17 0.0 183.93 0.0
S424414 158.155 26.6184 1.044e-21 2.24e-21 7.8e-21 0.0 183.62 0.0
S424415 158.2034 26.6753 3.349e-19 4.508e-19 5.73e-19 0.0 183.27 0.0
S424416 158.1876 26.6666 1.21e-21 2.753e-21 1.075e-20 0.0 183.11 0.0
S424417 158.1213 26.6787 4.983e-17 1.115e-16 4.293e-16 0.0 184.06 1.0
S424418 158.1024 26.6581 2.883e-21 2.001e-21 7.150999999999999e-22 0.0 184.05 0.0
S424419 158.2156 26.6799 7.149e-17 6.112e-17 3.309e-17 0.0 183.08 0.0
S424420 158.1265 26.6443 3.252e-21 2.202e-21 7.471999999999999e-22 0.0 183.84 0.0
S424421 158.1482 26.6512 1.236e-22 3.2709999999999997e-22 1.826e-21 0.0 183.93 0.0
S424422 158.1996 26.6745 3.05e-21 2.08e-21 7.148999999999999e-22 0.0 183.11 0.0
S424423 158.2145 26.6803 1.604e-19 2.22e-19 2.965e-19 0.0 183.17 0.0
S424424 158.1439 26.6431 4.606e-18 4.695e-18 3.458e-18 0.0 183.76 0.0
S424425 158.1476 26.6328 3.4689999999999996e-23 9.221e-23 5.048e-22 0.0 183.65 0.0
S424426 158.2186 26.6784 2.394e-19 3.025e-19 3.605e-19 0.0 182.98 0.0
S424427 158.1893 26.6769 1.674e-21 3.342e-21 9.91e-21 0.0 183.32 0.0
S424428 158.1366 26.6455 2.035e-21 1.441e-21 5.301e-22 0.0 183.74 0.0
S424429 158.2339 26.6817 3.899e-18 3.945e-18 2.861e-18 0.0 183.11 0.0
S424430 158.1513 26.6422 3.05e-21 5.866e-21 1.6310000000000002e-20 0.0 183.49 0.0
S424431 158.213 26.6733 1.47e-17 2.253e-17 3.885e-17 0.0 183.08 0.0
S424432 158.2113 26.6782 1.046e-16 8.714e-17 4.498e-17 0.0 183.24 0.0
S424433 158.2131 26.6673 1.09e-17 1.033e-17 6.777e-18 0.001 182.86 0.0
S424434 158.1949 26.6704 6.629e-19 8.368e-19 9.656e-19 0.0 183.19 0.0
S424435 158.1198 26.6294 2.234e-21 4.409e-21 1.3270000000000002e-20 0.0 183.71 0.0
S424436 158.2052 26.6663 2.465e-22 6.315999999999999e-22 3.261e-21 0.0 183.09 1.0
S424437 158.1366 26.6329 2.145e-17 4.295e-17 1.351e-16 0.0 183.69 0.0
S424438 158.2335 26.6752 7.348999999999999e-24 2.2899999999999998e-23 1.785e-22 0.0 182.98 0.0
S424439 158.189 26.666 2.457e-17 4.454e-17 1.086e-16 0.0 183.18 0.0
S424440 158.1728 26.6714 3.728e-17 5.983e-17 1.127e-16 0.0 183.55 0.0
S424441 158.1401 26.6346 2.3099999999999999e-23 6.85e-23 4.733e-22 0.0 183.7 0.0
S424442 158.1539 26.648 2.9849999999999998e-24 1.026e-23 9.791999999999999e-23 0.0 183.69 0.0
S424443 158.1503 26.6542 1.829e-18 2.097e-18 2.028e-18 0.0 183.81 0.0
S424444 158.202 26.6747 1.9909999999999998e-23 5.171e-23 2.7889999999999997e-22 0.0 183.23 0.0
S424445 158.1221 26.6494 3.348e-22 7.841999999999999e-22 3.415e-21 0.0 183.93 0.0
S424446 158.2139 26.683 3.056e-21 2.0420000000000002e-21 6.749999999999999e-22 0.0 183.25 0.0
S424447 158.2106 26.667 9.141e-23 2.2589999999999996e-22 1.102e-21 0.0 183.1 0.0
S424448 158.1331 26.6392 9.707000000000001e-25 4.264e-24 6.986999999999999e-23 0.0 183.63 0.0
S424449 158.2343 26.6798 5.765e-19 7.204e-19 8.159e-19 0.0 183.17 0.0
S424450 158.2226 26.6828 2.832e-21 4.837e-21 1.087e-20 0.0 183.13 0.0
S424451 158.1293 26.641 6.141999999999999e-22 1.246e-21 3.896e-21 0.0 183.83 0.0
S424452 158.1264 26.6293 5.799e-18 5.795e-18 4.338e-18 0.0 183.69 0.0
S424453 158.2219 26.6752 2.272e-17 4.451e-17 1.331e-16 0.0 183.02 0.0
S424454 158.1366 26.633 2.7910000000000002e-21 1.926e-21 6.7819999999999995e-22 0.0 183.73 0.0
S424455 158.1799 26.6705 2.04e-17 1.762e-17 9.847e-18 0.0 183.39 0.0
S424456 158.1382 26.6336 8.097e-19 9.338e-19 9.306e-19 0.0 183.7 0.0
S424457 158.2131 26.6824 7.910999999999999e-22 1.668e-21 5.6650000000000004e-21 0.0 183.14 0.0
S424458 158.1511 26.6345 1.438e-20 2.3870000000000002e-20 5.0420000000000004e-20 0.0 183.63 0.0
S424459 158.1441 26.6306 7.301e-18 7.336e-18 5.391e-18 0.0 183.67 0.0
S424460 158.2278 26.6792 7.501e-20 1.094e-19 1.732e-19 0.0 183.16 0.0
S424461 158.2001 26.6816 1.575e-21 3.198e-21 1.002e-20 0.0 183.31 0.0
S424462 158.236 26.6921 7.900000000000001e-20 1.155e-19 1.842e-19 0.0 183.14 0.0
S424463 158.1183 26.6351 1.221e-19 1.638e-19 2.061e-19 0.0 183.8 0.0
S424464 158.1195 26.6292 7.016e-17 1.084e-16 1.81e-16 0.0 183.74 0.0
S424465 158.2147 26.6745 2.751e-21 1.891e-21 6.580999999999999e-22 0.0 183.11 0.0
S424466 158.2209 26.684 8.791e-17 7.174e-17 3.436e-17 0.0 183.24 0.0
S424467 158.1213 26.6337 1.73e-19 2.478e-19 3.866e-19 0.001 183.78 0.0
S424468 158.2271 26.6727 1.189e-16 9.416e-17 4.365e-17 0.0 183.18 0.0
S424469 158.1505 26.6338 5.262e-17 9.815e-17 2.612e-16 0.0 183.64 0.0
S424470 158.2121 26.6931 1.189e-18 1.391e-18 1.336e-18 0.0 183.51 0.0
S424471 158.1305 26.6359 3.302e-17 2.914e-17 1.642e-17 0.0 183.72 0.0
S424472 158.1226 26.642 3.714e-21 7.207e-21 2.05e-20 0.0 183.84 0.0
S424473 158.1347 26.6472 9.613e-19 1.167e-18 1.233e-18 0.0 184.03 0.0
S424474 158.2236 26.6718 1.334e-21 2.685e-21 8.053e-21 0.0 183.01 0.0
S424475 158.226 26.6894 2.183e-16 1.716e-16 7.652e-17 0.0 183.23 1.0
S424476 158.2194 26.6797 4.757e-13 3.26e-13 1.135e-13 0.0 183.26 0.0
S424477 158.2171 26.6922 1.529e-16 1.225e-16 5.657e-17 0.0 183.17 0.0
S424478 158.15 26.6432 3.906e-23 9.947e-23 5.032e-22 0.0 183.52 0.0
S424479 158.2153 26.6836 4.67e-18 5.108e-18 4.393e-18 0.0 183.21 0.0
S424480 158.1216 26.6402 2.694e-18 2.816e-18 2.148e-18 0.0 183.48 0.0
S424481 158.2143 26.6799 1.8019999999999998e-22 4.737e-22 2.447e-21 0.0 183.11 0.0
S424482 158.1942 26.6725 5.912e-22 1.302e-21 4.742e-21 0.0 183.2 0.0
S424483 158.1254 26.6333 8.486e-22 1.8340000000000002e-21 6.455e-21 0.0 183.64 0.0
S424484 158.1193 26.6364 8.055e-21 1.404e-20 3.106e-20 0.0 183.93 0.0
S424485 158.1231 26.6402 2.757e-21 1.919e-21 6.587999999999999e-22 0.0 183.78 0.0
S424486 158.2477 26.6788 1.1309999999999999e-22 2.704e-22 1.172e-21 0.0 182.92 0.0
S424487 158.1169 26.6332 2.934e-17 2.593e-17 1.418e-17 0.001 183.76 0.0
S424488 158.1194 26.6339 9.913000000000001e-20 1.458e-19 2.308e-19 0.0 183.73 0.0
S424489 158.2144 26.6782 6.961e-19 8.57e-19 9.808e-19 0.001 183.25 0.0
S424490 158.1999 26.6861 1.181e-17 1.088e-17 6.784e-18 0.0 183.39 0.0
S424491 158.2389 26.6879 1.67e-22 4.113e-22 1.918e-21 0.0 183.11 0.0
S424492 158.2243 26.6744 2.97e-21 2.069e-21 7.116999999999999e-22 0.0 182.9 0.0
S424493 158.1086 26.6304 1.862e-21 3.615e-21 1.0410000000000001e-20 0.0 183.95 0.0
S424494 158.2051 26.6639 8.171999999999999e-22 1.878e-21 7.430000000000001e-21 0.0 182.96 0.0
S424495 158.1159 26.6356 3.035e-22 7.11e-22 2.953e-21 0.0 183.9 0.0
S424496 158.1266 26.6312 7.987e-13 5.84e-13 2.235e-13 0.0 183.7 0.0
S424497 158.1302 26.6308 4.1679999999999995e-22 9.729999999999999e-22 4.151e-21 0.0 183.86 0.0
S424498 158.2126 26.6824 5.977e-17 5.152e-17 2.777e-17 0.0 183.2 0.0
S424499 158.2314 26.6779 4.8060000000000005e-20 7.405e-20 1.348e-19 0.0 183.06 0.0
S424500 158.1061 26.631 1.483e-17 2.324e-17 4.158e-17 0.0 183.79 0.0
S424501 158.115 26.6236 6.111e-19 7.443e-19 8.175e-19 0.0 183.72 0.0
S424502 158.1126 26.6142 5.251e-20 8.101000000000001e-20 1.425e-19 0.0 183.56 0.0
S424503 158.2016 26.6964 9.29e-17 7.516e-17 3.688e-17 0.0 183.38 0.0
S424504 158.1128 26.6295 3.09e-21 6.2000000000000004e-21 1.874e-20 0.0 183.7 0.0
S424505 158.1524 26.6309 7.553000000000001e-20 1.12e-19 1.807e-19 0.0 183.46 0.0
S424506 158.2226 26.6947 4.39e-17 3.751e-17 1.96e-17 0.0 183.14 0.0
S424507 158.1591 26.6336 6.485000000000001e-20 9.642000000000001e-20 1.514e-19 0.0 183.46 0.0
S424508 158.125 26.6484 1.173e-18 1.252e-18 1.036e-18 0.0 183.88 1.0
S424509 158.2355 26.6825 3.8760000000000004e-20 5.967e-20 1.054e-19 0.0 183.0 0.0
S424510 158.0817 26.6274 9.819999999999999e-22 2.123e-21 7.389e-21 0.0 183.75 0.0
S424511 158.2386 26.6912 2.4780000000000003e-25 1.132e-24 1.9569999999999998e-23 0.0 183.19 0.0
S424512 158.2009 26.6779 8.085000000000001e-20 1.231e-19 2.073e-19 0.0 183.2 0.0
S424513 158.1296 26.6387 3.553e-18 3.744e-18 3.022e-18 0.0 183.81 0.0
S424514 158.1228 26.6328 5.809e-21 1.0480000000000001e-20 2.6960000000000003e-20 0.0 183.77 0.0
S424515 158.2203 26.7023 3.693e-17 6.325e-17 1.411e-16 0.0 183.43 0.0
S424516 158.1262 26.6251 1.526e-18 1.691e-18 1.517e-18 0.0 183.67 0.0
S424517 158.1265 26.6368 2.8800000000000002e-21 1.973e-21 6.825999999999999e-22 0.0 183.71 0.0
S424518 158.1127 26.6392 2.416e-17 2.088e-17 1.11e-17 0.0 183.77 0.0
S424519 158.2116 26.689 2.161e-22 4.991e-22 2.138e-21 0.0 183.39 0.0
S424520 158.1027 26.6367 1.377e-21 2.813e-21 9.003e-21 0.0 183.84 0.0
S424521 158.211 26.679 5.047e-18 5.118e-18 3.85e-18 0.0 183.03 0.0
S424522 158.1348 26.6317 2.924e-18 3.182e-18 2.626e-18 0.0 183.47 0.0
S424523 158.2289 26.6836 1.195e-12 9.819e-13 4.741e-13 0.0 183.09 1.0
S424524 158.1229 26.634 3.176e-22 7.158e-22 2.675e-21 0.0 183.57 1.0
S424525 158.2329 26.6961 1.6679999999999998e-22 4.589e-22 2.651e-21 0.0 183.13 0.0
S424526 158.2138 26.6819 8.733e-21 1.519e-20 3.4890000000000004e-20 0.0 183.16 0.0
S424527 158.2443 26.6769 3.794e-17 3.356e-17 1.854e-17 0.0 183.13 0.0
S424528 158.13 26.6338 6.839e-20 1.062e-19 1.897e-19 0.0 183.56 0.0
S424529 158.1133 26.6256 6.204e-24 1.9409999999999998e-23 1.5429999999999999e-22 0.0 183.72 0.0
S424530 158.2091 26.6914 1.151e-17 1.066e-17 6.639e-18 0.0 183.36 0.0
S424531 158.0994 26.6376 3.469e-21 7.041e-21 2.2380000000000002e-20 0.0 183.93 0.0
S424532 158.2468 26.6886 6.406999999999999e-22 1.516e-21 6.338e-21 0.0 182.87 0.0
S424533 158.1339 26.633 1.455e-25 7.473e-25 1.579e-23 0.0 183.49 0.0
S424534 158.1407 26.6374 1.447e-12 1.166e-12 5.243e-13 0.0 183.74 1.0
S424535 158.2334 26.6914 8.470000000000001e-20 1.244e-19 1.973e-19 0.0 183.14 0.0
S424536 158.2357 26.6879 2.877e-26 1.847e-25 6.608e-24 0.0 182.98 0.0
S424537 158.2125 26.6834 1.44e-22 3.6869999999999997e-22 1.819e-21 0.0 183.33 0.0
S424538 158.2216 26.697 1.112e-18 1.245e-18 1.126e-18 0.0 183.14 0.0
S424539 158.223 26.6859 6.920000000000001e-20 9.725e-20 1.424e-19 0.0 183.25 0.0
S424540 158.2434 26.69 9.121e-17 2.297e-16 1.176e-15 0.0 182.93 1.0
S424541 158.2299 26.6939 6.119e-20 9.362000000000001e-20 1.663e-19 0.0 183.07 0.0
S424542 158.2243 26.7047 5.3080000000000004e-21 9.196e-21 2.001e-20 0.0 183.45 0.0
S424543 158.2471 26.6927 1.311e-18 1.489e-18 1.385e-18 0.0 183.13 0.0
S424544 158.1315 26.6376 1.123e-18 1.327e-18 1.285e-18 0.0 183.75 0.0
S424545 158.2221 26.6841 9.701e-18 9.368e-18 6.563e-18 0.0 183.1 0.0
S424546 158.2297 26.6944 2.4909999999999997e-22 6.449999999999999e-22 3.342e-21 0.0 183.22 0.0
S424547 158.1046 26.6201 1.2930000000000001e-20 2.4490000000000002e-20 6.681000000000001e-20 0.0 183.8 0.0
S424548 158.1078 26.6323 1.487e-17 2.425e-17 4.721e-17 0.0 183.78 0.0
S424549 158.2373 26.6908 5.742e-20 8.592000000000001e-20 1.469e-19 0.0 183.1 0.0
S424550 158.1015 26.6138 2.146e-17 4.579e-17 1.559e-16 0.0 183.77 0.0
S424551 158.2272 26.6997 2.3460000000000002e-25 1.055e-24 1.661e-23 0.0 183.35 0.0
S424552 158.2408 26.6982 2.361e-18 2.52e-18 2.076e-18 0.0 183.26 0.0
S424553 158.2563 26.701 7.117e-21 1.3520000000000001e-20 3.567e-20 0.0 183.06 0.0
S424554 158.2382 26.6815 6.79e-17 5.492e-17 2.577e-17 0.0 183.04 0.0
S424555 158.2067 26.6958 6.161e-17 5.085e-17 2.555e-17 0.0 183.47 0.0
S424556 158.2391 26.6764 8.131e-18 1.484e-17 3.827e-17 0.0 182.86 0.0
S424557 158.0895 26.6231 1.936e-20 3.32e-20 7.258e-20 0.0 183.83 0.0
S424558 158.1069 26.6241 6.302e-24 2.3259999999999998e-23 2.57e-22 0.0 183.71 0.0
S424559 158.2377 26.6954 4.734e-18 4.829e-18 3.597e-18 0.0 183.33 0.0
S424560 158.118 26.619 6.532e-17 5.293e-17 2.471e-17 0.0 183.68 0.0
S424561 158.2401 26.6975 9.046e-19 1.054e-18 1.016e-18 0.0 183.22 0.0
S424562 158.2285 26.6896 1.453e-19 2.049e-19 3.003e-19 0.0 183.27 0.0
S424563 158.1055 26.6148 7.852e-21 1.388e-20 3.298e-20 0.0 183.7 0.0
S424564 158.0939 26.6285 1.594e-17 1.429e-17 8.358e-18 0.0 183.84 0.0
S424565 158.1083 26.6035 1.994e-21 3.916e-21 1.1880000000000001e-20 0.0 183.71 0.0
S424566 158.1192 26.6196 8.601e-23 2.449e-22 1.521e-21 0.0 183.67 0.0
S424567 158.2269 26.6974 5.498999999999999e-23 1.4859999999999998e-22 8.549e-22 0.0 183.3 0.0
S424568 158.2611 26.6931 1.297e-17 1.207e-17 7.614e-18 0.0 183.09 0.0
S424569 158.0996 26.6207 7.34e-17 5.861e-17 2.741e-17 0.0 183.67 0.0
S424570 158.2717 26.7031 2.577e-17 2.23e-17 1.206e-17 0.0 183.11 0.0
S424571 158.2325 26.7 3.3309999999999997e-22 7.826999999999999e-22 3.377e-21 0.0 183.21 0.0
S424572 158.251 26.6952 1.658e-16 1.347e-16 6.337e-17 0.0 183.07 0.0
S424573 158.2395 26.7026 5.663e-18 5.979e-18 4.713e-18 0.0 183.3 0.0
S424574 158.2654 26.699 2.818e-13 1.894e-13 6.309e-14 0.0 183.08 0.0
S424575 158.2216 26.6905 2.789e-21 1.94e-21 6.760999999999999e-22 0.0 183.21 0.0
S424576 158.1092 26.6299 2.089e-21 1.48e-21 5.522e-22 0.0 183.67 0.0
S424577 158.2377 26.7 8.606000000000001e-20 1.237e-19 1.848e-19 0.0 183.4 0.0
S424578 158.0628 26.6213 3.086e-19 3.98e-19 4.758e-19 0.0 183.89 0.0
S424579 158.235 26.6959 6.462e-19 7.776e-19 8.268e-19 0.0 183.42 0.0
S424580 158.0927 26.6156 1.822e-17 3.435e-17 9.017e-17 0.0 183.9 0.0
S424581 158.2589 26.6979 2.979e-18 3.238e-18 2.746e-18 0.0 183.16 0.0
S424582 158.0841 26.6128 1.8139999999999998e-22 4.269999999999999e-22 1.845e-21 0.0 183.98 0.0
S424583 158.0713 26.6146 2.264e-20 3.491e-20 6.018e-20 0.0 183.78 0.0
S424584 158.0852 26.6114 7.58e-18 1.273e-17 2.679e-17 0.0 183.74 0.0
S424585 158.217 26.6897 1.3979999999999998e-23 4.124e-23 2.837e-22 0.0 183.15 0.0
S424586 158.2535 26.7031 9.226999999999999e-22 2.023e-21 7.38e-21 0.0 183.01 0.0
S424587 158.075 26.6046 7.365e-17 6.117e-17 3.071e-17 0.0 183.76 0.0
S424588 158.0996 26.6267 6.901e-21 1.275e-20 3.2460000000000005e-20 0.0 183.79 0.0
S424589 158.1202 26.6039 9.503e-21 1.628e-20 3.6270000000000004e-20 0.0 183.72 0.0
S424590 158.0957 26.6199 1.1100000000000001e-21 2.631e-21 1.109e-20 0.0 183.85 0.0
S424591 158.0898 26.6175 9.389000000000001e-20 1.313e-19 1.88e-19 0.0 183.81 0.0
S424592 158.2907 26.6998 2.697e-17 4.438e-17 9.011e-17 0.0 182.92 0.0
S424593 158.2745 26.7056 6.746999999999999e-22 1.4250000000000001e-21 4.836e-21 0.0 183.12 0.0
S424594 158.0862 26.6215 6.454e-13 4.404e-13 1.516e-13 0.0 183.8 0.0
S424595 158.1025 26.6165 2.039e-17 1.799e-17 1.002e-17 0.0 183.8 0.0
S424596 158.2433 26.6977 7.159e-20 1.03e-19 1.545e-19 0.0 183.17 0.0
S424597 158.2547 26.7035 2.1790000000000002e-20 3.4620000000000003e-20 6.652e-20 0.0 183.09 0.0
S424598 158.1112 26.6222 1.779e-21 3.383e-21 9.344e-21 0.0 183.73 0.0
S424599 158.2467 26.7047 1.037e-18 1.172e-18 1.084e-18 0.0 183.18 0.0
S424600 158.0833 26.6169 1.103e-18 1.286e-18 1.272e-18 0.0 183.76 0.0
S424601 158.2679 26.7091 3.362e-20 5.128e-20 9.238000000000001e-20 0.0 183.04 0.0
S424602 158.2405 26.705 5.235e-18 5.28e-18 3.952e-18 0.0 183.19 0.0
S424603 158.0911 26.6164 3.498e-20 5.483e-20 9.777e-20 0.0 183.72 0.0
S424604 158.2541 26.7025 3.21e-21 2.204e-21 7.511e-22 0.0 183.16 0.0
S424605 158.2545 26.7048 5.627e-20 8.132e-20 1.211e-19 0.0 183.03 0.0
S424606 158.0984 26.6123 2.726e-21 1.887e-21 6.518e-22 0.0 183.67 0.0
S424607 158.0589 26.6124 1.779e-18 1.994e-18 1.758e-18 0.0 183.94 0.0
S424608 158.2662 26.7023 1.083e-18 1.212e-18 1.114e-18 0.001 182.99 0.0
S424609 158.2532 26.6929 8.023e-18 1.389e-17 3.162e-17 0.0 183.03 0.0
S424610 158.2714 26.7025 6.42e-16 4.681e-16 1.844e-16 0.0 183.15 0.0
S424611 158.2655 26.7025 3.702e-21 7.376e-21 2.2140000000000002e-20 0.001 183.05 0.0
S424612 158.1016 26.6171 7.137e-13 4.87e-13 1.683e-13 0.0 183.7 0.0
S424613 158.0853 26.6066 4.791e-23 1.3449999999999998e-22 8.4469999999999995e-22 0.0 183.65 0.0
S424614 158.0878 26.6085 2.6390000000000003e-25 1.222e-24 2.1619999999999998e-23 0.0 183.81 0.0
S424615 158.2586 26.7044 1.546e-21 2.6780000000000002e-21 6.215e-21 0.0 183.14 0.0
S424616 158.0848 26.6174 7.823e-18 7.803e-18 5.444e-18 0.0 183.58 0.0
S424617 158.0941 26.618 1.2780000000000001e-20 2.163e-20 4.6840000000000003e-20 0.001 183.89 0.0
S424618 158.0776 26.6206 3.036e-18 3.339e-18 2.881e-18 0.0 183.87 0.0
S424619 158.0935 26.6133 2.05e-21 1.467e-21 5.405e-22 0.0 183.97 0.0
S424620 158.1063 26.6028 3.276e-21 2.237e-21 7.500999999999999e-22 0.0 183.74 0.0
S424621 158.0549 26.5933 2.55e-24 8.709e-24 8.292999999999999e-23 0.0 183.86 0.0
S424622 158.2729 26.708 5.662e-17 4.814e-17 2.512e-17 0.0 182.99 0.0
S424623 158.2913 26.7048 3.787e-17 3.332e-17 1.799e-17 0.0 183.16 0.0
S424624 158.0757 26.614 5.009e-16 3.89e-16 1.751e-16 0.0 183.7 1.0
S424625 158.2585 26.7042 1.281e-22 3.252e-22 1.618e-21 0.0 182.99 0.0
S424626 158.0686 26.6074 4.614e-22 9.779999999999998e-22 3.355e-21 0.0 183.64 0.0
S424627 158.2938 26.7079 1.916e-18 2.087e-18 1.796e-18 0.0 182.93 0.0
S424628 158.083 26.6134 3.286e-21 2.243e-21 7.641999999999999e-22 0.0 184.09 0.0
S424629 158.0761 26.6071 1.496e-18 1.714e-18 1.611e-18 0.0 183.68 0.0
S424630 158.0741 26.6114 9.005e-19 1.06e-18 1.083e-18 0.0 183.72 0.0
S424631 158.2859 26.706 7.119e-24 2.155e-23 1.582e-22 0.0 183.1 0.0
S424632 158.0714 26.6222 1.163e-18 1.256e-18 1.072e-18 0.0 183.94 0.0
S424633 158.0846 26.6042 4.346e-18 4.222e-18 2.89e-18 0.0 183.82 0.0
S424634 158.2492 26.7022 4.859e-20 7.55e-20 1.381e-19 0.0 183.23 0.0
S424635 158.067 26.6018 7.39e-19 8.952e-19 9.369e-19 0.0 183.94 0.0
S424636 158.2893 26.7112 5.0080000000000004e-20 7.462000000000001e-20 1.243e-19 0.0 183.04 0.0
S424637 158.0589 26.6252 2.454e-17 2.17e-17 1.228e-17 0.0 183.83 0.0
S424638 158.0723 26.6042 5.185e-16 3.84e-16 1.527e-16 0.0 183.73 0.0
S424639 158.0565 26.605 1.173e-20 2.0710000000000003e-20 4.6690000000000004e-20 0.0 183.76 0.0
S424640 158.0587 26.5991 1.73e-22 4.363e-22 2.084e-21 0.0 183.76 0.0
S424641 158.284 26.719 1.004e-21 1.9e-21 5.329e-21 0.0 183.18 0.0
S424642 158.0576 26.6066 4.018e-13 2.828e-13 1.04e-13 0.0 183.61 0.0
S424643 158.0373 26.5976 5.011e-20 7.825000000000001e-20 1.379e-19 0.0 183.89 0.0
S424644 158.2904 26.7151 3.615e-18 3.599e-18 2.638e-18 0.0 183.18 0.0
S424645 158.2858 26.7162 1.774e-16 1.404e-16 6.152e-17 0.0 183.16 1.0
S424646 158.0558 26.609 1.195e-17 2.422e-17 7.7e-17 0.0 183.86 0.0
S424647 158.268 26.7143 4.8560000000000004e-21 9.513e-21 2.766e-20 0.0 183.06 0.0
S424648 158.2916 26.7195 5.145999999999999e-22 1.1130000000000001e-21 4.033e-21 0.0 182.93 0.0
S424649 158.0605 26.6065 1.9550000000000002e-20 3.506e-20 8.642e-20 0.0 184.0 0.0
S424650 158.257 26.7022 1.326e-17 2.061e-17 3.689e-17 0.0 183.03 0.0
S424651 158.2983 26.7114 4.68e-23 1.396e-22 9.585e-22 0.0 183.12 0.0
S424652 158.0737 26.6196 7.157e-17 5.961e-17 3.052e-17 0.0 183.74 0.0
S424653 158.2612 26.7056 9.995e-21 1.7620000000000002e-20 4.1380000000000004e-20 0.0 183.09 0.0
S424654 158.0546 26.5936 9e-19 1.042e-18 1.002e-18 0.0 183.8 0.0
S424655 158.0431 26.6025 8.548e-19 9.601e-19 8.442e-19 0.0 183.64 0.0
S424656 158.2857 26.7155 3.048e-21 2.073e-21 7.089999999999999e-22 0.0 183.13 0.0
S424657 158.3074 26.7045 6.284999999999999e-22 1.411e-21 5.411e-21 0.0 183.07 0.0
S424658 158.2939 26.7204 2.54e-18 2.686e-18 2.248e-18 0.0 182.99 0.0
S424659 158.2539 26.7157 1.627e-18 1.814e-18 1.581e-18 0.0 183.2 0.0
S424660 158.2927 26.7237 9.226e-18 1.651e-17 4.016e-17 0.0 183.13 0.0
S424661 158.2659 26.7139 1.586e-16 1.222e-16 5.271e-17 0.0 183.16 1.0
S424662 158.3067 26.7198 1.625e-17 2.558e-17 4.597e-17 0.0 183.27 0.0
S424663 158.3047 26.702 6.580999999999999e-22 1.487e-21 5.868e-21 0.0 183.05 0.0
S424664 158.292 26.7135 1.771e-18 2.124e-18 2.188e-18 0.0 183.06 0.0
S424665 158.0546 26.5985 5.672e-18 5.467e-18 3.811e-18 0.0 183.91 0.0
S424666 158.3105 26.7098 3.922e-21 2.608e-21 8.24e-22 0.0 183.01 0.0
S424667 158.0477 26.6039 2.645e-17 2.353e-17 1.311e-17 0.0 183.67 0.0
S424668 158.0445 26.5914 1.102e-18 1.212e-18 1.085e-18 0.0 183.74 0.0
S424669 158.3163 26.7093 6.871e-17 5.676e-17 2.74e-17 0.001 183.09 0.0
S424670 158.0701 26.5973 6.921e-19 8.034e-19 7.769e-19 0.0 183.7 0.0
S424671 158.0404 26.59 2.3999999999999996e-22 5.611e-22 2.4e-21 0.0 183.77 0.0
S424672 158.0364 26.5903 3.065e-22 6.697e-22 2.374e-21 0.0 183.81 0.0
S424673 158.0427 26.5893 4.568e-20 6.935e-20 1.17e-19 0.0 183.72 0.0
S424674 158.3261 26.7295 9.34e-17 1.904e-16 5.955e-16 0.0 182.93 1.0
S424675 158.0417 26.6007 6.564e-24 1.925e-23 1.351e-22 0.0 183.88 0.0
S424676 158.042 26.6055 4.511e-13 3.03e-13 9.852e-14 0.0 183.89 0.0
S424677 158.0457 26.6041 5.963e-17 5.231e-17 2.837e-17 0.0 183.92 0.0
S424678 158.0421 26.6002 2.992e-21 2.05e-21 7.069999999999999e-22 0.0 183.92 0.0
S424679 158.0518 26.6039 1.464e-15 1.055e-15 3.887e-16 0.0 183.93 0.0
S424680 158.0561 26.6033 1.523e-18 1.701e-18 1.505e-18 0.0 183.75 0.0
S424681 158.0484 26.5979 3.992e-17 3.448e-17 1.854e-17 0.0 183.87 0.0
S424682 158.2932 26.7205 1.313e-12 1.016e-12 4.41e-13 0.0 183.08 1.0
S424683 158.0606 26.5992 2.707e-13 1.831e-13 6.242e-14 0.0 183.74 0.0
S424684 158.2917 26.7238 5.804e-15 3.957e-15 1.378e-15 0.0 183.07 0.0
S424685 158.289 26.7251 1.586e-17 2.897e-17 7.422e-17 0.0 183.25 0.0
S424686 158.2779 26.7205 9.468e-16 7.055e-16 2.89e-16 0.0 183.19 0.0
S424687 158.2827 26.7259 1.56e-16 1.326e-16 6.751e-17 0.0 183.02 0.0
S424688 158.2795 26.7255 3.182e-13 2.206e-13 7.825e-14 0.0 183.24 0.0
S424689 158.0666 26.5897 6.092e-16 4.67e-16 1.961e-16 0.0 183.69 1.0
S424690 158.271 26.7251 5.593e-17 4.771e-17 2.511e-17 0.0 183.21 0.0
S424691 158.2711 26.7283 6.921e-18 6.772e-18 4.786e-18 0.0 183.02 0.0
S424692 158.0684 26.5846 2.102e-16 1.689e-16 8.001e-17 0.0 183.64 0.0
S424693 158.2824 26.7375 4.448e-18 4.675e-18 3.882e-18 0.0 183.38 0.0
S424694 158.0844 26.587 1.447e-17 1.454e-17 1.098e-17 0.0 183.76 0.0
S424695 158.086 26.5883 2.186e-15 1.503e-15 5.188e-16 0.0 183.76 0.0
S424696 158.2512 26.7294 1.6e-18 1.803e-18 1.717e-18 0.0 183.23 0.0
S424697 158.0785 26.5818 2.11e-15 1.517e-15 5.548e-16 0.0 183.65 0.0
S424698 158.2533 26.7328 2.087e-17 1.831e-17 1.039e-17 0.0 183.4 0.0
S424699 158.0869 26.579 3.151e-21 2.117e-21 6.993e-22 0.0 183.42 0.0
S424700 158.2571 26.7447 8.668e-17 6.867e-17 3.148e-17 0.0 183.48 0.0
S424701 158.0974 26.58 2.201e-15 1.542e-15 5.444e-16 0.0 183.66 0.0
S424702 158.1117 26.5826 3.374e-16 2.624e-16 1.171e-16 0.0 183.4 1.0
S424703 158.2352 26.7385 1.339e-17 2.332e-17 5.14e-17 0.0 183.28 0.0
S424704 158.1143 26.5789 4.498e-16 3.326e-16 1.324e-16 0.0 183.6 0.0
S424705 158.1155 26.5769 2.31e-15 1.597e-15 5.667e-16 0.0 183.38 0.0
S424706 158.1148 26.5736 5.741e-13 3.95e-13 1.344e-13 0.0 183.33 0.0
S424707 158.1024 26.5691 1.512e-15 1.132e-15 4.445e-16 0.0 183.53 0.0
S424708 158.1218 26.5715 1.149e-16 8.881e-17 3.778e-17 0.0 183.32 0.0
S424709 158.1174 26.5701 7.107e-17 5.7e-17 2.604e-17 0.0 183.68 0.0
S424710 158.2225 26.7491 5.142e-17 4.258e-17 2.09e-17 0.0 183.46 0.0
S424711 158.2084 26.7424 5.329e-17 4.523e-17 2.388e-17 0.0 183.46 0.0
S424712 158.1379 26.569 2.832e-17 5.319e-17 1.408e-16 0.0 183.34 0.0
S424713 158.2021 26.7509 9.84e-15 6.635e-15 2.118e-15 0.0 183.53 0.0
S424714 158.1613 26.569 1.064e-17 1.831e-17 4.12e-17 0.0 183.3 0.0
S424715 158.1881 26.7503 5.449e-17 4.367e-17 2.115e-17 0.0 183.65 0.0
S424716 158.1596 26.5675 1.225e-16 1.032e-16 5.291e-17 0.0 183.34 0.0
S424717 158.1808 26.7572 8.472e-17 6.638e-17 2.902e-17 0.0 183.51 0.0
S424718 158.1694 26.5634 1.098e-15 8e-16 3.153e-16 0.0 183.35 0.0
S424719 158.1667 26.5675 1.365e-16 1.13e-16 5.714e-17 0.001 183.08 0.0
S424720 158.1765 26.5592 4.205e-17 3.557e-17 1.86e-17 0.0 183.23 0.0
S424721 158.1804 26.5617 9.726e-16 7.059e-16 2.795e-16 0.0 183.37 0.0
S424722 158.1632 26.7525 1.382e-15 9.947e-16 3.757e-16 0.0 183.67 0.0
S424723 158.1847 26.5628 1.093e-16 8.663e-17 3.999e-17 0.0 183.25 0.0
S424724 158.2018 26.557 7.293e-16 5.403e-16 2.219e-16 0.0 182.91 0.0
S424725 158.2064 26.5638 9.132e-17 7.539e-17 3.652e-17 0.0 183.2 0.0
S424726 158.1997 26.5581 5.267e-17 9.329e-17 2.285e-16 0.0 183.08 0.0
S424727 158.1462 26.7564 2.254e-21 1.588e-21 5.735999999999999e-22 0.0 183.69 0.0
S424728 158.2156 26.5599 2.215e-20 3.519e-20 6.678e-20 0.0 182.86 0.0
S424729 158.2282 26.5573 9.535e-16 6.964e-16 2.776e-16 0.0 183.09 0.0
S424730 158.2232 26.5583 2.971e-17 2.545e-17 1.36e-17 0.0 183.35 0.0
S424731 158.1056 26.7568 1.757e-16 1.395e-16 6.389e-17 0.0 184.04 0.0
S424732 158.2273 26.5647 1.361e-17 2.316e-17 5.157e-17 0.0 183.16 0.0
S424733 158.0997 26.7594 3.839e-16 2.874e-16 1.133e-16 0.001 183.75 0.0
S424734 158.099 26.7528 1.016e-19 1.459e-19 2.206e-19 0.0 183.7 0.0
S424735 158.0879 26.7569 4.157e-16 3.311e-16 1.517e-16 0.0 184.05 1.0
S424736 158.2688 26.5633 1.918e-15 1.401e-15 5.351e-16 0.0 183.15 0.0
S424737 158.0746 26.7525 4.353e-17 3.779e-17 2.132e-17 0.0 183.82 0.0
S424738 158.2803 26.5661 1.572e-17 2.453e-17 4.352e-17 0.0 182.95 0.0
S424739 158.0716 26.7523 3.371e-16 2.603e-16 1.087e-16 0.0 183.88 1.0
S424740 158.2855 26.5626 5.573e-17 8.614e-17 1.536e-16 0.0 182.96 0.0
S424741 158.2999 26.5665 3.906e-17 3.22e-17 1.568e-17 0.0 182.97 0.0
S424742 158.0513 26.7524 5.904e-16 4.343e-16 1.761e-16 0.0 183.94 0.0
S424743 158.048 26.7507 2.335e-16 1.9e-16 8.778e-17 0.0 183.95 0.0
S424744 158.0415 26.7458 2.903e-15 2.019e-15 6.817e-16 0.0 184.08 0.0
S424745 158.023 26.7503 4.305e-17 4.102e-17 2.757e-17 0.0 183.95 0.0
S424746 158.0229 26.7487 8.805e-13 6.237e-13 2.311e-13 0.0 184.17 0.0
S424747 158.3298 26.5723 5.221e-16 3.933e-16 1.585e-16 0.0 182.8 0.0
S424748 158.3211 26.5759 1.082e-15 7.87e-16 2.974e-16 0.0 182.82 0.0
S424749 157.9981 26.7459 6.897e-17 5.748e-17 2.872e-17 0.0 183.9 0.0
S424750 158.3548 26.5748 1.904e-16 1.519e-16 6.968e-17 0.0 182.77 0.0
S424751 157.9877 26.7407 9.392e-16 6.917e-16 2.677e-16 0.0 184.12 1.0
S424752 157.9889 26.7374 1.669e-15 1.186e-15 4.328e-16 0.0 184.18 0.0
S424753 157.9617 26.7433 1.231e-18 1.347e-18 1.166e-18 0.0 184.2 0.0
S424754 157.9688 26.7349 4.179e-17 3.689e-17 2.085e-17 0.0 184.12 0.0
S424755 158.372 26.5881 2.727e-16 2.107e-16 9.056e-17 0.0 182.71 1.0
S424756 157.9681 26.7273 9.98e-19 1.13e-18 1.08e-18 0.0 184.31 0.0
S424757 158.3923 26.5906 2.465e-16 1.92e-16 8.436e-17 0.0 182.68 1.0
S424758 158.4034 26.5897 3.303e-13 2.545e-13 1.082e-13 0.0 182.73 0.0
S424759 158.4076 26.5942 1.087e-15 7.907e-16 2.957e-16 0.0 182.66 0.0
S424760 158.3936 26.6026 1.203e-14 8.075e-15 2.645e-15 0.0 182.76 0.0
S424761 157.941 26.7149 2.022e-16 1.558e-16 7.042e-17 0.0 184.19 1.0
S424762 157.9131 26.7169 4.06e-16 3.132e-16 1.35e-16 0.0 184.36 1.0
S424763 157.9234 26.7108 7.121e-17 5.867e-17 2.908e-17 0.0 184.15 0.0
S424764 157.9089 26.7079 5.158e-16 3.787e-16 1.46e-16 0.0 184.21 0.0
S424765 157.9072 26.705 1.305e-12 9.61e-13 3.644e-13 0.0 184.23 0.0
S424766 157.9133 26.6976 5.716e-19 7.026e-19 8.042e-19 0.0 184.14 0.0
S424767 157.9019 26.7 2.677e-16 2.05e-16 8.763e-17 0.0 184.11 1.0
S424768 158.4448 26.6232 6.974e-15 4.708e-15 1.537e-15 0.0 182.68 0.0
S424769 158.4508 26.6271 3.821e-17 3.31e-17 1.736e-17 0.0 182.82 0.0
S424770 157.9052 26.6829 2.415e-17 2.142e-17 1.197e-17 0.0 184.4 0.0
S424771 158.442 26.6367 1.75e-17 1.622e-17 9.846e-18 0.0 182.83 0.0
S424772 158.4571 26.6382 3.852e-16 3.024e-16 1.344e-16 0.0 182.63 1.0
S424773 158.4673 26.646 2.8670000000000004e-20 4.7110000000000004e-20 9.305000000000001e-20 0.0 182.71 0.0
S424774 157.8797 26.6706 3.903e-15 2.699e-15 9.261e-16 0.001 184.23 0.0
S424775 157.8975 26.664 2.456e-17 2.117e-17 1.136e-17 0.0 184.07 0.0
S424776 157.8756 26.6609 4.93e-19 6.091e-19 6.921e-19 0.001 184.2 0.0
S424777 158.4657 26.6579 4.948e-16 3.656e-16 1.411e-16 0.0 182.77 0.0
S424778 158.464 26.6671 2.108e-15 1.542e-15 5.724e-16 0.0 182.74 0.0
S424779 158.4817 26.6715 2.558e-16 2.079e-16 9.679e-17 0.0 182.67 0.0
S424780 157.8913 26.6508 4.639e-13 4.482e-13 3.066e-13 0.0 184.0 1.0
S424781 157.8606 26.6398 5.563e-17 4.712e-17 2.454e-17 0.0 184.18 0.0
S424782 157.8853 26.6308 1.682e-16 1.359e-16 6.544e-17 0.0 184.16 0.0
S424783 158.447 26.688 8.011e-16 5.799e-16 2.144e-16 0.0 182.64 0.0
S424784 158.4776 26.6943 9.463e-17 7.49e-17 3.355e-17 0.0 182.94 0.0
S424785 158.4449 26.7044 6.165e-17 5.312e-17 2.853e-17 0.0 182.84 0.0
S424786 157.9107 26.6211 3.967e-17 3.289e-17 1.612e-17 0.0 184.18 0.0
S424787 157.9 26.6098 9.818e-16 7.02e-16 2.538e-16 0.0 184.01 0.0
S424788 158.4451 26.7157 1.983e-16 1.617e-16 7.869e-17 0.0 182.82 0.0
S424789 158.4515 26.7204 7.857e-16 5.66e-16 2.194e-16 0.0 182.96 0.0
S424790 158.4292 26.7229 8.958e-13 8.134e-13 4.727e-13 0.0 182.72 1.0
S424791 157.9064 26.5858 3.339e-19 4.353e-19 5.526e-19 0.0 183.81 0.0
S424792 158.431 26.7388 8.344e-13 5.999e-13 2.22e-13 0.0 182.96 0.0
S424793 157.9147 26.5755 4.452e-15 2.965e-15 9.648e-16 0.0 184.02 0.0
S424794 158.408 26.7439 1.133e-15 7.867e-16 2.719e-16 0.0 183.06 0.0
S424795 157.9481 26.5709 8.145e-16 5.966e-16 2.305e-16 0.0 184.1 0.0
S424796 158.4025 26.7589 7.42e-19 8.618e-19 8.552e-19 0.0 182.93 0.0
S424797 157.9608 26.5595 9.575e-14 6.492e-14 2.094e-14 0.0 183.71 0.0
S424798 158.3636 26.7591 4.163e-16 2.941e-16 1.108e-16 0.0 182.88 0.0
S424799 157.9785 26.5491 8.044e-18 7.816e-18 5.16e-18 0.0 183.83 0.0
S424800 158.0046 26.5507 1.891e-16 1.489e-16 6.68e-17 0.0 183.48 1.0
S424801 158.3395 26.7745 1.015e-18 1.142e-18 1.041e-18 0.0 183.27 0.0
S424802 158.3242 26.7778 3.955e-16 2.936e-16 1.177e-16 0.0 183.34 0.0
S424803 158.0168 26.5284 2.461e-17 2.144e-17 1.182e-17 0.0 183.47 0.0
S424804 158.2948 26.7825 2.274e-18 2.545e-18 2.29e-18 0.0 183.29 0.0
S424805 158.2844 26.7882 1.242e-15 8.61e-16 2.983e-16 0.0 183.31 0.0
S424806 158.0852 26.5318 4.049e-16 3.086e-16 1.287e-16 0.0 183.46 1.0
S424807 158.2745 26.807 7.314e-13 5.192e-13 1.854e-13 0.0 183.46 0.0
S424808 158.1214 26.5236 4.051e-16 3.068e-16 1.263e-16 0.0 183.5 1.0
S424809 158.2295 26.8011 2.483e-16 2.047e-16 1.028e-16 0.0 183.33 1.0
S424810 158.2115 26.8034 1.736e-16 1.378e-16 6.316e-17 0.0 183.62 0.0
S424811 158.1989 26.8056 6.354e-16 4.663e-16 1.811e-16 0.0 183.34 0.0
S424812 158.1595 26.5137 8.9e-17 7.32e-17 3.54e-17 0.0 183.37 0.0
S424813 158.1736 26.5182 3.5090000000000005e-20 5.065e-20 7.954000000000001e-20 0.0 183.19 0.0
S424814 158.1448 26.7951 1.686e-15 1.194e-15 4.352e-16 0.0 183.8 0.0
S424815 158.2162 26.5127 1.38e-16 1.163e-16 5.823e-17 0.0 183.34 0.0
S424816 158.0883 26.8091 1.277e-17 2.435e-17 6.73e-17 0.0 183.65 0.0
S424817 158.0799 26.8019 4.671e-16 3.499e-16 1.435e-16 0.0 183.97 0.0
S424818 158.2795 26.5176 3.073e-16 2.424e-16 1.091e-16 0.0 183.07 1.0
S424819 158.038 26.8006 3.394e-19 4.198e-19 4.594e-19 0.0 183.91 0.0
S424820 158.3154 26.5192 9.987e-17 7.938e-17 3.692e-17 0.0 183.02 0.0
S424821 158.0035 26.7982 1.52e-16 1.193e-16 5.209e-17 0.0 183.95 1.0
S424822 158.0058 26.7861 4.368e-16 3.307e-16 1.337e-16 0.0 183.97 0.0
S424823 157.9794 26.7883 6.708e-16 5.014e-16 2.062e-16 0.0 184.06 0.0
S424824 158.3974 26.5291 3.984e-15 2.802e-15 1.002e-15 0.0 183.01 0.0
S424825 157.9341 26.7768 1.785e-16 1.41e-16 6.513e-17 0.0 184.17 0.0
S424826 157.9289 26.7714 9.162e-17 7.478e-17 3.485e-17 0.0 184.39 0.0
S424827 158.4422 26.5501 2.821e-13 1.876e-13 6.082e-14 0.0 182.81 0.0
S424828 157.9009 26.7587 3.627e-16 2.78e-16 1.137e-16 0.0 184.11 1.0
S424829 158.0619 26.5908 3.6620000000000004e-20 5.8e-20 1.107e-19 0.0 183.72 0.0
S424830 158.071 26.5896 1.124e-19 1.657e-19 2.62e-19 0.0 183.69 0.0
S424831 158.2664 26.7208 1.597e-17 1.526e-17 9.603e-18 0.0 183.07 0.0
S424832 158.2732 26.727 1.805e-16 1.486e-16 7.16e-17 0.0 183.18 0.0
S424833 158.2731 26.7276 4.506e-17 3.716e-17 1.86e-17 0.0 183.19 0.0
S424834 158.2815 26.7347 3.191e-15 2.332e-15 8.704e-16 0.0 183.24 0.0
S424835 158.2723 26.7288 1.508e-16 1.192e-16 5.595e-17 0.0 183.23 0.0
S424836 158.0768 26.5894 2.512e-15 1.766e-15 6.155e-16 0.0 183.72 0.0
S424837 158.0866 26.5859 2.981e-24 1.0639999999999999e-23 1.076e-22 0.0 183.64 0.0
S424838 158.0893 26.5915 1.518e-21 3.142e-21 9.883e-21 0.001 183.59 0.0
S424839 158.0945 26.5943 7.071e-20 1.05e-19 1.67e-19 0.001 183.62 0.0
S424840 158.0817 26.5831 5.338e-19 6.56e-19 7.135e-19 0.0 183.69 0.0
S424841 158.0826 26.5842 2.316e-21 4.7e-21 1.476e-20 0.0 183.89 0.0
S424842 158.0987 26.5854 1.122e-18 1.338e-18 1.368e-18 0.0 183.53 0.0
S424843 158.088 26.5846 4.974e-13 3.422e-13 1.171e-13 0.0 183.66 0.0
S424844 158.0923 26.5888 1.372e-17 2.804e-17 8.951e-17 0.0 183.62 0.0
S424845 158.0925 26.58 5.193e-19 6.767e-19 8.336e-19 0.0 183.58 0.0
S424846 158.1074 26.589 1.357e-15 9.588e-16 3.545e-16 0.0 183.51 0.0
S424847 158.1199 26.5817 5.352e-17 7.322e-17 1e-16 0.0 183.47 0.0
S424848 158.1027 26.5819 1.442e-15 1.068e-15 4.233e-16 0.0 183.4 0.0
S424849 158.2479 26.7407 2.566e-17 4.131e-17 7.828e-17 0.0 183.38 0.0
S424850 158.2315 26.7331 7.045e-16 5.31e-16 2.131e-16 0.0 183.53 0.0
S424851 158.239 26.743 2.703e-21 5.133e-21 1.3680000000000002e-20 0.0 183.53 1.0
S424852 158.2089 26.7254 2.657e-19 3.67e-19 5.292e-19 0.0 183.39 0.0
S424853 158.1104 26.5823 2.012e-22 4.534999999999999e-22 1.729e-21 0.0 183.71 0.0
S424854 158.2394 26.7425 8.567e-18 1.615e-17 4.251e-17 0.0 183.31 0.0
S424855 158.2148 26.7398 4.081e-17 6.811e-17 1.398e-16 0.0 183.52 0.0
S424856 158.1167 26.5851 2.457e-17 4.514e-17 1.182e-16 0.0 183.42 0.0
S424857 158.225 26.7471 3.838e-20 6.29e-20 1.242e-19 0.0 183.46 0.0
S424858 158.1291 26.5738 6.813e-18 1.318e-17 3.81e-17 0.0 183.58 0.0
S424859 158.2258 26.7388 3.611e-16 2.754e-16 1.158e-16 0.001 183.39 1.0
S424860 158.1219 26.5737 1.6e-15 1.115e-15 4.12e-16 0.0 183.62 0.0
S424861 158.2014 26.7448 7.346e-16 5.164e-16 1.905e-16 0.0 183.46 0.0
S424862 158.1334 26.5654 1.033e-17 1.033e-17 7.559e-18 0.0 183.38 0.0
S424863 158.1905 26.745 3.56e-21 6.811e-21 1.9060000000000003e-20 0.0 183.56 0.0
S424864 158.1652 26.5881 1.282e-17 1.21e-17 7.9e-18 0.0 183.34 0.0
S424865 158.1396 26.5677 2.0340000000000002e-20 3.3650000000000004e-20 6.851e-20 0.0 183.33 0.0
S424866 158.1469 26.5703 2.558e-17 2.371e-17 1.46e-17 0.0 183.46 0.0
S424867 158.1706 26.5698 1.479e-16 1.172e-16 5.469e-17 0.0 183.3 0.0
S424868 158.1448 26.5788 3.078e-18 3.202e-18 2.555e-18 0.0 183.4 0.0
S424869 158.1622 26.7386 2.858e-21 1.979e-21 6.966e-22 0.0 183.77 0.0
S424870 158.1713 26.5752 4.296e-23 1.151e-22 6.488e-22 0.0 183.27 0.0
S424871 158.1879 26.7449 6.122e-23 1.633e-22 8.958999999999999e-22 0.0 183.47 0.0
S424872 158.1745 26.7493 2.833e-15 2.076e-15 7.863e-16 0.0 183.53 0.0
S424873 158.1658 26.5625 1.112e-12 9.251e-13 4.592e-13 0.0 183.34 1.0
S424874 158.1788 26.7462 2.472e-17 2.194e-17 1.259e-17 0.0 183.51 0.0
S424875 158.1634 26.5634 2.46e-20 4.106e-20 8.459000000000001e-20 0.0 183.3 0.0
S424876 158.1657 26.5629 9.595e-17 7.858e-17 3.803e-17 0.0 183.2 0.0
S424877 158.1801 26.7555 4.855e-17 4.255e-17 2.341e-17 0.0 183.64 0.0
S424878 158.1772 26.5675 7.795e-18 7.819e-18 5.645e-18 0.0 183.23 0.0
S424879 158.1778 26.5653 1.019e-17 1.898e-17 4.863e-17 0.0 183.24 0.0
S424880 158.1755 26.5649 5.846e-17 5.114e-17 2.883e-17 0.0 183.29 0.0
S424881 158.1964 26.5692 1.5949999999999999e-22 4.032e-22 2.007e-21 0.0 183.42 0.0
S424882 158.19 26.5666 1.146e-17 1.081e-17 6.999e-18 0.0 183.16 0.0
S424883 158.2013 26.5698 1.337e-15 9.622e-16 3.62e-16 0.0 183.3 0.0
S424884 158.2011 26.5572 3.6250000000000006e-20 5.914000000000001e-20 1.163e-19 0.0 183.19 0.0
S424885 158.1985 26.5688 3.46e-24 1.127e-23 9.592e-23 0.0 182.98 0.0
S424886 158.229 26.5594 1.415e-17 1.302e-17 7.964e-18 0.0 183.0 0.0
S424887 158.1067 26.7551 2.34e-21 1.646e-21 5.882999999999999e-22 0.0 183.84 0.0
S424888 158.2304 26.564 4.94e-20 7.515e-20 1.257e-19 0.0 183.01 0.0
S424889 158.2367 26.5616 4.151e-17 8.606e-17 2.797e-16 0.0 183.13 0.0
S424890 158.2313 26.5694 5.263e-17 4.436e-17 2.216e-17 0.0 182.97 0.0
S424891 158.2377 26.5659 2.405e-16 1.905e-16 8.546e-17 0.001 183.09 1.0
S424892 158.2364 26.5706 3.383e-16 2.794e-16 1.329e-16 0.0 183.03 0.0
S424893 158.1259 26.7492 1.314e-16 1.037e-16 4.686e-17 0.0 183.89 1.0
S424894 158.236 26.5688 2.109e-17 3.89e-17 9.79e-17 0.0 183.04 0.0
S424895 158.2516 26.5636 1.299e-16 1.028e-16 4.704e-17 0.0 182.94 0.0
S424896 158.2385 26.568 2.308e-17 4.048e-17 9.486e-17 0.0 182.86 0.0
S424897 158.2608 26.5644 1.176e-16 9.31e-17 4.351e-17 0.0 182.98 0.0
S424898 158.2747 26.561 1.965e-15 1.364e-15 4.798e-16 0.0 182.93 0.0
S424899 158.2446 26.5761 7.624e-18 1.327e-17 2.957e-17 0.0 183.1 0.0
S424900 158.0649 26.7516 5.932e-16 4.249e-16 1.571e-16 0.0 184.01 0.0
S424901 158.0933 26.7403 1.911e-17 1.783e-17 1.096e-17 0.0 184.03 0.0
S424902 158.0816 26.756 1.398e-16 1.093e-16 5.077e-17 0.0 184.07 0.0
S424903 158.0663 26.7461 2.907e-20 4.443e-20 7.471e-20 0.0 183.98 0.0
S424904 158.0511 26.7499 4.003e-25 1.7e-24 2.4719999999999998e-23 0.0 184.05 0.0
S424905 158.0515 26.7494 2.625e-17 2.431e-17 1.468e-17 0.0 184.05 0.0
S424906 158.0918 26.7425 7.071e-20 1.03e-19 1.662e-19 0.0 184.05 0.0
S424907 158.046 26.7486 3.721e-17 3.347e-17 1.94e-17 0.0 183.96 0.0
S424908 158.0238 26.7568 2.603e-18 2.861e-18 2.488e-18 0.0 183.94 0.0
S424909 158.3077 26.5752 2.911e-20 4.5460000000000003e-20 8.343e-20 0.0 183.01 0.0
S424910 158.0693 26.735 7.345e-19 8.226e-19 7.507e-19 0.0 184.01 0.0
S424911 158.3182 26.5691 3.163e-17 2.691e-17 1.362e-17 0.0 182.89 0.0
S424912 158.0353 26.7401 3.195e-17 2.762e-17 1.494e-17 0.0 184.22 0.0
S424913 158.324 26.5768 5.495e-16 4.029e-16 1.575e-16 0.0 183.05 0.0
S424914 158.3137 26.5824 2.4889999999999995e-22 5.991999999999999e-22 2.673e-21 0.0 182.97 0.0
S424915 157.9904 26.7495 2.956e-16 2.31e-16 1.007e-16 0.0 184.13 1.0
S424916 158.0321 26.7293 3.173e-16 2.24e-16 8.062e-17 0.0 184.12 0.0
S424917 158.0349 26.7304 3.758e-16 2.878e-16 1.204e-16 0.0 184.05 1.0
S424918 157.9651 26.7536 1.407e-16 1.084e-16 4.614e-17 0.0 184.08 0.0
S424919 158.3256 26.5841 1.723e-13 1.159e-13 3.735e-14 0.0 182.98 0.0
S424920 158.3593 26.5787 3.274e-16 2.475e-16 1.039e-16 0.0 182.82 1.0
S424921 158.3714 26.5752 2.795e-17 6.158e-17 2.25e-16 0.0 182.54 0.0
S424922 157.9755 26.7375 8.885e-18 8.783e-18 5.957e-18 0.0 184.07 0.0
S424923 157.9756 26.735 1.303e-17 2.095e-17 3.829e-17 0.0 184.03 0.0
S424924 158.0036 26.7197 8.391e-18 1.386e-17 2.722e-17 0.0 184.24 0.0
S424925 157.989 26.7224 2.491e-21 5.353e-21 1.9610000000000003e-20 0.0 184.12 0.0
S424926 157.9692 26.7269 1.642e-17 1.533e-17 9.347e-18 0.0 184.29 0.0
S424927 158.3942 26.586 7.483e-19 8.751e-19 8.796e-19 0.0 182.43 0.0
S424928 157.955 26.7306 3.3700000000000005e-20 5.3030000000000005e-20 9.565000000000001e-20 0.0 184.22 0.0
S424929 157.9935 26.712 2.793e-22 7.025999999999999e-22 3.336e-21 0.0 184.24 0.0
S424930 157.954 26.722 7.514e-17 6.262e-17 3.098e-17 0.0 184.34 0.0
S424931 157.9493 26.7216 4.692e-23 1.2889999999999998e-22 7.717999999999999e-22 0.0 184.11 0.0
S424932 158.435 26.5856 3.816e-13 2.6e-13 8.769e-14 0.0 182.55 0.0
S424933 157.9568 26.7098 9.043e-17 7.281e-17 3.343e-17 0.0 184.18 0.0
S424934 157.9459 26.7124 7.793e-15 5.296e-15 1.767e-15 0.0 184.16 0.0
S424935 158.4163 26.5975 1.641e-18 1.781e-18 1.516e-18 0.0 182.57 0.0
S424936 157.9179 26.72 3.769e-17 3.32e-17 1.8e-17 0.0 184.27 0.0
S424937 158.4044 26.6128 8.534e-17 7.165e-17 3.595e-17 0.0 182.77 0.0
S424938 157.9211 26.702 1.844e-18 2.026e-18 1.766e-18 0.0 184.25 0.0
S424939 158.4496 26.609 4.435e-19 5.6e-19 6.637e-19 0.0 182.65 0.0
S424940 158.4252 26.6168 8.55e-18 8.199e-18 5.405e-18 0.0 182.44 0.0
S424941 157.9204 26.7035 2.179e-19 2.856e-19 3.512e-19 0.0 184.22 0.0
S424942 158.4555 26.6102 3.152e-17 4.889e-17 8.582e-17 0.0 182.65 0.0
S424943 157.9025 26.7098 1.4490000000000001e-21 2.848e-21 8.15e-21 0.0 184.07 0.0
S424944 158.4277 26.6256 2.133e-23 5.432e-23 2.8239999999999996e-22 0.0 182.6 0.0
S424945 158.4262 26.6218 5.315e-16 3.986e-16 1.604e-16 0.0 182.68 0.0
S424946 157.9195 26.6796 2.774e-13 1.897e-13 6.527e-14 0.0 184.35 0.0
S424947 157.9074 26.6855 5.4190000000000007e-20 8.753000000000001e-20 1.642e-19 0.0 184.28 0.0
S424948 158.4409 26.6402 1.61e-17 1.509e-17 9.287e-18 0.0 182.45 0.0
S424949 157.9077 26.6779 1.79e-23 4.8139999999999995e-23 2.747e-22 0.0 184.15 0.0
S424950 157.9157 26.6656 6.127e-18 6.174e-18 4.486e-18 0.0 184.29 0.0
S424951 158.4363 26.6464 3.3090000000000004e-20 5.258e-20 9.807e-20 0.0 182.76 0.0
S424952 157.8853 26.6823 2.292e-18 2.442e-18 2.005e-18 0.0 184.44 0.0
S424953 158.4545 26.6542 9.073e-16 6.465e-16 2.482e-16 0.0 182.7 0.0
S424954 157.9011 26.6675 1.969e-16 1.502e-16 6.469e-17 0.0 184.24 1.0
S424955 157.9114 26.6613 2.816e-21 1.954e-21 6.988999999999999e-22 0.0 184.13 0.0
S424956 158.4538 26.6623 1.192e-23 4.118e-23 3.965e-22 0.0 182.67 0.0
S424957 157.8956 26.6531 5.333e-17 4.3e-17 2.052e-17 0.0 184.19 0.0
S424958 158.4587 26.6607 3.659e-17 3.181e-17 1.735e-17 0.0 182.6 0.0
S424959 158.4338 26.6669 9.363e-16 6.844e-16 2.575e-16 0.001 182.54 0.0
S424960 157.9055 26.6452 5.288e-17 4.322e-17 2.159e-17 0.0 184.26 0.0
S424961 158.4515 26.6851 1.19e-16 9.647e-17 4.709e-17 0.0 182.71 0.0
S424962 158.4424 26.6736 1.366e-16 1.056e-16 4.698e-17 0.0 182.8 1.0
S424963 157.8802 26.6236 6.891e-16 5.018e-16 1.911e-16 0.0 184.38 0.0
S424964 158.4492 26.6927 3.454e-17 7.487e-17 2.699e-16 0.0 182.84 0.0
S424965 158.4825 26.6974 7.267e-17 6.104e-17 2.997e-17 0.0 182.95 0.0
S424966 157.9227 26.6305 1.863e-17 1.659e-17 9.43e-18 0.0 184.01 0.0
S424967 157.874 26.6138 1.17e-21 2.432e-21 8.134e-21 0.0 184.07 0.0
S424968 158.4558 26.7038 4.554e-18 4.71e-18 3.619e-18 0.0 182.86 0.0
S424969 158.4246 26.699 1.557e-17 1.341e-17 7.138e-18 0.0 182.71 0.0
S424970 158.4397 26.7077 3.841e-17 6.658e-17 1.453e-16 0.0 182.88 0.0
S424971 157.9204 26.6147 2.5870000000000002e-20 4.1180000000000003e-20 7.716e-20 0.0 183.95 0.0
S424972 157.8739 26.5974 2.017e-17 2.961e-17 4.702e-17 0.0 184.22 0.0
S424973 157.9322 26.6054 8.453e-13 6.298e-13 2.566e-13 0.0 184.04 0.0
S424974 158.4343 26.72 6.368e-16 2.044e-15 1.64e-14 0.0 182.77 1.0
S424975 157.9184 26.5855 1.887e-19 2.475e-19 3.085e-19 0.0 183.85 0.0
S424976 157.9206 26.591 7.332e-19 9.067e-19 1.018e-18 0.0 184.15 0.0
S424977 157.9311 26.5826 1.261e-15 9.243e-16 3.489e-16 0.0 184.01 0.0
S424978 157.9372 26.5855 6.847000000000001e-20 9.540000000000001e-20 1.346e-19 0.0 183.98 0.0
S424979 157.9502 26.587 3.8729999999999997e-22 9.351e-22 4.18e-21 0.0 183.89 0.0
S424980 158.38 26.7368 2.966e-17 2.736e-17 1.685e-17 0.0 183.03 0.0
S424981 158.4031 26.7516 1.164e-16 9.798e-17 4.86e-17 0.0 182.92 0.0
S424982 158.3952 26.7485 4.838e-17 4.037e-17 2.07e-17 0.0 183.06 0.0
S424983 158.3589 26.735 1.498e-18 1.639e-18 1.413e-18 0.0 182.97 0.0
S424984 157.9336 26.5491 4.169e-16 3.06e-16 1.211e-16 0.0 183.84 0.0
S424985 157.9663 26.5582 4.285e-16 3.216e-16 1.321e-16 0.0 183.78 1.0
S424986 157.9816 26.559 3.1910000000000005e-20 4.948e-20 9.191000000000001e-20 0.0 183.89 0.0
S424987 158.3708 26.7712 3.7520000000000003e-20 5.815e-20 1.02e-19 0.0 183.08 0.0
S424988 158.3403 26.7617 1.025e-15 7.342e-16 2.786e-16 0.0 183.19 0.0
S424989 158.3595 26.7775 7.873e-23 1.9729999999999998e-22 9.776e-22 0.0 183.23 0.0
S424990 158.331 26.7708 4.942e-13 3.577e-13 1.326e-13 0.0 183.06 0.0
S424991 158.0329 26.5486 6.198e-18 5.856e-18 3.808e-18 0.0 183.38 0.0
S424992 158.0555 26.5592 2.966e-21 5.949e-21 1.763e-20 0.0 183.83 0.0
S424993 158.2813 26.7674 6.489e-19 7.673e-19 8.054e-19 0.001 183.25 1.0
S424994 158.2638 26.7671 4.1290000000000006e-20 6.117000000000001e-20 9.66e-20 0.0 183.27 0.0
S424995 158.0749 26.5441 5.28e-23 1.582e-22 1.111e-21 0.0 183.5 0.0
S424996 158.1016 26.5443 2.141e-19 2.973e-19 4.227e-19 0.0 183.45 0.0
S424997 158.2697 26.7859 3.269e-18 3.369e-18 2.598e-18 0.0 183.42 0.0
S424998 158.2487 26.7874 1.322e-17 1.173e-17 6.949e-18 0.0 183.51 0.0
S424999 158.1032 26.5317 1.8449999999999998e-23 5.492e-23 3.919e-22 0.0 183.33 0.0
S425000 158.0919 26.5214 1.6230000000000003e-20 2.688e-20 5.384000000000001e-20 0.0 183.33 0.0
S425001 158.1134 26.5169 3.85e-18 4.04e-18 3.195e-18 0.0 183.28 0.0
S425002 158.1919 26.8034 6.441e-17 1.481e-16 6.003e-16 0.0 183.51 1.0
S425003 158.1837 26.8084 2.065e-21 4.152e-21 1.268e-20 0.0 183.6 0.0
S425004 158.1868 26.8146 5.839e-17 4.791e-17 2.204e-17 0.0 183.48 0.0
S425005 158.2126 26.7975 1.339e-15 9.893e-16 3.925e-16 0.0 183.57 0.0
S425006 158.1393 26.8159 3.068e-21 6.1050000000000004e-21 1.8720000000000002e-20 0.0 183.81 0.0
S425007 158.197 26.5116 1.365e-16 1.097e-16 5.039e-17 0.0 183.09 1.0
S425008 158.1782 26.4993 2.117e-19 2.767e-19 3.491e-19 0.0 183.31 0.0
S425009 158.1359 26.806 3.234e-18 3.418e-18 2.813e-18 0.0 183.82 0.0
S425010 158.1563 26.8011 6.0589999999999996e-24 2.0319999999999998e-23 1.7899999999999997e-22 0.0 183.51 0.0
S425011 158.2516 26.5252 4.643e-17 6.583e-17 9.595e-17 0.0 182.97 0.0
S425012 158.0699 26.8136 2.983e-17 2.518e-17 1.303e-17 0.0 183.85 0.0
S425013 158.0765 26.801 1.967e-17 1.747e-17 1.009e-17 0.0 184.09 0.0
S425014 158.0875 26.8016 7.502e-16 5.455e-16 2.062e-16 0.0 183.76 0.0
S425015 158.2877 26.5184 1.483e-16 1.187e-16 5.706e-17 0.0 183.0 0.0
S425016 158.0249 26.8057 7.889e-18 1.315e-17 2.718e-17 0.0 184.1 0.0
S425017 158.0384 26.7843 9.942e-17 8.017e-17 3.872e-17 0.0 183.89 0.0
S425018 158.3385 26.5329 2.3610000000000003e-20 4.1320000000000003e-20 9.350000000000001e-20 0.0 182.98 0.0
S425019 157.9869 26.7925 1.09e-18 1.211e-18 1.067e-18 0.0 183.89 0.0
S425020 158.3621 26.5259 3.456e-13 2.344e-13 7.641e-14 0.0 182.76 0.0
S425021 158.3881 26.5239 3.611e-23 9.918999999999999e-23 5.9209999999999995e-22 0.0 182.83 0.0
S425022 158.4065 26.5286 2.772e-17 4.867e-17 1.115e-16 0.0 182.75 0.0
S425023 157.8956 26.8017 2.424e-17 2.324e-17 1.51e-17 0.0 184.15 0.0
S425024 157.8838 26.796 4.439e-17 7.425e-17 1.617e-16 0.0 184.08 0.0
S425025 157.9487 26.759 1.339e-19 1.809e-19 2.52e-19 0.0 184.05 0.0
S425026 158.4301 26.5519 2.141e-17 2.006e-17 1.252e-17 0.0 182.71 0.0
S425027 157.904 26.7593 4.767e-19 5.957e-19 6.636e-19 0.0 184.19 0.0
S425028 157.8844 26.7586 8.718000000000001e-20 1.237e-19 1.893e-19 0.001 184.45 0.0
S425029 158.4917 26.5561 1.37e-17 1.234e-17 7.428e-18 0.0 182.5 0.0
S425030 158.4648 26.5795 1.188e-16 9.518e-17 4.451e-17 0.0 182.68 0.0
S425031 157.8364 26.7462 7.705e-17 1.327e-16 2.884e-16 0.001 184.24 0.0
S425032 158.5057 26.5774 3.05e-19 3.97e-19 5.025e-19 0.0 182.4 0.0
