Name Equatorial Polar BlueF GreenF RedF Parallax RadialVelocity Variable?
S331864 173.6881 124.0749 6.011e-23 1.7119999999999997e-22 1.075e-21 0.0 132.39 0.0
S331865 173.6066 124.0073 2.612e-17 4.032e-17 7.031e-17 0.0 135.57 0.0
S331866 173.644 124.0369 5.367999999999999e-22 1.193e-21 4.355e-21 0.0 134.12 0.0
S331867 173.8003 124.0839 7.919999999999999e-23 2.1169999999999997e-22 1.1340000000000001e-21 0.0 133.06 0.0
S331868 173.6166 124.1183 2.517e-22 6.434999999999999e-22 3.334e-21 0.0 133.03 0.0
S331869 173.6287 124.0233 1.4469999999999998e-23 4.153e-23 2.6619999999999997e-22 0.0 135.18 0.0
S331870 173.6741 124.1031 7.568000000000001e-25 2.971e-24 3.824e-23 0.0 132.34 0.0
S331871 173.5915 123.9634 2.659e-23 7.676e-23 4.956e-22 0.0 136.15 0.0
S331872 173.6397 124.0368 3.336e-21 2.305e-21 7.84e-22 0.0 135.26 0.0
S331873 173.6739 124.041 5.512e-22 1.286e-21 5.306e-21 0.0 133.72 0.0
S331874 173.631 124.006 6.132e-24 2.057e-23 1.852e-22 0.0 135.66 0.0
S331875 173.6518 124.0058 1.862e-21 3.841e-21 1.254e-20 0.0 135.1 0.0
S331876 173.6378 124.0485 2.4669999999999998e-24 9.48e-24 1.0999999999999998e-22 0.0 133.68 0.0
S331877 173.676 124.1464 2.707e-21 5.756e-21 2.001e-20 0.001 132.18 0.0
S331878 173.6928 124.0258 3.3169999999999998e-22 7.390999999999999e-22 2.752e-21 0.0 133.9 0.0
S331879 173.6075 123.9347 7.461e-19 8.698e-19 8.45e-19 0.0 136.15 0.0
S331880 173.5666 123.9386 2.076e-21 1.484e-21 5.437e-22 0.0 136.31 0.0
S331881 173.6445 124.0572 1.488e-19 2.009e-19 2.72e-19 0.0 132.96 0.0
S331882 173.6747 124.0214 2.13e-24 7.589e-24 7.708999999999999e-23 0.0 134.25 0.0
S331883 173.6041 124.0875 4.4829999999999996e-23 1.262e-22 7.915e-22 0.0 133.65 0.0
S331884 173.6651 124.0442 3.23e-19 4.205e-19 5.093e-19 0.0 132.95 0.0
S331885 173.6409 124.0225 1.192e-22 2.7809999999999997e-22 1.16e-21 0.0 135.4 0.0
S331886 173.667 124.0394 9.277000000000001e-20 1.25e-19 1.613e-19 0.0 133.65 0.0
S331887 173.6428 124.0385 7.884999999999999e-24 2.5519999999999998e-23 2.118e-22 0.0 133.33 0.0
S331888 173.5332 123.9248 4.1379999999999995e-22 1.016e-21 4.789e-21 0.0 136.07 0.0
S331889 173.6331 124.019 2.787e-21 5.536e-21 1.605e-20 0.0 135.31 0.0
S331890 173.658 124.0255 2.6830000000000002e-20 4.209e-20 7.756e-20 0.0 134.45 0.0
S331891 173.6361 124.0227 1.054e-18 1.186e-18 1.104e-18 0.0 134.98 0.0
S331892 173.6207 123.9666 3.475e-15 1.197e-14 1.129e-13 0.0 136.08 0.0
S331893 173.7159 124.1239 2.73e-23 7.976e-23 5.467999999999999e-22 0.0 132.21 0.0
S331894 173.6293 123.9265 9.57e-22 2.1010000000000002e-21 7.722e-21 0.0 135.84 0.0
S331895 173.5838 124.0168 6.75e-18 6.685e-18 4.748e-18 0.0 134.93 0.0
S331896 173.6197 124.0113 1.725e-21 3.706e-21 1.2830000000000001e-20 0.0 135.48 0.0
S331897 173.643 123.9849 2.123e-22 5.558999999999999e-22 3.019e-21 0.0 135.61 0.0
S331898 173.678 124.062 3.9640000000000004e-26 2.383e-25 7.51e-24 0.0 132.74 0.0
S331899 173.6583 124.0488 4.864999999999999e-22 1.172e-21 5.1060000000000004e-21 0.0 132.82 0.0
S331900 173.6567 124.0093 2.9619999999999996e-23 8.554e-23 5.495e-22 0.0 134.86 0.0
S331901 173.6172 124.0277 2.354e-19 3.096e-19 3.921e-19 0.0 134.82 0.0
S331902 173.6433 124.0339 3.545e-27 2.713e-26 1.3959999999999999e-24 0.0 134.4 0.0
S331903 173.6568 124.0262 9.55e-21 1.719e-20 4.1560000000000006e-20 0.0 134.57 0.0
S331904 173.6624 124.0478 3.163e-23 8.965999999999999e-23 5.585e-22 0.0 133.07 0.0
S331905 173.656 124.0369 3.079e-17 5.51e-17 1.327e-16 0.0 133.05 0.0
S331906 173.6493 124.0434 4.007e-21 7.363e-21 1.821e-20 0.0 133.03 0.0
S331907 173.6219 124.0091 5.853000000000001e-20 9.179000000000001e-20 1.666e-19 0.0 135.45 0.0
S331908 173.6197 124.0233 4.906e-18 5.182e-18 4.391e-18 0.0 135.21 0.0
S331909 173.612 123.9483 1.612e-21 3.439e-21 1.18e-20 0.0 136.04 0.0
S331910 173.7069 124.1826 8.076e-21 1.4550000000000002e-20 3.7080000000000006e-20 0.0 131.96 0.0
S331911 173.5979 123.9968 3.995e-21 2.688e-21 8.55e-22 0.0 135.66 0.0
S331912 173.6665 124.0543 1.73e-22 4.691e-22 2.7430000000000002e-21 0.0 132.79 0.0
S331913 173.6281 124.0382 1.2070000000000001e-20 1.9930000000000002e-20 4.092e-20 0.0 134.45 0.0
S331914 173.6281 124.0008 4.505e-13 4.955e-13 4.416e-13 0.0 135.71 0.0
S331915 173.6671 124.1054 4.065e-23 1.1419999999999999e-22 7.04e-22 0.0 132.37 0.0
S331916 173.6337 124.0135 4.496e-19 5.69e-19 6.835e-19 0.0 135.51 0.0
S331917 173.6863 124.1129 9.235e-18 8.987e-18 6.003e-18 0.0 132.2 0.0
S331918 173.6504 124.0337 3.466e-17 8.965e-17 4.801e-16 0.0 133.89 1.0
S331919 173.6462 124.0364 8.5e-23 2.1419999999999997e-22 1.035e-21 0.0 133.61 0.0
S331920 173.7641 124.1746 3.101e-19 4.221e-19 5.489e-19 0.0 132.12 0.0
S331921 173.6569 124.0303 2.0590000000000002e-20 3.521e-20 7.756e-20 0.0 134.6 0.0
S331922 173.6455 124.0323 5.457e-23 1.593e-22 1.039e-21 0.0 134.75 0.0
S331923 173.6415 123.8356 1.259e-19 1.754e-19 2.471e-19 0.0 135.85 0.0
S331924 173.6846 124.088 2.102e-21 4.196e-21 1.2740000000000001e-20 0.0 132.33 0.0
S331925 173.6438 124.0364 6.659e-25 2.7289999999999998e-24 3.72e-23 0.0 134.04 0.0
S331926 173.6324 124.0338 3.251e-17 2.832e-17 1.581e-17 0.0 134.52 0.0
S331927 173.6273 123.9922 2.9209999999999996e-22 7.463999999999999e-22 3.84e-21 0.0 135.93 0.0
S331928 173.7235 124.0882 6.763999999999999e-22 1.459e-21 5.378e-21 0.0 132.61 0.0
S331929 173.7252 124.0749 1.913e-12 1.578e-12 7.696e-13 0.0 132.76 1.0
S331930 173.6851 124.0656 4.585e-19 5.699e-19 6.371e-19 0.0 132.62 0.0
S331931 173.641 124.0301 6.264e-21 1.1760000000000001e-20 3.1710000000000004e-20 0.0 134.72 0.0
S331932 173.7148 124.0937 8.954e-21 1.615e-20 3.932e-20 0.0 132.49 0.0
S331933 173.6497 124.0314 4.393e-23 1.2269999999999998e-22 7.501999999999999e-22 0.0 134.93 0.0
S331934 173.6629 124.0099 5.798e-17 4.722e-17 2.203e-17 0.0 134.88 0.0
S331935 173.6386 124.123 2.126e-19 2.936e-19 4.041e-19 0.0 132.78 0.0
S331936 173.6473 124.0277 6.2830000000000004e-21 1.1550000000000001e-20 2.9720000000000003e-20 0.0 135.32 0.0
S331937 173.5689 123.8581 3.069e-21 2.112e-21 7.278999999999999e-22 0.0 136.31 0.0
S331938 173.6306 124.02 3.533e-22 8.204999999999999e-22 3.493e-21 0.0 135.42 0.0
S331939 173.6389 124.0099 3.167e-20 5.0970000000000004e-20 1.004e-19 0.0 135.56 0.0
S331940 173.6517 124.0212 9.315e-17 2.364e-16 1.14e-15 0.0 134.96 1.0
S331941 173.6516 124.0291 1.233e-22 3.081e-22 1.5470000000000001e-21 0.0 135.29 0.0
S331942 173.6244 124.0064 2.829e-19 3.631e-19 4.28e-19 0.0 135.73 0.0
S331943 173.6551 124.0402 4.251e-21 8.586e-21 2.588e-20 0.0 132.81 0.0
S331944 173.6473 124.033 2.433e-19 3.125e-19 3.595e-19 0.0 134.93 0.0
S331945 173.7261 124.1381 1.2119999999999998e-22 3.2539999999999995e-22 1.791e-21 0.0 131.99 0.0
S331946 173.6689 124.0238 2.879e-21 1.978e-21 7.045999999999999e-22 0.0 134.25 0.0
S331947 173.6626 124.0465 2.781e-17 2.522e-17 1.566e-17 0.0 132.88 0.0
S331948 173.6339 124.016 5.975e-23 1.5949999999999999e-22 9.031e-22 0.0 135.56 0.0
S331949 173.6326 124.009 3.059e-19 3.742e-19 4.051e-19 0.0 135.59 0.0
S331950 173.6287 124.0884 4.29e-21 8.383e-21 2.4990000000000003e-20 0.0 133.27 0.0
S331951 173.6582 124.0326 5.676e-18 5.566e-18 3.847e-18 0.0 134.08 0.0
S331952 173.6344 124.0254 2.8899999999999995e-22 6.711e-22 2.774e-21 0.001 135.13 0.0
S331953 173.6287 123.9538 5.648e-17 9e-17 1.754e-16 0.0 135.94 0.0
S331954 173.6128 124.0185 6.972e-24 2.182e-23 1.6459999999999998e-22 0.0 135.3 0.0
S331955 173.6085 123.9693 3.509e-18 3.777e-18 3.177e-18 0.0 136.11 0.0
S331956 173.6255 124.1044 5.648e-21 9.768e-21 2.2420000000000002e-20 0.0 133.24 0.0
S331957 173.6556 124.0349 5.82e-18 5.831e-18 4.15e-18 0.0 133.55 0.0
S331958 173.6694 124.0424 1.9590000000000002e-20 3.162e-20 6.185000000000001e-20 0.0 133.44 0.0
S331959 173.6816 124.0493 5.403999999999999e-23 1.4279999999999999e-22 7.705e-22 0.0 133.15 0.0
S331960 173.6363 124.0196 3.489e-23 9.942999999999999e-23 6.288999999999999e-22 0.0 135.38 0.0
S331961 173.6312 124.0253 5.047e-18 5.147e-18 3.891e-18 0.0 135.13 0.0
S331962 173.699 124.0778 1.359e-19 1.75e-19 2.132e-19 0.0 132.6 0.0
S331963 173.5687 124.0215 5.556999999999999e-22 1.1340000000000001e-21 3.76e-21 0.001 134.96 0.0
S331964 173.617 124.0064 6.021e-23 1.7429999999999998e-22 1.195e-21 0.0 135.68 0.0
S331965 173.6467 124.0346 4.2139999999999996e-22 8.979999999999998e-22 3.117e-21 0.0 135.11 0.0
S331966 173.6634 123.9789 5.922e-26 3.1320000000000003e-25 7.279e-24 0.0 135.15 0.0
S331967 173.6432 124.029 7.54e-18 7.583e-18 5.344e-18 0.0 134.89 0.0
S331968 173.633 124.0431 2.478e-22 5.482e-22 2.051e-21 0.0 134.14 0.0
S331969 173.5906 124.0129 1.043e-22 2.761e-22 1.485e-21 0.0 135.32 0.0
S331970 173.7227 124.1222 3.1120000000000002e-21 2.135e-21 7.315999999999999e-22 0.0 132.11 0.0
S331971 173.634 124.0353 8.577e-22 1.982e-21 8.367e-21 0.0 134.36 0.0
S331972 173.65 124.0213 2.883e-23 7.671e-23 4.376e-22 0.0 134.99 0.0
S331973 173.6878 124.021 3.055e-21 2.123e-21 7.425e-22 0.0 134.13 0.0
S331974 173.5795 123.9844 1.851e-19 2.452e-19 3.138e-19 0.0 135.58 0.0
S331975 173.6508 124.0362 1.284e-16 1.053e-16 5.188e-17 0.0 133.32 0.0
S331976 173.6566 124.0411 8.198e-18 8.271e-18 5.996e-18 0.0 133.23 0.0
S331977 173.6243 124.0641 1.622e-19 2.14e-19 2.838e-19 0.0 133.57 0.0
S331978 173.6289 124.0377 1.9760000000000002e-20 3.2480000000000003e-20 6.812000000000001e-20 0.0 134.44 0.0
S331979 173.7356 124.0447 2.025e-17 3.454e-17 7.398e-17 0.0 133.41 0.0
S331980 173.6445 124.0306 6.9459999999999995e-22 1.4220000000000001e-21 4.492e-21 0.0 135.18 0.0
S331981 173.6479 124.0271 1.062e-22 3.067e-22 2.044e-21 0.0 135.08 0.0
S331982 173.6397 124.0359 3.8429999999999997e-22 9.622e-22 4.649e-21 0.0 134.78 0.0
S331983 173.6565 124.0337 3.814e-18 4.052e-18 3.35e-18 0.001 133.59 0.0
S331984 173.5947 124.057 3.0539999999999996e-22 7.462999999999999e-22 3.446e-21 0.0 134.09 0.0
S331985 173.6557 124.0353 7.139e-21 1.3070000000000001e-20 3.3510000000000004e-20 0.0 133.33 0.0
S331986 173.6131 124.0193 6.564e-21 1.156e-20 2.6540000000000004e-20 0.0 135.19 0.0
S331987 173.6279 124.0007 2.341e-21 4.372e-21 1.1840000000000002e-20 0.0 135.7 0.0
S331988 173.6841 124.0522 7.38e-22 1.772e-21 7.609000000000001e-21 0.0 133.02 0.0
S331989 173.6395 124.05 1.01e-18 1.124e-18 1.017e-18 0.0 133.63 0.0
S331990 173.672 124.0672 1.314e-17 2.212e-17 4.728e-17 0.0 132.52 0.0
S331991 173.6806 124.039 3.497e-17 5.828e-17 1.228e-16 0.0 133.54 0.0
S331992 173.6639 123.9921 1.9290000000000002e-21 4.245e-21 1.5860000000000002e-20 0.0 134.89 0.0
S331993 173.7137 124.1311 4.528e-24 1.659e-23 1.8289999999999999e-22 0.0 132.14 0.0
S331994 173.6453 124.0716 1.0329999999999999e-22 2.583e-22 1.194e-21 0.0 133.19 0.0
S331995 173.7402 124.1796 1.509e-21 3.136e-21 1.066e-20 0.0 131.83 0.0
S331996 173.6633 124.0076 1.275e-20 2.091e-20 4.388e-20 0.0 134.85 0.0
S331997 173.7894 124.1287 4.114e-23 1.088e-22 5.685e-22 0.0 132.49 0.0
S331998 173.6479 123.9965 5.215e-19 6.318e-19 6.525e-19 0.0 135.35 0.0
S331999 173.6936 124.0682 4.7170000000000005e-20 7.243000000000001e-20 1.278e-19 0.0 132.7 0.0
S332000 173.6404 124.0383 2.765e-18 2.995e-18 2.541e-18 0.0 132.95 0.0
S332001 173.6723 124.1032 1.071e-23 3.702e-23 3.5309999999999997e-22 0.0 132.38 0.0
S332002 173.5089 123.8404 2.3790000000000003e-20 3.684e-20 6.468000000000001e-20 0.0 136.43 0.0
S332003 173.6253 124.0408 2.853e-21 5.648e-21 1.7650000000000002e-20 0.0 134.21 0.0
S332004 173.6412 123.9829 3.316e-21 6.704e-21 2.126e-20 0.0 135.92 0.0
S332005 173.6165 124.0345 7.846e-21 1.367e-20 3.1580000000000004e-20 0.0 134.66 0.0
S332006 173.5616 123.8093 2.3349999999999997e-22 5.328e-22 2.105e-21 0.0 136.27 0.0
S332007 173.6277 123.9523 1.137e-19 1.601e-19 2.314e-19 0.0 135.96 0.0
S332008 173.6828 124.0535 1.766e-12 1.4e-12 6.457e-13 0.0 132.87 1.0
S332009 173.6514 124.0584 6.032e-19 7.333e-19 7.605e-19 0.0 132.93 0.0
S332010 173.6717 124.1942 5.738e-21 9.823e-21 2.0960000000000002e-20 0.0 132.24 0.0
S332011 173.6578 124.0106 3.739e-18 3.848e-18 3.011e-18 0.0 134.99 0.0
S332012 173.6564 124.048 9.520999999999999e-23 2.701e-22 1.743e-21 0.0 133.12 0.0
S332013 173.5852 124.0229 1.718e-21 3.446e-21 1.078e-20 0.0 134.9 0.0
S332014 173.6421 124.0213 9.95e-22 2.047e-21 6.887e-21 0.0 135.22 0.0
S332015 173.6612 124.0373 2.5709999999999996e-22 5.691999999999999e-22 2.174e-21 0.0 133.56 0.0
S332016 173.5778 124.0526 4.9010000000000007e-20 7.037000000000001e-20 1.112e-19 0.0 134.31 0.0
S332017 173.6449 124.0517 1.718e-23 5.1589999999999996e-23 3.6259999999999996e-22 0.001 133.12 0.0
S332018 173.6708 124.0504 5.313000000000001e-25 2.477e-24 4.3729999999999997e-23 0.0 133.25 0.0
S332019 173.6485 124.0398 7.256e-13 5.215e-13 1.881e-13 0.0 132.95 0.0
S332020 173.6409 124.0255 5.934e-16 4.455e-16 1.851e-16 0.0 135.11 1.0
S332021 173.6931 124.0893 4.216e-24 1.633e-23 1.9459999999999997e-22 0.0 132.38 0.0
S332022 173.62 124.0283 5.055e-18 4.856e-18 3.258e-18 0.0 134.7 0.0
S332023 173.6473 124.0296 8.02e-20 1.128e-19 1.634e-19 0.0 135.38 0.0
S332024 173.7123 124.0593 5.399e-18 7.987e-18 1.288e-17 0.0 133.2 0.0
S332025 173.6237 123.9655 7.599e-18 7.489e-18 5.174e-18 0.0 136.1 0.0
S332026 173.6548 124.0473 1.149e-20 1.987e-20 4.464e-20 0.0 132.96 0.0
S332027 173.6472 124.0347 1.863e-18 2.131e-18 2.04e-18 0.0 134.28 0.0
S332028 173.6762 124.0319 6.093999999999999e-22 1.378e-21 5.437e-21 0.0 133.92 0.0
S332029 173.7563 124.0522 6.992e-23 1.9579999999999998e-22 1.224e-21 0.0 133.44 0.0
S332030 173.652 124.0275 2.204e-17 3.752e-17 8.215e-17 0.0 135.43 0.0
S332031 173.628 123.9722 8.322999999999999e-22 1.776e-21 5.98e-21 0.0 136.0 0.0
S332032 173.7171 124.1508 1.781e-18 1.996e-18 1.788e-18 0.0 131.97 0.0
S332033 173.6288 123.9033 4.215e-23 1.2299999999999998e-22 7.919999999999999e-22 0.0 135.78 0.0
S332034 173.648 124.0498 4.923e-21 8.327e-21 1.753e-20 0.0 133.43 0.0
S332035 173.6132 123.9751 4.37e-13 2.988e-13 1.038e-13 0.0 135.99 0.0
S332036 173.6889 124.0959 5.827e-24 1.8399999999999998e-23 1.441e-22 0.0 132.21 0.0
S332037 173.6542 124.0228 4.813e-22 1.2e-21 6.001e-21 0.0 134.74 0.0
S332038 173.587 124.0483 2.9849999999999997e-23 7.934e-23 4.521999999999999e-22 0.0 134.47 0.0
S332039 173.738 124.1066 8.943e-22 1.985e-21 7.344e-21 0.0 132.46 0.0
S332040 173.6485 124.0353 5.685e-21 9.619e-21 2.073e-20 0.0 133.93 0.0
S332041 173.7797 124.1048 1.245e-24 4.719e-24 5.513999999999999e-23 0.0 132.86 0.0
S332042 173.6719 124.1194 1.118e-19 1.618e-19 2.473e-19 0.0 132.35 0.0
S332043 173.6252 124.0417 1.165e-24 4.929e-24 6.943999999999999e-23 0.0 134.32 0.0
S332044 173.642 124.0345 2.1070000000000002e-20 3.5350000000000006e-20 7.321e-20 0.0 134.9 0.0
S332045 173.644 124.0149 5.324e-17 4.355e-17 2.115e-17 0.0 134.99 0.0
S332046 173.6238 124.0615 4.551999999999999e-22 1.005e-21 3.689e-21 0.0 133.72 0.0
S332047 173.7569 124.1276 1.015e-12 7.632e-13 3.068e-13 0.0 132.23 0.0
S332048 173.599 124.0089 3.3000000000000004e-26 1.9730000000000002e-25 5.964e-24 0.0 135.24 0.0
S332049 173.6356 124.0388 1.015e-17 1.646e-17 3.212e-17 0.0 134.25 0.0
S332050 173.6763 124.043 1.956e-18 2.074e-18 1.731e-18 0.0 133.32 0.0
S332051 173.6092 123.9762 3.635e-24 1.252e-23 1.147e-22 0.0 136.11 0.0
S332052 173.632 123.9708 4.352e-24 1.673e-23 1.9109999999999999e-22 0.0 135.72 0.0
S332053 173.6579 124.0184 1.751e-21 3.334e-21 9.642000000000001e-21 0.0 134.62 0.0
S332054 173.5991 124.0179 1.9620000000000002e-20 3.2120000000000005e-20 6.373e-20 0.0 135.15 0.0
S332055 173.6449 124.0178 7.267999999999999e-22 1.759e-21 7.819e-21 0.0 135.17 0.0
S332056 173.6525 124.0308 1.0929999999999998e-22 2.8919999999999997e-22 1.507e-21 0.0 134.35 0.0
S332057 173.655 124.026 4.822e-22 1.118e-21 4.6070000000000004e-21 0.0 135.1 0.0
S332058 173.702 124.0942 8.01e-21 1.366e-20 3.049e-20 0.0 132.24 0.0
S332059 173.6571 124.0494 1.441e-23 3.968e-23 2.3879999999999997e-22 0.0 132.89 0.0
S332060 173.6486 124.084 1.849e-17 3.291e-17 7.506e-17 0.0 132.81 0.0
S332061 173.6262 124.0386 4.681999999999999e-22 1.106e-21 4.694e-21 0.0 134.29 0.0
S332062 173.6425 124.0376 4.705e-23 1.3909999999999999e-22 9.755999999999999e-22 0.0 133.4 0.0
S332063 173.6614 124.0235 2.1170000000000002e-20 3.3720000000000004e-20 6.339e-20 0.0 134.37 0.0
S332064 173.7413 124.2226 6.583999999999999e-22 1.4220000000000001e-21 5.157e-21 0.0 131.92 0.0
S332065 173.6537 124.0447 9.028e-17 1.651e-16 4.201e-16 0.0 133.27 0.0
S332066 173.7114 124.0949 6.832e-23 2.075e-22 1.5320000000000001e-21 0.0 132.28 0.0
S332067 173.654 124.0261 3.0880000000000002e-21 2.118e-21 7.414999999999999e-22 0.0 134.95 0.0
S332068 173.6386 124.0954 5.3920000000000006e-20 7.747e-20 1.198e-19 0.0 132.85 0.0
S332069 173.6036 123.9609 4.765e-26 2.6670000000000003e-25 7.299e-24 0.0 136.11 0.0
S332070 173.6466 124.0288 6.635e-18 6.783e-18 4.985e-18 0.0 135.54 0.0
S332071 173.6253 124.0219 1.3299999999999998e-22 3.1139999999999996e-22 1.279e-21 0.0 134.92 0.0
S332072 173.6578 124.0273 1.016e-21 2.343e-21 9.863e-21 0.0 134.42 0.0
S332073 173.7146 123.95 1.6e-18 1.799e-18 1.643e-18 0.0 134.81 0.0
S332074 173.6205 124.0558 5.699e-21 1.1000000000000001e-20 3.002e-20 0.0 133.83 0.0
S332075 173.6188 124.0083 1.496e-22 3.5399999999999998e-22 1.551e-21 0.0 135.72 0.0
S332076 173.7166 124.0756 1.1019999999999999e-23 3.327e-23 2.3999999999999996e-22 0.0 132.78 0.0
S332077 173.671 124.0998 6.777e-23 1.8789999999999997e-22 1.176e-21 0.0 132.39 0.0
S332078 173.5914 124.0027 5.041e-25 2.137e-24 3.227e-23 0.0 135.6 0.0
S332079 173.5684 123.9401 5.018e-23 1.236e-22 5.939e-22 0.0 136.11 0.0
S332080 173.6253 123.99 6.798e-21 1.2690000000000001e-20 3.21e-20 0.0 135.96 0.0
S332081 173.6886 124.1093 3.0890000000000004e-20 5.093e-20 1.022e-19 0.0 132.2 0.0
S332082 173.6203 123.9961 8.234e-24 3.0299999999999996e-23 3.1899999999999997e-22 0.0 135.93 0.0
S332083 173.6137 124.08 4.253e-17 3.584e-17 1.821e-17 0.0 133.58 0.0
S332084 173.6306 124.0207 8.363e-24 2.4169999999999998e-23 1.5799999999999998e-22 0.0 135.31 0.0
S332085 173.6745 124.073 3.615e-17 6.312e-17 1.497e-16 0.0 132.48 0.0
S332086 173.6055 124.0041 2.827e-21 1.997e-21 7.156e-22 0.0 135.58 0.0
S332087 173.6182 124.023 6.441e-21 1.237e-20 3.4740000000000005e-20 0.0 135.06 0.0
S332088 173.6591 124.0659 4.678e-22 1.079e-21 4.356e-21 0.0 132.59 0.0
S332089 173.6489 124.0196 1.782e-19 2.491e-19 3.648e-19 0.0 135.3 0.0
S332090 173.6699 124.0497 5.894e-20 8.786000000000001e-20 1.419e-19 0.0 133.1 0.0
S332091 173.6765 124.0302 1.8119999999999997e-22 4.8809999999999995e-22 2.786e-21 0.0 133.89 0.0
S332092 173.6663 123.9743 1.208e-12 9.153e-13 3.693e-13 0.0 135.25 0.0
S332093 173.6571 124.043 1.711e-20 2.924e-20 6.387e-20 0.0 132.94 0.0
S332094 173.6227 124.032 3.588e-24 1.287e-23 1.322e-22 0.0 134.69 0.0
S332095 173.6159 123.9838 1.9369999999999999e-22 4.558e-22 1.933e-21 0.0 136.01 0.0
S332096 173.6374 124.0409 5.216e-25 2.208e-24 3.2839999999999997e-23 0.0 134.15 0.0
S332097 173.6601 124.0629 5.807e-24 1.779e-23 1.3559999999999998e-22 0.0 132.76 0.0
S332098 173.6618 124.0685 5.641e-20 8.279000000000001e-20 1.354e-19 0.0 132.62 0.0
S332099 173.6852 124.0727 3.1580000000000004e-20 5.245e-20 1.052e-19 0.0 132.61 0.0
S332100 173.7017 124.0191 1.309e-19 1.855e-19 2.862e-19 0.0 134.09 0.0
S332101 173.7184 124.2077 1.862e-21 4.023e-21 1.426e-20 0.0 131.94 0.0
S332102 173.6235 124.0735 2.375e-13 1.6e-13 5.261e-14 0.0 133.17 0.0
S332103 173.6748 124.0483 7.951e-19 9.549e-19 9.755e-19 0.0 132.82 0.0
S332104 173.6828 124.0585 2.235e-22 5.736999999999999e-22 2.913e-21 0.0 132.53 0.0
S332105 173.6607 124.0225 2.79e-16 2.136e-16 9.027e-17 0.0 134.41 1.0
S332106 173.6262 124.0256 1.023e-21 2.073e-21 6.395e-21 0.0 134.98 1.0
S332107 173.6708 124.0169 3.6419999999999996e-22 8.556e-22 3.565e-21 0.0 134.6 0.0
S332108 173.6416 124.0332 4.209e-21 8.363e-21 2.4870000000000002e-20 0.0 134.47 0.0
S332109 173.5854 124.0529 1.837e-17 3.749e-17 1.203e-16 0.0 134.91 0.0
S332110 173.6631 123.9896 7.651e-23 2.0309999999999997e-22 1.1220000000000001e-21 0.0 135.53 0.0
S332111 173.6458 124.0483 1.26e-21 2.4700000000000002e-21 7.252e-21 0.0 133.29 0.0
S332112 173.6242 124.0485 6.658e-17 5.517e-17 2.725e-17 0.0 133.5 0.0
S332113 173.6257 124.0817 2.053e-17 3.656e-17 8.731e-17 0.0 132.34 0.0
S332114 173.6507 124.031 2.476e-18 2.493e-18 1.841e-18 0.0 134.51 0.0
S332115 173.6529 124.0278 1.321e-17 1.323e-17 9.525e-18 0.0 134.31 0.0
S332116 173.6258 124.0534 2.437e-17 2.187e-17 1.314e-17 0.0 133.34 0.0
S332117 173.6561 124.019 5.555e-23 1.5239999999999998e-22 9.062e-22 0.0 134.78 0.0
S332118 173.6071 124.0239 3.856e-18 4.09e-18 3.407e-18 0.0 135.64 0.0
S332119 173.7079 124.0683 1.882e-18 2.089e-18 1.909e-18 0.0 132.19 0.0
S332120 173.6209 124.0229 2.537e-19 3.227e-19 3.852e-19 0.0 135.06 0.0
S332121 173.6662 124.0304 4.513e-18 4.564e-18 3.348e-18 0.001 133.99 0.0
S332122 173.6624 124.0215 2.621e-17 6.049e-17 2.455e-16 0.001 134.48 0.0
S332123 173.6965 124.0295 3.698e-19 4.895e-19 6.489e-19 0.0 133.38 0.0
S332124 173.6717 124.0239 6.693e-19 7.791e-19 7.726e-19 0.0 134.23 0.0
S332125 173.676 124.0636 1.03e-12 9.999e-13 6.737e-13 0.0 132.78 1.0
S332126 173.6621 124.0378 1.159e-22 2.5879999999999997e-22 9.846999999999999e-22 0.0 133.63 0.0
S332127 173.6265 124.0519 1.356e-17 1.242e-17 7.55e-18 0.0 132.75 0.0
S332128 173.6229 124.0218 2.008e-17 1.849e-17 1.083e-17 0.0 135.18 0.0
S332129 173.6407 124.082 3.301e-19 4.141e-19 4.763e-19 0.0 132.98 0.0
S332130 173.6292 124.0152 1.656e-22 3.9819999999999995e-22 1.704e-21 0.0 135.18 0.0
S332131 173.6042 124.0321 2.968e-19 4e-19 5.398e-19 0.0 135.06 0.0
S332132 173.6032 124.0214 4.842e-18 5.109e-18 3.988e-18 0.0 135.11 0.0
S332133 173.6297 124.0296 1.303e-22 3.4799999999999997e-22 1.955e-21 0.0 135.07 0.0
S332134 173.6497 124.0559 2.923e-21 2.0120000000000002e-21 6.98e-22 0.0 132.75 0.0
S332135 173.675 124.0294 2.984e-22 6.917e-22 2.9e-21 0.0 133.47 0.0
S332136 173.6959 124.0371 3.417e-17 5.507e-17 1.081e-16 0.0 132.73 0.0
S332137 173.6717 124.0364 1.5869999999999998e-22 3.808e-22 1.679e-21 0.0 133.0 0.0
S332138 173.6654 124.0518 2.272e-16 1.889e-16 9.565e-17 0.0 132.79 0.0
S332139 173.6218 124.0517 1.573e-16 1.257e-16 5.929e-17 0.0 133.84 0.0
S332140 173.6089 124.0214 6.915e-18 7.011e-18 5.274e-18 0.0 135.29 0.0
S332141 173.6841 123.996 1.417e-19 2.047e-19 3.073e-19 0.0 135.85 1.0
S332142 173.6266 124.0269 1.752e-18 2.003e-18 1.869e-18 0.0 135.51 0.0
S332143 173.6025 124.0454 2.588e-18 2.737e-18 2.157e-18 0.0 134.51 0.0
S332144 173.6368 124.0554 1.0679999999999999e-23 3.47e-23 2.9939999999999995e-22 0.0 133.52 0.0
S332145 173.6564 124.0265 3.63e-20 5.469e-20 9.458000000000001e-20 0.0 134.44 0.0
S332146 173.6349 124.0458 9.379e-26 5.083e-25 1.257e-23 0.0 133.92 0.0
S332147 173.6471 124.039 1.132e-22 2.829e-22 1.359e-21 0.0 133.83 0.0
S332148 173.6406 124.0213 2.05e-21 4.18e-21 1.3190000000000001e-20 0.0 135.35 0.0
S332149 173.5753 124.0156 7.79e-19 8.861e-19 8.469e-19 0.0 135.79 0.0
S332150 173.627 124.0449 1.056e-21 8.380999999999999e-22 3.9659999999999995e-22 0.0 133.68 0.0
S332151 173.6348 124.0486 4.285e-19 5.5e-19 6.398e-19 0.0 133.89 0.0
S332152 173.6364 124.054 1.233e-17 1.127e-17 6.835e-18 0.0 133.11 0.0
S332153 173.6431 124.0251 2.039e-19 2.766e-19 3.67e-19 0.0 134.62 0.0
S332154 173.6623 124.0108 9.294e-22 2.215e-21 9.881e-21 0.0 135.66 0.0
S332155 173.6415 124.0779 1.68e-21 3.403e-21 1.0690000000000001e-20 0.0 133.1 0.0
S332156 173.6318 124.0299 2.093e-16 1.62e-16 6.959e-17 0.0 134.64 1.0
S332157 173.6544 124.0171 8.734e-18 8.696e-18 6.017e-18 0.0 134.9 0.0
S332158 173.6738 124.0336 9.663000000000001e-20 1.309e-19 1.685e-19 0.0 133.57 0.0
S332159 173.671 124.025 1.128e-16 1.89e-16 4.164e-16 0.0 134.15 0.0
S332160 173.6324 123.9899 3.105e-17 2.675e-17 1.41e-17 0.0 135.96 0.0
S332161 173.6514 124.0345 1.513e-17 1.456e-17 9.548e-18 0.0 134.2 0.0
S332162 173.6465 124.0058 3.7350000000000006e-20 6.055e-20 1.221e-19 0.0 135.53 0.0
S332163 173.6339 124.0541 3.147e-18 3.427e-18 2.897e-18 0.0 133.28 0.0
S332164 173.6808 124.0857 9.234e-17 7.694e-17 3.722e-17 0.0 132.6 0.0
S332165 173.6446 124.0642 2.708e-18 3.02e-18 2.658e-18 0.0 132.8 0.0
S332166 173.5887 124.0312 3.063e-17 2.766e-17 1.61e-17 0.0 135.31 0.0
S332167 173.6912 124.0308 2.983e-24 9.984e-24 9.103e-23 0.0 132.86 0.0
S332168 173.6329 124.0292 1.692e-12 1.28e-12 5.317e-13 0.0 134.64 1.0
S332169 173.5967 124.0473 1.309e-23 3.9659999999999996e-23 2.8479999999999997e-22 0.0 134.43 0.0
S332170 173.6021 124.0632 2.577e-18 2.927e-18 2.715e-18 0.0 132.72 0.0
S332171 173.707 124.0564 5.276e-24 1.649e-23 1.269e-22 0.0 132.38 0.0
S332172 173.6766 124.0394 1.332e-16 1.064e-16 4.929e-17 0.0 133.41 0.0
S332173 173.6968 123.9836 8.373e-17 6.766e-17 3.143e-17 0.0 135.54 0.0
S332174 173.6163 124.0095 1.192e-18 1.413e-18 1.402e-18 0.0 135.47 0.0
S332175 173.5931 124.032 8.557e-22 7.031999999999999e-22 3.4199999999999997e-22 0.001 134.69 0.0
S332176 173.6504 124.0412 7.088e-17 5.594e-17 2.617e-17 0.0 133.51 0.0
S332177 173.6796 124.0632 1.479e-19 2.064e-19 2.874e-19 0.0 132.45 0.0
S332178 173.7053 124.0036 3.323e-15 2.343e-15 8.257e-16 0.0 134.54 0.0
S332179 173.6587 124.0569 3.404e-18 3.7e-18 3.073e-18 0.0 132.76 0.0
S332180 173.6399 124.0515 2.924e-21 2.0480000000000002e-21 7.060999999999999e-22 0.0 133.23 0.0
S332181 173.6647 124.083 2.5499999999999998e-23 7.526e-23 5.17e-22 0.0 132.5 0.0
S332182 173.6731 124.063 1.063e-20 1.977e-20 5.2200000000000006e-20 0.0 132.66 0.0
S332183 173.561 124.0353 1.208e-17 1.157e-17 7.638e-18 0.0 135.08 0.0
S332184 173.6866 123.9962 5.374e-19 6.508e-19 7.067e-19 0.0 136.07 0.0
S332185 173.6705 124.0473 7.767e-17 6.13e-17 2.731e-17 0.0 133.1 0.0
S332186 173.6528 124.0423 2.764e-19 3.605e-19 4.501e-19 0.001 133.47 0.0
S332187 173.6779 124.0524 3.01e-21 2.077e-21 7.114e-22 0.0 132.62 0.0
S332188 173.6103 124.0498 2.335e-17 2.016e-17 1.125e-17 0.0 134.4 0.0
S332189 173.6371 124.0174 3.137e-17 2.637e-17 1.361e-17 0.0 135.36 0.0
S332190 173.6356 124.0112 2.187e-21 1.5650000000000001e-21 5.974999999999999e-22 0.0 135.39 0.0
S332191 173.6217 124.0343 3.683e-17 3.07e-17 1.559e-17 0.0 135.4 0.0
S332192 173.6231 123.9771 5.417e-20 8.142e-20 1.343e-19 0.0 136.03 0.0
S332193 173.628 124.053 6.416e-21 1.1910000000000001e-20 3.0940000000000005e-20 0.0 133.83 0.0
S332194 173.6474 124.0652 3.312e-21 2.249e-21 7.542e-22 0.0 132.8 0.0
S332195 173.5837 124.0575 3.282e-18 3.481e-18 2.867e-18 0.0 134.25 0.0
S332196 173.6497 124.0583 2.962e-18 3.16e-18 2.566e-18 0.0 133.01 0.0
S332197 173.6487 124.0227 8.466999999999999e-22 1.874e-21 7.012e-21 0.0 134.93 0.0
S332198 173.6524 124.0532 4.1920000000000005e-20 6.595000000000001e-20 1.241e-19 0.0 133.41 0.0
S332199 173.6262 124.0084 9.123e-22 2.071e-21 8.227000000000001e-21 0.0 135.69 0.0
S332200 173.6454 124.0625 2.213e-23 6.596999999999999e-23 4.679e-22 0.0 133.08 0.0
S332201 173.6775 124.0473 8.139999999999999e-22 1.939e-21 8.401e-21 0.0 132.71 0.0
S332202 173.6441 123.9945 3.377e-18 3.378e-18 2.513e-18 0.0 135.69 0.0
S332203 173.6212 124.0092 5.382e-17 4.5e-17 2.218e-17 0.0 135.45 0.0
S332204 173.6633 124.0127 1.111e-21 2.135e-21 5.708e-21 0.0 135.0 0.0
S332205 173.6129 124.0603 4.5380000000000004e-20 7.390000000000001e-20 1.452e-19 0.0 133.8 0.0
S332206 173.6712 124.0037 1.096e-16 8.539e-17 3.835e-17 0.0 135.66 0.0
S332207 173.6913 124.0489 2.553e-20 4.092e-20 7.721e-20 0.0 132.7 0.0
S332208 173.5955 124.0577 3.22e-19 3.998e-19 4.494e-19 0.0 134.21 0.0
S332209 173.6223 124.0385 3.863e-26 2.233e-25 6.236e-24 0.0 134.32 0.0
S332210 173.5967 124.0508 1.813e-21 3.955e-21 1.4720000000000002e-20 0.0 134.49 0.0
S332211 173.6315 124.0017 2.3690000000000002e-21 1.712e-21 6.183999999999999e-22 0.0 135.73 0.0
S332212 173.6546 124.0129 3.161e-18 3.369e-18 2.794e-18 0.0 135.15 0.0
S332213 173.6736 124.0808 6.575e-23 1.5009999999999998e-22 5.858999999999999e-22 0.0 132.28 0.0
S332214 173.6542 124.0306 2.594e-19 3.63e-19 5.468e-19 0.0 134.3 0.0
S332215 173.6596 124.0293 2.529e-19 3.321e-19 4.02e-19 0.0 134.21 0.0
S332216 173.6306 124.0293 6.119e-22 1.467e-21 6.47e-21 0.0 134.77 0.0
S332217 173.6767 124.0281 1.6400000000000003e-20 2.907e-20 6.552000000000001e-20 0.0 133.97 0.0
S332218 173.6838 124.0321 3.928e-20 6.068000000000001e-20 1.071e-19 0.0 133.77 0.0
S332219 173.6712 124.0361 5.647e-23 1.38e-22 6.244999999999999e-22 0.0 133.64 0.0
S332220 173.6515 124.0871 7.112e-21 1.2210000000000001e-20 2.7640000000000004e-20 0.0 132.31 0.0
S332221 173.6303 123.9912 1.872e-21 3.903e-21 1.3260000000000001e-20 0.0 135.88 0.0
S332222 173.663 124.0125 2.087e-21 4.04e-21 1.1700000000000002e-20 0.0 135.41 0.0
S332223 173.6523 124.0269 3.157e-21 2.1490000000000002e-21 7.371999999999999e-22 0.001 135.38 0.0
S332224 173.6535 124.0893 1.534e-19 2.01e-19 2.591e-19 0.0 132.32 0.0
S332225 173.6064 124.0473 8.674e-21 1.525e-20 3.5520000000000003e-20 0.0 135.7 0.0
S332226 173.6096 124.0485 8.169000000000001e-20 1.266e-19 2.185e-19 0.0 134.9 0.0
S332227 173.6889 124.0574 1.037e-20 1.6930000000000002e-20 3.4810000000000005e-20 0.0 132.57 0.0
S332228 173.6378 123.9857 1.193e-18 1.408e-18 1.396e-18 0.001 135.48 0.0
S332229 173.6676 124.0273 2.158e-17 2.05e-17 1.321e-17 0.0 134.05 0.0
S332230 173.6226 124.0231 2.924e-21 2.0240000000000002e-21 7.207999999999999e-22 0.0 135.01 0.0
S332231 173.6357 124.0188 6.409e-25 2.869e-24 4.93e-23 0.0 135.29 0.0
S332232 173.6614 124.0466 5.422e-21 1.0150000000000001e-20 2.6920000000000004e-20 0.0 133.25 0.0
S332233 173.6444 124.0511 1.5299999999999999e-24 5.487e-24 5.506e-23 0.0 132.99 0.0
S332234 173.6486 124.0213 7.368e-23 1.8059999999999998e-22 8.4469999999999995e-22 0.0 135.16 0.0
S332235 173.6432 124.0549 3.509e-17 5.107e-17 7.82e-17 0.0 132.91 0.0
S332236 173.6626 123.996 7.961e-13 5.566e-13 1.916e-13 0.0 135.51 0.0
S332237 173.645 123.9956 3.35e-19 4.276e-19 5.04e-19 0.0 135.49 0.0
S332238 173.6383 124.0627 1.008e-16 8.29e-17 4.11e-17 0.0 133.06 0.0
S332239 173.6723 124.0801 1.695e-20 2.738e-20 5.3920000000000006e-20 0.0 132.38 0.0
S332240 173.6307 124.0191 3.809e-22 8.536999999999999e-22 3.25e-21 0.0 135.54 0.0
S332241 173.6533 124.0277 5.254e-17 4.612e-17 2.52e-17 0.0 134.64 0.0
S332242 173.6782 124.0239 4.184e-21 7.943e-21 2.1830000000000002e-20 0.0 134.05 1.0
S332243 173.6181 124.0069 4.37e-19 5.255e-19 5.298e-19 0.0 135.61 0.0
S332244 173.6229 124.0718 1.939e-19 2.701e-19 3.929e-19 0.0 132.63 0.0
S332245 173.6331 124.0514 2.9020000000000004e-20 4.7660000000000004e-20 9.251000000000001e-20 0.0 133.69 0.0
S332246 173.6487 124.0088 6.819000000000001e-20 1.031e-19 1.756e-19 0.0 135.26 0.0
S332247 173.6678 124.023 2.188e-21 1.592e-21 6.037999999999999e-22 0.0 134.27 0.0
S332248 173.6561 124.0185 1.15e-16 9.115e-17 4.034e-17 0.0 134.63 0.0
S332249 173.6667 124.0156 3.887e-18 4.04e-18 3.161e-18 0.0 134.58 0.0
S332250 173.6517 124.0225 3.0339999999999997e-22 6.927999999999999e-22 2.834e-21 0.001 134.81 0.0
S332251 173.6599 124.0286 1.674e-22 4.370999999999999e-22 2.328e-21 0.0 134.19 0.0
S332252 173.6533 124.0327 5.861e-21 1.0720000000000001e-20 2.7060000000000003e-20 0.0 134.17 0.0
S332253 173.6475 124.0568 1.2609999999999999e-22 3.252e-22 1.6970000000000002e-21 0.001 133.26 0.0
S332254 173.6414 124.046 5.2819999999999995e-22 1.095e-21 3.559e-21 0.0 133.69 0.0
S332255 173.6341 124.0491 3.041e-21 2.096e-21 7.100999999999999e-22 0.0 133.71 0.0
S332256 173.6536 124.0223 2.071e-17 3.679e-17 8.72e-17 0.0 134.61 0.0
S332257 173.6518 124.0543 5.255e-21 9.537e-21 2.4210000000000002e-20 0.0 133.17 0.0
S332258 173.6411 124.0417 2.836e-17 5.541e-17 1.61e-16 0.0 133.98 0.0
S332259 173.652 124.0247 1.546e-20 2.6940000000000002e-20 6.010000000000001e-20 0.0 134.63 0.0
S332260 173.6447 124.0564 2.259e-17 2.007e-17 1.187e-17 0.0 133.29 0.0
S332261 173.6559 124.019 7.628e-18 7.514e-18 5.168e-18 0.0 134.67 0.0
S332262 173.6404 124.0441 2.139e-22 4.853e-22 1.854e-21 0.0 133.97 0.0
S332263 173.6482 124.0405 9.287e-19 1.093e-18 1.056e-18 0.0 133.8 0.0
S332264 173.6655 124.0057 3.198e-19 4.141e-19 5.11e-19 0.0 134.94 0.0
S332265 173.6515 124.0499 1.273e-12 9.59e-13 3.948e-13 0.0 133.35 1.0
S332266 173.6275 124.0451 8.181e-24 2.554e-23 1.9099999999999998e-22 0.0 134.05 0.0
S332267 173.6567 124.0301 4.513e-21 9.145e-21 2.774e-20 0.0 134.2 0.0
S332268 173.6558 124.0238 5.866e-21 1.1200000000000002e-20 3.1630000000000005e-20 0.0 134.52 0.0
S332269 173.6349 124.0566 1.73e-16 1.321e-16 5.797e-17 0.0 133.54 1.0
S332270 173.6498 124.0136 3.229e-21 2.207e-21 7.369999999999999e-22 0.0 134.88 0.0
S332271 173.6616 124.0212 1.221e-22 3.6389999999999994e-22 2.527e-21 0.0 134.43 0.0
S332272 173.65 124.0186 3.734e-17 3.23e-17 1.734e-17 0.0 134.73 0.0
S332273 173.653 124.0183 6.581e-17 5.585e-17 2.783e-17 0.0 134.78 0.0
S332274 173.6527 124.0205 7.628e-21 1.367e-20 3.175e-20 0.0 134.71 0.0
S332275 173.6624 124.0133 5.657e-21 1.0670000000000001e-20 2.878e-20 0.0 134.66 0.0
S332276 173.6649 124.0142 1.281e-18 1.385e-18 1.212e-18 0.0 134.72 0.0
S332277 173.6519 124.0183 2.913e-17 2.704e-17 1.703e-17 0.0 134.99 0.0
S332278 173.654 124.0282 2.591e-19 3.397e-19 4.333e-19 0.0 134.43 0.0
S332279 173.659 124.0183 2.408e-21 1.706e-21 6.13e-22 0.0 134.69 0.0
S332280 173.6221 124.0565 5.645e-22 1.3480000000000001e-21 5.909e-21 0.0 133.79 0.0
S332281 173.6472 124.0104 6.446e-18 1.338e-17 4.318e-17 0.0 135.29 0.0
S332282 173.6607 124.0196 6.454e-21 1.166e-20 2.8800000000000005e-20 0.001 134.53 0.0
S332283 173.665 124.022 2.721e-17 5.686e-17 1.956e-16 0.0 134.4 0.0
S332284 173.6307 124.0509 7.913e-19 9.51e-19 1.016e-18 0.0 133.76 0.0
S332285 173.6433 124.0572 1.673e-19 2.343e-19 3.447e-19 0.0 133.32 0.0
S332286 173.6232 124.0558 2.847e-21 1.939e-21 6.774999999999999e-22 0.0 133.83 0.0
S332287 173.6247 124.053 1.391e-18 1.608e-18 1.596e-18 0.0 133.83 0.0
S332288 173.6625 124.0208 2.616e-21 1.841e-21 6.704999999999999e-22 0.0 134.45 0.0
S332289 173.652 124.0123 6.908e-19 8.276e-19 8.794e-19 0.0 135.0 0.0
S332290 173.6398 124.0567 1.752e-21 3.3320000000000002e-21 8.891e-21 0.0 133.3 0.0
S332291 173.6613 124.0264 1.023e-19 1.451e-19 2.211e-19 0.0 134.27 0.0
S332292 173.6656 124.0123 3.76e-20 5.783000000000001e-20 1.007e-19 0.0 134.66 0.0
S332293 173.648 124.0066 1.109e-21 2.191e-21 6.65e-21 0.0 135.08 0.0
S332294 173.6704 124.014 1.552e-17 1.434e-17 8.917e-18 0.0 134.61 0.0
S332295 173.6662 124.0011 6.524000000000001e-20 9.881000000000001e-20 1.717e-19 0.0 135.08 0.0
S332296 173.6492 124.0144 2.698e-21 1.909e-21 6.773999999999999e-22 0.0 135.08 0.0
S332297 173.6247 124.0625 2.861e-21 1.995e-21 7.04e-22 0.0 133.63 0.0
S332298 173.629 124.055 1.196e-19 1.841e-19 3.271e-19 0.0 133.73 0.0
S332299 173.6674 124.012 2.987e-20 4.976e-20 1.038e-19 0.0 134.83 0.0
S332300 173.6347 124.0631 7.091e-17 6.215e-17 3.343e-17 0.0 133.38 0.0
S332301 173.6646 124.0156 5.329e-19 6.366e-19 6.684e-19 0.0 134.62 0.0
S332302 173.6622 124.0069 7.056e-19 8.313e-19 8.786e-19 0.0 134.79 0.0
S332303 173.6593 124.022 5.378e-21 1.023e-20 2.776e-20 0.0 134.52 0.0
S332304 173.6424 124.0164 1.084e-22 2.866e-22 1.569e-21 0.0 135.05 0.0
S332305 173.6596 124.0031 2.785e-19 3.61e-19 4.664e-19 0.0 134.99 0.0
S332306 173.6707 124.014 8.355999999999999e-22 1.912e-21 7.934e-21 0.0 134.61 0.0
S332307 173.6594 124.0036 9.002e-17 7.383e-17 3.533e-17 0.0 135.05 0.0
S332308 173.656 124.0104 9.529e-13 7.885e-13 3.753e-13 0.0 135.01 1.0
S332309 173.6611 124.0131 2.064e-18 2.25e-18 1.865e-18 0.0 134.64 0.0
S332310 173.642 124.0591 2.701e-17 2.341e-17 1.272e-17 0.0 133.18 0.0
S332311 173.6575 124.0139 1.625e-18 1.858e-18 1.772e-18 0.0 134.81 0.0
S332312 173.6315 124.0531 4.1159999999999995e-22 9.45e-22 3.992e-21 0.0 133.74 0.0
S332313 173.6351 124.0638 8.474e-21 1.459e-20 3.2730000000000006e-20 0.0 133.29 0.0
S332314 173.6347 124.0517 7.479000000000001e-20 1.084e-19 1.675e-19 0.0 133.74 0.0
S332315 173.6638 124.0251 1.719e-23 5.271e-23 3.9729999999999994e-22 0.0 134.29 0.0
S332316 173.6255 124.058 1.59e-21 3.028e-21 8.209e-21 0.0 133.59 0.0
S332317 173.6569 124.0145 1.379e-16 1.102e-16 5.031e-17 0.0 134.84 0.0
S332318 173.6583 124.0052 1.312e-18 1.492e-18 1.423e-18 0.0 134.93 0.0
S332319 173.6462 124.0637 8.394e-16 6.011e-16 2.31e-16 0.0 133.22 0.0
S332320 173.6606 124.032 4.165e-19 5.18e-19 5.953e-19 0.0 134.03 0.0
S332321 173.6574 124.0029 6.923e-18 7.048e-18 5.351e-18 0.0 135.03 0.0
S332322 173.6569 124.0093 2.478e-17 2.407e-17 1.603e-17 0.0 134.81 0.0
S332323 173.632 124.0608 7.579e-21 1.38e-20 3.313e-20 0.0 133.37 0.0
S332324 173.6576 124.0141 4.7040000000000004e-20 7.153e-20 1.241e-19 0.0 134.85 0.0
S332325 173.6412 124.0052 2.1280000000000002e-20 3.5430000000000005e-20 7.244e-20 0.0 135.27 0.0
S332326 173.6355 124.0696 2.087e-17 3.779e-17 9.422e-17 0.0 133.31 0.0
S332327 173.6356 124.0581 7.022e-13 6.222e-13 3.453e-13 0.0 133.54 1.0
S332328 173.6733 124.0093 1.199e-16 9.693e-17 4.63e-17 0.0 134.69 0.0
S332329 173.6607 124.0136 6.442e-20 9.209000000000001e-20 1.404e-19 0.0 134.67 0.0
S332330 173.639 124.0514 9.299000000000001e-20 1.291e-19 1.87e-19 0.0 133.62 0.0
S332331 173.6533 124.0146 1.099e-18 1.26e-18 1.275e-18 0.0 134.76 0.0
S332332 173.6335 124.0501 1.524e-16 1.196e-16 5.299e-17 0.0 133.79 0.0
S332333 173.658 124.0127 3.555e-22 8.93e-22 4.287e-21 0.0 134.8 0.0
S332334 173.6298 124.0537 3.286e-17 2.903e-17 1.646e-17 0.0 133.72 0.0
S332335 173.6257 124.0584 4.586e-22 1.041e-21 4.231e-21 0.0 133.63 0.0
S332336 173.6276 124.0516 8.456e-17 7.109e-17 3.573e-17 0.0 133.96 0.0
S332337 173.6695 124.0179 1.217e-16 1e-16 4.887e-17 0.0 134.43 0.0
S332338 173.6565 124.0127 1.762e-17 3.204e-17 7.7e-17 0.0 134.75 0.0
S332339 173.6176 124.0566 3.419e-17 3.114e-17 1.843e-17 0.0 133.87 0.0
S332340 173.6219 124.061 1.684e-25 8.872e-25 2.09e-23 0.0 133.79 0.0
S332341 173.6566 124.0143 1.182e-19 1.629e-19 2.335e-19 0.0 134.77 0.0
S332342 173.63 124.0591 2.169e-21 1.576e-21 5.988999999999999e-22 0.0 133.58 0.0
S332343 173.6665 124.0104 1.086e-19 1.514e-19 2.115e-19 0.0 134.64 0.0
S332344 173.6689 124.019 1.264e-23 3.7389999999999997e-23 2.605e-22 0.0 134.39 0.0
S332345 173.6648 124.0073 2.598e-19 3.532e-19 4.746e-19 0.0 134.78 0.0
S332346 173.6581 124.0081 2.17e-20 3.436e-20 6.239000000000001e-20 0.0 134.96 0.0
S332347 173.6707 124.025 9.629000000000001e-21 1.719e-20 4.1040000000000003e-20 0.0 134.21 0.0
S332348 173.6674 124.0108 9.742e-18 9.143e-18 6.017e-18 0.0 134.67 0.0
S332349 173.6553 124.0065 5.495e-22 1.215e-21 4.521e-21 0.0 134.97 0.0
S332350 173.6578 124.0031 7.543e-18 1.455e-17 4.14e-17 0.0 134.92 0.0
S332351 173.6603 124.0132 2.423e-21 1.742e-21 6.317999999999999e-22 0.0 134.69 0.0
S332352 173.6363 124.0658 1.226e-18 1.413e-18 1.405e-18 0.0 133.24 0.0
S332353 173.6685 124.0104 8.622e-28 8.246e-27 6.362e-25 0.0 134.76 0.0
S332354 173.6646 124.0062 1.425e-20 2.3990000000000003e-20 5.086e-20 0.0 134.68 0.0
S332355 173.6232 124.0485 5.475e-17 1.314e-16 5.758e-16 0.0 134.05 1.0
S332356 173.6341 124.0506 7.299e-17 1.828e-16 8.459e-16 0.0 133.77 1.0
S332357 173.6621 124.0027 7.935e-18 7.746e-18 5.305e-18 0.0 134.97 0.0
S332358 173.6604 124.0142 4.487e-17 3.805e-17 1.931e-17 0.0 134.76 0.0
S332359 173.62 124.0532 1.227e-17 1.145e-17 7.04e-18 0.0 133.97 0.0
S332360 173.6321 124.0637 2.0979999999999997e-22 4.808e-22 1.9290000000000002e-21 0.0 133.51 0.0
S332361 173.6336 124.042 1.6019999999999998e-22 4.0329999999999995e-22 1.9410000000000002e-21 0.0 134.18 0.0
S332362 173.6288 124.0543 2.471e-17 2.204e-17 1.298e-17 0.0 133.78 0.0
S332363 173.6498 123.9999 1.02e-18 1.166e-18 1.129e-18 0.0 135.22 0.0
S332364 173.6664 124.0049 6.359e-17 5.248e-17 2.521e-17 0.0 134.84 0.0
S332365 173.6254 124.053 2.3310000000000002e-20 3.699e-20 6.809e-20 0.0 133.86 0.0
S332366 173.6399 124.0639 3.18e-21 2.166e-21 7.396e-22 0.0 133.36 0.0
S332367 173.6202 124.0642 4.961e-21 9.295e-21 2.508e-20 0.0 133.72 0.0
S332368 173.6625 123.9982 2.5690000000000002e-20 3.935e-20 6.914e-20 0.0 135.0 0.0
S332369 173.6707 123.9937 1.368e-18 1.52e-18 1.353e-18 0.0 134.85 0.0
S332370 173.6691 123.9932 2.852e-17 2.528e-17 1.459e-17 0.0 134.79 0.0
S332371 173.6374 124.0655 1.553e-17 1.388e-17 8.237e-18 0.0 133.4 0.0
S332372 173.6489 124.0082 9.287e-19 1.046e-18 9.902e-19 0.0 134.88 0.0
S332373 173.663 124.0011 2.68e-22 6.849999999999999e-22 3.576e-21 0.0 134.99 0.0
S332374 173.6335 124.0737 6.424999999999999e-22 1.459e-21 5.921e-21 0.0 133.37 0.0
S332375 173.6596 124.0103 2.9599999999999997e-22 6.335999999999999e-22 2.169e-21 0.0 134.93 0.0
S332376 173.6699 124.0042 2.6009999999999996e-22 6.373999999999999e-22 2.842e-21 0.0 134.76 0.0
S332377 173.6354 124.0664 3.767e-16 2.963e-16 1.335e-16 0.0 133.56 1.0
S332378 173.6697 124.001 3.15e-21 6.718e-21 2.239e-20 0.0 134.76 0.0
S332379 173.6213 124.0634 3.3359999999999997e-23 9.159e-23 5.591999999999999e-22 0.0 133.76 0.0
S332380 173.6665 124.0019 1.647e-18 1.892e-18 1.846e-18 0.0 134.83 0.0
S332381 173.6661 124.0022 4.562e-19 5.524e-19 5.848e-19 0.0 134.96 0.0
S332382 173.624 124.057 6.703e-18 6.478e-18 4.29e-18 0.0 133.75 0.0
S332383 173.6678 124.0044 1.535e-20 2.6510000000000003e-20 5.942000000000001e-20 0.0 134.74 0.0
S332384 173.6558 123.9978 3.94e-19 5.335e-19 7.158e-19 0.0 135.04 0.0
S332385 173.6216 124.0581 2.502e-20 3.9790000000000004e-20 7.396e-20 0.0 133.7 0.0
S332386 173.649 124.001 1.609e-12 1.225e-12 5.054e-13 0.0 135.18 1.0
S332387 173.6369 124.0582 8.287e-18 8.082e-18 5.498e-18 0.0 133.44 0.0
S332388 173.6787 124.0021 2.017e-19 2.709e-19 3.446e-19 0.0 134.57 0.0
S332389 173.6692 123.9823 1.013e-12 8.618e-13 4.459e-13 0.0 135.15 1.0
S332390 173.6541 123.9984 7.037e-23 1.901e-22 1.135e-21 0.0 135.03 0.0
S332391 173.6663 124.0047 7.696000000000001e-20 1.163e-19 1.951e-19 0.0 134.62 0.0
S332392 173.6592 123.9957 5.0210000000000005e-20 7.741000000000001e-20 1.329e-19 0.0 135.06 0.0
S332393 173.6581 123.9947 9.964e-18 9.621e-18 6.566e-18 0.0 135.07 0.0
S332394 173.669 124.0175 1.655e-17 3.326e-17 1.02e-16 0.0 134.35 0.0
S332395 173.6544 124.009 2.781e-17 5.54e-17 1.603e-16 0.0 134.89 0.0
S332396 173.6203 124.0693 2.2399999999999998e-23 6.971e-23 5.292999999999999e-22 0.0 133.56 0.0
S332397 173.6166 124.0602 3.2649999999999998e-22 7.816999999999999e-22 3.45e-21 0.0 133.76 0.0
S332398 173.6741 123.9888 3.592e-17 6.301e-17 1.477e-16 0.0 135.02 0.0
S332399 173.6218 124.0749 5.41e-19 6.525e-19 6.834e-19 0.0 133.44 0.0
S332400 173.6652 124.0016 7.475e-21 1.367e-20 3.485e-20 0.0 134.82 0.0
S332401 173.6726 124.0041 4.588e-21 8.282e-21 2.0400000000000003e-20 0.0 134.74 0.0
S332402 173.6617 124.0076 3.2409999999999996e-22 7.3769999999999995e-22 2.847e-21 0.0 134.87 0.0
S332403 173.6723 124.0027 3.161e-16 2.386e-16 9.791e-17 0.0 134.75 1.0
S332404 173.6167 124.0719 2.52e-18 2.596e-18 1.935e-18 0.0 133.52 0.0
S332405 173.6529 123.9993 3.439e-17 4.986e-17 7.568e-17 0.0 135.16 0.0
S332406 173.6286 124.0698 2.322e-21 1.625e-21 5.967e-22 0.0 133.49 0.0
S332407 173.6237 124.0714 1.541e-29 2.282e-28 4.643e-26 0.0 133.49 0.0
S332408 173.6355 124.0625 8.967e-17 7.607e-17 3.837e-17 0.0 133.42 0.0
S332409 173.6783 124.0114 5.269e-17 4.387e-17 2.237e-17 0.0 134.48 0.0
S332410 173.6777 124.0026 4.913e-21 8.845000000000001e-21 2.1890000000000003e-20 0.0 134.69 0.0
S332411 173.6237 124.0698 1.06e-17 9.887e-18 6.178e-18 0.0 133.62 0.0
S332412 173.6665 123.9985 6.696e-25 2.822e-24 4.118e-23 0.0 134.85 0.0
S332413 173.6212 124.0621 3.472e-17 3.167e-17 1.847e-17 0.0 133.75 0.0
S332414 173.674 123.9938 7.576e-17 1.68e-16 6.247e-16 0.0 134.75 1.0
S332415 173.6322 124.0651 2.376e-21 1.7150000000000002e-21 6.211999999999999e-22 0.0 133.61 0.0
S332416 173.6208 124.0687 4.2109999999999994e-22 9.364999999999998e-22 3.672e-21 0.0 133.67 0.0
S332417 173.6662 123.997 4.456e-16 3.378e-16 1.439e-16 0.0 134.82 1.0
S332418 173.6819 124.0008 4.502e-21 9.017e-21 2.74e-20 0.0 134.58 0.0
S332419 173.6726 124.0122 1.198e-18 1.365e-18 1.321e-18 0.0 134.43 0.0
S332420 173.6703 123.9958 1.642e-17 3.734e-17 1.489e-16 0.0 134.9 0.0
S332421 173.6317 124.073 9.315e-23 2.7569999999999996e-22 1.977e-21 0.0 133.58 0.0
S332422 173.6269 124.0741 2.4449999999999996e-22 6.520999999999999e-22 3.637e-21 0.0 133.55 0.0
S332423 173.6727 123.9917 3.439e-18 3.712e-18 3.032e-18 0.0 134.82 0.0
S332424 173.6255 124.0886 1.27e-17 1.206e-17 7.874e-18 0.0 133.28 0.0
S332425 173.6731 123.9912 8.956999999999999e-23 2.2669999999999996e-22 1.14e-21 0.0 134.95 0.0
S332426 173.6615 123.9959 2.167e-13 1.45e-13 4.845e-14 0.0 135.04 0.0
S332427 173.6692 123.9944 5.262e-17 4.607e-17 2.497e-17 0.0 134.81 0.0
S332428 173.6267 124.0873 2.413e-23 7.811e-23 6.461e-22 0.0 133.26 0.0
S332429 173.6669 124.001 3.894e-16 3.007e-16 1.274e-16 0.0 134.7 1.0
S332430 173.6447 124.0664 4.295e-19 5.697e-19 7.393e-19 0.0 133.3 0.0
S332431 173.6658 124.0065 3.097e-18 3.273e-18 2.779e-18 0.0 134.63 0.0
S332432 173.6669 123.9869 1.459e-20 2.3610000000000003e-20 4.617e-20 0.0 135.05 0.0
S332433 173.629 124.0701 1.771e-17 3.435e-17 9.423e-17 0.0 133.45 0.0
S332434 173.6761 123.9947 2.04e-19 2.844e-19 4.047e-19 0.0 134.74 0.0
S332435 173.6716 123.9857 7.634999999999999e-22 1.8e-21 7.774e-21 0.0 134.89 0.0
S332436 173.6213 124.084 2.89e-21 5.6880000000000004e-21 1.656e-20 0.0 133.41 0.0
S332437 173.666 124.0048 1.936e-17 3.49e-17 8.35e-17 0.0 134.68 0.0
S332438 173.677 123.9894 9.538e-18 9.396e-18 6.686e-18 0.0 134.81 0.0
S332439 173.6763 123.9909 1.149e-16 9.505e-17 4.653e-17 0.0 134.79 0.0
S332440 173.669 123.989 3.611e-19 4.316e-19 4.473e-19 0.0 134.93 0.0
S332441 173.6186 124.0717 6.186999999999999e-22 1.3210000000000001e-21 4.529e-21 0.0 133.68 0.0
S332442 173.6725 123.9985 2.7490000000000002e-21 1.912e-21 6.892999999999999e-22 0.0 134.93 0.0
S332443 173.6683 123.9938 2.188e-17 1.997e-17 1.175e-17 0.0 134.88 0.0
S332444 173.6168 124.0749 9.756e-23 2.615e-22 1.45e-21 0.0 133.68 0.0
S332445 173.6743 123.9955 1.9589999999999999e-22 5.277999999999999e-22 2.99e-21 0.0 134.78 0.0
S332446 173.6651 123.993 7.806000000000001e-20 1.145e-19 1.771e-19 0.0 134.98 0.0
S332447 173.6856 123.9861 2.3650000000000003e-20 3.996e-20 8.428000000000001e-20 0.0 134.79 0.0
S332448 173.6222 124.0787 1.083e-24 4.143e-24 5.014e-23 0.0 133.55 0.0
S332449 173.6746 123.9863 4.175e-17 9.915e-17 4.465e-16 0.0 134.81 1.0
S332450 173.6787 124.0089 2.239e-21 4.194e-21 1.0950000000000001e-20 0.0 134.53 0.0
S332451 173.6798 123.9898 2.769e-17 2.404e-17 1.283e-17 0.0 134.71 0.0
S332452 173.6272 124.0807 2.092e-17 1.958e-17 1.234e-17 0.0 133.43 0.0
S332453 173.6202 124.0859 1.15e-17 1.126e-17 7.766e-18 0.0 133.45 0.0
S332454 173.6257 124.0733 1.86e-22 4.415999999999999e-22 1.879e-21 0.0 133.54 0.0
S332455 173.6794 123.9849 5.48e-20 8.190000000000001e-20 1.341e-19 0.0 134.94 1.0
S332456 173.6752 123.9806 7.603e-19 9.293e-19 1.026e-18 0.0 134.92 0.0
S332457 173.6647 123.996 1.134e-19 1.57e-19 2.2e-19 0.0 134.91 0.0
S332458 173.6246 124.0831 1.462e-22 3.7979999999999996e-22 1.963e-21 0.0 133.37 0.0
S332459 173.6802 123.9855 9.692e-18 9.51e-18 6.459e-18 0.0 134.84 0.0
S332460 173.6713 123.9866 1.801e-21 1.3360000000000001e-21 5.393999999999999e-22 0.001 134.96 0.0
S332461 173.6139 124.0738 4.8700000000000004e-20 7.065000000000001e-20 1.112e-19 0.0 133.7 0.0
S332462 173.6681 123.9835 2.714e-21 5.5820000000000004e-21 1.732e-20 0.0 134.91 0.0
S332463 173.6166 124.0927 4.326e-18 4.46e-18 3.352e-18 0.0 133.33 0.0
S332464 173.6313 124.0914 4.543e-18 4.607e-18 3.454e-18 0.0 133.2 0.0
S332465 173.6803 123.9944 2.505e-17 2.241e-17 1.239e-17 0.0 134.83 0.0
S332466 173.6703 123.9868 1.088e-18 1.288e-18 1.342e-18 0.0 134.96 0.0
S332467 173.6739 123.9799 1.853e-17 1.654e-17 9.576e-18 0.0 134.96 0.0
S332468 173.6156 124.0789 1.186e-17 1.131e-17 7.206e-18 0.0 133.52 0.0
S332469 173.6119 124.0788 2.374e-18 2.502e-18 2.055e-18 0.0 133.59 0.0
S332470 173.6941 123.9773 3.237e-19 4.02e-19 4.568e-19 0.0 134.82 0.0
S332471 173.6173 124.0731 2.859e-21 2.001e-21 7.006e-22 0.0 133.48 0.0
S332472 173.6256 124.0826 1.476e-17 1.343e-17 7.772e-18 0.0 133.52 0.0
S332473 173.6148 124.0815 1.05e-12 8.267e-13 3.592e-13 0.0 133.57 1.0
S332474 173.6786 123.9843 8.001e-21 1.393e-20 3.071e-20 0.0 134.77 0.0
S332475 173.6206 124.0945 2.856e-17 5.348e-17 1.397e-16 0.0 133.38 0.0
S332476 173.6806 123.9877 3.075e-21 2.1250000000000002e-21 7.239999999999999e-22 0.0 134.79 0.0
S332477 173.6725 123.9763 7.419999999999999e-22 1.54e-21 5.306e-21 0.0 134.99 0.0
S332478 173.6748 123.9852 3.655e-21 2.474e-21 8.346999999999999e-22 0.0 134.96 0.0
S332479 173.6826 123.9799 7.344999999999999e-22 1.629e-21 6.122e-21 0.0 134.91 0.0
S332480 173.6744 123.9738 1.096e-21 2.412e-21 8.659e-21 0.0 135.0 0.0
S332481 173.6812 123.9869 8.688e-14 6.091e-14 2.067e-14 0.0 134.81 0.0
S332482 173.6771 123.9913 2.249e-19 3.1e-19 4.46e-19 0.0 134.76 0.0
S332483 173.648 124.0345 9.558e-14 6.203e-14 1.851e-14 0.0 139.08 1.0
S332484 173.6714 123.9812 5.313e-17 4.616e-17 2.563e-17 0.0 135.02 0.0
S332485 173.6213 124.0882 3.324e-16 2.512e-16 1.061e-16 0.0 133.28 1.0
S332486 173.6247 124.0851 6.719e-17 6.158e-17 3.69e-17 0.0 133.46 0.0
S332487 173.6761 123.9818 1.385e-15 1.033e-15 3.984e-16 0.0 134.85 0.0
S332488 173.6772 123.9844 2.939e-17 4.715e-17 8.646e-17 0.0 134.81 0.0
S332489 173.6169 124.0858 1.379e-15 1.005e-15 3.947e-16 0.0 133.45 0.0
S332490 173.6758 123.9903 3.69e-16 2.759e-16 1.109e-16 0.0 134.78 0.0
S332491 173.6795 123.9893 4.189e-17 3.611e-17 1.912e-17 0.0 134.83 0.0
S332492 173.6811 123.9898 3.462e-17 3.098e-17 1.756e-17 0.0 134.65 0.0
S332493 173.6127 124.0801 1.467e-16 1.161e-16 5.36e-17 0.0 133.55 0.0
S332494 173.6845 123.9891 4.224e-14 2.801e-14 8.717e-15 0.0 134.73 0.0
S332495 173.6846 123.9915 1.081e-17 1.013e-17 6.332e-18 0.0 134.65 0.0
S332496 173.6104 124.0728 1.029e-12 1.004e-12 6.957e-13 0.0 133.83 1.0
S332497 173.6875 123.996 3.684e-17 3.314e-17 1.89e-17 0.0 134.58 0.0
S332498 173.689 123.9976 2.91e-16 2.264e-16 1.001e-16 0.0 134.44 1.0
S332499 173.6915 123.998 9.589e-17 7.755e-17 3.786e-17 0.0 134.42 0.0
S332500 173.6926 123.9978 2.717e-17 4.088e-17 6.817e-17 0.0 134.54 1.0
S332501 173.5999 124.0741 3.006e-18 3.283e-18 2.786e-18 0.0 133.77 0.0
S332502 173.6964 124.0012 2.694e-16 2.14e-16 9.626e-17 0.0 134.41 1.0
S332503 173.6007 124.0652 2.738e-16 2.145e-16 9.563e-17 0.0 134.0 1.0
S332504 173.6991 124.0054 7.009e-16 5.146e-16 2.008e-16 0.0 134.3 0.0
S332505 173.5947 124.0634 5.198e-13 3.514e-13 1.198e-13 0.0 134.08 0.0
S332506 173.7031 124.012 1.518e-17 1.411e-17 9.109e-18 0.0 134.13 0.0
S332507 173.7044 124.005 1.766e-16 1.389e-16 6.359e-17 0.0 134.2 1.0
S332508 173.7001 124.0175 1.449e-16 1.136e-16 4.965e-17 0.0 134.09 0.0
S332509 173.7042 124.0155 4.416e-17 7.749e-17 1.813e-16 0.0 134.14 0.0
S332510 173.7066 124.017 2.613e-15 1.934e-15 7.821e-16 0.0 133.99 0.0
S332511 173.5891 124.0487 5.693e-17 4.933e-17 2.676e-17 0.0 134.26 0.0
S332512 173.7099 124.0227 9.917e-13 7.125e-13 2.667e-13 0.0 133.96 0.0
S332513 173.587 124.0474 4.356e-17 7.207e-17 1.488e-16 0.0 134.28 0.0
S332514 173.7078 124.0225 2.682e-16 2.03e-16 8.336e-17 0.0 133.94 1.0
S332515 173.7145 124.0227 7.447e-17 1.479e-16 4.337e-16 0.0 133.89 0.0
S332516 173.7168 124.0289 5.376e-22 1.21e-21 4.789e-21 0.0 133.83 0.0
S332517 173.7164 124.0256 8.741e-16 6.193e-16 2.306e-16 0.0 133.79 0.0
S332518 173.7163 124.0381 1.334e-17 1.195e-17 7.147e-18 0.0 133.51 0.0
S332519 173.5783 124.0328 7.195e-16 5.102e-16 1.914e-16 0.0 134.67 0.0
S332520 173.7165 124.0386 1.163e-15 8.548e-16 3.166e-16 0.0 133.69 0.0
S332521 173.7217 124.0378 3.098e-17 6.098e-17 1.837e-16 0.0 133.64 0.0
S332522 173.7242 124.0415 5.184e-16 3.833e-16 1.518e-16 0.0 133.46 0.0
S332523 173.5722 124.0266 3.153e-18 3.327e-18 2.768e-18 0.0 134.81 0.0
S332524 173.5728 124.0221 3.88e-18 3.803e-18 2.771e-18 0.0 134.93 0.0
S332525 173.7268 124.044 1.18e-15 8.311e-16 2.981e-16 0.0 133.5 0.0
S332526 173.7253 124.0587 5.444e-16 4.055e-16 1.598e-16 0.0 133.29 0.0
S332527 173.5644 124.0124 1.984e-17 1.811e-17 1.08e-17 0.0 135.1 0.0
S332528 173.7318 124.0596 1.111e-15 7.846e-16 2.898e-16 0.0 133.26 0.0
S332529 173.5684 124.0102 4.98e-16 3.708e-16 1.543e-16 0.0 135.05 1.0
S332530 173.7325 124.0644 8.471e-16 6.367e-16 2.624e-16 0.0 133.13 0.0
S332531 173.7358 124.0627 1.361e-13 8.907e-14 2.866e-14 0.0 133.21 0.0
S332532 173.5577 123.9985 2.697e-15 1.91e-15 6.924e-16 0.0 135.33 0.0
S332533 173.5633 123.9997 8.858e-17 7.544e-17 3.97e-17 0.0 135.22 0.0
S332534 173.5572 123.9953 7.87e-17 6.389e-17 3.043e-17 0.0 135.29 0.0
S332535 173.7413 124.0731 2.848e-15 1.955e-15 6.703e-16 0.0 132.95 0.0
S332536 173.7446 124.0828 2.637e-15 1.821e-15 6.362e-16 0.0 132.87 0.0
S332537 173.5559 123.9854 4.378e-19 5.581e-19 6.719e-19 0.0 135.5 0.0
S332538 173.5553 123.9831 4.75e-17 7.843e-17 1.583e-16 0.0 135.42 0.0
S332539 173.5476 123.9719 1.749e-15 1.213e-15 4.381e-16 0.0 135.61 0.0
S332540 173.7457 124.0931 7.473e-19 8.794e-19 8.642e-19 0.0 132.58 0.0
S332541 173.7383 124.0938 1.065e-15 8.007e-16 3.268e-16 0.0 132.73 0.0
S332542 173.552 123.967 8.592e-18 8.343e-18 5.724e-18 0.0 135.71 0.0
S332543 173.7481 124.1024 3.618e-17 3.326e-17 2.063e-17 0.0 132.62 0.0
S332544 173.5513 123.969 1.22e-18 1.268e-18 9.837e-19 0.0 135.75 0.0
S332545 173.5542 123.9653 1.661e-15 1.195e-15 4.554e-16 0.0 135.82 0.0
S332546 173.751 124.1137 7.169e-16 5.385e-16 2.211e-16 0.0 132.47 1.0
S332547 173.5537 123.9602 3.947e-16 3.054e-16 1.326e-16 0.0 135.83 1.0
S332548 173.5536 123.9565 1.553e-16 1.289e-16 6.527e-17 0.0 135.95 0.0
S332549 173.5466 123.9469 8.799e-17 7.359e-17 3.806e-17 0.0 136.07 0.0
S332550 173.7438 124.1191 2.992e-15 2.239e-15 8.984e-16 0.0 132.32 0.0
S332551 173.551 123.9467 6.08e-15 4.233e-15 1.485e-15 0.0 136.02 0.0
S332552 173.7465 124.128 1.392e-16 1.091e-16 4.863e-17 0.0 132.23 0.0
S332553 173.5439 123.9324 3.463e-16 2.518e-16 9.829e-17 0.0 136.08 0.0
S332554 173.743 124.1376 1.596e-19 2.062e-19 2.595e-19 0.0 132.15 0.0
S332555 173.7478 124.1394 1.53e-17 1.389e-17 8.47e-18 0.0 132.08 0.0
S332556 173.5509 123.9265 5.255e-17 4.48e-17 2.415e-17 0.0 136.28 0.0
S332557 173.5525 123.9246 2.088e-16 1.673e-16 7.843e-17 0.0 136.19 0.0
S332558 173.5497 123.9183 2.023e-17 1.85e-17 1.131e-17 0.0 136.36 0.0
S332559 173.7424 124.1482 1.388e-15 9.847e-16 3.438e-16 0.0 132.0 0.0
S332560 173.7422 124.1544 8.808e-13 6.222e-13 2.172e-13 0.0 132.18 0.0
S332561 173.5493 123.9103 4.052e-17 6.282e-17 1.142e-16 0.0 136.4 0.0
S332562 173.5615 123.9178 4.295e-15 2.955e-15 9.838e-16 0.0 136.36 1.0
S332563 173.7371 124.1626 4.034e-16 3.093e-16 1.341e-16 0.0 132.01 1.0
S332564 173.7302 124.1599 5.007e-17 4.462e-17 2.498e-17 0.0 132.0 0.0
S332565 173.7264 124.1577 4.934e-17 4.212e-17 2.219e-17 0.0 132.07 0.0
S332566 173.7373 124.1752 4.027e-16 3.037e-16 1.294e-16 0.0 131.88 1.0
S332567 173.5656 123.8992 4.148e-18 7.433e-18 1.791e-17 0.001 136.35 0.0
S332568 173.5711 123.8972 4.864e-15 3.266e-15 1.031e-15 0.0 136.47 0.0
S332569 173.7272 124.1687 1.5e-17 2.666e-17 6.208e-17 0.0 131.96 0.0
S332570 173.5738 123.899 1.717e-15 1.201e-15 4.278e-16 0.0 136.42 0.0
S332571 173.5806 123.8958 3.046e-15 2.145e-15 7.938e-16 0.0 136.35 0.0
S332572 173.7153 124.173 4.865e-16 3.611e-16 1.475e-16 0.0 131.96 0.0
S332573 173.5804 123.8922 2.364e-17 2.135e-17 1.286e-17 0.0 136.3 0.0
S332574 173.5852 123.8895 1.355e-16 1.095e-16 5.189e-17 0.0 136.24 0.0
S332575 173.7047 124.1731 1.076e-14 7.273e-15 2.342e-15 0.0 132.02 0.0
S332576 173.5984 123.8975 3.959e-13 2.797e-13 1.01e-13 0.0 136.32 0.0
S332577 173.5976 123.8917 1.295e-15 9.39e-16 3.584e-16 0.0 136.27 0.0
S332578 173.6026 123.8928 2.035e-17 3.419e-17 7.359e-17 0.0 136.24 0.0
S332579 173.6012 123.8884 7.762e-17 6.378e-17 2.971e-17 0.0 136.28 0.0
S332580 173.6886 124.1731 2.232e-17 2.028e-17 1.216e-17 0.0 132.16 0.0
S332581 173.6853 124.1767 1.029e-16 8.322e-17 3.983e-17 0.0 132.23 0.0
S332582 173.6168 123.8962 2.187e-16 1.741e-16 7.956e-17 0.0 136.11 1.0
S332583 173.6237 123.8933 6.793e-16 4.808e-16 1.733e-16 0.0 135.91 0.0
S332584 173.6657 124.1706 1.406e-17 1.274e-17 7.703e-18 0.0 132.34 0.0
S332585 173.6679 124.1787 6.092e-16 4.336e-16 1.567e-16 0.0 132.38 0.0
S332586 173.6647 124.1738 2.735e-16 2.077e-16 8.658e-17 0.0 132.47 1.0
S332587 173.6525 124.1611 1.07e-16 2.489e-16 9.998e-16 0.0 132.6 1.0
S332588 173.6466 123.9037 5.614e-18 5.568e-18 3.879e-18 0.0 135.72 0.0
S332589 173.6446 124.1625 2.208e-17 4.839e-17 1.778e-16 0.0 132.6 0.0
S332590 173.6399 124.1517 1.425e-16 1.135e-16 5.41e-17 0.0 132.69 0.0
S332591 173.6586 123.9146 4.196e-16 3.202e-16 1.302e-16 0.0 135.55 1.0
S332592 173.6681 123.9213 3.483e-16 2.679e-16 1.128e-16 0.0 135.47 1.0
S332593 173.6169 124.1513 1.676e-12 1.262e-12 5.375e-13 0.0 132.99 1.0
S332594 173.6169 124.1421 1.224e-16 1.049e-16 5.389e-17 0.0 133.07 0.0
S332595 173.6141 124.1341 1.516e-16 1.212e-16 5.551e-17 0.0 133.22 0.0
S332596 173.6058 124.1308 1.467e-15 1.066e-15 4.086e-16 0.0 133.24 0.0
S332597 173.6044 124.1153 2.12e-15 1.473e-15 5.232e-16 0.0 133.23 0.0
S332598 173.7028 123.9501 1.907e-15 1.349e-15 4.797e-16 0.0 134.86 0.0
S332599 173.5858 124.1137 1.439e-16 1.161e-16 5.423e-17 0.0 133.57 0.0
S332600 173.5845 124.1043 1.661e-17 3.187e-17 8.751e-17 0.0 133.61 0.0
S332601 173.5793 124.0949 9.186e-15 6.142e-15 1.959e-15 0.0 133.75 0.0
S332602 173.7235 123.9831 2.051e-16 1.566e-16 6.892e-17 0.0 134.43 1.0
S332603 173.5632 124.0862 7.961e-18 7.889e-18 5.774e-18 0.0 134.03 0.0
S332604 173.5626 124.076 3.391e-15 2.407e-15 8.648e-16 0.0 133.95 0.0
S332605 173.7452 124.0044 2.536e-15 1.775e-15 6.495e-16 0.0 134.0 0.0
S332606 173.7437 124.007 2.879e-16 2.207e-16 9.512e-17 0.0 134.05 1.0
S332607 173.7478 124.0183 7.23e-16 5.508e-16 2.255e-16 0.0 133.87 0.0
S332608 173.7509 124.0317 4.087e-17 8.81e-17 3.081e-16 0.0 133.67 0.0
S332609 173.7614 124.0408 1.097e-15 7.767e-16 2.761e-16 0.0 133.63 0.0
S332610 173.5261 124.023 5.441e-16 3.874e-16 1.494e-16 0.0 134.78 0.0
S332611 173.531 124.0087 1.033e-15 7.698e-16 3.141e-16 0.001 135.0 0.0
S332612 173.7678 124.0631 3.15e-15 2.195e-15 7.643e-16 0.0 133.24 0.0
S332613 173.5196 123.9949 1.405e-16 1.119e-16 5.102e-17 0.0 135.18 0.0
S332614 173.5202 123.9833 5.612e-18 9.734e-18 2.115e-17 0.0 135.32 0.0
S332615 173.5147 123.9775 2.84e-17 2.462e-17 1.288e-17 0.0 135.36 0.0
S332616 173.5134 123.968 4.272e-17 3.646e-17 1.88e-17 0.0 135.49 0.0
S332617 173.7942 124.1151 5.15e-16 3.987e-16 1.711e-16 0.0 132.76 1.0
S332618 173.5075 123.9406 1.429e-12 1.065e-12 4.224e-13 0.0 135.67 0.0
S332619 173.7992 124.1455 7.881e-16 5.74e-16 2.216e-16 0.0 132.47 0.0
S332620 173.7954 124.1424 5.902e-18 5.899e-18 4.186e-18 0.0 132.42 0.0
S332621 173.5099 123.9221 5.407e-17 8.736e-17 1.685e-16 0.001 136.03 0.0
S332622 173.7883 124.159 4.113e-19 5.337e-19 6.482e-19 0.0 132.18 0.0
S332623 173.511 123.9084 8.793e-18 8.231e-18 5.33e-18 0.0 136.05 1.0
S332624 173.7825 124.1726 2.975e-15 2.121e-15 7.663e-16 0.0 132.25 0.0
S332625 173.7799 124.1757 2.746e-15 1.883e-15 6.243e-16 0.0 132.07 0.0
S332626 173.7837 124.1942 1.516e-17 1.305e-17 7.066e-18 0.0 132.09 0.0
S332627 173.6148 124.0671 2.015e-19 2.837e-19 4.087e-19 0.0 133.77 0.0
S332628 173.6846 123.9968 3.895e-19 4.956e-19 5.687e-19 0.0 134.6 0.0
S332629 173.6104 124.0703 7.633e-19 9.1e-19 9.516e-19 0.0 133.65 0.0
S332630 173.6918 123.9971 2.842e-18 3.155e-18 2.788e-18 0.0 134.6 0.0
S332631 173.6909 123.9982 5.346e-17 4.778e-17 2.793e-17 0.0 134.6 0.0
S332632 173.6919 124.0037 2.219e-20 3.7420000000000006e-20 7.92e-20 0.0 134.44 0.0
S332633 173.6024 124.066 1.096e-12 9.898e-13 5.727e-13 0.0 134.01 1.0
S332634 173.6892 123.9989 6.15e-16 4.598e-16 1.827e-16 0.0 134.44 0.0
S332635 173.5987 124.0717 3.381e-20 5.3590000000000005e-20 9.902000000000001e-20 0.0 133.82 0.0
S332636 173.6086 124.0653 1.608e-19 2.294e-19 3.478e-19 0.0 133.96 0.0
S332637 173.607 124.0594 5.811e-16 4.316e-16 1.772e-16 0.0 133.95 0.0
S332638 173.6932 124.0099 1.6620000000000002e-20 2.8390000000000005e-20 6.294e-20 0.0 134.31 0.0
S332639 173.604 124.0593 1.484e-17 1.381e-17 8.754e-18 0.0 134.08 0.0
S332640 173.5937 124.0667 1.7799999999999998e-22 3.659e-22 1.17e-21 0.0 133.98 0.0
S332641 173.6049 124.0508 1.2930000000000001e-20 2.277e-20 5.3170000000000005e-20 0.0 134.17 0.0
S332642 173.5968 124.058 9.927e-24 3.005e-23 2.184e-22 0.0 134.07 0.0
S332643 173.5948 124.0607 3.578e-23 9.626e-23 5.492e-22 0.0 134.01 0.0
S332644 173.598 124.0543 2.038e-18 2.326e-18 2.167e-18 0.0 134.12 0.0
S332645 173.5939 124.0542 1.181e-19 1.617e-19 2.284e-19 0.0 134.24 0.0
S332646 173.6989 124.0209 4.908999999999999e-22 1.182e-21 5.3080000000000004e-21 0.0 134.09 0.0
S332647 173.591 124.0481 1.918e-21 4.054e-21 1.401e-20 0.0 134.34 0.0
S332648 173.7106 124.0148 7.519e-16 5.443e-16 2.08e-16 0.0 134.08 0.0
S332649 173.7048 124.0147 2.703e-19 3.513e-19 4.238e-19 0.0 134.21 0.0
S332650 173.5927 124.0459 4.007e-16 3.001e-16 1.241e-16 0.0 134.37 0.0
S332651 173.7053 124.0287 3.319e-20 5.488000000000001e-20 1.12e-19 0.0 133.82 0.0
S332652 173.7033 124.0195 9.036e-18 8.792e-18 5.942e-18 0.0 133.96 0.0
S332653 173.7094 124.0225 7.723e-20 1.093e-19 1.629e-19 0.0 133.94 0.0
S332654 173.5853 124.045 3.944e-17 3.322e-17 1.714e-17 0.0 134.47 0.0
S332655 173.709 124.0285 4.649e-21 3.048e-21 9.248999999999999e-22 0.0 133.77 0.0
S332656 173.7099 124.031 9.108e-18 1.562e-17 3.457e-17 0.0 133.82 0.0
S332657 173.7116 124.0285 4.273e-17 3.814e-17 2.155e-17 0.0 133.87 0.0
S332658 173.5857 124.032 1.019e-15 7.486e-16 2.959e-16 0.0 134.64 0.0
S332659 173.7191 124.0317 1.121e-16 9.14e-17 4.222e-17 0.0 133.83 0.0
S332660 173.5827 124.0448 4.231e-17 3.743e-17 2.057e-17 0.0 134.35 0.0
S332661 173.7205 124.0259 2.228e-21 4.5000000000000004e-21 1.443e-20 0.0 133.77 0.0
S332662 173.5803 124.0277 2.58e-17 2.526e-17 1.773e-17 0.0 134.72 0.0
S332663 173.575 124.0378 2.01e-23 5.344e-23 3.0459999999999995e-22 0.0 134.5 0.0
S332664 173.7185 124.0344 3.1860000000000003e-20 5.1170000000000005e-20 9.722000000000001e-20 0.0 133.77 0.0
S332665 173.7145 124.0361 6.575e-17 6.021e-17 3.765e-17 0.0 133.78 0.0
S332666 173.5831 124.0367 1.188e-17 2.251e-17 6.086e-17 0.0 134.61 0.0
S332667 173.7269 124.0442 5.301e-17 8.261e-17 1.538e-16 0.0 133.5 0.0
S332668 173.574 124.0212 2.428e-16 1.834e-16 7.783e-17 0.0 134.96 1.0
S332669 173.7211 124.0503 4.031e-17 3.388e-17 1.756e-17 0.0 133.44 0.0
S332670 173.7307 124.0499 3.739e-16 2.837e-16 1.156e-16 0.0 133.32 1.0
S332671 173.7287 124.0519 6.976e-17 5.79e-17 2.835e-17 0.0 133.33 0.0
S332672 173.7199 124.0548 6.537e-16 4.955e-16 2.086e-16 0.0 133.37 0.0
S332673 173.5822 124.0314 6.694999999999999e-23 1.8659999999999998e-22 1.138e-21 0.0 134.72 0.0
S332674 173.7263 124.0528 5.098e-19 6.032e-19 6.338e-19 0.0 133.41 0.0
S332675 173.7271 124.0585 2.06e-16 1.638e-16 7.416e-17 0.0 133.19 0.0
S332676 173.563 124.0099 3.549e-16 2.774e-16 1.221e-16 0.0 135.13 1.0
S332677 173.5648 124.0046 2.9560000000000005e-20 4.8360000000000003e-20 9.345000000000001e-20 0.0 135.13 0.0
S332678 173.7306 124.0619 2.907e-19 3.749e-19 4.665e-19 0.0 133.13 0.0
S332679 173.7229 124.0619 1.351e-19 1.987e-19 3.141e-19 0.0 133.15 0.0
S332680 173.7379 124.0708 6.348e-18 1.036e-17 2.09e-17 0.0 132.93 0.0
S332681 173.5642 124.0009 1.885e-17 1.744e-17 1.091e-17 0.0 135.32 0.0
S332682 173.736 124.0692 2.394e-17 2.177e-17 1.309e-17 0.0 132.97 0.0
S332683 173.5672 124.0054 1.474e-18 1.612e-18 1.373e-18 0.0 135.2 0.0
S332684 173.7297 124.0659 3.304e-18 3.526e-18 2.935e-18 0.0 133.13 0.0
S332685 173.5554 123.9894 7.52e-17 6.201e-17 3.09e-17 0.0 135.44 0.0
S332686 173.738 124.0818 8.305e-18 8.176e-18 5.687e-18 0.0 132.87 0.0
S332687 173.5601 123.983 2.828e-19 3.66e-19 4.472e-19 0.0 135.54 0.0
S332688 173.7275 124.0781 2.127e-18 2.388e-18 2.153e-18 0.0 132.89 0.0
S332689 173.5597 123.9868 7.797e-17 1.154e-16 1.853e-16 0.0 135.62 0.0
S332690 173.56 123.9894 3.976e-17 3.41e-17 1.835e-17 0.0 135.44 0.0
S332691 173.5574 123.9804 9.334e-23 2.518e-22 1.4400000000000001e-21 0.0 135.67 0.0
S332692 173.5605 123.9825 2.7e-16 2.025e-16 8.367e-17 0.0 135.54 1.0
S332693 173.5645 123.9843 5.807e-17 4.969e-17 2.541e-17 0.0 135.59 0.0
S332694 173.5543 123.9694 7.464e-18 7.219e-18 5.061e-18 0.0 135.72 0.0
S332695 173.5555 123.9625 3.376e-23 9.097e-23 5.176999999999999e-22 0.0 135.9 0.0
S332696 173.5484 123.9711 2.241e-19 2.847e-19 3.297e-19 0.0 135.63 0.0
S332697 173.7344 124.0987 4.042e-17 3.629e-17 2.116e-17 0.0 132.55 0.0
S332698 173.5647 123.9802 1.606e-12 1.234e-12 5.129e-13 0.0 135.67 1.0
S332699 173.5527 123.965 5.033e-19 6.374e-19 7.42e-19 0.0 135.92 0.0
S332700 173.7411 124.1099 2.173e-17 3.794e-17 8.693e-17 0.0 132.42 0.0
S332701 173.7382 124.1024 3.291e-20 5.2840000000000004e-20 1.04e-19 0.0 132.45 0.0
S332702 173.5499 123.9459 2.65e-22 6.136999999999999e-22 2.56e-21 0.0 135.96 0.0
S332703 173.7486 124.1182 5.781000000000001e-20 9.004000000000001e-20 1.556e-19 0.0 132.46 0.0
S332704 173.5523 123.9508 4.154e-20 6.986e-20 1.425e-19 0.0 135.98 0.0
S332705 173.5618 123.9567 1.493e-21 3.143e-21 1.0770000000000002e-20 0.0 135.99 0.0
S332706 173.7326 124.112 1.16e-16 9.335e-17 4.362e-17 0.0 132.34 0.0
S332707 173.5468 123.9436 6.232e-16 4.56e-16 1.813e-16 0.0 136.04 0.0
S332708 173.5564 123.9427 6.74e-13 6e-13 3.402e-13 0.0 136.1 1.0
S332709 173.547 123.9382 1.648e-16 1.375e-16 7.236e-17 0.0 136.13 0.0
S332710 173.7474 124.1291 2.732e-21 5.623e-21 1.735e-20 0.0 132.36 0.0
S332711 173.5574 123.9407 2.4329999999999998e-22 5.286e-22 1.971e-21 0.0 136.09 0.0
S332712 173.7399 124.1215 1.036e-12 7.591e-13 2.983e-13 0.0 132.27 0.0
S332713 173.5519 123.9324 6.629e-18 6.804e-18 5.076e-18 0.0 136.15 0.0
S332714 173.5542 123.9273 2.165e-16 1.722e-16 8.027e-17 0.0 136.28 0.0
S332715 173.7465 124.1488 3.612e-16 2.715e-16 1.127e-16 0.0 132.13 1.0
S332716 173.5573 123.9253 2.844e-17 4.875e-17 1.092e-16 0.0 136.15 0.0
S332717 173.731 124.123 3.518e-17 3.034e-17 1.593e-17 0.0 132.1 0.0
S332718 173.5662 123.9283 5.708e-17 5.087e-17 2.894e-17 0.0 136.23 0.0
S332719 173.741 124.1479 6.489e-17 5.348e-17 2.626e-17 0.0 132.06 0.0
S332720 173.571 123.9286 7.991e-19 9.819e-19 1.106e-18 0.0 136.24 0.0
S332721 173.7421 124.1578 2.448e-17 2.171e-17 1.241e-17 0.0 131.99 0.0
S332722 173.7386 124.1481 1.222e-21 2.652e-21 9.634e-21 0.0 131.94 0.0
S332723 173.7374 124.1522 2.488e-17 3.616e-17 5.879e-17 0.0 131.97 0.0
S332724 173.7193 124.1297 1.0340000000000001e-20 1.8860000000000002e-20 4.769e-20 0.0 132.14 0.0
S332725 173.7352 124.1606 6.794e-16 5.168e-16 2.115e-16 0.0 131.98 1.0
S332726 173.5644 123.9127 3.04e-19 3.942e-19 4.92e-19 0.0 136.42 0.0
S332727 173.7272 124.1556 4.522e-16 3.378e-16 1.359e-16 0.0 132.0 0.0
S332728 173.7326 124.1628 3.915e-17 7.245e-17 1.808e-16 0.0 131.86 0.0
S332729 173.5624 123.8945 1.224e-17 2.492e-17 7.826e-17 0.001 136.3 0.0
S332730 173.5742 123.9038 3.26e-17 2.911e-17 1.667e-17 0.0 136.21 0.0
S332731 173.5642 123.9023 6.621e-19 8.105e-19 8.65e-19 0.0 136.38 0.0
S332732 173.5736 123.9071 1.869e-17 3.616e-17 1.011e-16 0.0 136.34 0.0
S332733 173.5767 123.9043 8.2389999999999995e-22 1.6720000000000001e-21 5.222e-21 0.0 136.34 0.0
S332734 173.5886 123.9122 1.47e-19 2.026e-19 2.815e-19 0.0 136.41 0.0
S332735 173.5845 123.9064 2.904e-17 4.858e-17 1.027e-16 0.0 136.29 0.0
S332736 173.583 123.9054 1.061e-17 1.04e-17 7.226e-18 0.0 136.32 0.0
S332737 173.7161 124.1788 3.317e-19 4.457e-19 5.883e-19 0.0 132.02 0.0
S332738 173.5818 123.8883 1.302e-17 1.858e-17 2.823e-17 0.0 136.28 0.0
S332739 173.5899 123.9025 1.07e-16 8.578e-17 3.963e-17 0.0 136.38 0.0
S332740 173.7145 124.1772 4.385e-24 1.4859999999999998e-23 1.332e-22 0.0 131.89 0.0
S332741 173.7024 124.1704 5.374e-16 4.025e-16 1.591e-16 0.0 132.09 0.0
S332742 173.5876 123.8945 3.056e-17 4.583e-17 7.824e-17 0.0 136.37 0.0
S332743 173.6898 124.1729 2.049e-17 3.314e-17 6.273e-17 0.0 132.06 0.0
S332744 173.6948 124.1621 5.136e-18 5.419e-18 4.287e-18 0.0 132.04 0.0
S332745 173.5998 123.9079 1.042e-20 1.7790000000000002e-20 3.8070000000000004e-20 0.0 136.24 0.0
S332746 173.6971 124.1765 1.771e-15 1.263e-15 4.681e-16 0.0 132.1 0.0
S332747 173.6911 124.1818 5.0820000000000006e-20 7.625e-20 1.309e-19 0.0 132.14 0.0
S332748 173.6985 124.1825 6.462e-19 7.332e-19 6.98e-19 0.0 131.92 0.0
S332749 173.6784 124.1737 8.868e-16 6.254e-16 2.307e-16 0.0 132.17 0.0
S332750 173.7007 124.1823 6.404e-18 6.204e-18 4.077e-18 0.0 132.04 0.0
S332751 173.6219 123.9003 1.77e-16 1.463e-16 7.344e-17 0.001 136.03 0.0
S332752 173.6839 124.1689 1.072e-15 7.747e-16 2.912e-16 0.0 132.18 0.0
S332753 173.6264 123.9128 5.294e-17 4.427e-17 2.147e-17 0.0 135.91 0.0
S332754 173.6173 123.9002 8.123e-18 8.006e-18 5.417e-18 0.0 136.01 0.0
S332755 173.6259 123.9072 5.500999999999999e-22 1.366e-21 6.523e-21 0.0 136.04 0.0
S332756 173.6595 124.1679 1.23e-15 8.676e-16 3.174e-16 0.0 132.37 0.0
S332757 173.6711 124.1669 2.998e-17 4.899e-17 9.851e-17 0.0 132.18 0.0
S332758 173.6377 123.8953 1.78e-18 2.054e-18 1.991e-18 0.0 135.86 0.0
S332759 173.6598 124.1631 4.578999999999999e-22 1.033e-21 3.986e-21 0.0 132.45 0.0
S332760 173.655 124.1641 2.611e-17 2.394e-17 1.483e-17 0.0 132.5 0.0
S332761 173.6604 123.9109 2.657e-17 2.325e-17 1.271e-17 0.0 135.54 0.0
S332762 173.665 123.9126 1.767e-16 1.427e-16 6.918e-17 0.0 135.54 0.0
S332763 173.6611 123.9135 7.411e-16 5.299e-16 1.949e-16 0.0 135.71 0.0
S332764 173.6316 124.1535 8.521e-16 6.34e-16 2.533e-16 0.0 132.8 0.0
S332765 173.6252 124.1568 8.389e-19 9.916e-19 9.911e-19 0.0 132.9 0.0
S332766 173.6722 123.9219 9.576e-21 1.8000000000000002e-20 4.7220000000000006e-20 0.0 135.42 0.0
S332767 173.6714 123.9258 2.289e-17 2.086e-17 1.201e-17 0.0 135.4 0.0
S332768 173.6198 124.1355 2.914e-17 2.557e-17 1.37e-17 0.0 132.88 0.0
S332769 173.6827 123.9264 1.892e-16 1.533e-16 7.217e-17 0.0 135.19 0.0
S332770 173.6927 123.9272 3.539e-20 5.863000000000001e-20 1.159e-19 0.0 135.21 0.0
S332771 173.6039 124.1382 2.178e-15 1.603e-15 6.232e-16 0.0 133.19 0.0
S332772 173.5982 124.1301 2.332e-18 2.475e-18 2.006e-18 0.0 133.29 0.0
S332773 173.6066 124.1085 2.737e-18 3.096e-18 2.869e-18 0.0 133.4 0.0
S332774 173.5952 124.1137 1.33e-19 1.789e-19 2.404e-19 0.0 133.41 0.0
S332775 173.5958 124.101 2.36e-22 5.5189999999999995e-22 2.383e-21 0.0 133.58 0.0
S332776 173.7117 123.9639 3.228e-20 4.9840000000000007e-20 8.879e-20 0.0 134.74 0.0
S332777 173.5941 124.0805 2.355e-16 1.845e-16 7.986e-17 0.0 133.85 1.0
S332778 173.5843 124.0866 6.419e-18 6.588e-18 5.013e-18 0.0 133.8 0.0
S332779 173.7172 123.983 4.1809999999999994e-22 9.216999999999998e-22 3.531e-21 0.0 134.47 0.0
S332780 173.7129 123.9864 3.277e-16 2.541e-16 1.064e-16 0.0 134.54 1.0
S332781 173.5619 124.0922 7.088e-17 5.861e-17 2.91e-17 0.0 133.89 0.0
S332782 173.5647 124.0738 4.831e-17 7.543e-17 1.371e-16 0.0 134.12 0.0
S332783 173.7504 124.001 1.506e-16 1.177e-16 5.163e-17 0.0 134.08 0.0
S332784 173.7472 124.0019 1.471e-23 4.5579999999999997e-23 3.466e-22 0.0 134.08 0.0
S332785 173.7482 124.0046 2.199e-17 1.965e-17 1.159e-17 0.0 133.92 0.0
S332786 173.7459 124.0131 4.538e-19 5.551e-19 6.052e-19 0.0 133.96 0.0
S332787 173.5603 124.0489 1.114e-18 1.319e-18 1.375e-18 0.0 134.38 0.0
S332788 173.7532 124.0127 8.351e-15 5.722e-15 1.918e-15 0.0 133.97 0.0
S332789 173.5415 124.0302 4.651e-18 4.836e-18 3.716e-18 0.0 134.78 0.0
S332790 173.7674 124.0347 3.421e-19 4.259e-19 4.882e-19 0.001 133.52 0.0
S332791 173.7776 124.0482 4.723e-17 3.923e-17 1.919e-17 0.0 133.43 0.0
S332792 173.7568 124.0532 1.765e-23 5.529e-23 4.358999999999999e-22 0.0 133.5 0.0
S332793 173.7571 124.0587 2.102e-16 1.686e-16 7.989e-17 0.0 133.41 0.0
S332794 173.7899 124.0831 4.78e-19 6.154e-19 7.289e-19 0.0 133.22 0.0
S332795 173.5169 123.9778 5.037e-16 3.804e-16 1.614e-16 0.0 135.44 1.0
S332796 173.5086 123.9801 2.826e-17 4.921e-17 1.144e-16 0.0 135.39 0.0
S332797 173.7861 124.0933 9.193e-18 1.644e-17 4.072e-17 0.0 133.0 0.0
S332798 173.7975 124.0954 8.767e-16 6.303e-16 2.395e-16 0.0 133.05 0.0
S332799 173.4966 123.9602 4.363e-17 6.978e-17 1.351e-16 0.0 135.38 0.0
S332800 173.5039 123.9478 1.598e-18 1.839e-18 1.726e-18 0.0 135.61 0.0
S332801 173.7883 124.1201 4.909e-21 8.71e-21 2.112e-20 0.0 132.75 0.0
S332802 173.7791 124.107 3.9319999999999997e-22 8.422999999999999e-22 3.047e-21 0.0 132.77 0.0
S332803 173.7973 124.1472 4.306e-22 9.460999999999999e-22 3.563e-21 0.0 132.49 0.0
S332804 173.8002 124.1567 1.711e-17 2.603e-17 4.568e-17 0.0 132.38 0.0
S332805 173.7892 124.1406 9.688e-15 6.579e-15 2.14e-15 0.0 132.53 1.0
S332806 173.8031 124.1648 3.712e-18 3.878e-18 2.981e-18 0.0 132.34 0.0
S332807 173.788 124.1524 2.482e-19 3.326e-19 4.508e-19 0.0 132.14 0.0
S332808 173.525 123.9213 5.49e-17 4.565e-17 2.344e-17 0.0 136.13 0.0
S332809 173.7892 124.1709 4.947e-19 5.934e-19 6.515e-19 0.0 132.22 0.0
S332810 173.5126 123.8972 5.087e-17 4.507e-17 2.542e-17 0.0 136.17 0.0
S332811 173.7584 124.1466 1.67e-15 1.188e-15 4.386e-16 0.0 132.22 0.0
S332812 173.7918 124.1895 5.524e-17 4.736e-17 2.511e-17 0.0 132.08 0.0
S332813 173.7887 124.2011 6.859e-17 5.648e-17 2.817e-17 0.0 131.93 0.0
S332814 173.7804 124.1957 1.576e-23 4.9279999999999996e-23 3.8279999999999997e-22 0.0 131.94 0.0
S332815 173.7629 124.1885 1.632e-21 3.649e-21 1.344e-20 0.0 131.92 0.0
S332816 173.7778 124.2058 9.321e-22 2.134e-21 8.345000000000001e-21 0.0 131.98 0.0
S332817 173.5304 123.863 8.685e-16 6.273e-16 2.361e-16 0.0 136.34 0.0
