Name Equatorial Polar BlueF GreenF RedF Parallax RadialVelocity Variable?
S333530 176.2947 123.6678 1.977e-20 3.3230000000000004e-20 7.115e-20 0.0 134.65 0.0
S333531 176.326 123.7169 6.831e-24 2.1229999999999998e-23 1.6e-22 0.0 135.45 0.0
S333532 176.3088 123.703 7.677e-19 9.03e-19 9.08e-19 0.0 135.25 0.0
S333533 176.3494 123.6519 5.65e-18 5.403e-18 3.505e-18 0.0 133.61 0.0
S333534 176.2978 123.711 1.626e-22 3.7179999999999997e-22 1.495e-21 0.0 136.27 0.0
S333535 176.3042 123.7089 1.24e-17 2.618e-17 8.764e-17 0.0 135.9 0.0
S333536 176.3149 123.6707 3.601e-21 6.794e-21 1.7930000000000002e-20 0.0 133.85 0.0
S333537 176.2694 123.7742 3.2479999999999996e-23 9.153999999999999e-23 5.403e-22 0.0 137.19 0.0
S333538 176.3041 123.7252 4.845999999999999e-22 1.102e-21 4.413e-21 0.0 136.27 0.0
S333539 176.3198 123.6799 4.586e-21 8.552e-21 2.2750000000000003e-20 0.0 133.86 0.0
S333540 176.2944 123.6957 2.469e-19 3.137e-19 3.834e-19 0.0 135.2 0.0
S333541 176.2982 123.7094 3.118e-20 4.9870000000000004e-20 9.486000000000001e-20 0.0 136.5 0.0
S333542 176.2947 123.7001 2.115e-21 4.268e-21 1.3430000000000001e-20 0.0 136.92 0.0
S333543 176.2687 123.7696 8.885000000000001e-20 1.249e-19 1.809e-19 0.0 137.13 0.0
S333544 176.3004 123.7011 7.151e-13 5.066e-13 1.839e-13 0.0 133.52 0.0
S333545 176.2961 123.7091 2.5389999999999998e-23 8.06e-23 6.496999999999999e-22 0.0 136.88 0.0
S333546 176.2471 123.7276 6.183e-23 1.656e-22 9.224999999999999e-22 0.0 136.68 0.0
S333547 176.2996 123.7733 1.553e-24 5.546e-24 5.621e-23 0.0 136.48 0.0
S333548 176.2918 123.6886 7.765e-19 9.712e-19 1.091e-18 0.0 134.99 0.0
S333549 176.2978 123.7013 5.6379999999999995e-22 1.196e-21 4.122e-21 0.001 135.52 0.0
S333550 176.3094 123.6894 2.136e-20 3.29e-20 5.751e-20 0.0 134.39 0.0
S333551 176.3053 123.7096 1.745e-17 1.551e-17 8.994e-18 0.0 135.72 0.0
S333552 176.2203 123.7753 2.804e-23 7.598e-23 4.414999999999999e-22 0.0 137.28 0.0
S333553 176.2876 123.7115 2.228e-23 6.787e-23 5.002e-22 0.0 136.61 0.0
S333554 176.2268 123.7205 1.106e-18 1.234e-18 1.123e-18 0.0 136.35 0.0
S333555 176.3011 123.6997 8.073999999999999e-22 1.743e-21 5.9980000000000004e-21 0.0 135.0 0.0
S333556 176.2937 123.7043 1.53e-17 1.389e-17 8.405e-18 0.0 136.98 0.0
S333557 176.3464 123.6812 6.549e-22 1.378e-21 4.656e-21 0.0 134.27 0.0
S333558 176.2739 123.7189 5.1749999999999996e-23 1.4799999999999999e-22 9.456999999999999e-22 0.0 136.92 0.0
S333559 176.2956 123.7091 4.853e-18 4.827e-18 3.409e-18 0.0 136.58 0.0
S333560 176.2577 123.7226 2.174e-20 3.458e-20 6.812000000000001e-20 0.0 136.56 0.0
S333561 176.2597 123.6992 8.994000000000001e-20 1.349e-19 2.263e-19 0.0 135.85 0.0
S333562 176.2685 123.7168 1.069e-16 9.309e-17 4.924e-17 0.0 136.59 0.0
S333563 176.2924 123.7045 6.927e-24 2.3359999999999999e-23 2.1479999999999996e-22 0.0 136.41 0.0
S333564 176.3184 123.7017 1.813e-23 5.1009999999999997e-23 3.0699999999999996e-22 0.0 134.78 0.0
S333565 176.2915 123.7181 5.553e-19 6.653e-19 7.153e-19 0.0 136.4 0.0
S333566 176.2937 123.698 2.057e-23 6.027e-23 4.0879999999999997e-22 0.0 134.92 0.0
S333567 176.3167 123.6815 9.581000000000001e-26 4.937e-25 1.121e-23 0.0 133.87 0.0
S333568 176.3084 123.6806 1.468e-17 1.403e-17 9.013e-18 0.0 133.87 0.0
S333569 176.2671 123.75 8.396999999999999e-23 2.0299999999999999e-22 9.329e-22 0.0 137.21 0.0
S333570 176.3367 123.6174 1.1690000000000001e-20 2.056e-20 4.8290000000000003e-20 0.0 133.92 0.0
S333571 176.3737 123.6559 2.859e-19 3.652e-19 4.18e-19 0.0 133.83 0.0
S333572 176.2965 123.7152 9.512e-19 1.076e-18 9.983e-19 0.0 136.79 0.0
S333573 176.2787 123.7129 3.024e-21 2.102e-21 7.201e-22 0.0 137.02 0.0
S333574 176.2992 123.673 1.129e-21 2.514e-21 9.34e-21 0.0 134.49 0.0
S333575 176.3089 123.6708 6.549e-22 1.41e-21 4.948e-21 0.0 134.07 0.0
S333576 176.3096 123.7043 1.9400000000000003e-20 3.217e-20 6.679000000000001e-20 0.0 135.18 0.0
S333577 176.2927 123.6733 3.14e-21 5.7250000000000005e-21 1.4410000000000002e-20 0.0 134.8 0.0
S333578 176.3043 123.7049 8.033e-21 1.514e-20 3.8830000000000004e-20 0.0 135.9 0.0
S333579 176.2829 123.7126 5.662e-18 5.511e-18 3.912e-18 0.0 136.5 0.0
S333580 176.2968 123.7002 3.0230000000000002e-21 2.071e-21 7.008e-22 0.0 136.13 0.0
S333581 176.3008 123.7068 3.246e-21 5.86e-21 1.411e-20 0.0 135.89 0.0
S333582 176.2961 123.692 1.73e-23 5.532e-23 4.35e-22 0.0 135.03 0.0
S333583 176.3286 123.7172 4.608999999999999e-22 1.05e-21 4.272e-21 0.0 135.5 0.0
S333585 176.3048 123.6959 6.9660000000000005e-25 3.103e-24 5.106e-23 0.0 134.06 0.0
S333586 176.3337 123.6868 1.605e-24 6.492e-24 8.982999999999999e-23 0.0 134.01 0.0
S333587 176.2902 123.6952 4.1519999999999995e-22 9.960999999999998e-22 4.517e-21 0.0 135.39 0.0
S333588 176.2971 123.6994 2.063e-21 4.124e-21 1.2700000000000002e-20 0.0 134.1 0.0
S333589 176.3247 123.6245 5.258e-22 1.181e-21 4.544e-21 0.0 134.12 0.0
S333590 176.4046 123.665 3.969e-19 5.014e-19 5.805e-19 0.0 134.38 0.0
S333591 176.3034 123.7321 1.0209999999999998e-22 2.5959999999999997e-22 1.306e-21 0.0 136.55 0.0
S333592 176.3119 123.6795 9.162999999999999e-23 2.2539999999999997e-22 1.05e-21 0.0 133.95 0.0
S333593 176.2954 123.6599 1.04e-21 2.2380000000000002e-21 7.764000000000001e-21 0.0 134.43 0.0
S333594 176.3075 123.6945 2.146e-17 1.863e-17 1.019e-17 0.0 134.84 0.0
S333595 176.2873 123.7327 3.188e-17 6.019e-17 1.627e-16 0.001 136.99 0.0
S333596 176.2948 123.7041 9.155e-25 3.96e-24 6.082999999999999e-23 0.0 136.03 0.0
S333597 176.2983 123.7049 5.912000000000001e-20 8.735000000000001e-20 1.447e-19 0.0 137.08 0.0
S333598 176.316 123.6973 7.968e-21 1.39e-20 3.098e-20 0.0 134.56 0.0
S333599 176.297 123.7 1.145e-17 1.163e-17 8.354e-18 0.0 135.28 0.0
S333600 176.3137 123.6941 1.006e-22 2.756e-22 1.596e-21 0.0 133.91 0.0
S333601 176.2841 123.6961 2.865e-21 1.977e-21 6.845e-22 0.0 135.63 0.0
S333602 176.2969 123.7101 7.895e-24 2.6329999999999998e-23 2.2619999999999998e-22 0.0 136.57 0.0
S333603 176.3081 123.6844 2.64e-21 4.616e-21 1.013e-20 0.0 133.9 0.0
S333604 176.3028 123.7036 2.498e-19 3.208e-19 3.963e-19 0.0 134.03 0.0
S333605 176.2801 123.7347 2.884e-20 4.2610000000000005e-20 6.978000000000001e-20 0.0 137.14 0.0
S333606 176.3038 123.7111 3.579e-19 4.517e-19 5.141e-19 0.0 136.33 0.0
S333607 176.288 123.7098 4.311e-21 8.321000000000001e-21 2.27e-20 0.0 136.8 1.0
S333608 176.3023 123.6823 5.783e-23 1.4979999999999998e-22 8.128999999999999e-22 0.0 134.62 0.0
S333609 176.2885 123.6855 4.031e-22 9.533e-22 4.196e-21 0.0 135.13 0.0
S333610 176.2852 123.7036 4.391e-23 1.3009999999999998e-22 8.97e-22 0.0 136.29 0.0
S333611 176.3027 123.7015 5.548e-23 1.671e-22 1.16e-21 0.0 134.35 1.0
S333612 176.2896 123.6861 4.558e-19 5.836e-19 6.8e-19 0.0 135.18 0.0
S333613 176.3468 123.6243 5.806e-18 5.853e-18 4.35e-18 0.0 133.58 0.0
S333614 176.2838 123.7241 4.3380000000000004e-20 6.628e-20 1.134e-19 0.0 137.05 0.0
S333615 176.3072 123.6705 4.859e-20 7.254000000000001e-20 1.193e-19 0.0 134.46 0.0
S333616 176.2162 123.7567 1.455e-19 1.933e-19 2.599e-19 0.0 137.03 0.0
S333617 176.3067 123.6959 7.625999999999999e-22 1.862e-21 8.565e-21 0.0 134.32 0.0
S333618 176.3657 123.5938 9.987e-23 2.3879999999999997e-22 1.083e-21 0.0 133.48 0.0
S333619 176.2459 123.8329 8.384e-24 2.437e-23 1.6539999999999998e-22 0.0 137.14 0.0
S333620 176.3016 123.6933 7.019e-19 8.981e-19 1.025e-18 0.0 134.78 0.0
S333621 176.3367 123.6459 6.881999999999999e-22 1.543e-21 6.066e-21 0.0 133.98 0.0
S333622 176.2621 123.7609 7.948e-23 2.0239999999999997e-22 1.027e-21 0.0 137.26 0.0
S333623 176.2714 123.7262 5.024e-18 5.069e-18 3.609e-18 0.0 137.01 0.0
S333624 176.3041 123.6933 2.6870000000000002e-20 4.293e-20 8.180000000000001e-20 0.0 134.4 0.0
S333625 176.2718 123.7099 3.474e-23 9.978e-23 6.444e-22 0.0 136.28 0.0
S333626 176.2987 123.6945 1.857e-17 1.65e-17 9.466e-18 0.0 133.98 0.0
S333627 176.284 123.7426 1.043e-21 2.216e-21 7.344e-21 0.0 137.06 0.0
S333628 176.3327 123.6667 4.8520000000000004e-26 2.711e-25 7.163e-24 0.0 133.71 0.0
S333629 176.3082 123.676 1.253e-21 2.867e-21 1.1640000000000001e-20 0.0 134.2 0.0
S333630 176.3119 123.7108 5.693999999999999e-22 1.266e-21 4.646e-21 0.0 135.58 0.0
S333631 176.3035 123.7208 5.297e-21 9.888e-21 2.5650000000000003e-20 0.0 136.06 0.0
S333632 176.306 123.7044 2.201e-20 3.603e-20 6.939000000000001e-20 0.0 135.33 0.0
S333633 176.2695 123.7044 1.88e-18 2.06e-18 1.796e-18 0.0 135.88 0.0
S333634 176.333 123.6493 1.8410000000000002e-20 2.9490000000000005e-20 5.702e-20 0.0 133.8 0.0
S333635 176.3182 123.6895 3.809e-19 4.892e-19 6.1e-19 0.0 133.93 0.0
S333636 176.284 123.7173 3.208e-19 4.062e-19 4.687e-19 0.0 137.01 0.0
S333637 176.3085 123.699 1.346e-18 1.53e-18 1.43e-18 0.0 134.56 0.0
S333638 176.263 123.737 3.999e-17 3.448e-17 1.91e-17 0.0 137.18 0.0
S333639 176.3061 123.7038 2.67e-21 1.855e-21 6.466999999999999e-22 0.0 135.34 0.0
S333640 176.3089 123.705 3.9659999999999996e-23 1.0639999999999999e-22 6.0249999999999995e-22 0.0 134.01 0.0
S333641 176.3494 123.7024 3.811e-17 6.892e-17 1.692e-16 0.0 134.97 0.0
S333642 176.3121 123.6908 1.201e-21 2.425e-21 7.509e-21 0.0 133.99 0.0
S333643 176.2723 123.7058 2.317e-18 2.404e-18 1.891e-18 0.0 136.0 0.0
S333644 176.2606 123.7838 3.699e-21 7.025e-21 2.0030000000000002e-20 0.0 137.28 0.0
S333645 176.3226 123.6878 3.8459999999999996e-23 9.817e-23 5.066e-22 0.0 133.87 0.0
S333646 176.2945 123.7012 9.079e-22 1.98e-21 7.007e-21 0.0 135.72 0.0
S333647 176.3183 123.7017 2.3259999999999996e-22 5.195e-22 1.999e-21 0.0 135.07 0.0
S333648 176.3427 123.6411 1.164e-12 9.027e-13 3.903e-13 0.0 133.61 1.0
S333649 176.2984 123.721 6.712e-17 1.112e-16 2.274e-16 0.0 136.31 0.0
S333650 176.2624 123.7583 1.14e-21 2.388e-21 7.8e-21 0.0 137.24 0.0
S333651 176.4165 123.5852 8.015000000000001e-20 1.116e-19 1.568e-19 0.0 133.57 0.0
S333652 176.3097 123.7007 6.815e-22 1.483e-21 5.585e-21 0.0 134.79 0.0
S333653 176.2886 123.7169 2.94e-19 3.682e-19 4.258e-19 0.0 137.05 0.0
S333654 176.2994 123.6889 1.05e-21 2.325e-21 8.471e-21 0.0 134.51 0.0
S333655 176.2993 123.7377 3.73e-17 3.259e-17 1.796e-17 0.0 136.49 0.0
S333656 176.296 123.7026 2.224e-24 8.067e-24 8.693e-23 0.0 136.79 0.0
S333657 176.2183 123.7186 1.367e-21 2.449e-21 5.987e-21 0.0 136.14 0.0
S333658 176.1831 123.8319 2.064e-24 8.565e-24 1.173e-22 0.0 137.56 0.0
S333659 176.3313 123.6698 6.728e-18 6.764e-18 4.963e-18 0.0 133.69 0.0
S333660 176.3131 123.6812 1.567e-18 1.865e-18 1.939e-18 0.0 133.91 0.0
S333661 176.3305 123.7107 1.1119999999999998e-22 2.8319999999999996e-22 1.472e-21 0.0 135.24 0.0
S333662 176.3028 123.7032 3.255e-19 4.217e-19 5.028e-19 0.0 135.04 0.0
S333663 176.2967 123.7075 1.131e-23 3.145e-23 1.9359999999999998e-22 0.0 136.51 0.0
S333664 176.3024 123.7166 9.15e-23 2.5589999999999997e-22 1.593e-21 0.0 136.97 0.0
S333665 176.2995 123.6979 8.692000000000001e-20 1.249e-19 1.875e-19 0.0 134.96 0.0
S333666 176.2908 123.7196 9.922e-18 9.865e-18 7.124e-18 0.0 136.53 0.0
S333667 176.2981 123.6857 4.964999999999999e-22 1.146e-21 4.706e-21 0.0 134.93 0.0
S333668 176.2823 123.7277 5.2150000000000004e-20 7.830000000000001e-20 1.263e-19 0.0 136.91 0.0
S333669 176.2753 123.7299 2.955e-22 7.329999999999999e-22 3.606e-21 0.0 137.02 0.0
S333670 176.2514 123.7917 1.963e-17 3.719e-17 9.925e-17 0.0 137.26 0.0
S333671 176.2876 123.7472 4.848e-23 1.452e-22 1.078e-21 0.0 137.06 0.0
S333672 176.2834 123.8116 1.7099999999999998e-23 4.9739999999999997e-23 3.2789999999999997e-22 0.0 136.71 0.0
S333673 176.3294 123.6178 3.06e-22 7.597999999999999e-22 3.573e-21 0.0 134.02 0.0
S333674 176.2534 123.7758 1.127e-19 1.64e-19 2.506e-19 0.0 137.33 0.0
S333675 176.329 123.7008 6.74e-19 8.503e-19 1.006e-18 0.0 134.87 0.0
S333676 176.2917 123.7136 5.988e-19 7.418e-19 8.1e-19 0.0 136.83 0.0
S333677 176.2572 123.7563 3.053e-21 2.064e-21 7.14e-22 0.0 137.27 0.0
S333678 176.2991 123.6739 7.573e-22 1.676e-21 6.322e-21 0.0 134.66 0.0
S333679 176.297 123.7049 3.829e-21 7.277e-21 2.0170000000000002e-20 0.0 135.73 0.0
S333680 176.2926 123.6826 1.1379999999999998e-22 2.983e-22 1.576e-21 0.0 135.01 0.0
S333681 176.2199 123.739 3.128e-21 6.063e-21 1.6930000000000002e-20 0.0 136.79 0.0
S333682 176.2959 123.7008 3.27e-21 2.2440000000000002e-21 7.576999999999999e-22 0.0 136.83 0.0
S333683 176.3096 123.7025 1.8720000000000002e-20 2.931e-20 5.368e-20 0.0 134.11 0.0
S333684 176.3988 123.5499 8.217e-17 6.736e-17 3.182e-17 0.0 133.42 0.0
S333685 176.2235 123.7979 1.073e-26 7.289000000000001e-26 2.7959999999999998e-24 0.0 137.42 0.0
S333686 176.3132 123.7027 1.964e-23 5.900999999999999e-23 4.245e-22 0.0 134.34 0.0
S333687 176.3041 123.7043 4.476e-24 1.586e-23 1.585e-22 0.0 135.4 0.0
S333688 176.3137 123.6448 9.874e-21 1.7160000000000003e-20 3.94e-20 0.0 133.96 0.0
S333689 176.2942 123.7175 1.135e-19 1.574e-19 2.237e-19 0.0 136.95 0.0
S333690 176.2131 123.7999 5.353e-25 2.304e-24 3.412e-23 0.0 137.43 0.0
S333691 176.3033 123.6783 9.538e-19 1.127e-18 1.126e-18 0.0 134.4 0.0
S333692 176.2705 123.7283 6.918e-22 1.466e-21 4.8320000000000004e-21 0.0 137.14 0.0
S333693 176.301 123.7582 1.106e-22 3.1199999999999995e-22 1.95e-21 0.0 136.41 0.0
S333694 176.3175 123.7004 6.082999999999999e-23 1.5719999999999998e-22 8.082999999999999e-22 0.0 134.92 0.0
S333695 176.3109 123.6953 2.603e-21 1.801e-21 6.379999999999999e-22 0.0 134.31 0.0
S333696 176.2726 123.657 9.65e-21 1.8030000000000002e-20 4.6800000000000007e-20 0.0 134.99 0.0
S333697 176.3056 123.6978 1.913e-21 3.719e-21 1.087e-20 0.0 134.73 0.0
S333698 176.2013 123.793 4.05e-17 7.894e-17 2.269e-16 0.0 137.39 0.0
S333699 176.2919 123.6964 2.4279999999999997e-23 7.052e-23 4.577999999999999e-22 0.0 134.28 0.0
S333700 176.2969 123.6767 9.565e-19 1.195e-18 1.388e-18 0.0 134.68 0.0
S333701 176.3044 123.7435 4.059e-19 5.328e-19 6.607e-19 0.0 136.24 0.0
S333702 176.2963 123.7164 4.889e-24 1.544e-23 1.2259999999999998e-22 0.0 136.89 0.0
S333703 176.3096 123.7121 3.5169999999999997e-22 8.983999999999999e-22 4.716e-21 0.0 135.81 0.0
S333704 176.3367 123.6948 2.8800000000000002e-21 5.222e-21 1.332e-20 0.0 134.83 0.0
S333705 176.261 123.7062 1.8680000000000003e-20 3.1240000000000003e-20 6.441e-20 0.0 136.1 0.0
S333706 176.3076 123.6841 1.8650000000000002e-20 3.0610000000000004e-20 6.199000000000001e-20 0.0 134.09 0.0
S333707 176.3132 123.6726 6.449e-20 9.086000000000001e-20 1.319e-19 0.0 133.87 0.0
S333708 176.2177 123.7734 1.68e-18 1.874e-18 1.776e-18 0.0 137.23 0.0
S333709 176.3604 123.6338 1.3090000000000001e-20 2.215e-20 4.6480000000000005e-20 0.0 133.57 0.0
S333710 176.3108 123.7027 1.5469999999999999e-22 4.0599999999999998e-22 2.15e-21 0.0 134.98 0.0
S333711 176.2939 123.7075 1.524e-17 1.419e-17 8.803e-18 0.0 136.94 0.0
S333712 176.2853 123.6784 1.0789999999999999e-22 2.404e-22 8.937e-22 0.0 135.02 0.0
S333713 176.3058 123.6134 4.734e-20 7.049e-20 1.17e-19 0.0 134.27 0.0
S333714 176.3112 123.6868 6.459e-23 1.7579999999999998e-22 1.045e-21 0.0 134.09 0.0
S333715 176.2864 123.7228 4.615e-22 1.045e-21 4.058e-21 0.0 137.06 0.0
S333716 176.3073 123.7062 2.751e-21 1.908e-21 6.726e-22 0.0 134.55 0.0
S333717 176.2689 123.7487 3.168e-21 2.172e-21 7.358999999999999e-22 0.0 137.23 0.0
S333718 176.2673 123.7251 1.275e-21 2.676e-21 9.366e-21 0.0 136.99 0.0
S333719 176.3706 123.6313 3.2159999999999995e-22 8.168999999999999e-22 4.156e-21 0.0 133.65 0.0
S333720 176.2951 123.6851 1.0030000000000001e-26 6.530000000000001e-26 2.447e-24 0.0 134.86 0.0
S333721 176.2767 123.7333 6.602e-18 6.458e-18 4.434e-18 0.0 137.15 0.0
S333722 176.3487 123.719 5.404e-20 7.960000000000001e-20 1.229e-19 0.0 135.29 0.0
S333723 176.2087 123.7538 1.685e-23 4.748e-23 2.8999999999999997e-22 0.0 136.88 0.0
S333724 176.2039 123.7187 5.402e-22 1.213e-21 4.741e-21 0.0 136.19 1.0
S333725 176.3053 123.6862 4.398e-18 4.481e-18 3.455e-18 0.0 134.56 0.0
S333726 176.1977 123.7859 9.571e-21 1.6960000000000002e-20 3.884e-20 0.0 137.23 0.0
S333727 176.2935 123.7004 2.1209999999999998e-22 5.5789999999999995e-22 2.956e-21 0.0 136.48 0.0
S333728 176.2951 123.6921 1.67e-20 2.5680000000000003e-20 4.4770000000000003e-20 0.0 134.96 0.0
S333729 176.3216 123.6976 1.206e-17 1.09e-17 6.393e-18 0.0 134.85 0.0
S333730 176.3039 123.7285 2.472e-21 1.7270000000000002e-21 6.273999999999999e-22 0.0 136.26 0.0
S333731 176.27 123.6903 1.112e-18 1.249e-18 1.118e-18 0.0 135.58 0.0
S333732 176.3288 123.7056 2.005e-23 5.845e-23 3.757e-22 0.0 134.89 0.0
S333733 176.2991 123.698 3.0839999999999996e-22 6.464999999999999e-22 2.172e-21 0.0 134.46 0.0
S333734 176.2932 123.7055 5.573e-20 8.726000000000001e-20 1.529e-19 0.0 136.34 0.0
S333735 176.2888 123.6945 2.606e-23 7.396e-23 4.779e-22 0.0 135.41 0.0
S333736 176.2911 123.7234 1.113e-18 1.273e-18 1.211e-18 0.0 137.01 0.0
S333737 176.3233 123.6922 1.82e-17 3.072e-17 6.455e-17 0.0 134.36 0.0
S333738 176.2863 123.7076 2.426e-23 7.127e-23 4.978999999999999e-22 0.0 136.66 0.0
S333739 176.3554 123.6849 1.7920000000000003e-20 2.995e-20 6.234000000000001e-20 0.0 134.42 0.0
S333740 176.2858 123.7038 4.999e-19 5.788e-19 5.607e-19 0.0 136.44 0.0
S333741 176.2969 123.7281 5.73e-22 1.21e-21 4.175e-21 0.0 136.45 0.0
S333742 176.2862 123.7022 4.932e-21 9.509e-21 2.629e-20 0.0 136.47 0.0
S333743 176.313 123.6978 8.811e-18 8.38e-18 5.414e-18 0.0 134.57 0.0
S333744 176.2375 123.7069 6.294e-24 1.995e-23 1.6089999999999998e-22 0.0 136.11 0.0
S333745 176.3061 123.7012 9.165000000000001e-20 1.287e-19 1.947e-19 0.0 135.27 0.0
S333746 176.3469 123.6742 2.078e-21 4.097e-21 1.1910000000000001e-20 0.0 134.17 0.0
S333747 176.2943 123.7143 1.747e-19 2.364e-19 3.234e-19 0.001 136.88 0.0
S333748 176.2746 123.7362 3.472e-24 1.209e-23 1.1409999999999998e-22 0.0 137.05 0.0
S333749 176.2409 123.7151 7.607000000000001e-20 1.105e-19 1.639e-19 0.0 136.25 0.0
S333750 176.2792 123.7174 4.93e-21 9.144e-21 2.464e-20 0.0 136.97 0.0
S333751 176.2932 123.7049 3.586e-15 8.538e-15 3.747e-14 0.0 136.08 1.0
S333752 176.3414 123.6693 2.688e-25 1.175e-24 1.7719999999999998e-23 0.0 133.87 0.0
S333753 176.2826 123.6787 2.667e-18 2.895e-18 2.499e-18 0.0 135.13 0.0
S333754 176.3017 123.708 3.388e-21 6.813e-21 2.1690000000000002e-20 0.001 136.86 0.0
S333755 176.3278 123.6661 4.954e-13 3.374e-13 1.144e-13 0.0 133.6 0.0
S333756 176.2091 123.6821 1.057e-18 1.155e-18 1.011e-18 0.0 135.77 0.0
S333757 176.3644 123.644 2.8459999999999996e-22 5.925e-22 2.014e-21 0.0 133.69 0.0
S333758 176.3687 123.6874 5.854999999999999e-22 1.366e-21 5.842e-21 0.0 134.73 0.0
S333759 176.3848 123.761 1.122e-24 4.375e-24 5.374999999999999e-23 0.0 135.52 0.0
S333760 176.3225 123.7132 1.836e-16 1.422e-16 5.927e-17 0.0 135.45 0.0
S333761 176.3732 123.6676 2.019e-18 2.223e-18 1.873e-18 0.0 134.03 0.0
S333762 176.3021 123.7094 2.702e-21 5.495e-21 1.7300000000000003e-20 0.0 136.62 0.0
S333763 176.3095 123.7102 9.981000000000001e-20 1.341e-19 1.804e-19 0.0 135.56 0.0
S333764 176.2707 123.7374 1.152e-19 1.58e-19 2.087e-19 0.0 137.23 0.0
S333765 176.3 123.7055 1.722e-23 5.0779999999999997e-23 3.4549999999999996e-22 0.0 135.71 0.0
S333766 176.2812 123.7284 2.167e-18 2.375e-18 2.048e-18 0.0 137.01 0.0
S333767 176.2783 123.6904 1.032e-18 1.169e-18 1.076e-18 0.0 135.42 0.0
S333768 176.3017 123.7093 2.8610000000000004e-20 4.5780000000000006e-20 8.786000000000001e-20 0.0 136.66 0.0
S333769 176.3409 123.6108 2.5469999999999998e-23 6.662e-23 3.668e-22 0.0 133.78 0.0
S333770 176.3175 123.6666 7.012e-19 8.65e-19 9.456e-19 0.0 133.7 0.0
S333771 176.3286 123.6794 1.673e-24 6.211e-24 6.907e-23 0.0 133.9 0.0
S333772 176.2974 123.6984 1.973e-23 6.063e-23 4.394e-22 0.0 133.91 0.0
S333773 176.2916 123.7071 2.538e-21 1.766e-21 6.213999999999999e-22 0.0 136.37 0.0
S333774 176.3038 123.7093 6.007e-17 5.179e-17 2.795e-17 0.001 136.82 0.0
S333775 176.3012 123.7021 1.82e-18 2.176e-18 2.288e-18 0.0 135.02 0.0
S333776 176.2303 123.743 3.535e-21 6.923e-21 2.001e-20 0.0 136.76 0.0
S333777 176.2855 123.7406 4.888e-22 1.058e-21 3.892e-21 0.0 137.15 0.0
S333778 176.2832 123.6978 1.9959999999999998e-22 4.9399999999999995e-22 2.411e-21 0.0 135.79 0.0
S333779 176.336 123.7074 3.327e-18 3.535e-18 2.769e-18 0.0 135.21 0.0
S333780 176.3239 123.6577 6.897e-21 1.2190000000000001e-20 2.967e-20 0.0 133.99 0.0
S333781 176.3005 123.6454 2.365e-24 8.713999999999999e-24 9.548e-23 0.0 134.57 0.0
S333782 176.3039 123.7075 2.726e-23 9.127999999999999e-23 7.966999999999999e-22 0.0 136.84 0.0
S333783 176.3065 123.7033 1.463e-22 3.6e-22 1.739e-21 0.0 134.94 0.0
S333784 176.2881 123.7013 1.068e-21 2.241e-21 7.436e-21 0.0 136.79 0.0
S333785 176.3382 123.6964 2.826e-18 3.111e-18 2.675e-18 0.0 134.71 0.0
S333786 176.2995 123.6995 2.2969999999999999e-23 5.932e-23 3.1499999999999995e-22 0.0 134.57 0.0
S333787 176.2964 123.699 1.531e-20 2.305e-20 3.7450000000000003e-20 0.0 134.88 1.0
S333789 176.2591 123.7407 1.763e-26 1.117e-25 3.743e-24 0.0 137.31 0.0
S333790 176.1469 123.8572 9.02e-19 1.063e-18 1.058e-18 0.0 137.36 0.0
S333791 176.317 123.6911 2.18e-20 3.4900000000000003e-20 6.725e-20 0.0 134.53 0.0
S333792 176.28 123.7224 2.156e-17 1.92e-17 1.056e-17 0.001 136.95 0.0
S333793 176.2226 123.7527 2.5519999999999998e-23 6.989999999999999e-23 4.1759999999999996e-22 0.0 137.21 0.0
S333794 176.2579 123.7326 1.693e-22 4.0249999999999994e-22 1.677e-21 0.0 137.2 0.0
S333795 176.2996 123.7051 1.366e-17 2.256e-17 4.477e-17 0.0 136.44 0.0
S333796 176.2325 123.7599 7.529999999999999e-22 1.558e-21 5.125e-21 0.0 137.18 0.0
S333797 176.2708 123.6305 3.982e-20 6.184e-20 1.153e-19 0.0 134.82 0.0
S333798 176.3379 123.6724 5.746e-24 1.76e-23 1.244e-22 0.0 133.91 0.0
S333799 176.2307 123.8088 4.355e-24 1.448e-23 1.2409999999999998e-22 0.0 137.5 0.0
S333800 176.2932 123.6986 2.551e-24 1.023e-23 1.288e-22 0.0 135.57 0.0
S333801 176.2929 123.7161 2.713e-18 2.93e-18 2.368e-18 0.0 137.07 0.0
S333802 176.2865 123.6898 1.908e-21 1.394e-21 5.513999999999999e-22 0.0 135.25 0.0
S333803 176.3061 123.6943 1.047e-21 2.124e-21 6.459e-21 0.0 133.95 0.0
S333804 176.2719 123.7246 2.6249999999999998e-23 7.523e-23 4.752e-22 0.0 136.88 0.0
S333805 176.278 123.7076 4.137e-23 1.1739999999999998e-22 7.417999999999999e-22 0.0 136.35 0.0
S333806 176.2992 123.7066 1.002e-20 1.646e-20 3.4390000000000005e-20 0.0 136.62 0.0
S333807 176.2991 123.7094 3.362e-20 4.885e-20 7.706000000000001e-20 0.0 136.37 0.0
S333808 176.2464 123.7356 8.582e-20 1.272e-19 2.003e-19 0.0 137.09 0.0
S333809 176.3881 123.6152 1.2230000000000001e-21 2.668e-21 9.752e-21 0.0 133.58 0.0
S333810 176.3031 123.706 8.945e-22 1.93e-21 7.07e-21 0.0 136.35 0.0
S333811 176.3042 123.7031 3.2950000000000005e-20 5.2760000000000005e-20 1.006e-19 0.0 134.04 0.0
S333812 176.3028 123.7541 7.139e-20 1.028e-19 1.62e-19 0.0 136.4 0.0
S333813 176.3494 123.684 1.187e-21 2.3570000000000002e-21 7.11e-21 0.0 134.32 0.0
S333814 176.3007 123.7077 2.9990000000000002e-21 5.588e-21 1.45e-20 0.0 136.43 0.0
S333815 176.3086 123.6934 5.016e-22 1.216e-21 5.632e-21 0.0 134.39 0.0
S333816 176.3409 123.678 4.247e-24 1.417e-23 1.3079999999999998e-22 0.0 133.9 0.0
S333817 176.2944 123.7014 9.28e-24 2.9099999999999996e-23 2.229e-22 0.0 135.79 0.0
S333818 176.3038 123.7097 2.79e-18 2.823e-18 2.171e-18 0.0 136.78 0.0
S333819 176.2551 123.7524 2.148e-21 4.58e-21 1.529e-20 0.0 137.36 0.0
S333820 176.3981 123.6621 3.667e-18 3.699e-18 2.767e-18 0.0 134.32 0.0
S333821 176.2735 123.7076 1.1289999999999999e-23 3.468e-23 2.6089999999999996e-22 0.0 136.17 0.0
S333822 176.3333 123.728 1.9169999999999998e-22 5.054999999999999e-22 2.812e-21 0.0 135.59 0.0
S333823 176.2957 123.6934 5.058e-18 5.154e-18 3.858e-18 0.0 134.91 1.0
S333824 176.3108 123.6999 7.725999999999999e-22 1.522e-21 4.701e-21 0.0 134.03 0.0
S333825 176.2944 123.7008 1.302e-22 3.6399999999999995e-22 2.266e-21 0.0 136.99 0.0
S333826 176.2853 123.709 4.505999999999999e-22 9.768e-22 3.5370000000000004e-21 0.0 136.42 0.0
S333827 176.2371 123.7678 8.918e-24 2.679e-23 1.964e-22 0.0 137.3 0.0
S333828 176.3123 123.6995 1.285e-21 2.7730000000000002e-21 9.948e-21 0.0 134.03 0.0
S333829 176.3686 123.6849 2.792e-21 1.94e-21 6.808999999999999e-22 0.0 134.72 0.0
S333830 176.2984 123.7028 1.0599999999999998e-22 2.755e-22 1.473e-21 0.0 136.82 0.0
S333831 176.3101 123.7022 4.538e-17 3.838e-17 1.974e-17 0.0 134.97 0.0
S333832 176.2672 123.7261 3.2780000000000002e-21 2.242e-21 7.385999999999999e-22 0.0 137.01 0.0
S333833 176.2959 123.7088 8.312000000000001e-20 1.202e-19 1.829e-19 0.0 136.84 0.0
S333834 176.3168 123.7146 2.7339999999999995e-22 6.974999999999999e-22 3.487e-21 0.0 135.51 0.0
S333835 176.3129 123.6845 8.996e-23 2.509e-22 1.512e-21 0.0 133.85 0.0
S333836 176.4189 123.552 7.951e-17 1.999e-16 9.868e-16 0.0 133.35 1.0
S333837 176.3042 123.7037 1.677e-20 2.831e-20 6.131e-20 0.0 134.87 0.0
S333838 176.3412 123.6709 2.722e-23 8.011e-23 5.582e-22 0.0 133.74 1.0
S333839 176.246 123.7139 2.433e-18 2.626e-18 2.296e-18 0.0 136.22 0.0
S333840 176.3031 123.6966 3.264e-18 3.594e-18 3.281e-18 0.0 134.01 0.0
S333841 176.2988 123.6996 4.931e-21 3.1650000000000002e-21 9.604999999999999e-22 0.0 135.37 0.0
S333842 176.3003 123.6929 1.294e-19 1.825e-19 2.643e-19 0.0 134.09 0.0
S333843 176.2921 123.7091 2.139e-20 3.5930000000000004e-20 7.349e-20 0.0 136.95 0.0
S333844 176.2874 123.7128 7.068e-22 1.59e-21 6.276e-21 0.0 136.65 0.0
S333845 176.2827 123.7078 1.3599999999999998e-22 3.252e-22 1.438e-21 0.0 136.49 0.0
S333846 176.3015 123.7034 2.717e-21 5.288e-21 1.515e-20 0.0 136.33 0.0
S333847 176.2715 123.737 3.4629999999999996e-22 8.455999999999999e-22 3.996e-21 0.0 137.25 0.0
S333848 176.2364 123.7477 4.2950000000000005e-20 6.436000000000001e-20 1.056e-19 0.0 137.1 0.0
S333849 176.2622 123.7257 5.18e-23 1.352e-22 7.092999999999999e-22 0.0 136.72 0.0
S333850 176.2823 123.7061 1.616e-17 2.736e-17 5.723e-17 0.0 136.0 0.0
S333851 176.3284 123.679 2.0000000000000002e-20 3.297e-20 6.463e-20 0.0 133.79 0.0
S333852 176.3053 123.707 1.109e-22 3.111e-22 1.957e-21 0.0 135.78 0.0
S333853 176.2686 123.6779 4.342e-21 8.74e-21 2.755e-20 0.0 135.39 0.0
S333854 176.2708 123.7309 1.1220000000000001e-21 2.299e-21 7.31e-21 0.0 137.21 0.0
S333855 176.3073 123.7016 3.911e-13 2.728e-13 9.281e-14 0.0 134.02 0.0
S333856 176.3579 123.7309 2.861e-21 5.575e-21 1.6370000000000002e-20 0.0 135.46 0.0
S333857 176.3023 123.6928 4.945e-21 9.806e-21 2.927e-20 0.0 134.35 0.0
S333858 176.294 123.7085 5.784e-24 1.869e-23 1.54e-22 0.0 136.62 0.0
S333859 176.2797 123.729 7.575e-21 1.521e-20 4.5110000000000004e-20 0.0 137.16 0.0
S333860 176.2319 123.7776 5.721999999999999e-22 1.331e-21 5.553e-21 0.0 137.26 0.0
S333861 176.2972 123.6951 1.035e-21 2.275e-21 8.65e-21 0.0 134.24 0.0
S333862 176.31 123.6824 2.14e-21 4.2860000000000004e-21 1.2890000000000002e-20 0.0 133.91 0.0
S333863 176.276 123.7229 2.83e-19 3.543e-19 4.009e-19 0.0 136.81 0.0
S333864 176.3279 123.6979 2.742e-24 9.997999999999999e-24 1.083e-22 0.0 134.7 0.0
S333865 176.2102 123.813 2.111e-19 2.804e-19 3.555e-19 0.0 137.51 0.0
S333866 176.2867 123.683 5.4699999999999996e-24 1.795e-23 1.489e-22 0.0 135.15 0.0
S333867 176.3989 123.658 2.6440000000000003e-25 1.2009999999999999e-24 2.0499999999999999e-23 0.0 134.27 0.0
S333868 176.3074 123.7171 3.336e-17 2.984e-17 1.697e-17 0.0 136.57 0.0
S333869 176.3804 123.6708 2.821e-19 3.75e-19 4.689e-19 0.0 134.39 1.0
S333870 176.3132 123.6963 1.069e-17 1.004e-17 6.352e-18 0.0 134.29 0.0
S333871 176.2841 123.7261 1.751e-16 1.44e-16 7.292e-17 0.0 137.1 0.0
S333872 176.3063 123.6865 4.961e-22 1.126e-21 4.325e-21 0.0 134.31 0.0
S333873 176.2701 123.7043 1.507e-21 3.1060000000000002e-21 9.891000000000001e-21 0.0 136.15 0.0
S333874 176.2973 123.7212 1.069e-21 2.1130000000000002e-21 6.459e-21 0.0 136.69 0.0
S333875 176.2903 123.7013 7.607e-21 1.362e-20 3.3010000000000005e-20 0.0 135.71 0.0
S333876 176.2832 123.7004 5.399e-24 1.869e-23 1.8279999999999998e-22 0.0 136.47 0.0
S333877 176.3485 123.6951 8.906e-18 8.759e-18 5.89e-18 0.0 134.46 0.0
S333878 176.2841 123.7284 1.261e-18 1.468e-18 1.433e-18 0.0 137.04 0.0
S333879 176.2936 123.6986 4.124e-17 8.244e-17 2.556e-16 0.0 136.2 0.0
S333880 176.2881 123.6869 1.249e-18 1.481e-18 1.492e-18 0.0 135.14 0.0
S333881 176.2782 123.7222 7.047999999999999e-23 1.8289999999999999e-22 9.297e-22 0.0 136.95 0.0
S333882 176.2684 123.7167 4.027e-19 5.041e-19 5.671e-19 0.001 137.08 0.0
S333883 176.2819 123.7061 1.7e-21 1.245e-21 5.05e-22 0.0 136.99 0.0
S333884 176.2689 123.6981 3.9819999999999995e-22 8.674e-22 3.03e-21 0.0 137.05 0.0
S333885 176.3173 123.7262 2.069e-16 1.603e-16 7.155e-17 0.0 136.08 1.0
S333886 176.3429 123.6986 5.243e-19 6.355e-19 6.683e-19 0.0 134.59 0.0
S333887 176.3122 123.712 1.304e-17 2.669e-17 8.884e-17 0.0 135.99 1.0
S333888 176.2921 123.7013 7.597e-17 1.476e-16 4.114e-16 0.0 136.02 0.0
S333889 176.3048 123.7067 8.297000000000001e-21 1.5e-20 3.636e-20 0.0 136.05 0.0
S333890 176.2795 123.7274 3.232e-21 2.205e-21 7.381e-22 0.0 137.04 0.0
S333891 176.2847 123.7075 3.16e-18 3.348e-18 2.753e-18 0.0 136.47 0.0
S333892 176.2883 123.727 7.751000000000001e-21 1.531e-20 4.651e-20 0.0 137.09 0.0
S333893 176.3149 123.7109 1.742e-17 2.698e-17 4.662e-17 0.0 135.47 0.0
S333894 176.285 123.6908 2.684e-18 2.88e-18 2.471e-18 0.0 135.37 0.0
S333895 176.3221 123.6907 1.014e-21 2.067e-21 6.423e-21 0.0 134.23 0.0
S333896 176.3127 123.7073 1.146e-16 9.333e-17 4.465e-17 0.0 135.23 0.0
S333897 176.3369 123.7074 5.741e-19 7.196e-19 7.997e-19 0.0 134.84 0.0
S333898 176.2823 123.6984 1.18e-21 2.4700000000000002e-21 8.182e-21 0.0 135.94 0.0
S333899 176.3061 123.6838 2.682e-21 1.862e-21 6.611999999999999e-22 0.0 134.1 0.0
S333900 176.2943 123.7153 1.74e-18 1.933e-18 1.702e-18 0.0 136.32 0.0
S333901 176.3069 123.7473 3.7950000000000003e-25 1.744e-24 3.074e-23 0.0 137.13 0.0
S333902 176.303 123.7107 1.271e-19 1.737e-19 2.357e-19 0.0 135.72 0.0
S333903 176.2823 123.7 5.5460000000000004e-21 9.499e-21 2.091e-20 0.0 135.99 0.0
S333904 176.2772 123.731 6.09e-17 5.009e-17 2.548e-17 0.0 136.74 0.0
S333905 176.2846 123.6832 9.532000000000001e-20 1.475e-19 2.572e-19 0.0 133.91 0.0
S333906 176.2555 123.716 6.85e-17 5.863e-17 3e-17 0.0 137.14 0.0
S333907 176.253 123.7099 3.587e-17 3.117e-17 1.651e-17 0.0 136.58 0.0
S333908 176.2615 123.7138 3.8390000000000006e-20 5.949000000000001e-20 1.09e-19 0.0 137.1 0.0
S333909 176.3211 123.7071 3.177e-22 7.440999999999999e-22 3.081e-21 0.0 135.15 0.0
S333910 176.2678 123.6954 2.193e-21 4.618e-21 1.6200000000000002e-20 0.0 136.15 0.0
S333911 176.3042 123.6783 2.366e-18 2.705e-18 2.574e-18 0.0 134.37 0.0
S333912 176.308 123.6951 1.0939999999999999e-23 3.044e-23 1.8419999999999997e-22 0.0 134.52 0.0
S333913 176.3529 123.702 5.604e-17 1.039e-16 2.731e-16 0.001 133.62 0.0
S333914 176.3014 123.7215 4.902e-17 4.302e-17 2.462e-17 0.0 136.99 0.0
S333915 176.3139 123.657 3.937e-16 3.024e-16 1.33e-16 0.0 133.64 1.0
S333916 176.3125 123.7172 1.309e-19 1.915e-19 3.015e-19 0.0 135.87 0.0
S333917 176.2956 123.6915 1.313e-17 1.237e-17 7.826e-18 0.0 135.0 0.0
S333918 176.277 123.7155 2.359e-19 2.973e-19 3.414e-19 0.0 136.58 0.0
S333919 176.2928 123.7089 2.1900000000000002e-20 3.629e-20 7.245000000000001e-20 0.0 136.9 0.0
S333920 176.3183 123.7298 2.189e-18 2.288e-18 1.853e-18 0.0 136.18 0.0
S333921 176.3059 123.6972 2.5610000000000003e-20 4.127e-20 8.114e-20 0.0 135.1 0.0
S333922 176.3014 123.7178 4.918e-19 6.159e-19 6.843e-19 0.0 136.56 0.0
S333923 176.2838 123.7208 2.724e-21 5.383e-21 1.59e-20 0.0 136.97 0.0
S333924 176.3051 123.6998 1.461e-12 1.19e-12 5.674e-13 0.0 134.19 1.0
S333925 176.2823 123.6907 1.5990000000000002e-20 2.72e-20 6.081e-20 0.0 134.63 0.0
S333926 176.3102 123.6747 1.145e-16 9.551e-17 4.749e-17 0.0 134.06 0.0
S333927 176.3173 123.6895 7.526e-23 2.0399999999999998e-22 1.181e-21 0.0 134.07 0.0
S333928 176.2436 123.6959 2.145e-17 4.136e-17 1.173e-16 0.0 136.15 0.0
S333929 176.2718 123.7213 4.416999999999999e-22 1.088e-21 5.182e-21 0.0 137.04 0.0
S333930 176.3104 123.6993 5.977e-17 4.946e-17 2.479e-17 0.0 134.63 0.0
S333931 176.2711 123.7221 7.111e-21 1.2380000000000001e-20 2.842e-20 0.0 136.95 0.0
S333932 176.2869 123.6965 1.602e-19 2.204e-19 3.123e-19 0.0 135.62 0.0
S333933 176.3144 123.6895 1.552e-22 3.9399999999999997e-22 2.054e-21 0.0 134.06 0.0
S333934 176.3218 123.7232 2.318e-21 4.264e-21 1.0620000000000001e-20 0.0 135.93 0.0
S333935 176.3119 123.7248 8.496e-18 8.164e-18 5.476e-18 0.0 136.82 0.0
S333936 176.3139 123.7192 9.739999999999999e-23 2.4919999999999997e-22 1.225e-21 0.0 136.06 0.0
S333937 176.3181 123.7081 7.75e-18 7.357e-18 4.642e-18 0.0 135.26 0.0
S333938 176.2953 123.7104 6.762e-17 5.787e-17 3.024e-17 0.0 136.37 0.0
S333939 176.2428 123.6825 7.874e-18 7.58e-18 5.192e-18 0.0 136.5 0.0
S333940 176.3181 123.7325 2.982e-19 3.929e-19 4.864e-19 0.0 137.14 0.0
S333941 176.3066 123.7363 1.129e-19 1.67e-19 2.727e-19 0.0 137.22 0.0
S333942 176.3107 123.6942 4.31e-16 3.291e-16 1.396e-16 0.0 134.59 1.0
S333943 176.2589 123.7065 2.096e-17 1.943e-17 1.22e-17 0.0 136.68 0.0
S333944 176.3146 123.6852 3.398e-17 2.942e-17 1.576e-17 0.0 133.92 0.0
S333945 176.3188 123.6507 2.257e-23 7.365e-23 6.1879999999999995e-22 0.0 134.05 0.0
S333946 176.3213 123.7191 1.602e-18 1.755e-18 1.512e-18 0.0 135.89 0.0
S333947 176.3225 123.7046 3.8950000000000005e-20 5.875e-20 1.002e-19 0.0 134.8 0.0
S333948 176.3215 123.713 1.075e-17 1.707e-17 3.211e-17 0.0 135.36 0.0
S333949 176.3295 123.734 1.174e-16 9.382e-17 4.467e-17 0.0 136.66 0.0
S333950 176.3206 123.7467 3.436e-19 4.541e-19 5.73e-19 0.0 136.63 0.0
S333951 176.2868 123.7164 6.075e-17 5.195e-17 2.812e-17 0.0 136.42 0.0
S333952 176.2697 123.6885 5.328e-23 1.374e-22 7.149999999999999e-22 0.0 135.78 0.0
S333953 176.3145 123.7146 4.6980000000000005e-25 2.153e-24 3.7549999999999996e-23 0.0 135.58 0.0
S333954 176.2874 123.7053 4.505e-24 1.5149999999999998e-23 1.3979999999999998e-22 0.0 136.15 0.0
S333955 176.3325 123.6917 5.003e-22 1.209e-21 5.479e-21 0.0 133.94 0.0
S333956 176.2597 123.716 7.866e-23 2.0959999999999998e-22 1.133e-21 0.0 136.62 0.0
S333957 176.2916 123.6907 2.117e-19 2.972e-19 4.193e-19 0.0 135.01 0.0
S333958 176.2843 123.7089 6.118e-19 7.119e-19 6.982e-19 0.0 136.34 0.0
S333959 176.2731 123.6918 7.961e-21 1.4820000000000002e-20 3.8040000000000006e-20 0.0 135.75 0.0
S333960 176.3494 123.683 1.771e-17 1.613e-17 9.579e-18 0.0 133.81 0.0
S333961 176.3176 123.725 2.457e-21 1.702e-21 6.022999999999999e-22 0.0 136.79 0.0
S333962 176.3117 123.7047 6.251e-24 2.0059999999999998e-23 1.5719999999999998e-22 0.0 135.32 0.0
S333963 176.3227 123.6985 2.295e-17 3.983e-17 9.049e-17 0.0 134.21 0.0
S333964 176.325 123.7041 2.91e-19 3.863e-19 4.851e-19 0.0 135.04 0.0
S333965 176.3082 123.705 3.613e-21 2.4220000000000002e-21 7.921999999999999e-22 0.0 135.33 0.0
S333966 176.2757 123.7298 1.422e-18 1.537e-18 1.288e-18 0.0 136.93 0.0
S333967 176.3008 123.7036 5.537e-26 2.866e-25 6.4289999999999996e-24 0.0 135.46 0.0
S333968 176.2758 123.7028 2.437e-17 2.185e-17 1.259e-17 0.0 137.06 0.0
S333969 176.2928 123.6755 5.372e-13 5.107e-13 3.395e-13 0.0 134.08 1.0
S333970 176.2839 123.71 2.657e-18 2.859e-18 2.398e-18 0.0 136.93 0.0
S333971 176.3425 123.6927 1.14e-18 1.346e-18 1.384e-18 0.0 134.19 0.0
S333972 176.2698 123.6978 1.0430000000000001e-20 1.7510000000000002e-20 3.7710000000000005e-20 0.0 136.07 0.0
S333973 176.2942 123.6874 4.569e-18 4.771e-18 3.822e-18 0.0 134.21 0.0
S333974 176.3051 123.7078 9.092e-16 6.733e-16 2.67e-16 0.0 135.62 0.0
S333975 176.3348 123.6917 1.545e-19 2.016e-19 2.546e-19 0.0 134.42 0.0
S333976 176.3179 123.6885 2.687e-17 4.533e-17 9.622e-17 0.0 133.85 0.0
S333977 176.327 123.6788 2.2839999999999997e-22 5.721999999999999e-22 2.75e-21 0.0 133.8 0.0
S333978 176.2811 123.7242 8.243e-18 8.458e-18 6.25e-18 0.0 136.67 0.0
S333979 176.3056 123.6583 1.485e-24 5.597e-24 6.488e-23 0.0 133.66 0.0
S333980 176.3128 123.7418 3.868e-21 7.359e-21 1.9100000000000002e-20 0.0 137.19 0.0
S333981 176.3172 123.7021 3.265e-17 2.979e-17 1.815e-17 0.0 134.94 0.0
S333982 176.3278 123.714 8.061e-17 1.584e-16 4.546e-16 0.0 134.97 1.0
S333983 176.3127 123.7101 2.009e-21 1.447e-21 5.522e-22 0.0 135.98 0.0
S333984 176.3233 123.6818 2.2159999999999997e-22 6.108999999999999e-22 3.5130000000000004e-21 0.0 134.05 0.0
S333985 176.3255 123.6857 2.284e-24 8.071999999999999e-24 8.254999999999999e-23 0.0 134.12 0.0
S333986 176.3278 123.686 2.379e-21 1.685e-21 5.97e-22 0.0 134.0 0.0
S333987 176.2828 123.6991 3.98e-17 3.677e-17 2.171e-17 0.0 135.75 0.0
S333988 176.3193 123.6846 9.431e-17 7.874e-17 3.905e-17 0.0 133.98 0.0
S333989 176.314 123.7297 1.451e-21 2.824e-21 7.906000000000001e-21 0.0 136.63 0.0
S333990 176.3619 123.6871 1.845e-16 1.476e-16 6.936e-17 0.0 133.8 0.0
S333991 176.3055 123.7356 3.151e-17 2.716e-17 1.48e-17 0.0 136.76 0.0
S333992 176.2872 123.6909 2.291e-20 3.5370000000000004e-20 6.49e-20 0.0 133.9 0.0
S333993 176.3049 123.6719 1.014e-17 9.522e-18 5.853e-18 0.0 133.75 0.0
S333994 176.2892 123.698 1.042e-21 2.366e-21 9.245e-21 0.0 136.56 0.0
S333995 176.2964 123.706 5.669e-22 1.4550000000000001e-21 7.542e-21 0.0 135.9 0.0
S333996 176.3052 123.6859 1.8399999999999998e-22 4.488999999999999e-22 2.109e-21 0.0 133.95 0.0
S333997 176.2815 123.7115 6.116e-20 8.582e-20 1.271e-19 0.0 136.52 0.0
S333998 176.295 123.7124 2.1380000000000002e-20 3.5520000000000003e-20 7.493000000000001e-20 0.0 136.8 0.0
S333999 176.3235 123.6885 2.59e-17 2.239e-17 1.21e-17 0.0 133.87 0.0
S334000 176.3186 123.7145 2.1960000000000003e-20 3.423e-20 6.376e-20 0.0 136.04 0.0
S334001 176.3157 123.7219 1.053e-18 1.196e-18 1.136e-18 0.0 137.1 0.0
S334002 176.2889 123.6909 4.7450000000000004e-20 7.108e-20 1.17e-19 0.0 135.16 0.0
S334003 176.2713 123.7512 3.835e-17 3.207e-17 1.59e-17 0.0 137.22 0.0
S334004 176.2731 123.6946 1.147e-20 2.0210000000000002e-20 4.7360000000000006e-20 0.0 135.7 0.0
S334005 176.3205 123.694 2.696e-17 2.371e-17 1.333e-17 0.0 133.96 0.0
S334006 176.2844 123.7117 1.922e-18 2.179e-18 1.961e-18 0.0 136.18 0.0
S334007 176.2765 123.7148 1.737e-23 5.668e-23 4.639999999999999e-22 0.0 136.41 0.0
S334008 176.31 123.6685 5.423e-17 8.855e-17 1.811e-16 0.0 133.86 0.0
S334009 176.3451 123.7098 2.842e-16 2.153e-16 9.115e-17 0.0 133.98 1.0
S334010 176.2721 123.6937 2.655e-21 1.842e-21 6.372999999999999e-22 0.001 135.85 0.0
S334011 176.2953 123.6833 1.25e-19 1.749e-19 2.491e-19 0.0 133.86 0.0
S334012 176.3224 123.6875 3.426e-18 3.506e-18 2.703e-18 0.0 134.45 0.0
S334013 176.3086 123.7022 3.052e-17 2.688e-17 1.494e-17 0.001 135.28 0.0
S334014 176.2863 123.7013 1.055e-12 7.943e-13 3.24e-13 0.0 136.75 1.0
S334015 176.29 123.7187 4.048e-18 4.205e-18 3.219e-18 0.0 137.0 0.0
S334016 176.3202 123.687 4.649e-18 4.765e-18 3.566e-18 0.0 133.84 0.0
S334017 176.2446 123.6945 9.342000000000001e-25 3.681e-24 4.8109999999999996e-23 0.0 136.66 0.0
S334018 176.3157 123.721 1.059e-21 2.307e-21 8.133e-21 0.0 135.86 0.0
S334019 176.307 123.7236 2.805e-17 2.37e-17 1.211e-17 0.0 137.1 0.0
S334020 176.3047 123.6946 1.32e-16 1.105e-16 5.547e-17 0.0 134.36 0.0
S334021 176.3054 123.6616 4.296999999999999e-22 1.072e-21 5.112e-21 0.0 133.65 0.0
S334022 176.3022 123.6933 7.747e-19 8.997e-19 9.202e-19 0.0 134.8 0.0
S334023 176.2829 123.7051 1.793e-16 1.44e-16 6.655e-17 0.0 136.16 0.0
S334024 176.3098 123.7278 1.24e-18 1.457e-18 1.48e-18 0.0 136.65 0.0
S334025 176.306 123.6785 2.7570000000000004e-20 4.127e-20 6.959000000000001e-20 0.0 133.88 0.0
S334026 176.3002 123.7308 6.748e-18 6.713e-18 4.721e-18 0.0 137.13 0.0
S334027 176.2603 123.7209 4.266e-18 4.392e-18 3.405e-18 0.0 137.25 0.0
S334028 176.2921 123.6644 3.101e-17 2.734e-17 1.512e-17 0.0 133.64 0.0
S334029 176.3026 123.6817 2.256e-17 4.847e-17 1.737e-16 0.0 134.46 0.0
S334030 176.2778 123.7211 8.000000000000001e-21 1.481e-20 3.7580000000000004e-20 0.0 136.9 0.0
S334031 176.2736 123.7227 7.14e-17 6.095e-17 3.15e-17 0.0 136.37 0.0
S334032 176.295 123.6673 1.326e-17 1.303e-17 9.15e-18 0.0 133.83 0.0
S334033 176.3322 123.7141 3.113e-17 2.9e-17 1.744e-17 0.0 134.56 0.0
S334034 176.2859 123.7203 6.292e-17 5.45e-17 2.897e-17 0.0 136.87 0.0
S334035 176.2979 123.683 1.128e-20 2.1030000000000002e-20 5.578e-20 0.0 133.87 0.0
S334036 176.303 123.7269 2.129e-18 2.201e-18 1.74e-18 0.0 136.47 0.0
S334037 176.2824 123.675 2.6460000000000002e-20 4.0750000000000005e-20 7.331000000000001e-20 0.0 133.94 0.0
S334038 176.2823 123.701 2.527e-17 5.143e-17 1.614e-16 0.0 136.89 0.0
S334039 176.288 123.7008 8.692e-18 8.926e-18 6.72e-18 0.0 135.97 0.0
S334040 176.2828 123.7298 1.134e-23 4.0279999999999996e-23 4.1019999999999996e-22 0.0 137.03 0.0
S334041 176.2739 123.7093 1.213e-18 1.447e-18 1.515e-18 0.0 136.63 0.0
S334042 176.2862 123.7151 1.942e-20 2.9980000000000005e-20 5.3580000000000006e-20 0.0 137.02 0.0
S334043 176.2817 123.7167 5.974e-18 6.044e-18 4.362e-18 0.0 136.6 0.0
S334044 176.3432 123.6789 2.486e-21 5.4030000000000004e-21 1.9710000000000003e-20 0.0 134.01 0.0
S334045 176.2725 123.7195 1.187e-16 9.83e-17 5.009e-17 0.0 136.67 0.0
S334046 176.3365 123.6808 4.770999999999999e-22 1.102e-21 4.624e-21 0.0 134.04 0.0
S334047 176.2854 123.7115 2.492e-21 5.02e-21 1.567e-20 0.0 136.79 0.0
S334048 176.3142 123.6912 2.312e-24 9.443e-24 1.277e-22 0.0 134.12 0.0
S334049 176.2778 123.7204 1.726e-19 2.446e-19 3.489e-19 0.0 136.74 0.0
S334050 176.2891 123.7238 7.642e-23 2.346e-22 1.695e-21 0.0 137.03 0.0
S334051 176.3285 123.6729 3.797e-19 4.777e-19 5.387e-19 0.0 133.84 0.0
S334052 176.2829 123.7185 1.32e-23 3.942e-23 2.8609999999999996e-22 0.0 136.92 0.0
S334053 176.2643 123.7348 2.3860000000000002e-20 3.974e-20 7.99e-20 0.0 137.2 0.0
S334054 176.2828 123.7167 1.646e-16 1.293e-16 5.643e-17 0.0 136.78 1.0
S334055 176.3275 123.6895 3.842e-18 6.187e-18 1.175e-17 0.0 133.88 0.0
S334056 176.2729 123.7154 1.881e-18 2.096e-18 1.905e-18 0.0 136.65 0.0
S334057 176.3491 123.6716 2.992e-17 4.593e-17 7.915e-17 0.0 133.8 0.0
S334058 176.2767 123.7152 2.5290000000000002e-21 1.785e-21 6.325e-22 0.001 136.81 0.0
S334059 176.3387 123.6853 7.879e-17 6.868e-17 3.749e-17 0.0 133.99 0.0
S334060 176.3235 123.6973 2.08e-19 2.774e-19 3.687e-19 0.0 134.77 0.0
S334061 176.262 123.7187 1.074e-12 7.571e-13 2.807e-13 0.0 136.91 0.0
S334062 176.2724 123.7325 1.376e-12 1.168e-12 5.816e-13 0.0 137.2 1.0
S334063 176.2678 123.722 2.071e-17 4.201e-17 1.348e-16 0.0 136.83 0.0
S334064 176.3255 123.6784 6.018e-21 1.099e-20 2.793e-20 0.0 133.97 0.0
S334065 176.2726 123.7162 7.096e-22 1.598e-21 6.1170000000000005e-21 0.0 136.89 0.0
S334066 176.3279 123.6811 2.588e-17 2.325e-17 1.305e-17 0.0 134.11 0.0
S334067 176.3191 123.6953 1.779e-17 2.916e-17 5.629e-17 0.0 134.36 0.0
S334068 176.2693 123.7225 1.219e-19 1.804e-19 2.932e-19 0.0 136.9 0.0
S334069 176.3171 123.6884 3.564e-21 7.437e-21 2.371e-20 0.0 134.12 0.0
S334070 176.2693 123.7246 1.4130000000000002e-20 2.4280000000000002e-20 5.341e-20 0.0 137.02 0.0
S334071 176.2597 123.7217 7.549e-21 1.4020000000000003e-20 3.72e-20 0.0 137.06 0.0
S334072 176.3194 123.6819 1.1620000000000001e-20 2.039e-20 4.6940000000000007e-20 0.0 133.85 0.0
S334073 176.2778 123.7257 1.685e-22 4.068e-22 1.8e-21 0.0 137.01 0.0
S334074 176.3356 123.6722 6.069e-23 1.648e-22 9.557e-22 0.0 133.69 0.0
S334075 176.2643 123.7371 3.643e-19 4.791e-19 5.982e-19 0.0 137.16 0.0
S334076 176.3239 123.6665 3.685e-23 9.817999999999999e-23 5.494e-22 0.0 133.66 0.0
S334077 176.2796 123.7293 5.855e-17 4.913e-17 2.498e-17 0.0 137.11 0.0
S334078 176.3379 123.6764 1.1760000000000001e-20 1.9380000000000002e-20 4.008e-20 0.0 133.83 0.0
S334079 176.2611 123.7316 2.052e-21 4.48e-21 1.6090000000000003e-20 0.0 137.07 0.0
S334080 176.3361 123.6836 1.9520000000000002e-20 3.321e-20 7.041000000000001e-20 0.0 134.1 0.0
S334081 176.2707 123.7303 3.374e-19 4.411e-19 5.274e-19 0.0 137.14 0.0
S334082 176.2444 123.7461 9.841999999999999e-23 2.4769999999999997e-22 1.2350000000000001e-21 0.0 137.06 0.0
S334083 176.2879 123.7072 6.335e-16 4.646e-16 1.778e-16 0.0 136.51 0.0
S334084 176.3326 123.6837 4.154e-13 2.826e-13 9.369e-14 0.0 134.01 0.0
S334085 176.2838 123.7152 8.633e-22 1.9230000000000002e-21 7.284e-21 0.0 136.84 0.0
S334086 176.2726 123.7197 7.132e-24 2.32e-23 2.0109999999999999e-22 0.0 137.1 0.0
S334087 176.2559 123.7313 4.246e-17 3.586e-17 1.919e-17 0.0 136.77 0.0
S334088 176.3352 123.6673 1.411e-20 2.429e-20 5.636000000000001e-20 0.0 133.74 0.0
S334089 176.2583 123.7251 2.437e-17 2.129e-17 1.221e-17 0.0 137.11 0.0
S334090 176.3352 123.674 1.224e-17 1.958e-17 3.74e-17 0.0 133.81 0.0
S334091 176.2516 123.7344 7.039e-21 1.28e-20 3.223e-20 0.0 137.07 0.0
S334092 176.2639 123.7253 1.4449999999999998e-22 3.786e-22 2.053e-21 0.0 136.91 0.0
S334093 176.3383 123.6834 4.9300000000000006e-20 7.857e-20 1.47e-19 0.0 134.04 0.0
S334094 176.2804 123.7217 7.639e-24 2.512e-23 2.125e-22 0.0 136.91 0.0
S334095 176.2745 123.7328 2.096e-21 1.486e-21 5.536e-22 0.0 137.26 0.0
S334096 176.3221 123.671 4.297e-17 6.959e-17 1.329e-16 0.0 133.79 0.0
S334097 176.3334 123.669 8.396e-18 7.998e-18 5.198e-18 0.0 133.73 0.0
S334098 176.3492 123.6703 2.572e-21 5.157e-21 1.5780000000000003e-20 0.0 133.74 0.0
S334099 176.2899 123.7079 7.671e-18 7.478e-18 5.138e-18 0.0 136.23 0.0
S334100 176.2599 123.7463 1.017e-22 2.6679999999999996e-22 1.489e-21 0.0 137.3 0.0
S334101 176.3313 123.678 3.432e-21 6.562e-21 1.8480000000000002e-20 0.0 133.83 0.0
S334102 176.2729 123.728 8.899e-18 1.374e-17 2.508e-17 0.0 136.96 0.0
S334103 176.3665 123.6561 1.769e-21 1.294e-21 5.125e-22 0.0 133.86 0.0
S334104 176.2498 123.7271 2.245e-17 4.189e-17 1.087e-16 0.0 136.88 0.0
S334105 176.2636 123.7396 2.2480000000000002e-20 3.693e-20 7.433e-20 0.0 137.05 0.0
S334106 176.2511 123.7339 1.9050000000000002e-21 4.157e-21 1.4960000000000002e-20 0.0 137.16 0.0
S334107 176.2511 123.744 9.222e-23 2.657e-22 1.764e-21 0.0 137.12 0.0
S334108 176.3292 123.6743 8.469e-21 1.5170000000000002e-20 3.58e-20 0.0 133.8 0.0
S334109 176.3401 123.6675 3.117e-18 3.218e-18 2.506e-18 0.0 133.79 0.0
S334110 176.3393 123.6626 1.239e-19 1.708e-19 2.328e-19 0.0 133.8 0.0
S334111 176.3328 123.6625 1.082e-21 2.211e-21 6.984e-21 0.0 133.64 0.0
S334112 176.2616 123.7415 2.017e-18 2.243e-18 2.037e-18 0.0 137.2 0.0
S334113 176.2601 123.7404 4.035e-21 7.784e-21 2.225e-20 0.0 137.18 0.0
S334114 176.3377 123.677 2.221e-19 3.118e-19 4.565e-19 0.0 134.08 0.0
S334115 176.3347 123.6786 1.44e-18 1.736e-18 1.89e-18 0.0 133.93 0.0
S334116 176.3482 123.6581 5.492e-20 7.939000000000001e-20 1.225e-19 0.0 133.85 0.0
S334117 176.2695 123.7254 1.186e-16 2.307e-16 6.655e-16 0.0 136.93 1.0
S334118 176.2489 123.7459 2.202e-17 1.924e-17 1.072e-17 0.0 137.17 0.0
S334119 176.3451 123.6728 1.301e-20 2.3070000000000002e-20 5.3260000000000003e-20 0.0 133.95 0.0
S334120 176.2546 123.7369 2.544e-21 4.777e-21 1.2580000000000002e-20 0.0 136.97 0.0
S334121 176.3586 123.6578 1.056e-12 8.371e-13 3.778e-13 0.0 133.87 1.0
S334122 176.323 123.6705 1.43e-18 1.534e-18 1.319e-18 0.0 133.79 0.0
S334123 176.347 123.6563 1.374e-17 1.256e-17 7.505e-18 0.0 133.71 0.0
S334124 176.2546 123.7396 3.259e-17 5.311e-17 1.053e-16 0.0 137.09 0.0
S334125 176.2555 123.7359 2.311e-21 1.6420000000000001e-21 6.002999999999999e-22 0.0 137.16 0.0
S334126 176.3363 123.6727 2.34e-18 2.562e-18 2.129e-18 0.0 133.78 1.0
S334127 176.2535 123.7387 2.792e-19 3.566e-19 4.327e-19 0.0 136.95 0.0
S334128 176.2691 123.7269 1.41e-17 2.306e-17 4.576e-17 0.0 137.14 0.0
S334129 176.2508 123.7318 2.73e-21 5.693e-21 1.832e-20 0.0 137.04 0.0
S334130 176.2425 123.747 2.273e-21 1.609e-21 5.914999999999999e-22 0.0 137.05 0.0
S334131 176.3468 123.6667 2.318e-21 4.614e-21 1.3820000000000002e-20 0.0 133.93 0.0
S334132 176.3417 123.6675 4.461999999999999e-22 1.066e-21 4.954e-21 0.0 133.77 0.0
S334133 176.2416 123.7385 9.742e-21 1.752e-20 4.271e-20 0.0 137.09 0.0
S334134 176.254 123.7355 2.353e-17 2.136e-17 1.256e-17 0.0 137.12 0.0
S334135 176.333 123.6837 1.365e-17 1.346e-17 9.497e-18 0.0 134.02 0.0
S334136 176.3493 123.6641 1.19e-17 2.186e-17 5.67e-17 0.0 133.9 0.0
S334137 176.2524 123.7457 4.697e-17 3.913e-17 1.968e-17 0.0 137.1 0.0
S334138 176.2424 123.7343 3.226e-23 1.0389999999999999e-22 8.684999999999999e-22 0.0 137.1 0.0
S334139 176.3356 123.6713 3.05e-21 2.122e-21 7.29e-22 0.0 133.72 0.0
S334140 176.3494 123.6553 1.453e-23 4.299e-23 2.991e-22 0.0 133.88 0.0
S334141 176.3272 123.6776 3.4540000000000004e-21 2.323e-21 7.806999999999999e-22 0.0 133.85 0.0
S334142 176.3517 123.6668 6.738e-17 1.418e-16 4.788e-16 0.0 133.78 1.0
S334143 176.3554 123.6593 2.189e-19 2.838e-19 3.608e-19 0.0 133.92 0.0
S334144 176.2436 123.7414 1.243e-22 2.85e-22 1.152e-21 0.0 137.09 0.0
S334145 176.3467 123.6617 4.878e-19 6.014e-19 6.543e-19 0.001 133.78 0.0
S334146 176.3599 123.6555 4.5159999999999997e-23 1.196e-22 6.676999999999999e-22 0.0 133.79 0.0
S334147 176.3437 123.6693 6.745e-20 9.964e-20 1.619e-19 0.0 133.76 0.0
S334148 176.3516 123.6531 7.87e-24 2.3029999999999998e-23 1.551e-22 0.0 133.64 0.0
S334149 176.2547 123.747 7.962e-19 9.212e-19 8.937e-19 0.0 137.19 0.0
S334150 176.3442 123.6582 3.496e-17 3.125e-17 1.732e-17 0.0 133.92 0.0
S334151 176.3586 123.6635 1.28e-12 9.361e-13 3.706e-13 0.0 133.75 0.0
S334152 176.2468 123.7355 7.687e-18 7.25e-18 4.676e-18 0.0 137.14 0.0
S334153 176.358 123.6401 3.037e-21 2.095e-21 7.229e-22 0.0 133.74 0.0
S334154 176.3462 123.6735 1.365e-12 1.042e-12 4.29e-13 0.0 133.9 1.0
S334155 176.3637 123.6553 1.517e-12 1.281e-12 6.896e-13 0.0 133.7 1.0
S334156 176.3625 123.6486 3.475e-17 2.959e-17 1.56e-17 0.0 133.72 0.0
S334157 176.3486 123.667 1.126e-21 2.497e-21 9.238000000000001e-21 0.0 133.8 0.0
S334158 176.2461 123.7518 3.884e-18 7.09e-18 1.72e-17 0.0 137.04 0.0
S334159 176.2294 123.754 2.467e-21 4.743e-21 1.3380000000000001e-20 0.0 137.11 0.0
S334160 176.3496 123.6687 1.206e-21 9.251999999999999e-22 4.038e-22 0.0 133.92 0.0
S334161 176.2345 123.7573 6.897e-18 1.418e-17 4.604e-17 0.0 137.16 0.0
S334162 176.3583 123.6521 1.729e-15 1.21e-15 4.265e-16 0.0 133.81 0.0
S334163 176.2427 123.7514 2.496e-23 6.969e-23 4.1759999999999996e-22 0.0 137.14 0.0
S334164 176.3459 123.6646 3e-21 2.077e-21 7.131999999999999e-22 0.0 133.87 0.0
S334165 176.2303 123.7511 8.485e-17 2.301e-16 1.28e-15 0.0 137.04 1.0
S334166 176.3706 123.6526 1.086e-21 2.343e-21 8.309e-21 0.0 133.87 0.0
S334167 176.3641 123.6564 2.948e-21 2.044e-21 7.055999999999999e-22 0.0 133.75 0.0
S334168 176.2282 123.754 1.765e-21 3.625e-21 1.1360000000000001e-20 0.0 137.25 0.0
S334169 176.3774 123.6466 8.488e-20 1.173e-19 1.682e-19 0.0 133.86 0.0
S334170 176.2342 123.7525 5.18e-17 8.359e-17 1.663e-16 0.0 137.08 0.0
S334171 176.3716 123.6426 1.598e-17 1.507e-17 9.865e-18 0.0 133.66 0.0
S334172 176.3605 123.6513 1.248e-21 2.456e-21 7.539e-21 0.0 133.76 0.0
S334173 176.2457 123.7403 1.166e-17 1.111e-17 7.406e-18 0.0 137.12 0.0
S334174 176.2319 123.7503 2.309e-16 1.814e-16 8.202e-17 0.0 137.17 1.0
S334175 176.2434 123.7498 6.091e-20 8.735000000000001e-20 1.332e-19 0.0 137.22 0.0
S334176 176.226 123.7543 5.336e-23 1.4239999999999998e-22 7.998999999999999e-22 0.0 137.06 0.0
S334177 176.2402 123.7504 1.812e-21 1.328e-21 5.272e-22 0.0 137.09 0.0
S334178 176.36 123.6485 4.998e-17 8.155e-17 1.615e-16 0.0 133.7 0.0
S334179 176.2216 123.7651 1.715e-18 1.958e-18 1.818e-18 0.0 137.18 0.0
S334180 176.2335 123.76 4.408e-18 4.631e-18 3.705e-18 0.0 137.27 0.0
S334181 176.3653 123.6465 8.778999999999999e-22 1.86e-21 6.479e-21 0.0 133.73 0.0
S334182 176.2301 123.7571 3.999e-21 6.806e-21 1.445e-20 0.0 137.07 0.0
S334183 176.2137 123.7627 1.012e-16 2.386e-16 1.017e-15 0.0 137.21 1.0
S334184 176.3746 123.6463 9.824e-16 7.112e-16 2.721e-16 0.0 133.78 0.0
S334185 176.226 123.7615 4.541e-19 5.908e-19 7.081e-19 0.0 137.21 0.0
S334186 176.2236 123.767 1.0380000000000001e-20 1.729e-20 3.5650000000000004e-20 0.0 137.24 0.0
S334187 176.2321 123.7542 1.711e-17 3.369e-17 1.019e-16 0.0 137.03 0.0
S334188 176.3724 123.6408 1.204e-17 1.058e-17 5.962e-18 0.0 133.65 0.0
S334189 176.2273 123.7626 1.505e-15 5.373e-15 5.463e-14 0.0 137.12 1.0
S334190 176.3755 123.6464 8.014e-18 1.361e-17 2.835e-17 0.0 133.8 0.0
S334191 176.2212 123.7573 2.489e-21 1.747e-21 6.176e-22 0.0 137.25 0.0
S334192 176.3765 123.6485 1.739e-23 5.223e-23 3.6619999999999995e-22 0.0 133.83 0.0
S334193 176.3838 123.6418 1.0269999999999999e-22 2.7649999999999996e-22 1.6e-21 0.0 133.78 0.0
S334194 176.3731 123.6219 1.594e-21 3.127e-21 9.213e-21 0.0 133.59 0.0
S334195 176.3764 123.6405 3.865e-16 2.942e-16 1.234e-16 0.0 133.86 1.0
S334196 176.3725 123.6439 3.579e-18 3.763e-18 2.991e-18 0.0 133.92 0.0
S334197 176.2306 123.7384 4.559e-18 4.829e-18 3.943e-18 0.0 136.98 0.0
S334198 176.375 123.6423 3.421e-20 5.636000000000001e-20 1.15e-19 0.0 133.78 0.0
S334199 176.3791 123.6239 5.974e-17 4.964e-17 2.474e-17 0.0 133.68 0.0
S334200 176.2134 123.7598 3.993e-17 7.192e-17 1.723e-16 0.0 137.13 0.0
S334201 176.3849 123.6371 4.271e-16 3.149e-16 1.266e-16 0.0 133.77 0.0
S334202 176.3655 123.6452 7.879e-21 1.514e-20 4.168e-20 0.0 133.77 1.0
S334203 176.2114 123.7645 5.767e-21 1.0720000000000001e-20 2.8820000000000003e-20 0.0 137.02 0.0
S334204 176.3832 123.6392 4.912e-24 1.763e-23 1.8019999999999998e-22 0.0 133.79 0.0
S334205 176.2142 123.7655 3.658e-26 2.137e-25 6.091e-24 0.0 137.15 0.0
S334206 176.2113 123.7818 6.844e-16 5.171e-16 2.182e-16 0.0 137.3 0.0
S334207 176.2171 123.7716 5.18e-13 5.354e-13 4.036e-13 0.0 137.2 1.0
S334208 176.2184 123.771 7.2e-17 1.2e-16 2.449e-16 0.0 137.23 0.0
S334209 176.1966 123.7776 1.226e-18 1.415e-18 1.364e-18 0.0 137.22 0.0
S334210 176.3004 123.7025 4.811e-18 9.575e-18 2.963e-17 0.0 138.36 0.0
S334211 176.3006 123.7023 1.424e-17 2.428e-17 5.423e-17 0.0 129.24 0.0
S334212 176.3006 123.7025 2.419e-16 1.838e-16 7.654e-17 0.0 139.44 1.0
S334213 176.3817 123.6444 2.326e-17 2.1e-17 1.25e-17 0.0 133.84 0.0
S334214 176.2204 123.7624 3.722e-15 2.615e-15 9.231e-16 0.0 137.2 0.0
S334215 176.2104 123.7708 4.368e-15 3.122e-15 1.152e-15 0.0 137.17 0.0
S334216 176.3896 123.6356 4.471e-16 3.498e-16 1.572e-16 0.0 133.83 1.0
S334217 176.2093 123.7722 3.619e-16 2.698e-16 1.075e-16 0.0 137.18 0.0
S334218 176.2108 123.7737 1.172e-17 1.127e-17 7.516e-18 0.0 137.2 0.0
S334219 176.2169 123.7688 3.917e-17 3.693e-17 2.372e-17 0.0 137.17 0.0
S334220 176.3825 123.6352 7.422e-18 7.182e-18 4.658e-18 0.0 133.65 0.0
S334221 176.3871 123.632 4.362e-19 5.343e-19 5.759e-19 0.0 133.76 0.0
S334222 176.2108 123.7771 1.526e-12 1.129e-12 4.39e-13 0.0 137.25 0.0
S334223 176.2134 123.777 1.467e-13 9.575e-14 2.959e-14 0.0 137.22 0.0
S334224 176.2202 123.7726 1.215e-16 9.552e-17 4.088e-17 0.0 137.13 0.0
S334225 176.2118 123.7796 1.107e-17 1.531e-17 2.149e-17 0.0 137.19 0.0
S334226 176.2166 123.7761 1.607e-16 1.262e-16 5.381e-17 0.0 137.35 0.0
S334227 176.3827 123.6266 1.661e-16 1.256e-16 5.275e-17 0.0 133.6 0.0
S334228 176.2136 123.7815 3.656e-17 3.31e-17 1.865e-17 0.0 137.28 0.0
S334229 176.3891 123.62 6.602e-16 4.686e-16 1.721e-16 0.0 133.54 0.0
S334230 176.3873 123.6181 9.158e-18 9.111e-18 6.428e-18 0.0 133.46 0.0
S334231 176.3879 123.6168 1.36e-13 8.888e-14 2.87e-14 0.0 133.59 0.0
S334232 176.3875 123.6145 8.602e-19 1.014e-18 1.034e-18 0.0 133.53 0.0
S334233 176.3834 123.6161 4.709e-16 3.531e-16 1.434e-16 0.0 133.46 0.0
S334234 176.3891 123.6113 8.517e-15 5.804e-15 1.974e-15 0.0 133.58 0.0
S334235 176.2159 123.7913 1.125e-16 9.335e-17 4.731e-17 0.0 137.36 0.0
S334236 176.3843 123.6102 5.989e-17 5.018e-17 2.615e-17 0.0 133.46 0.0
S334237 176.3811 123.6114 9.906e-16 7.616e-16 3.16e-16 0.0 133.51 0.0
S334238 176.2164 123.7967 5.084e-18 5.541e-18 4.63e-18 0.0 137.51 0.0
S334239 176.2133 123.7995 5.6e-16 4.45e-16 2.061e-16 0.0 137.44 1.0
S334240 176.2059 123.8073 2.772e-15 1.88e-15 6.355e-16 0.0 137.49 0.0
S334241 176.3846 123.6071 1.895e-17 1.651e-17 9.2e-18 0.0 133.46 0.0
S334242 176.3825 123.606 2.756e-16 2.143e-16 9.61e-17 0.0 133.56 1.0
S334243 176.3831 123.6007 2.888e-16 2.138e-16 8.138e-17 0.0 133.5 1.0
S334244 176.3861 123.5999 1.604e-15 1.135e-15 4.102e-16 0.0 133.43 0.0
S334245 176.385 123.6004 1.217e-14 8.054e-15 2.587e-15 0.0 133.45 0.0
S334246 176.2142 123.8107 6.498e-15 4.467e-15 1.568e-15 0.0 137.43 0.0
S334247 176.389 123.5899 1.424e-16 1.118e-16 5.072e-17 0.0 133.49 1.0
S334248 176.2279 123.8012 2.692e-17 2.457e-17 1.422e-17 0.0 137.36 0.0
S334249 176.3803 123.5927 1.388e-15 9.751e-16 3.456e-16 0.0 133.42 0.0
S334250 176.2191 123.8138 9.619000000000001e-20 1.312e-19 1.802e-19 0.0 137.37 0.0
S334251 176.216 123.8174 6.663e-13 5.102e-13 2.141e-13 0.0 137.43 1.0
S334252 176.2224 123.8124 2.565e-17 2.36e-17 1.449e-17 0.0 137.47 0.0
S334253 176.2243 123.8141 3.359e-17 2.885e-17 1.549e-17 0.0 137.43 0.0
S334254 176.3763 123.5862 6.445e-17 8.615e-17 1.139e-16 0.0 133.5 0.0
S334255 176.371 123.5917 9.335e-16 6.593e-16 2.479e-16 0.0 133.5 0.0
S334256 176.3742 123.5892 9.323e-16 6.824e-16 2.626e-16 0.0 133.53 0.0
S334257 176.3766 123.5847 3.2e-16 2.382e-16 9.685e-17 0.0 133.53 0.0
S334258 176.3697 123.5847 2.129e-17 4.16e-17 1.225e-16 0.0 133.57 0.0
S334259 176.3652 123.591 7.176e-15 4.889e-15 1.597e-15 0.0 133.53 0.0
S334260 176.2343 123.8153 5.625e-15 3.819e-15 1.255e-15 0.0 137.35 0.0
S334261 176.3602 123.5851 1.774e-17 2.888e-17 5.838e-17 0.0 133.64 0.0
S334262 176.3627 123.5909 8.924e-16 6.501e-16 2.445e-16 0.0 133.64 0.0
S334263 176.2427 123.8192 1.109e-16 8.995e-17 4.444e-17 0.0 137.27 0.0
S334264 176.3533 123.5833 1.639e-17 3.159e-17 9.206e-17 0.0 133.64 0.0
S334265 176.2476 123.8228 2.895e-15 2.01e-15 7.072e-16 0.0 137.22 0.0
S334266 176.2533 123.8124 7.195e-13 4.977e-13 1.742e-13 0.0 137.27 0.0
S334267 176.3512 123.5873 5.546e-16 4.32e-16 1.868e-16 0.0 133.66 1.0
S334268 176.3478 123.5875 4.864e-16 3.505e-16 1.309e-16 0.0 133.84 0.0
S334269 176.3454 123.5876 3.96e-16 2.96e-16 1.208e-16 0.0 133.77 0.0
S334270 176.2571 123.8199 7.346e-17 5.806e-17 2.619e-17 0.0 137.15 0.0
S334271 176.2618 123.8175 4.673e-21 3.09e-21 9.532e-22 0.001 137.06 0.0
S334272 176.3384 123.5811 1.374e-15 9.9e-16 3.716e-16 0.0 133.92 0.0
S334273 176.2693 123.8122 4.797e-15 3.351e-15 1.159e-15 0.0 136.95 0.0
S334274 176.3313 123.5879 2.578e-17 2.371e-17 1.458e-17 0.0 134.03 0.0
S334275 176.3292 123.5876 4.245e-17 7.348e-17 1.695e-16 0.0 134.07 0.0
S334276 176.323 123.5977 1.411e-12 1.042e-12 3.991e-13 0.0 134.09 1.0
S334277 176.3215 123.5945 5.881e-16 4.552e-16 2.017e-16 0.0 134.14 1.0
S334278 176.3164 123.6026 2.469e-16 2.018e-16 9.423e-17 0.0 134.18 0.0
S334279 176.3143 123.6039 4.32e-16 3.195e-16 1.269e-16 0.0 134.29 0.0
S334280 176.2906 123.7995 1.075e-16 8.852e-17 4.175e-17 0.0 136.7 0.0
S334281 176.2954 123.7936 1.39e-17 2.796e-17 8.895e-17 0.0 136.65 0.0
S334282 176.2981 123.7951 2.201e-15 1.509e-15 5.06e-16 0.0 136.51 0.0
S334283 176.2978 123.6039 2.939e-15 2.09e-15 7.543e-16 0.0 134.43 0.0
S334284 176.2966 123.6175 1.154e-15 8.038e-16 2.79e-16 0.0 134.53 0.0
S334285 176.3086 123.7868 3.099e-17 2.929e-17 1.871e-17 0.0 136.3 0.0
S334286 176.3161 123.7928 8.521e-18 7.853e-18 4.763e-18 0.0 136.28 0.0
S334287 176.2815 123.6222 5.31e-18 1.027e-17 2.924e-17 0.0 134.75 0.0
S334288 176.278 123.6265 1.119e-15 7.962e-16 2.908e-16 0.0 134.78 0.0
S334289 176.2732 123.6332 2.235e-15 1.543e-15 5.485e-16 0.0 134.87 0.0
S334290 176.3324 123.7733 5.57e-13 3.77e-13 1.286e-13 0.0 135.98 0.0
S334291 176.3358 123.77 1.068e-16 8.77e-17 4.404e-17 0.0 135.88 0.0
S334292 176.3438 123.7629 8.011e-17 6.75e-17 3.438e-17 0.0 135.87 0.0
S334293 176.2587 123.6396 3.6940000000000006e-20 5.45e-20 8.772000000000001e-20 0.0 135.09 0.0
S334294 176.2526 123.6456 2.799e-21 1.942e-21 6.845e-22 0.0 135.2 0.0
S334295 176.3507 123.7535 9.791e-16 6.951e-16 2.559e-16 0.0 135.69 0.0
S334296 176.2442 123.6637 1.98e-16 1.517e-16 6.509e-17 0.0 135.32 1.0
S334297 176.361 123.7488 2.175e-15 1.534e-15 5.581e-16 0.0 135.56 0.0
S334298 176.2104 123.7802 2.042e-16 1.58e-16 6.77e-17 0.0 137.28 1.0
S334299 176.2235 123.7748 5.9270000000000005e-21 1.037e-20 2.3580000000000003e-20 0.0 137.32 0.0
S334300 176.2236 123.7741 1.022e-18 1.265e-18 1.414e-18 0.0 137.4 0.0
S334301 176.2122 123.7853 7.738e-21 1.459e-20 3.983e-20 0.0 137.29 0.0
S334302 176.3797 123.6278 4.395e-16 3.356e-16 1.423e-16 0.0 133.61 1.0
S334303 176.2209 123.7831 4.213e-17 6.997e-17 1.411e-16 0.0 137.31 0.0
S334304 176.2109 123.7818 8.972e-17 7.503e-17 3.845e-17 0.0 137.32 0.0
S334305 176.3718 123.6359 1.669e-17 1.549e-17 9.347e-18 0.0 133.52 0.0
S334306 176.3936 123.6111 6.256e-17 1.243e-16 3.709e-16 0.001 133.45 0.0
S334307 176.3851 123.624 2.185e-19 3.002e-19 4.185e-19 0.0 133.59 0.0
S334308 176.3974 123.6055 4.982e-17 4.09e-17 2.011e-17 0.0 133.42 0.0
S334309 176.3762 123.6191 4.493e-16 3.406e-16 1.404e-16 0.0 133.47 1.0
S334310 176.3762 123.6193 1.264e-15 8.786e-16 3.177e-16 0.0 133.51 0.0
S334311 176.2164 123.7959 1.442e-17 2.524e-17 5.905e-17 0.0 137.39 0.0
S334312 176.3885 123.6097 7.506e-18 7.562e-18 5.534e-18 0.0 133.55 0.0
S334313 176.3893 123.6072 1.385e-12 1.076e-12 4.549e-13 0.0 133.47 1.0
S334314 176.3921 123.6016 1.064e-15 7.799e-16 3.16e-16 0.0 133.52 0.0
S334315 176.2208 123.793 5.888e-21 1.032e-20 2.412e-20 0.0 137.47 0.0
S334316 176.3883 123.61 1.7249999999999999e-22 4.277e-22 2.035e-21 0.0 133.55 0.0
S334317 176.2229 123.796 3.271e-17 2.971e-17 1.788e-17 0.0 137.4 0.0
S334318 176.3747 123.6032 4.493e-19 5.659e-19 6.525e-19 0.0 133.5 0.0
S334319 176.2329 123.7931 2.544e-17 5.851e-17 2.379e-16 0.0 137.32 0.0
S334320 176.3919 123.5933 1.021e-20 1.8820000000000002e-20 5.0910000000000004e-20 0.0 133.33 0.0
S334321 176.3747 123.6008 3.057e-19 3.804e-19 4.37e-19 0.0 133.48 0.0
S334322 176.2172 123.8109 3.839e-17 3.19e-17 1.624e-17 0.0 137.6 0.0
S334323 176.3936 123.5935 1.276e-17 1.251e-17 8.481e-18 0.0 133.5 0.0
S334324 176.2195 123.8096 3.622e-17 7.767e-17 2.676e-16 0.0 137.47 0.0
S334325 176.3877 123.5948 2.633e-17 4.079e-17 7.277e-17 0.0 133.45 0.0
S334326 176.3807 123.5956 1.114e-17 1.76e-17 3.36e-17 0.001 133.57 0.0
S334327 176.2242 123.8048 1.186e-19 1.766e-19 2.853e-19 0.0 137.42 0.0
S334328 176.2243 123.8079 2.459e-18 2.565e-18 2.069e-18 0.0 137.41 0.0
S334329 176.3756 123.6024 2.999e-16 2.333e-16 1.043e-16 0.0 133.36 1.0
S334330 176.3643 123.5965 1.369e-22 3.787e-22 2.3390000000000002e-21 0.0 133.56 0.0
S334331 176.2407 123.7974 5.483e-17 4.641e-17 2.389e-17 0.0 137.34 0.0
S334332 176.3702 123.5897 2.138e-12 1.716e-12 8.353e-13 0.0 133.47 1.0
S334333 176.3732 123.5916 1.109e-19 1.59e-19 2.44e-19 0.0 133.57 0.0
S334334 176.2297 123.804 1.266e-16 9.56e-17 4.098e-17 0.0 137.32 0.0
S334335 176.2336 123.815 2.6e-17 4.243e-17 8.257e-17 0.0 137.4 0.0
S334336 176.2456 123.8142 1.438e-20 2.4040000000000002e-20 4.9570000000000006e-20 0.0 137.25 0.0
S334337 176.2382 123.8118 2.713e-17 2.403e-17 1.369e-17 0.0 137.38 0.0
S334338 176.3682 123.5871 2.192e-18 2.54e-18 2.37e-18 0.0 133.56 0.0
S334339 176.2401 123.8105 1.499e-16 1.175e-16 5.163e-17 0.001 137.35 0.0
S334340 176.3528 123.5937 2.239e-20 3.719e-20 8.051e-20 0.0 133.71 0.0
S334341 176.256 123.8077 3.886e-17 7.545e-17 2.039e-16 0.0 137.11 0.0
S334342 176.3497 123.587 1.796e-16 1.442e-16 6.687e-17 0.0 133.77 0.0
S334343 176.3524 123.6038 1.842e-15 1.375e-15 5.576e-16 0.0 133.7 0.0
S334344 176.2479 123.8234 2.095e-17 3.616e-17 7.953e-17 0.0 137.18 0.0
S334345 176.3453 123.5898 4.516e-16 3.271e-16 1.25e-16 0.0 133.79 0.0
S334346 176.2571 123.8103 4.808e-18 4.981e-18 3.897e-18 0.0 137.06 0.0
S334347 176.3359 123.5934 2.404e-21 1.713e-21 6.079999999999999e-22 0.0 133.81 0.0
S334348 176.3404 123.5905 1.824e-17 3.792e-17 1.25e-16 0.0 133.9 0.0
S334349 176.3341 123.5912 4.237e-20 6.599000000000001e-20 1.174e-19 0.0 133.89 0.0
S334350 176.3336 123.6 4.129e-19 5.097e-19 5.694e-19 0.0 133.89 0.0
S334351 176.3375 123.5973 1.077e-17 1.682e-17 3.036e-17 0.0 133.78 0.0
S334352 176.3251 123.5835 2.297e-16 1.833e-16 8.153e-17 0.001 134.06 1.0
S334353 176.2765 123.8108 4.6940000000000007e-20 7.670000000000001e-20 1.507e-19 0.0 136.86 0.0
S334354 176.3276 123.6054 6.463e-20 9.658000000000001e-20 1.6e-19 0.0 133.97 0.0
S334355 176.3218 123.5988 3.294e-17 3.001e-17 1.751e-17 0.0 134.13 0.0
S334356 176.3177 123.6052 9.553e-16 6.916e-16 2.713e-16 0.0 134.22 0.0
S334357 176.3152 123.5997 3.054e-19 3.972e-19 4.732e-19 0.0 134.15 0.0
S334358 176.3181 123.6072 1.646e-16 1.369e-16 6.625e-17 0.0 134.27 0.0
S334359 176.2944 123.7891 4.75e-17 4.18e-17 2.299e-17 0.0 136.68 0.0
S334360 176.3063 123.6165 1.765e-16 1.351e-16 5.854e-17 0.0 134.4 1.0
S334361 176.3049 123.6107 1.965e-17 3.621e-17 8.833e-17 0.0 134.37 0.0
S334362 176.3016 123.7896 1.945e-18 2.028e-18 1.595e-18 0.0 136.45 0.0
S334363 176.2967 123.6095 2.973e-19 3.799e-19 4.6e-19 0.0 134.42 0.0
S334364 176.2881 123.5998 1.066e-17 2.159e-17 6.725e-17 0.0 134.52 0.0
S334365 176.2856 123.6101 2.115e-17 3.516e-17 7.25e-17 0.0 134.56 0.0
S334366 176.2823 123.6227 1.006e-17 9.441e-18 6.154e-18 0.0 134.74 0.0
S334367 176.3183 123.7681 1.979e-16 1.498e-16 6.418e-17 0.0 136.21 0.0
S334368 176.3296 123.7676 2.101e-18 2.249e-18 1.881e-18 0.0 135.99 0.0
S334369 176.2712 123.6101 6.565e-20 9.587e-20 1.474e-19 0.0 134.83 0.0
S334370 176.2608 123.6382 5.017e-17 8.088e-17 1.573e-16 0.0 134.91 0.0
S334371 176.3375 123.7536 3.341e-17 7.721e-17 3.099e-16 0.0 135.8 1.0
S334372 176.337 123.7363 9.867e-16 7.167e-16 2.661e-16 0.0 135.63 0.0
S334373 176.3491 123.7663 1.467e-18 1.631e-18 1.436e-18 0.0 135.75 0.0
S334374 176.3488 123.7574 2.116e-21 1.505e-21 5.635999999999999e-22 0.0 135.74 0.0
S334375 176.2455 123.6628 6.73e-18 1.388e-17 4.403e-17 0.001 135.34 0.0
S334376 176.3681 123.7397 4.383e-22 1.039e-21 4.425e-21 0.0 135.47 0.0
S334377 176.3706 123.7256 2.575e-18 2.686e-18 2.095e-18 0.0 135.19 0.0
S334378 176.3635 123.7419 1.209e-16 9.678e-17 4.552e-17 0.0 135.52 0.0
S334379 176.2292 123.669 9.661e-13 7.626e-13 3.383e-13 0.0 135.58 1.0
S334380 176.2162 123.6777 1.245e-17 2.147e-17 4.634e-17 0.0 135.71 0.0
S334381 176.3839 123.7221 5.846e-16 4.26e-16 1.628e-16 0.0 135.13 0.0
S334382 176.2158 123.6812 1.668e-17 1.564e-17 1.006e-17 0.0 135.69 0.0
