Name Equatorial Polar BlueF GreenF RedF Parallax RadialVelocity Variable?
S164524 177.6112 34.333 1.658e-17 3.581e-17 1.293e-16 0.0 157.4 0.0
S164525 177.7673 34.3147 6.952000000000001e-20 9.822000000000001e-20 1.463e-19 0.0 153.57 0.0
S164526 177.7682 34.3139 1.901e-17 4.459e-17 1.882e-16 0.0 153.5 1.0
S164527 178.021 34.2669 4.601e-23 9.941e-23 3.6189999999999996e-22 0.0 152.56 0.0
S164528 177.7781 34.3107 2.666e-19 3.245e-19 3.391e-19 0.0 153.42 0.0
S164529 177.7565 34.3131 5.376e-22 1.174e-21 4.16e-21 0.0 154.48 0.0
S164530 177.7441 34.3294 6.077e-21 1.0330000000000001e-20 2.243e-20 0.0 155.06 0.0
S164531 177.8135 34.3065 3.746e-21 6.884000000000001e-21 1.7070000000000002e-20 0.0 152.78 0.0
S164532 177.8445 34.3078 5.6650000000000004e-21 1.056e-20 2.619e-20 0.0 152.67 0.0
S164533 177.7169 34.3244 1.2e-21 2.6600000000000002e-21 9.697e-21 0.0 156.52 0.0
S164534 177.7669 34.3094 6.846e-21 1.213e-20 2.8890000000000003e-20 0.0 153.78 0.0
S164535 177.7539 34.3143 1.7639999999999997e-22 3.7379999999999996e-22 1.304e-21 0.0 153.81 0.0
S164536 177.7566 34.3091 2.9049999999999995e-22 6.454999999999999e-22 2.474e-21 0.001 154.46 0.0
S164537 177.7225 34.3112 2.106e-19 2.688e-19 3.215e-19 0.0 155.73 0.0
S164538 177.7031 34.3087 4.276e-22 9.681e-22 3.724e-21 0.0 155.75 0.0
S164539 177.829 34.2968 1.4529999999999998e-22 3.126e-22 1.13e-21 0.0 153.38 0.0
S164540 177.7507 34.3131 3.631e-19 4.468e-19 5.085e-19 0.0 154.92 0.0
S164541 177.7036 34.3224 6.885e-23 1.904e-22 1.121e-21 0.0 156.77 0.0
S164542 177.8024 34.319 1.079e-17 1.853e-17 4.029e-17 0.0 153.45 0.0
S164543 177.9041 34.2934 4.0989999999999994e-22 8.263999999999999e-22 2.564e-21 0.0 152.38 0.0
S164544 177.7594 34.3225 1.764e-19 2.208e-19 2.5e-19 0.0 154.69 0.0
S164545 177.6332 34.3309 2.5439999999999997e-22 6.191e-22 2.7550000000000002e-21 0.0 157.35 0.0
S164546 177.7325 34.3163 5.999e-18 5.714e-18 3.774e-18 0.0 156.43 0.0
S164547 177.9102 34.2956 1.202e-17 1.822e-17 3.257e-17 0.0 152.85 0.0
S164548 177.6952 34.3029 7.215e-22 1.468e-21 4.721e-21 0.0 156.29 0.0
S164549 177.7296 34.314 1.242e-23 3.549e-23 2.28e-22 0.0 156.55 0.0
S164550 177.6437 34.3402 2.621e-21 4.722e-21 1.1770000000000002e-20 0.0 156.21 0.0
S164551 177.7724 34.3083 6.2000000000000004e-21 1.085e-20 2.488e-20 0.0 153.44 0.0
S164552 177.7432 34.3119 6.3120000000000005e-25 2.707e-24 4.1679999999999997e-23 0.0 155.51 0.0
S164553 177.8212 34.3052 5.109e-23 1.1889999999999998e-22 5.022999999999999e-22 0.0 152.63 0.0
S164554 177.753 34.3124 5.648e-20 8.568000000000001e-20 1.458e-19 0.0 154.67 0.0
S164555 177.7531 34.3185 2.468e-17 4.126e-17 8.578e-17 0.0 154.96 0.0
S164556 177.7936 34.3174 1.829e-17 3.468e-17 9.199e-17 0.0 154.02 0.0
S164557 177.7689 34.332 8.318999999999999e-22 1.618e-21 4.551e-21 0.0 154.81 0.0
S164558 177.8689 34.297 3.143e-23 9.098e-23 5.8459999999999995e-22 0.0 152.47 0.0
S164559 177.7864 34.3044 4.318e-18 4.066e-18 2.679e-18 0.0 153.37 0.0
S164560 177.7775 34.3075 1.19e-21 8.414999999999999e-22 3.0859999999999997e-22 0.0 153.31 0.0
S164561 177.7288 34.3194 1.161e-20 1.912e-20 3.926e-20 0.0 156.48 0.0
S164562 177.7519 34.3088 9.029000000000001e-20 1.283e-19 1.872e-19 0.001 154.01 0.0
S164563 177.8117 34.3157 1.696e-21 3.307e-21 9.386e-21 0.0 153.86 1.0
S164564 177.8033 34.2996 2.1089999999999997e-22 4.622999999999999e-22 1.655e-21 0.0 153.06 0.0
S164565 177.7499 34.3178 8.174e-24 2.231e-23 1.318e-22 0.0 155.22 0.0
S164566 177.7507 34.3194 1.593e-22 3.927e-22 1.878e-21 0.0 155.67 0.0
S164567 177.6987 34.3189 4.379e-17 9.098e-17 2.892e-16 0.0 156.93 1.0
S164568 177.7264 34.3196 2.684e-23 7.272e-23 4.1309999999999996e-22 0.0 156.49 0.0
S164569 177.7751 34.3084 1.595e-21 2.988e-21 7.988e-21 0.0 153.36 0.0
S164570 177.6784 34.3249 2.012e-23 6.189999999999999e-23 4.563999999999999e-22 0.0 156.98 0.0
S164571 177.7182 34.3127 1.643e-23 4.2169999999999997e-23 2.182e-22 0.0 156.71 0.0
S164572 178.165 34.2292 5.727e-23 1.53e-22 8.445999999999999e-22 0.0 152.8 0.0
S164573 177.9392 34.2898 2.136e-24 8.354e-24 1.0339999999999998e-22 0.0 152.67 0.0
S164574 177.7193 34.3145 2.4789999999999999e-23 6.928e-23 4.217e-22 0.001 155.59 0.0
S164575 177.7495 34.3074 5.21e-19 6.04e-19 5.812e-19 0.0 153.93 0.0
S164576 177.7603 34.3223 4.548e-20 6.861000000000001e-20 1.178e-19 0.0 154.59 0.0
S164577 177.7601 34.3114 8.633e-22 1.808e-21 5.973e-21 0.0 154.48 0.0
S164578 177.7547 34.3182 1.7920000000000002e-21 3.614e-21 1.1550000000000001e-20 0.0 154.78 0.0
S164579 177.7375 34.3215 1.821e-20 2.9150000000000005e-20 5.686e-20 0.0 156.07 0.0
S164580 177.6282 34.3182 3.28e-21 5.673e-21 1.282e-20 0.0 156.97 0.0
S164581 177.8292 34.3093 1.661e-21 1.149e-21 4.0049999999999996e-22 0.0 152.82 0.0
S164582 177.7956 34.2977 5.593e-23 1.4789999999999998e-22 7.980999999999999e-22 0.0 152.87 0.0
S164583 177.7851 34.3028 9.913e-23 2.176e-22 8.130999999999999e-22 0.0 154.46 0.0
S164584 177.7572 34.3114 4.465e-19 5.506e-19 6.134e-19 0.0 154.03 0.0
S164585 177.7288 34.3261 1.825e-23 5.51e-23 3.9739999999999995e-22 0.0 155.66 0.0
S164586 177.9546 34.28 1.549e-18 1.599e-18 1.234e-18 0.0 152.37 0.0
S164587 177.7406 34.3158 9.454999999999998e-22 1.974e-21 6.591e-21 0.0 155.34 0.0
S164588 177.7382 34.3174 1.756e-21 1.2230000000000001e-21 4.1029999999999997e-22 0.0 155.95 0.0
S164589 177.7294 34.3149 1.049e-21 2.132e-21 6.5800000000000004e-21 0.0 156.54 0.0
S164590 177.6652 34.3124 2.989e-23 8.063e-23 4.7169999999999995e-22 0.0 156.35 0.0
S164591 177.7505 34.3154 1.302e-19 1.722e-19 2.154e-19 0.0 156.38 0.0
S164592 177.6088 34.3297 3.981e-19 4.726e-19 4.894e-19 0.0 157.44 0.0
S164593 177.7923 34.2998 7.961999999999999e-22 1.471e-21 3.912e-21 0.0 153.63 0.0
S164594 177.6836 34.3381 3.1699999999999996e-23 8.681e-23 5.124e-22 0.0 157.01 0.0
S164595 177.6925 34.3144 1.831e-18 1.879e-18 1.439e-18 0.0 155.8 0.0
S164596 177.8857 34.2908 1.344e-23 3.437e-23 1.7359999999999998e-22 0.0 152.45 0.0
S164597 177.7408 34.3144 2.581e-21 4.877e-21 1.2890000000000002e-20 0.0 156.02 0.0
S164598 177.7774 34.3169 4.27e-21 7.810000000000001e-21 1.925e-20 0.0 153.75 0.0
S164599 177.6589 34.3277 2.1079999999999999e-22 4.445999999999999e-22 1.476e-21 0.0 157.04 0.0
S164600 177.7791 34.3079 1.834e-22 3.831e-22 1.319e-21 0.0 153.31 0.0
S164601 177.7617 34.3136 7.907000000000001e-20 1.052e-19 1.414e-19 0.0 154.1 0.0
S164602 177.7213 34.3067 5.938e-20 8.14e-20 1.157e-19 0.0 155.54 0.0
S164603 177.7186 34.3191 2.929e-23 7.124e-23 3.377e-22 0.0 156.7 0.0
S164604 177.8134 34.3043 2.257e-17 4.131e-17 1.058e-16 0.0 152.76 0.0
S164605 177.8281 34.3083 1.586e-21 1.114e-21 3.942e-22 0.0 153.0 0.0
S164606 177.8462 34.3061 8.147e-13 6.046e-13 2.379e-13 0.0 152.78 0.0
S164607 177.761 34.3121 6.066e-21 1.0620000000000001e-20 2.405e-20 0.0 154.06 0.0
S164608 177.7533 34.3141 8.958e-20 1.202e-19 1.62e-19 0.0 154.75 0.0
S164609 177.7513 34.3175 7.867e-18 7.445e-18 4.767e-18 0.0 155.72 0.0
S164610 177.7472 34.3188 2.101e-22 4.496e-22 1.61e-21 0.0 156.16 0.0
S164611 177.6254 34.3402 3.356e-22 8.039999999999999e-22 3.592e-21 0.0 156.93 0.0
S164612 177.7212 34.3336 4.777e-23 1.221e-22 6.427e-22 0.0 155.97 0.0
S164613 177.7499 34.3143 1.266e-21 2.595e-21 8.537e-21 0.0 155.25 0.0
S164614 177.7185 34.3267 3.8130000000000004e-20 5.999e-20 1.089e-19 0.0 155.86 0.0
S164615 177.8247 34.2955 8.185000000000001e-20 1.149e-19 1.711e-19 0.0 152.67 0.0
S164616 177.7206 34.32 8.555e-28 6.902e-27 3.91e-25 0.0 156.28 0.0
S164617 177.6734 34.3234 3.087e-19 3.711e-19 4.041e-19 0.0 157.09 0.0
S164618 177.7501 34.3144 3.7839999999999997e-22 8.722e-22 3.548e-21 0.0 155.46 0.0
S164619 177.7452 34.3139 1.806e-21 3.529e-21 1.032e-20 0.0 155.46 0.0
S164620 177.6561 34.3288 2.636e-22 6.148e-22 2.649e-21 0.0 157.19 0.0
S164621 177.9167 34.2864 3.5010000000000005e-20 5.1390000000000004e-20 8.381000000000001e-20 0.0 152.45 0.0
S164622 177.7564 34.3098 2.761e-19 3.302e-19 3.57e-19 0.0 154.02 0.0
S164623 177.8531 34.2993 1.5019999999999998e-23 4.647e-23 3.481e-22 0.0 152.49 0.0
S164624 177.8077 34.2918 6.701e-24 1.9619999999999998e-23 1.3299999999999998e-22 0.0 153.15 0.0
S164625 177.5887 34.3312 5.622e-18 5.354e-18 3.583e-18 0.0 157.28 0.0
S164626 177.739 34.3165 2.177e-19 2.689e-19 2.959e-19 0.0 156.25 0.0
S164627 177.7778 34.2889 1.444e-18 1.511e-18 1.235e-18 0.0 154.54 0.0
S164628 177.7221 34.3202 1.115e-18 1.222e-18 1.063e-18 0.0 156.41 0.0
S164629 177.8076 34.2976 1.1889999999999999e-23 3.483e-23 2.385e-22 0.0 153.9 0.0
S164630 177.7557 34.3222 9.242e-19 9.522e-19 7.294e-19 0.0 154.88 0.0
S164631 177.7729 34.316 6.57e-23 1.551e-22 6.521999999999999e-22 0.0 153.83 0.0
S164632 177.7763 34.3205 6.132e-21 1.0690000000000001e-20 2.3690000000000002e-20 0.0 153.53 0.0
S164633 177.7764 34.3201 3.887e-25 1.662e-24 2.432e-23 0.0 153.94 0.0
S164634 177.7617 34.3085 1.537e-19 1.973e-19 2.391e-19 0.0 153.72 0.0
S164635 177.7536 34.3085 2.204e-21 4.273e-21 1.213e-20 0.0 154.65 0.0
S164636 177.7597 34.3176 2.981e-17 2.376e-17 1.059e-17 0.0 154.66 0.0
S164637 177.7739 34.3134 8.018e-22 1.662e-21 5.182e-21 0.001 153.69 0.0
S164638 177.7524 34.3153 3.293e-23 7.772999999999999e-23 3.4019999999999995e-22 0.0 154.63 0.0
S164639 177.6628 34.3279 2.858e-20 4.161e-20 6.591e-20 0.0 157.28 0.0
S164640 177.6243 34.3257 6.55e-24 1.8629999999999998e-23 1.198e-22 0.0 157.32 1.0
S164641 177.8367 34.3106 4.944e-22 1.031e-21 3.3020000000000002e-21 0.0 152.61 0.0
S164642 177.7571 34.3138 7.814e-24 2.356e-23 1.6349999999999998e-22 0.0 153.68 0.0
S164643 177.7478 34.3077 5.036e-21 8.551e-21 1.8100000000000002e-20 0.0 155.28 0.0
S164644 177.7466 34.3209 1.037e-20 1.625e-20 3.045e-20 0.0 155.73 0.0
S164645 177.6959 34.3136 4.2140000000000004e-20 6.505e-20 1.167e-19 0.0 156.1 0.0
S164646 177.7092 34.3183 5.658e-14 3.656e-14 1.125e-14 0.0 156.7 0.0
S164647 177.7429 34.3177 3.632e-24 1.225e-23 1.091e-22 0.0 155.83 0.0
S164648 177.795 34.3061 7.58e-19 8.78e-19 8.654e-19 0.0 152.98 0.0
S164649 177.5719 34.3415 1.1159999999999999e-22 2.8249999999999996e-22 1.4220000000000001e-21 0.0 157.42 0.0
S164650 177.7598 34.3171 1.354e-19 1.858e-19 2.54e-19 0.0 154.57 0.0
S164651 177.7395 34.3147 2.9449999999999997e-22 6.873e-22 2.836e-21 0.0 155.38 0.0
S164652 177.7072 34.3139 3.728e-13 2.544e-13 9.024e-14 0.0 156.01 0.0
S164653 177.7307 34.3103 5.708e-23 1.4119999999999998e-22 6.615999999999999e-22 0.0 155.73 0.0
S164654 177.697 34.323 3.0169999999999996e-22 6.739e-22 2.564e-21 0.0 156.93 0.0
S164655 177.7506 34.303 1.857e-23 5.138e-23 3.0909999999999996e-22 0.001 154.17 0.0
S164656 177.7559 34.3097 4.347e-21 7.238e-21 1.553e-20 0.0 153.64 0.0
S164657 177.6782 34.3244 1.566e-23 4.5999999999999996e-23 3.1299999999999997e-22 0.0 157.07 0.0
S164658 177.7831 34.3133 2.49e-17 4.561e-17 1.203e-16 0.0 154.03 0.0
S164659 177.6863 34.3145 6.205e-20 8.429000000000001e-20 1.134e-19 0.0 157.07 0.0
S164660 177.7563 34.3128 1.268e-21 2.638e-21 8.675e-21 0.0 153.98 0.0
S164661 177.7678 34.2927 3.8429999999999997e-23 1.0419999999999999e-22 6.106999999999999e-22 0.0 154.67 0.0
S164662 177.7306 34.313 1.112e-18 1.247e-18 1.116e-18 0.0 156.25 0.0
S164663 177.7368 34.32 1.462e-20 2.3590000000000002e-20 4.65e-20 0.0 155.82 0.0
S164664 177.6733 34.3199 7.466e-23 1.956e-22 1.039e-21 0.0 156.86 0.0
S164665 177.7289 34.3113 6.526e-20 8.987000000000001e-20 1.261e-19 0.0 156.21 0.0
S164666 177.7532 34.3119 2.601e-19 3.306e-19 4.129e-19 0.0 154.67 0.0
S164667 177.7902 34.3092 3.3069999999999996e-22 6.568999999999999e-22 1.931e-21 0.0 153.09 0.0
S164668 177.7456 34.3248 4.042e-27 2.878e-26 1.234e-24 0.0 155.1 0.0
S164669 177.7406 34.3294 1.0769999999999999e-23 2.8e-23 1.5059999999999999e-22 0.0 155.21 0.0
S164670 177.7692 34.3006 3.838e-23 1.0009999999999999e-22 5.319e-22 0.0 154.32 0.0
S164671 177.6993 34.3206 2.187e-21 4.185e-21 1.154e-20 0.0 156.97 0.0
S164672 177.8258 34.3062 9.309e-24 2.6249999999999998e-23 1.5899999999999998e-22 0.0 152.91 0.0
S164673 177.6133 34.3397 1.122e-22 3.0179999999999996e-22 1.701e-21 0.0 157.34 0.0
S164674 177.5814 34.3263 3.0769999999999996e-22 5.810999999999999e-22 1.599e-21 0.0 157.03 0.0
S164675 177.6024 34.3202 5.568e-22 1.205e-21 4.407e-21 0.0 156.67 0.0
S164676 177.8545 34.304 1.246e-19 1.718e-19 2.371e-19 0.0 152.56 0.0
S164677 177.7182 34.3096 3.583e-18 3.484e-18 2.448e-18 0.0 155.44 0.0
S164678 177.8352 34.3043 9.532000000000001e-20 1.302e-19 1.815e-19 0.0 152.71 0.0
S164679 177.7771 34.3029 2.147e-19 2.618e-19 2.833e-19 0.0 153.26 0.0
S164680 177.8148 34.2933 2.786e-13 2.464e-13 1.342e-13 0.0 153.75 1.0
S164681 177.8459 34.3147 1.147e-22 2.5499999999999996e-22 9.819999999999999e-22 0.0 153.28 0.0
S164682 177.7369 34.3064 4.921999999999999e-22 1.184e-21 5.101e-21 0.0 155.63 0.0
S164683 177.7274 34.327 2.761e-23 7.154999999999999e-23 3.659e-22 0.0 155.33 0.0
S164684 177.7501 34.3152 1.392e-19 1.96e-19 2.87e-19 0.0 155.18 0.0
S164685 177.7619 34.3081 2.803e-18 2.949e-18 2.324e-18 0.0 153.82 0.0
S164686 177.8341 34.3075 6.274999999999999e-22 1.383e-21 5.132e-21 0.0 152.65 0.0
S164687 177.7507 34.3189 2.552e-24 8.799e-24 8.185999999999999e-23 0.0 155.0 0.0
S164688 177.5586 34.3532 4.9280000000000004e-21 8.628e-21 1.9780000000000003e-20 0.001 157.22 0.0
S164689 177.6533 34.3524 4.5119999999999996e-23 1.185e-22 6.434999999999999e-22 0.0 155.77 0.0
S164690 177.6561 34.3005 8.956999999999999e-22 1.898e-21 6.361e-21 0.0 155.63 0.0
S164691 177.5262 34.3301 3.9190000000000004e-25 1.647e-24 2.286e-23 0.0 156.97 0.0
S164692 177.7597 34.3147 3.944e-18 3.968e-18 2.908e-18 0.0 154.19 0.0
S164693 177.7444 34.3147 3.747e-19 4.513e-19 4.946e-19 0.0 155.5 0.0
S164694 177.8295 34.3018 1.793e-21 1.239e-21 4.254999999999999e-22 0.0 152.68 0.0
S164695 177.6792 34.3162 2.288e-23 6.729999999999999e-23 4.705e-22 0.0 156.26 0.0
S164696 177.7598 34.3086 9.012e-17 7.17e-17 3.361e-17 0.0 153.94 0.0
S164697 177.7272 34.3182 5.387e-18 5.267e-18 3.718e-18 0.0 156.3 1.0
S164698 177.7722 34.3095 1.244e-12 9.883e-13 4.475e-13 0.0 153.7 1.0
S164699 177.7506 34.3159 3.7519999999999995e-22 8.876e-22 3.713e-21 0.0 155.13 0.0
S164700 177.7304 34.3275 3.302e-13 2.349e-13 8.704e-14 0.0 155.62 0.0
S164701 177.7425 34.3139 5.858999999999999e-22 1.249e-21 4.403e-21 0.0 155.17 0.0
S164702 177.6769 34.3215 9.185e-21 1.529e-20 3.19e-20 0.0 157.18 0.0
S164703 177.9337 34.3076 9.312000000000001e-20 1.208e-19 1.528e-19 0.0 153.22 0.0
S164704 177.6941 34.3159 5.908e-20 7.848000000000001e-20 1.033e-19 0.0 156.86 0.0
S164705 177.6785 34.3283 2.294e-23 5.948e-23 2.9809999999999996e-22 0.0 157.13 0.0
S164706 177.7212 34.3262 4.4260000000000006e-20 6e-20 7.783000000000001e-20 0.0 156.48 0.0
S164707 177.7629 34.3107 4.475e-18 4.492e-18 3.311e-18 0.0 153.66 0.0
S164708 177.8789 34.3032 5.787e-23 1.351e-22 5.6e-22 0.0 152.53 0.0
S164709 177.6153 34.3391 1.271e-21 2.558e-21 8.219e-21 0.0 157.41 0.0
S164710 177.7586 34.3159 2.065e-21 4.108e-21 1.2720000000000002e-20 0.0 153.72 0.0
S164711 177.7732 34.3144 2.7e-19 3.397e-19 3.9e-19 0.0 153.3 0.0
S164712 177.7518 34.3134 7.938e-21 1.3270000000000002e-20 2.688e-20 0.0 154.85 0.0
S164713 177.7104 34.3182 6.058e-22 1.267e-21 4.2740000000000004e-21 0.0 156.84 0.0
S164714 177.7756 34.3149 4.1289999999999994e-22 8.195e-22 2.364e-21 0.0 153.73 0.0
S164715 177.7272 34.3142 5.289999999999999e-22 1.132e-21 3.973e-21 0.0 155.71 0.0
S164716 177.7932 34.3053 6.9630000000000005e-25 2.702e-24 3.278e-23 0.0 152.99 0.0
S164717 177.7171 34.3226 8.987e-19 9.618e-19 7.97e-19 0.0 156.31 0.0
S164718 177.7952 34.2985 1.756e-21 3.2e-21 8.1e-21 0.0 154.09 0.0
S164719 177.7472 34.3248 6.5e-20 9.325e-20 1.466e-19 0.0 155.19 0.0
S164720 177.731 34.3101 9.631999999999999e-24 2.6989999999999997e-23 1.63e-22 0.001 155.83 0.0
S164721 177.7343 34.3322 6.116e-23 1.5639999999999998e-22 7.819999999999999e-22 0.0 155.46 0.0
S164722 177.753 34.3149 1.816e-17 3.418e-17 9.165e-17 0.0 154.39 0.0
S164723 177.7639 34.2993 1.772e-21 1.2170000000000001e-21 4.1989999999999996e-22 0.0 154.44 0.0
S164724 177.7543 34.3238 1.698e-17 1.521e-17 8.657e-18 0.0 154.94 0.0
S164725 177.8085 34.2933 3.417e-20 4.769e-20 6.697e-20 0.0 152.8 0.0
S164726 177.8896 34.2998 1.454e-21 2.828e-21 8.121e-21 0.0 152.54 0.0
S164727 177.5457 34.3268 8.513e-18 8.225e-18 5.396e-18 0.0 157.15 0.0
S164728 177.7335 34.3214 1.302e-24 4.484e-24 4.2359999999999996e-23 0.0 156.44 0.0
S164729 177.7533 34.316 6.057e-19 7.115e-19 7.212e-19 0.0 154.35 0.0
S164730 177.7464 34.3184 2.323e-18 2.343e-18 1.667e-18 0.0 155.14 0.0
S164731 177.8174 34.3144 3.001e-21 5.564e-21 1.5030000000000002e-20 0.0 153.49 0.0
S164732 177.7611 34.3321 1.1809999999999999e-23 3.8259999999999995e-23 3.117e-22 0.0 154.88 0.0
S164733 177.7976 34.2982 2.495e-19 3.163e-19 3.643e-19 0.0 153.81 0.0
S164734 177.757 34.3152 3.365e-19 4.192e-19 4.484e-19 0.0 154.75 0.0
S164735 177.7129 34.3165 8.717e-19 9.645e-19 8.445e-19 0.0 156.26 0.0
S164736 177.7855 34.3102 1.33e-17 2.493e-17 6.557e-17 0.0 153.34 0.0
S164737 177.7782 34.3096 3.016e-20 4.4970000000000004e-20 7.279e-20 0.0 153.22 0.0
S164738 177.7589 34.3134 1.804e-23 4.7299999999999996e-23 2.4599999999999996e-22 0.0 153.87 0.0
S164739 177.5141 34.3335 8.595999999999999e-22 1.808e-21 6.218e-21 0.0 157.03 0.0
S164740 177.752 34.3108 7.65e-25 2.94e-24 3.399e-23 0.0 154.83 0.0
S164741 178.0753 34.2773 1.5329999999999998e-23 4.2809999999999995e-23 2.5439999999999997e-22 0.0 152.29 0.0
S164742 177.5153 34.3452 3.5790000000000004e-20 5.2900000000000005e-20 8.349000000000001e-20 0.0 157.59 0.0
S164743 177.7464 34.3069 5.681e-17 1.471e-16 7.576e-16 0.0 154.95 1.0
S164744 177.7572 34.3124 1.8799999999999998e-22 4.411e-22 1.894e-21 0.0 153.78 0.0
S164745 177.7543 34.3117 5.2640000000000003e-20 7.655e-20 1.16e-19 0.0 153.81 0.0
S164746 177.6547 34.3179 4.324e-21 7.745e-21 1.826e-20 0.0 156.82 0.0
S164747 177.7434 34.3134 1.727e-23 5.342e-23 3.913e-22 0.0 155.59 0.0
S164748 177.7442 34.3054 1.674e-23 4.93e-23 3.3089999999999997e-22 0.0 155.29 0.0
S164749 177.8006 34.303 1.888e-21 3.995e-21 1.38e-20 0.0 152.92 0.0
S164750 177.7586 34.3126 4.92e-21 8.593e-21 1.998e-20 0.0 154.51 0.0
S164751 177.7533 34.3088 2.8680000000000002e-21 5.651e-21 1.615e-20 0.0 154.78 0.0
S164752 177.7657 34.3103 4.82e-25 2.279e-24 4.1899999999999995e-23 0.0 154.53 0.0
S164753 177.7516 34.3141 1.752e-21 3.3080000000000002e-21 8.68e-21 0.0 157.53 0.0
S164754 177.7732 34.3031 3.954e-17 3.34e-17 1.725e-17 0.0 154.47 0.0
S164755 177.8025 34.3028 1.465e-17 1.317e-17 7.748e-18 0.0 153.11 0.0
S164756 177.7525 34.3163 1.517e-19 1.962e-19 2.451e-19 0.0 155.53 0.0
S164757 177.7457 34.3194 1.757e-18 1.799e-18 1.364e-18 0.0 156.23 0.0
S164758 177.7948 34.3447 1.648e-22 3.9749999999999996e-22 1.735e-21 0.0 154.7 0.0
S164759 177.7441 34.3161 2.364e-24 8.184e-24 7.734e-23 0.0 155.64 0.0
S164760 177.7229 34.3181 5.21e-23 1.3869999999999999e-22 7.515e-22 0.0 156.57 0.0
S164761 177.7604 34.325 1.529e-18 1.703e-18 1.505e-18 0.0 154.75 0.0
S164762 177.8372 34.3132 2.3349999999999997e-22 5.434e-22 2.303e-21 0.0 153.23 0.0
S164763 177.8232 34.3092 4.9219999999999997e-23 1.2789999999999998e-22 6.746999999999999e-22 0.0 152.97 0.0
S164764 177.8051 34.3111 5.613e-23 1.411e-22 6.918e-22 0.0 153.3 0.0
S164765 177.7847 34.3137 2.7569999999999996e-22 6.761999999999999e-22 3.111e-21 0.0 153.98 0.0
S164766 177.7489 34.3139 1.6869999999999998e-24 5.817e-24 5.434e-23 0.0 155.2 0.0
S164767 177.7566 34.3122 4.17e-21 7.592e-21 1.8380000000000002e-20 0.0 154.29 0.0
S164768 177.8021 34.3089 3.622e-20 4.989e-20 7.020000000000001e-20 0.0 153.61 0.0
S164769 177.7464 34.3351 3.642e-17 9.184e-17 4.358e-16 0.0 155.04 1.0
S164770 177.7512 34.3077 4.5840000000000006e-20 6.54e-20 1.017e-19 0.0 154.83 0.0
S164771 177.8343 34.298 2.3429999999999997e-22 5.238e-22 2.031e-21 0.0 152.67 0.0
S164772 177.8197 34.2974 3.543e-23 9.274999999999999e-23 4.892999999999999e-22 0.0 153.73 0.0
S164773 177.8588 34.2927 3.665e-18 3.628e-18 2.613e-18 0.0 152.89 0.0
S164774 177.7713 34.3046 1.494e-21 3.1180000000000002e-21 1.0520000000000001e-20 0.0 153.51 0.0
S164775 177.88 34.3096 2.62e-13 1.755e-13 5.902e-14 0.0 153.25 0.0
S164776 177.6994 34.3128 2.115e-18 2.07e-18 1.443e-18 0.0 156.39 0.0
S164777 177.7517 34.3124 9.12e-22 1.907e-21 6.333e-21 0.0 153.81 0.0
S164778 177.7359 34.3138 1.1150000000000002e-20 1.9090000000000003e-20 4.3590000000000004e-20 0.0 155.39 0.0
S164779 177.7551 34.3212 5.736999999999999e-22 1.18e-21 3.615e-21 0.0 154.78 0.0
S164780 177.792 34.3111 1.0509999999999999e-22 2.57e-22 1.172e-21 0.0 153.29 0.0
S164781 177.8115 34.3226 4.056e-19 4.898e-19 5.31e-19 0.0 154.16 0.0
S164782 177.7626 34.3097 4.241e-21 7.620000000000001e-21 1.8890000000000002e-20 0.0 153.81 0.0
S164783 177.6836 34.3226 2.812e-19 3.49e-19 3.86e-19 0.0 157.08 0.0
S164784 177.6748 34.3282 3.6659999999999997e-22 7.7629999999999995e-22 2.7e-21 0.0 156.9 0.0
S164785 177.7822 34.3134 1.199e-22 2.828e-22 1.203e-21 0.0 154.02 0.0
S164786 177.6811 34.3308 5.625e-19 6.582e-19 6.385e-19 0.0 156.97 0.0
S164787 177.7548 34.3142 2.848e-21 5.234e-21 1.2860000000000001e-20 0.0 153.74 0.0
S164788 177.7399 34.3119 8.494e-23 2.1939999999999997e-22 1.178e-21 0.0 155.44 0.0
S164789 177.7357 34.3213 8.07e-18 7.633e-18 4.905e-18 0.001 156.44 0.0
S164790 177.6722 34.3302 2.828e-24 9.861e-24 9.533e-23 0.0 157.17 0.0
S164791 177.7192 34.3152 3.154e-22 7.046999999999999e-22 2.723e-21 0.0 156.13 0.0
S164792 177.7017 34.3111 3.459e-20 5.092e-20 8.005000000000001e-20 0.0 156.53 0.0
S164793 177.6105 34.3321 1.038e-21 2.132e-21 6.783e-21 0.0 157.32 0.0
S164794 177.7734 34.3199 4.3e-13 3.164e-13 1.22e-13 0.0 154.05 0.0
S164795 177.7617 34.3096 7.313999999999999e-22 1.511e-21 4.972e-21 0.0 154.28 0.0
S164796 177.7688 34.316 3.88e-23 1.098e-22 6.959999999999999e-22 0.0 154.11 0.0
S164797 177.7558 34.3289 4.933e-24 1.586e-23 1.3049999999999998e-22 0.0 154.91 0.0
S164798 177.7603 34.3147 5.735e-23 1.7e-22 1.2260000000000001e-21 0.0 154.39 0.0
S164799 177.7405 34.3238 1.902e-18 1.776e-18 1.114e-18 0.0 156.16 0.0
S164800 178.0055 34.2829 5.926999999999999e-23 1.6229999999999997e-22 9.644e-22 0.0 152.29 0.0
S164801 177.6616 34.323 5.984e-21 1.011e-20 2.1270000000000003e-20 0.0 157.04 0.0
S164802 177.6755 34.3246 2.1310000000000002e-20 3.3430000000000005e-20 5.930000000000001e-20 0.0 156.25 1.0
S164803 177.7067 34.2988 8.542e-23 1.904e-22 7.189999999999999e-22 0.0 155.36 0.0
S164804 177.7355 34.3171 2.505e-21 4.882e-21 1.3720000000000002e-20 0.0 155.38 0.0
S164805 177.6633 34.3056 3.801e-21 6.967000000000001e-21 1.805e-20 0.0 155.76 0.0
S164806 177.6449 34.3407 7.428e-21 1.2760000000000001e-20 2.845e-20 0.0 157.26 0.0
S164807 177.5012 34.3434 6.74e-19 7.784e-19 7.486e-19 0.0 157.53 0.0
S164808 177.727 34.3186 2.285e-21 4.192e-21 1.0740000000000001e-20 0.0 156.04 0.0
S164809 177.7834 34.3138 2.4609999999999997e-22 5.881e-22 2.591e-21 0.0 153.62 0.0
S164810 177.7164 34.3149 1.09e-17 2.042e-17 5.593e-17 0.0 156.46 0.0
S164811 177.7705 34.3076 2.864e-20 4.1180000000000003e-20 6.357e-20 0.0 153.93 0.0
S164812 177.7668 34.3173 3.67e-17 8.211e-17 3.097e-16 0.0 153.66 1.0
S164813 177.7766 34.3123 4.283e-23 1.14e-22 6.116e-22 0.0 153.84 0.0
S164814 177.7451 34.3095 2.2850000000000003e-20 3.4610000000000004e-20 5.896e-20 0.0 156.05 0.0
S164815 177.6071 34.3237 1.667e-21 3.119e-21 8.47e-21 0.0 156.98 0.0
S164816 177.7434 34.3182 2.1200000000000003e-20 3.297e-20 5.884000000000001e-20 0.0 155.41 0.0
S164817 177.4462 34.357 1.206e-21 2.423e-21 7.378e-21 0.0 157.58 0.0
S164818 177.6959 34.3153 1.083e-22 2.7129999999999996e-22 1.31e-21 0.0 156.8 0.0
S164819 177.6946 34.3207 3.3429999999999995e-22 7.921999999999999e-22 3.293e-21 0.0 157.02 0.0
S164820 177.7502 34.3111 1.7309999999999998e-22 4.417999999999999e-22 2.26e-21 0.0 155.12 0.0
S164821 177.8045 34.3091 5.255e-23 1.4899999999999998e-22 9.219999999999999e-22 0.0 152.8 0.0
S164822 177.83 34.3033 5.927e-20 8.026000000000001e-20 1.097e-19 0.0 152.65 0.0
S164823 177.7381 34.3112 4.245e-19 4.888e-19 4.71e-19 0.0 156.22 0.0
S164824 177.7154 34.313 3.388e-21 6.783e-21 2.0020000000000003e-20 0.0 156.73 0.0
S164825 177.7893 34.3105 7.357000000000001e-20 1.033e-19 1.551e-19 0.0 153.57 0.0
S164826 177.7981 34.3096 2.1330000000000002e-26 1.1690000000000001e-25 2.9219999999999998e-24 0.0 153.48 0.0
S164827 177.707 34.3151 2.84e-13 2.355e-13 1.13e-13 0.0 156.73 1.0
S164828 177.5837 34.3286 5.6e-18 9.907e-18 2.39e-17 0.0 157.47 0.0
S164829 177.7088 34.3274 3.4e-24 1.152e-23 1.069e-22 0.0 155.82 0.0
S164830 177.6005 34.3392 2.288e-24 8.653e-24 9.681e-23 0.0 157.18 0.0
S164831 177.6008 34.3468 3.692e-20 5.471e-20 9.003e-20 0.0 156.99 0.0
S164832 177.7556 34.3146 3.035e-22 6.878999999999999e-22 2.629e-21 0.0 154.27 0.0
S164833 177.7508 34.3158 2.947e-24 1e-23 9.169e-23 0.0 155.54 0.0
S164834 177.7518 34.316 5.729e-21 1.0100000000000001e-20 2.3420000000000002e-20 0.0 155.73 0.0
S164835 177.7702 34.3119 1.7139999999999999e-22 4.3459999999999995e-22 2.199e-21 0.0 153.46 0.0
S164836 177.7515 34.3129 2.4849999999999998e-22 5.809999999999999e-22 2.409e-21 0.0 154.85 0.0
S164837 177.4636 34.3597 9.675e-22 2.102e-21 7.391e-21 0.0 157.5 0.0
S164838 177.7616 34.3053 1.451e-23 4.44e-23 3.201e-22 0.0 154.51 0.0
S164839 177.6886 34.3295 4.19e-21 7.807e-21 1.9930000000000002e-20 0.0 157.12 0.0
S164840 177.7572 34.3111 7.602e-21 1.3310000000000001e-20 3.002e-20 0.0 153.72 0.0
S164841 177.7959 34.3056 5.124e-23 1.2819999999999998e-22 6.135999999999999e-22 0.0 153.2 0.0
S164842 178.0539 34.2663 2.678e-24 9.022999999999999e-24 8.355e-23 0.0 152.31 0.0
S164843 177.7589 34.311 4.041e-24 1.3189999999999999e-23 1.1189999999999998e-22 0.001 154.61 0.0
S164844 177.7374 34.3184 7.657000000000001e-21 1.337e-20 3.03e-20 0.0 156.31 0.0
S164845 177.8101 34.3118 6.82e-18 1.151e-17 2.42e-17 0.0 153.52 0.0
S164846 177.5859 34.3152 1.2190000000000001e-20 2.005e-20 3.9630000000000006e-20 0.0 156.39 0.0
S164847 177.7625 34.3092 1.678e-22 3.5769999999999998e-22 1.246e-21 0.0 154.52 0.0
S164848 177.7671 34.3169 4.84e-19 5.855e-19 6.202e-19 0.0 153.49 0.0
S164849 177.7422 34.3216 4.324e-24 1.3229999999999999e-23 9.676999999999999e-23 0.0 156.29 0.0
S164850 177.6457 34.3262 1.247e-21 8.912e-22 3.259e-22 0.0 157.31 0.0
S164851 177.5169 34.3504 2.378e-24 8.27e-24 8.204e-23 0.0 157.31 0.0
S164852 177.7441 34.3161 2.591e-22 6.255999999999999e-22 2.671e-21 0.0 155.51 0.0
S164853 177.7838 34.3196 1.359e-22 3.3389999999999997e-22 1.6e-21 0.0 154.09 0.0
S164854 177.7336 34.3056 2.881e-22 6.6929999999999995e-22 2.8680000000000002e-21 0.0 155.6 0.0
S164855 177.6269 34.3329 1.1069999999999999e-23 3.6019999999999996e-23 3.1369999999999996e-22 0.0 157.31 0.0
S164856 177.8482 34.2998 4.8190000000000006e-20 6.681000000000001e-20 9.235000000000001e-20 0.0 152.98 0.0
S164857 177.6883 34.3256 1.1539999999999999e-23 3.494e-23 2.525e-22 0.0 156.91 0.0
S164858 177.7315 34.3081 1.691e-21 1.161e-21 4.0289999999999997e-22 0.0 155.76 0.0
S164859 177.7084 34.3201 3.141e-22 7.482e-22 3.204e-21 0.0 156.67 0.0
S164860 177.787 34.3235 3.668e-22 7.834999999999999e-22 2.78e-21 0.0 154.26 0.0
S164861 177.7511 34.3147 1.713e-23 4.3329999999999995e-23 2.234e-22 0.001 155.03 0.0
S164862 177.8758 34.291 6.606e-22 1.512e-21 6.0340000000000005e-21 0.0 152.85 0.0
S164863 177.7382 34.3088 2.685e-25 1.116e-24 1.555e-23 0.0 156.22 0.0
S164864 177.7579 34.3152 5.769e-24 1.744e-23 1.2269999999999998e-22 0.0 154.33 0.0
S164865 177.769 34.3105 1.1719999999999999e-23 3.502e-23 2.4689999999999997e-22 0.0 153.59 0.0
S164866 177.7558 34.3276 1.5650000000000001e-21 1.099e-21 3.83e-22 0.0 154.91 0.0
S164867 177.6651 34.3207 6.746999999999999e-23 1.8159999999999997e-22 1.0090000000000001e-21 0.0 156.52 0.0
S164868 177.8108 34.313 3.1120000000000002e-21 5.634e-21 1.362e-20 0.0 153.33 0.0
S164869 177.7395 34.3174 5.573e-28 4.894e-27 3.25e-25 0.0 156.13 0.0
S164870 177.7632 34.2952 2.208e-20 3.332e-20 5.640000000000001e-20 0.0 154.71 0.0
S164871 177.7263 34.3103 3.0039999999999996e-23 7.645e-23 4.0179999999999995e-22 0.0 155.59 0.0
S164872 177.7259 34.3176 3.2999999999999996e-22 7.546999999999999e-22 3.105e-21 0.0 156.14 0.0
S164873 177.5109 34.3506 5.2819999999999995e-22 1.117e-21 3.732e-21 0.0 157.56 0.0
S164874 177.773 34.3059 5.465e-21 9.316e-21 2.0400000000000003e-20 0.001 154.01 0.0
S164875 177.8289 34.2929 9.006999999999998e-22 1.8930000000000002e-21 6.101e-21 0.0 153.39 0.0
S164876 177.7533 34.3175 5.505e-26 2.718e-25 5.7789999999999996e-24 0.0 154.12 0.0
S164877 177.7265 34.3198 3.9059999999999994e-22 8.403e-22 3.026e-21 0.0 156.49 0.0
S164878 177.7192 34.2917 1.9750000000000003e-20 3.3230000000000004e-20 6.846e-20 0.0 155.1 0.0
S164879 177.7298 34.3127 6.902e-21 1.2100000000000001e-20 2.769e-20 0.0 155.86 0.0
S164880 177.7977 34.3033 8.987000000000001e-21 1.4510000000000002e-20 2.7990000000000004e-20 0.0 153.13 0.0
S164881 177.791 34.3129 4.5120000000000004e-21 8.216e-21 1.9900000000000002e-20 0.0 153.66 0.0
S164882 177.679 34.3206 2.542e-19 3.341e-19 4.307e-19 0.0 156.97 0.0
S164883 177.7902 34.3126 1.034e-23 2.934e-23 1.8589999999999999e-22 0.0 153.35 0.0
S164884 177.7685 34.316 2.673e-24 8.896e-24 8.139e-23 0.0 154.04 0.0
S164885 177.7904 34.2964 1.21e-17 1.102e-17 6.757e-18 0.0 154.25 0.0
S164886 177.8 34.3049 8.756e-21 1.536e-20 3.734e-20 0.0 153.39 0.0
S164887 177.8025 34.2972 3.391e-17 7.684e-17 2.997e-16 0.0 153.61 1.0
S164888 177.8515 34.3064 6.984e-18 1.184e-17 2.497e-17 0.0 152.74 0.0
S164889 177.9011 34.3034 1.148e-21 2.276e-21 6.74e-21 0.0 152.86 0.0
S164890 177.7549 34.3089 5.61e-17 1.084e-16 3.005e-16 0.0 154.0 0.0
S164891 177.6854 34.3286 3.335e-25 1.317e-24 1.679e-23 0.0 157.14 0.0
S164892 177.6278 34.3339 1.439e-23 4.1119999999999995e-23 2.7709999999999995e-22 0.0 157.37 0.0
S164893 177.7201 34.3234 4.742e-16 1.46e-15 1.13e-14 0.0 156.53 1.0
S164894 177.7129 34.3149 2.171e-23 6.052e-23 3.622e-22 0.0 156.68 0.0
S164895 177.7651 34.3124 2.0199999999999997e-22 4.962e-22 2.33e-21 0.0 154.32 0.0
S164896 177.7549 34.312 1.47e-18 1.607e-18 1.383e-18 0.0 153.64 0.0
S164897 177.7463 34.318 6.578e-19 7.814e-19 7.968e-19 0.0 155.52 0.0
S164898 177.7487 34.3165 1.0760000000000001e-20 1.763e-20 3.534e-20 0.0 155.24 0.0
S164899 177.7143 34.3184 2.278e-19 3.14e-19 4.388e-19 0.0 156.41 0.0
S164900 177.717 34.3137 2.142e-19 2.748e-19 3.279e-19 0.0 155.56 0.0
S164901 177.7318 34.3133 3.05e-22 6.730999999999999e-22 2.511e-21 0.0 156.38 0.0
S164902 177.6418 34.3297 3.922e-18 3.805e-18 2.55e-18 0.0 157.24 0.0
S164903 177.7157 34.3195 4.609999999999999e-22 9.072999999999999e-22 2.702e-21 0.0 156.72 0.0
S164904 177.8718 34.2926 5.0319999999999996e-23 1.3239999999999999e-22 7.114e-22 0.0 152.52 0.0
S164905 177.8174 34.3265 7.221e-24 2.371e-23 2.101e-22 0.0 154.19 0.0
S164906 177.7645 34.3145 1.239e-21 2.555e-21 8.403e-21 0.0 154.18 0.0
S164907 177.7735 34.3201 1.708e-21 1.196e-21 4.1019999999999996e-22 0.0 154.54 0.0
S164908 177.8489 34.3061 9.363999999999998e-22 6.970999999999999e-22 2.7499999999999996e-22 0.0 152.58 0.0
S164909 177.848 34.3109 3.412e-21 6.4490000000000004e-21 1.657e-20 0.0 152.81 0.0
S164910 177.7394 34.3233 1.92e-21 3.767e-21 1.1260000000000001e-20 0.0 155.48 0.0
S164911 177.7213 34.3136 1.278e-17 1.11e-17 5.953e-18 0.0 156.13 0.0
S164912 177.8234 34.3096 1.274e-21 2.344e-21 5.9390000000000005e-21 0.0 152.66 0.0
S164913 177.725 34.2986 5.184e-18 9.115e-18 2.122e-17 0.0 155.16 0.0
S164914 177.7263 34.3113 1.616e-17 1.404e-17 7.705e-18 0.0 156.38 0.0
S164915 177.7527 34.3122 2.271e-17 2.05e-17 1.162e-17 0.0 153.46 0.0
S164916 177.8272 34.3014 5.472e-23 1.292e-22 5.717e-22 0.0 152.65 0.0
S164917 177.7134 34.3192 4.9999999999999997e-23 1.27e-22 6.166999999999999e-22 0.0 156.34 0.0
S164918 177.7099 34.3234 9.362e-18 1.747e-17 4.425e-17 0.0 156.85 0.0
S164919 177.785 34.309 1.41e-23 3.756e-23 2.0439999999999998e-22 0.0 153.28 0.0
S164920 177.7891 34.3114 2.5000000000000002e-20 3.651e-20 5.954000000000001e-20 0.0 153.62 0.0
S164921 177.7915 34.3216 2.926e-18 2.962e-18 2.169e-18 0.0 154.05 0.0
S164922 177.7509 34.3128 1.575e-18 1.713e-18 1.511e-18 0.0 154.94 0.0
S164923 177.6072 34.3382 2.4169999999999998e-23 6.09e-23 3.023e-22 0.0 157.1 0.0
S164924 177.8087 34.3211 4.574e-19 5.368e-19 5.332e-19 0.0 153.86 0.0
S164925 177.5303 34.3406 5.059e-19 6.031e-19 6.236e-19 0.0 157.52 0.0
S164926 177.7169 34.3185 2.725e-20 4.134e-20 7.187e-20 0.0 156.72 0.0
S164927 177.75 34.3107 7.311999999999999e-22 5.556e-22 2.3339999999999996e-22 0.0 155.96 0.0
S164928 177.7585 34.3119 6.673e-25 2.568e-24 3.179e-23 0.0 154.37 0.0
S164929 177.5696 34.3349 1.324e-18 1.493e-18 1.403e-18 0.0 157.47 0.0
S164930 177.5591 34.3385 1.607e-21 3.135e-21 8.715e-21 0.0 157.29 0.0
S164931 177.7056 34.3164 1.444e-22 3.5299999999999996e-22 1.635e-21 0.0 156.7 0.0
S164932 177.5436 34.3415 1.0479999999999999e-22 2.7509999999999997e-22 1.485e-21 0.0 157.4 0.0
S164933 177.8879 34.2975 3.802e-24 1.3509999999999998e-23 1.3789999999999998e-22 0.001 152.54 0.0
S164934 177.7755 34.2977 2.159e-21 1.43e-21 4.610999999999999e-22 0.0 154.25 0.0
S164935 177.9027 34.2706 1.412e-17 1.277e-17 7.695e-18 0.0 153.33 0.0
S164936 177.7516 34.3117 1.89e-23 5.325e-23 3.3309999999999997e-22 0.0 154.79 0.0
S164937 177.7555 34.3095 2.494e-22 5.823e-22 2.502e-21 0.0 154.44 0.0
S164938 177.7265 34.316 2.799e-22 5.993999999999999e-22 2.117e-21 0.0 156.22 0.0
S164939 177.7346 34.3173 1.2039999999999998e-22 2.6699999999999997e-22 1.0120000000000001e-21 0.0 155.75 0.0
S164940 177.7626 34.3074 1.8509999999999998e-22 4.916e-22 2.6960000000000002e-21 0.0 154.09 0.0
S164941 177.7839 34.3085 1.267e-17 2.981e-17 1.327e-16 0.0 153.11 0.0
S164942 177.721 34.3162 9.740000000000001e-20 1.288e-19 1.688e-19 0.0 156.59 0.0
S164943 177.6758 34.3234 1.0240000000000001e-20 1.68e-20 3.4400000000000004e-20 0.0 157.02 0.0
S164944 177.7502 34.3193 4.321e-24 1.467e-23 1.3599999999999998e-22 0.0 156.18 0.0
S164945 177.8923 34.2899 1.9030000000000002e-20 2.941e-20 5.2610000000000006e-20 0.0 152.37 0.0
S164946 177.7127 34.3238 4.9150000000000007e-20 7.261000000000001e-20 1.186e-19 0.0 156.59 0.0
S164947 177.7485 34.3139 3.453e-22 8.382999999999999e-22 3.801e-21 0.0 156.02 1.0
S164948 177.5229 34.3422 7.988e-13 6.131e-13 2.676e-13 0.0 157.41 1.0
S164949 177.6877 34.3295 8.380999999999999e-24 2.5549999999999998e-23 1.86e-22 0.0 156.63 0.0
S164950 177.7524 34.3145 5.9500000000000004e-21 1.0700000000000002e-20 2.5900000000000002e-20 0.0 154.07 0.0
S164951 177.8116 34.3028 1.251e-22 2.8989999999999996e-22 1.23e-21 0.0 152.76 0.0
S164952 177.7144 34.3211 2.776e-21 5.292e-21 1.488e-20 0.0 156.76 0.0
S164953 177.7644 34.311 7.29e-22 1.557e-21 5.366e-21 0.0 154.4 0.0
S164954 177.6748 34.3315 1.029e-17 1.4e-17 1.896e-17 0.0 157.18 0.0
S164955 177.7971 34.3192 3.1149999999999998e-24 1.069e-23 1.0019999999999999e-22 0.0 154.08 0.0
S164956 177.7631 34.3078 5.22e-24 1.786e-23 1.685e-22 0.0 153.5 0.0
S164957 177.6695 34.327 1.492e-19 1.888e-19 2.283e-19 0.0 157.15 0.0
S164958 177.6994 34.3348 8.345e-22 1.6330000000000001e-21 4.55e-21 0.0 155.59 0.0
S164959 177.752 34.3133 4.536e-26 2.359e-25 5.247e-24 0.0 154.76 0.0
S164960 177.7583 34.3171 2.3660000000000002e-20 3.575e-20 5.895000000000001e-20 0.0 154.56 0.0
S164961 177.5577 34.3488 9.804000000000001e-20 1.248e-19 1.507e-19 0.0 157.18 0.0
S164962 177.7519 34.317 2.595e-20 3.899e-20 6.35e-20 0.001 155.02 0.0
S164963 177.6517 34.3289 1.4e-23 3.603e-23 1.8269999999999997e-22 0.0 157.27 0.0
S164964 177.8306 34.304 1.513e-17 2.068e-17 2.756e-17 0.0 152.74 0.0
S164965 177.6717 34.3253 5.466e-21 9.794e-21 2.3970000000000002e-20 0.0 156.25 0.0
S164966 177.7337 34.3087 7.285999999999999e-22 1.588e-21 5.684e-21 0.0 156.4 0.0
S164967 177.7371 34.3139 1.027e-21 7.427999999999999e-22 2.813e-22 0.0 156.05 0.0
S164968 177.6669 34.3513 1.0629999999999998e-22 2.859e-22 1.561e-21 0.001 155.77 0.0
S164969 177.804 34.3123 2.057e-20 3.056e-20 4.7920000000000006e-20 0.0 153.29 0.0
S164970 177.7474 34.3151 2.43e-24 8.673e-24 8.563e-23 0.0 155.03 0.0
S164971 177.8705 34.2921 6.569e-19 7.336e-19 6.693e-19 0.0 152.82 0.0
S164972 177.6857 34.3263 8.897e-20 1.19e-19 1.567e-19 0.0 157.19 0.0
S164973 177.7795 34.3174 3.893e-23 1.113e-22 7.096e-22 0.0 153.27 0.0
S164974 177.7391 34.3117 2.577e-22 6.236e-22 2.804e-21 0.0 155.98 0.0
S164975 177.7396 34.3066 7.128000000000001e-20 9.791e-20 1.396e-19 0.0 156.17 0.0
S164976 177.7475 34.313 1.8199999999999998e-22 4.046e-22 1.533e-21 0.0 156.22 1.0
S164977 177.7522 34.3106 2.2e-24 7.233e-24 6.376e-23 0.0 154.77 0.0
S164978 177.7609 34.3121 2.597e-21 4.864e-21 1.3030000000000002e-20 0.0 153.65 0.0
S164979 177.8165 34.3025 3.4740000000000005e-20 5.589000000000001e-20 1.073e-19 0.0 153.37 0.0
S164980 177.5686 34.3515 1.1499999999999999e-23 3.6149999999999996e-23 2.775e-22 0.0 157.15 0.0
S164981 177.7471 34.3197 1.6869999999999998e-22 3.9609999999999996e-22 1.671e-21 0.0 155.95 0.0
S164982 177.76 34.3153 2.296e-19 2.779e-19 2.988e-19 0.0 154.6 0.0
S164983 177.7532 34.3123 1.4649999999999999e-24 4.997e-24 4.5419999999999997e-23 0.0 154.2 0.0
S164984 177.8186 34.3146 8.957e-24 2.632e-23 1.7379999999999997e-22 0.0 153.55 0.0
S164985 177.7514 34.3127 1.8899999999999997e-22 4.463999999999999e-22 1.879e-21 0.0 154.76 0.0
S164986 177.7414 34.3262 1.8e-19 2.311e-19 2.84e-19 0.0 155.22 0.0
S164987 177.802 34.3077 1.341e-24 5.065e-24 5.836999999999999e-23 0.0 153.88 0.0
S164988 177.7179 34.3217 6.162e-24 1.8369999999999998e-23 1.2569999999999999e-22 0.0 156.49 0.0
S164989 177.7456 34.3111 1.559e-18 1.69e-18 1.485e-18 0.0 155.1 0.0
S164990 177.7927 34.3089 8.153999999999999e-22 1.796e-21 6.753e-21 0.0 153.05 0.0
S164991 177.7348 34.3373 2.305e-20 3.581e-20 6.571000000000001e-20 0.0 155.18 0.0
S164992 177.7402 34.3163 6.808000000000001e-20 9.733000000000001e-20 1.477e-19 0.0 155.64 0.0
S164993 177.7459 34.3144 3.109e-19 3.887e-19 4.54e-19 0.0 155.93 0.0
S164994 177.763 34.3019 2.281e-18 2.309e-18 1.65e-18 0.0 154.44 0.0
S164995 177.3332 34.3367 2.813e-21 5.129e-21 1.2480000000000001e-20 0.0 156.87 0.0
S164996 177.7307 34.3076 1.54e-22 3.7459999999999996e-22 1.744e-21 0.0 155.4 0.0
S164997 177.7729 34.3066 5.947000000000001e-20 7.936e-20 1.007e-19 0.0 154.24 0.0
S164998 177.8216 34.2934 8.014e-23 1.9719999999999997e-22 9.431999999999999e-22 0.0 153.65 0.0
S164999 177.8183 34.3015 2.1129999999999998e-23 7.08e-23 6.229999999999999e-22 0.0 153.22 0.0
S165000 177.7536 34.3186 1.95e-21 1.319e-21 4.377e-22 0.0 154.92 0.0
S165001 177.7847 34.3127 7.654e-21 1.2690000000000001e-20 2.5270000000000003e-20 0.0 153.53 0.0
S165002 177.7174 34.3156 3.411e-24 1.04e-23 7.81e-23 0.0 156.46 0.0
S165003 177.6493 34.3262 4.8209999999999996e-23 1.239e-22 6.498999999999999e-22 0.0 157.06 0.0
S165004 177.5913 34.3227 9.204e-19 1.058e-18 1.016e-18 0.0 157.07 0.0
S165005 177.7513 34.3132 4.5190000000000005e-26 2.516e-25 6.61e-24 0.0 154.92 0.0
S165006 177.7223 34.3186 1.466e-19 1.87e-19 2.247e-19 0.0 156.14 0.0
S165007 177.7761 34.3141 1.388e-18 1.453e-18 1.182e-18 0.0 153.33 0.0
S165008 177.7565 34.307 1.415e-18 1.418e-18 1.031e-18 0.0 154.15 0.0
S165009 177.8238 34.312 1.8049999999999997e-22 3.9729999999999994e-22 1.479e-21 0.0 153.13 0.0
S165010 177.8169 34.2992 2.918e-21 5.21e-21 1.254e-20 0.0 153.36 0.0
S165011 177.7398 34.3153 1.167e-17 1.038e-17 6.007e-18 0.0 155.43 0.0
S165012 177.7296 34.3129 1.424e-19 1.949e-19 2.617e-19 0.0 156.4 0.0
S165013 177.7489 34.3161 2.326e-19 2.964e-19 3.444e-19 0.0 155.42 0.0
S165014 177.7391 34.313 4.277e-23 1.132e-22 6.007999999999999e-22 0.0 155.88 0.0
S165015 177.7449 34.3033 2.025e-19 2.538e-19 2.86e-19 0.0 155.73 1.0
S165016 177.7355 34.3172 4.1160000000000005e-20 6.515000000000001e-20 1.198e-19 0.0 155.89 0.0
S165017 177.6203 34.333 1.043e-17 9.8e-18 6.229e-18 0.0 157.22 0.0
S165018 177.7499 34.3249 1.239e-24 4.404e-24 4.2099999999999996e-23 0.0 155.89 0.0
S165019 177.6798 34.3226 3.175e-23 7.642e-23 3.5159999999999997e-22 0.0 156.71 0.0
S165020 177.758 34.3171 4.329e-19 5.079e-19 5.266e-19 0.0 154.54 0.0
S165021 177.7602 34.3182 1.249e-19 1.636e-19 2.04e-19 0.0 153.59 0.0
S165022 177.7307 34.3264 4.7770000000000007e-20 6.849e-20 1.067e-19 0.0 155.96 0.0
S165023 177.8376 34.3225 9.129e-23 2.152e-22 9.237e-22 0.0 154.11 0.0
S165024 177.7655 34.3198 1.615e-21 2.991e-21 7.875e-21 0.0 153.49 0.0
S165025 177.6649 34.3136 2.73e-21 5.393e-21 1.652e-20 0.0 156.3 0.0
S165026 177.7551 34.3135 1.618e-21 3.067e-21 8.532e-21 0.0 153.63 0.0
S165027 177.6791 34.3292 5.972e-19 6.971e-19 6.852e-19 0.0 156.69 0.0
S165028 177.7692 34.3109 6.116e-20 8.353000000000001e-20 1.177e-19 0.0 153.49 0.0
S165029 177.7548 34.3113 1.863e-24 6.898e-24 7.665e-23 0.0 154.0 0.0
S165030 177.6813 34.3264 3.582e-18 3.578e-18 2.579e-18 0.0 157.12 0.0
S165031 177.7025 34.3103 5.735e-24 1.846e-23 1.57e-22 0.0 156.76 0.0
S165032 177.741 34.3161 4.621999999999999e-22 9.615e-22 3.223e-21 0.0 156.19 0.0
S165033 177.6119 34.3221 4.135e-21 7.67e-21 1.9060000000000003e-20 0.0 156.69 0.0
S165034 177.7414 34.3263 1.671e-21 2.901e-21 6.514e-21 0.0 155.2 0.0
S165035 177.752 34.3142 8.023999999999999e-23 1.9029999999999998e-22 8.256e-22 0.0 154.84 0.0
S165036 177.8908 34.2868 5.341e-24 1.6239999999999998e-23 1.228e-22 0.0 152.38 0.0
S165037 177.7698 34.3084 4.5100000000000005e-20 6.763000000000001e-20 1.097e-19 0.0 154.42 0.0
S165038 177.7466 34.3123 4.697e-28 4.234e-27 3.039e-25 0.0 155.25 0.0
S165039 177.7297 34.32 8.199000000000001e-25 3.073e-24 3.4719999999999996e-23 0.0 156.33 0.0
S165040 177.7304 34.2897 1.138e-19 1.576e-19 2.21e-19 0.0 155.03 0.0
S165041 177.7628 34.3137 1.465e-21 3.018e-21 1.0000000000000001e-20 0.0 154.1 0.0
S165042 177.7421 34.3148 5.993e-24 1.914e-23 1.5339999999999998e-22 0.0 155.76 0.0
S165043 177.7494 34.3082 2.642e-19 3.353e-19 3.906e-19 0.0 154.73 0.0
S165044 177.7181 34.3245 2.428e-19 2.999e-19 3.229e-19 0.0 156.14 0.0
S165045 177.7465 34.3182 2.28e-23 5.932e-23 3.1009999999999997e-22 0.0 156.17 0.0
S165046 177.7967 34.3114 2.589e-18 2.796e-18 2.348e-18 0.0 153.11 0.0
S165047 177.7616 34.32 3.876e-22 8.274999999999999e-22 2.922e-21 0.0 153.57 0.0
S165048 177.8168 34.3015 7.672999999999999e-22 1.646e-21 5.7010000000000005e-21 0.0 153.63 0.0
S165049 177.7839 34.3205 2.54e-22 6.328e-22 2.937e-21 0.0 153.84 0.0
S165050 178.1578 34.2887 1.418e-19 1.815e-19 2.142e-19 0.0 153.08 0.0
S165051 177.7517 34.3102 1.5530000000000001e-21 1.074e-21 3.75e-22 0.0 154.72 0.0
S165052 177.9097 34.2876 1.4419999999999998e-22 3.43e-22 1.5350000000000001e-21 0.0 152.83 0.0
S165053 177.7133 34.3289 6.313e-23 1.5969999999999997e-22 7.846999999999999e-22 0.0 155.92 0.0
S165054 177.7184 34.3297 1.823e-22 3.9109999999999997e-22 1.427e-21 0.0 156.37 0.0
S165055 177.729 34.3279 1.878e-22 4.269999999999999e-22 1.7210000000000002e-21 0.0 156.27 0.0
S165056 177.7516 34.3185 1.826e-18 1.909e-18 1.541e-18 0.0 155.88 0.0
S165057 177.7275 34.3252 1.43e-24 5.0069999999999996e-24 4.877e-23 0.0 156.08 0.0
S165058 177.7068 34.3054 3.673e-23 9.698e-23 5.063e-22 0.0 155.58 0.0
S165059 177.7767 34.3182 2.5720000000000003e-20 3.9790000000000004e-20 7.210000000000001e-20 0.0 154.14 0.0
S165060 177.7078 34.3241 2.4560000000000002e-20 3.514e-20 5.501e-20 0.0 156.74 0.0
S165061 177.7494 34.3126 3.4800000000000006e-20 5.080000000000001e-20 8.156e-20 0.0 155.03 0.0
S165062 177.7317 34.3133 1.379e-17 2.819e-17 9.116e-17 0.0 156.45 0.0
S165063 177.7528 34.3126 6.745e-23 1.8939999999999997e-22 1.148e-21 0.0 154.84 0.0
S165064 177.7502 34.3174 3.114e-21 6.011e-21 1.708e-20 0.0 155.36 0.0
S165065 177.7501 34.3067 4.1759999999999996e-22 9e-22 3.27e-21 0.0 154.89 0.0
S165066 177.5539 34.3352 2.1470000000000003e-20 3.1230000000000004e-20 4.955e-20 0.0 157.08 0.0
S165067 177.6566 34.3281 2.445e-19 3.097e-19 3.493e-19 0.0 157.19 0.0
S165068 177.7072 34.3153 8.112e-19 9.322e-19 9.282e-19 0.0 156.88 0.0
S165069 177.7548 34.3167 7.638e-21 1.256e-20 2.6690000000000003e-20 0.0 154.59 0.0
S165070 177.7565 34.3123 9.489e-21 1.57e-20 3.306e-20 0.0 154.7 1.0
S165071 177.7189 34.3107 4.567999999999999e-22 9.496e-22 3.269e-21 0.0 156.08 0.0
S165072 177.6718 34.3198 2.357e-20 3.6330000000000005e-20 6.549e-20 0.0 156.94 0.0
S165073 177.7643 34.3109 4.405e-13 4.42e-13 3.261e-13 0.0 153.86 1.0
S165074 177.7308 34.3226 1.359e-22 3.5219999999999996e-22 1.861e-21 0.0 155.61 0.0
S165075 177.736 34.3218 2.471e-23 6.44e-23 3.5279999999999995e-22 0.0 155.83 0.0
S165076 177.7308 34.3142 6.676999999999999e-22 1.427e-21 4.865e-21 0.0 156.37 0.0
S165077 177.6481 34.3221 1.042e-21 1.928e-21 4.863e-21 0.001 157.08 0.0
S165078 177.8353 34.3037 1.515e-24 5.495e-24 5.986e-23 0.0 152.69 0.0
S165079 177.7073 34.3246 1.464e-19 1.857e-19 2.186e-19 0.0 156.08 0.0
S165080 177.7252 34.3194 1.8199999999999998e-22 4.529e-22 2.121e-21 0.0 156.28 0.0
S165081 177.7589 34.3112 1.203e-17 1.07e-17 6.093e-18 0.0 154.52 0.0
S165082 177.662 34.3405 1.768e-13 1.211e-13 4.02e-14 0.0 156.57 0.0
S165083 177.7232 34.3172 1.941e-22 4.423e-22 1.681e-21 0.0 155.99 0.0
S165084 177.845 34.3048 5.3090000000000006e-20 7.185e-20 9.822000000000001e-20 0.0 152.83 0.0
S165085 177.7726 34.3058 2.472e-17 4.031e-17 7.911e-17 0.0 153.23 0.0
S165086 177.7517 34.3144 9.873e-24 3.1959999999999996e-23 2.644e-22 0.0 155.77 0.0
S165087 177.7377 34.3129 6.483e-13 5.283e-13 2.503e-13 0.0 156.11 1.0
S165088 177.5239 34.3538 4.809e-19 5.81e-19 6.254e-19 0.0 157.52 0.0
S165089 177.5222 34.3243 1.332e-20 2.2090000000000003e-20 4.436e-20 0.0 156.67 0.0
S165090 177.7483 34.3161 9.726999999999999e-22 2.029e-21 6.862e-21 0.0 155.12 0.0
S165091 177.683 34.3269 5.955e-21 1.0240000000000001e-20 2.281e-20 0.0 156.47 0.0
S165092 177.6636 34.3173 1.8e-19 2.4e-19 3.24e-19 0.0 156.13 0.0
S165093 177.7953 34.3024 7.437e-25 2.6069999999999998e-24 2.5729999999999998e-23 0.0 153.83 0.0
S165094 178.0046 34.2882 3.507e-20 5.2670000000000007e-20 9.059e-20 0.0 152.35 0.0
S165095 177.7346 34.3101 1.9699999999999998e-22 4.695999999999999e-22 2.061e-21 0.0 156.11 0.0
S165096 177.7302 34.3222 4.389e-21 8.246e-21 2.177e-20 0.0 156.15 0.0
S165097 177.8827 34.2799 3.979e-19 4.672e-19 4.672e-19 0.0 153.24 0.0
S165098 177.994 34.263 1.031e-21 2.1070000000000002e-21 6.612e-21 0.0 152.48 0.0
S165099 178.1161 34.2952 1.886e-21 3.709e-21 1.0830000000000001e-20 0.0 152.79 0.0
S165100 177.7714 34.3093 1.536e-19 1.88e-19 2.125e-19 0.0 153.25 0.0
S165101 177.7405 34.3223 5.321999999999999e-22 1.159e-21 4.181e-21 0.0 155.52 0.0
S165102 177.7481 34.3167 1.411e-24 4.94e-24 4.9019999999999996e-23 0.0 156.15 0.0
S165103 177.7779 34.3036 3.474e-22 7.3469999999999995e-22 2.409e-21 0.0 153.63 0.0
S165104 177.8579 34.3008 1.808e-19 2.396e-19 3.032e-19 0.0 152.57 0.0
S165105 177.6871 34.332 1.1319999999999999e-23 3.581e-23 2.843e-22 0.0 156.6 0.0
S165106 177.7459 34.314 2.683e-18 2.801e-18 2.14e-18 0.0 156.16 0.0
S165107 177.8165 34.3122 6.022999999999999e-22 1.344e-21 5.125e-21 0.0 152.86 0.0
S165108 177.7257 34.3192 1.656e-17 1.446e-17 7.927e-18 0.0 156.02 0.0
S165109 177.7033 34.3039 2.392e-19 3.085e-19 3.756e-19 0.0 155.33 0.0
S165110 177.7545 34.3207 1.721e-24 6.536e-24 7.482e-23 0.0 154.9 0.0
S165111 177.7676 34.3109 8.226000000000001e-26 3.887e-25 6.991e-24 0.0 153.94 0.0
S165112 177.723 34.3139 5.2270000000000006e-20 7.77e-20 1.278e-19 0.0 156.45 0.0
S165113 177.7072 34.3111 1.536e-22 3.9529999999999996e-22 2.004e-21 0.0 156.67 0.0
S165114 177.7642 34.3047 9.712e-22 2.0300000000000002e-21 6.611e-21 0.0 153.31 0.0
S165115 177.7596 34.3252 6.634e-23 1.8309999999999997e-22 1.101e-21 0.0 154.84 0.0
S165116 177.778 34.3027 2.7709999999999995e-22 6.026e-22 2.2e-21 0.0 154.14 0.0
S165117 177.7709 34.3134 1.058e-21 7.846999999999999e-22 3.154e-22 0.0 153.36 0.0
S165118 177.8754 34.3109 6.401e-25 2.442e-24 2.7799999999999996e-23 0.0 152.52 0.0
S165119 177.7176 34.3141 4.936e-18 4.929e-18 3.593e-18 0.0 156.35 0.0
S165120 177.73 34.3214 9.948e-19 1.108e-18 1.017e-18 0.0 156.1 0.0
S165121 177.7069 34.3282 9.799e-24 2.761e-23 1.778e-22 0.0 156.5 0.0
S165122 177.6518 34.3088 1.4649999999999999e-22 3.4989999999999995e-22 1.574e-21 0.0 155.93 0.0
S165123 177.7266 34.3175 6.535999999999999e-22 1.397e-21 4.818e-21 0.0 155.78 0.0
S165124 177.8286 34.2919 1.4540000000000002e-20 2.3230000000000003e-20 4.362e-20 0.0 153.51 0.0
S165125 177.7266 34.3094 3.974e-19 4.895e-19 5.406e-19 0.0 155.98 0.0
S165126 177.8064 34.3061 1.259e-13 8.536e-14 2.868e-14 0.0 153.01 0.0
S165127 177.782 34.3196 1.05e-21 2.05e-21 5.9620000000000004e-21 0.0 153.2 0.0
S165128 177.8053 34.2994 1.108e-17 1.842e-17 3.701e-17 0.0 153.42 0.0
S165129 177.8512 34.2972 3.613e-23 9.254999999999999e-23 4.856e-22 0.0 152.63 0.0
S165130 177.6397 34.3267 3.999e-19 4.707e-19 4.667e-19 0.0 157.36 0.0
S165131 177.8083 34.3024 1.008e-22 2.2299999999999996e-22 8.531999999999998e-22 0.0 152.84 0.0
S165132 177.7686 34.3107 9.33e-19 1.081e-18 1.062e-18 0.0 153.77 0.0
S165133 177.842 34.2636 6.642999999999999e-23 1.6829999999999998e-22 8.512999999999999e-22 0.0 154.31 0.0
S165134 177.7657 34.3041 3.5869999999999994e-22 8.400999999999999e-22 3.463e-21 0.0 153.29 0.0
S165135 177.761 34.2948 5.811e-24 1.842e-23 1.496e-22 0.0 154.67 0.0
S165136 177.7496 34.3129 2.619e-19 3.372e-19 4.007e-19 0.0 155.05 0.0
S165137 177.7445 34.3116 1.372e-19 1.888e-19 2.671e-19 0.0 155.85 0.0
S165138 177.7883 34.3138 2.6109999999999997e-22 5.565e-22 1.869e-21 0.0 153.64 0.0
S165139 177.713 34.3277 2.5939999999999996e-22 5.651999999999999e-22 2.0000000000000002e-21 0.0 155.77 0.0
S165140 177.5953 34.3479 1.203e-18 1.263e-18 9.909e-19 0.0 156.85 0.0
S165141 177.7243 34.3158 1.873e-21 1.264e-21 4.336e-22 0.0 156.36 0.0
S165142 177.615 34.3171 2.779e-20 4.0760000000000004e-20 6.698000000000001e-20 0.0 156.34 0.0
S165143 177.7564 34.3127 1.93e-23 4.968e-23 2.597e-22 0.0 154.69 0.0
S165144 177.7333 34.3161 2.035e-17 1.817e-17 1.04e-17 0.0 155.41 0.0
S165145 177.6759 34.3298 7.887e-23 2.0289999999999998e-22 1.026e-21 0.0 156.4 0.0
S165146 177.725 34.3192 6.67e-18 6.404e-18 4.243e-18 0.0 156.53 0.0
S165147 177.694 34.322 1.598e-18 1.798e-18 1.596e-18 0.0 157.03 0.0
S165148 177.7593 34.3038 6.612e-14 4.472e-14 1.43e-14 0.0 154.58 0.0
S165149 177.8269 34.2994 1.9529999999999997e-22 4.295999999999999e-22 1.568e-21 0.0 153.03 0.0
S165150 177.7481 34.3131 1.91e-26 1.0890000000000001e-25 2.9199999999999998e-24 0.0 155.79 0.0
S165151 177.5583 34.3314 5.435e-21 9.561e-21 2.26e-20 0.0 157.49 0.0
S165152 177.7619 34.322 3.6899999999999996e-23 9.323e-23 4.635e-22 0.0 154.77 0.0
S165153 177.8801 34.3041 1.4969999999999998e-22 3.5919999999999998e-22 1.6630000000000001e-21 0.0 152.71 0.0
S165154 177.7516 34.3124 1.415e-21 2.713e-21 7.585000000000001e-21 0.0 154.61 0.0
S165155 177.8151 34.3062 2.879e-21 5.148e-21 1.2310000000000001e-20 0.0 152.77 0.0
S165156 177.7235 34.3145 4.246e-21 7.776e-21 1.922e-20 0.0 156.35 0.0
S165157 177.6664 34.3355 3.593e-21 6.4370000000000004e-21 1.5620000000000002e-20 0.0 156.12 0.0
S165158 177.7536 34.3191 1.2229999999999998e-22 3.066e-22 1.466e-21 0.0 154.94 0.0
S165159 177.5293 34.3325 3.039e-17 7.927e-17 4.31e-16 0.0 157.32 1.0
S165160 177.7478 34.313 4.3309999999999995e-22 9.768e-22 3.783e-21 0.0 155.07 0.0
S165161 177.8614 34.2956 6.594e-18 5.979e-18 3.624e-18 0.0 152.46 0.0
S165162 177.7672 34.3146 1.373e-19 1.838e-19 2.317e-19 0.0 154.52 0.0
S165163 177.7367 34.32 2.4029999999999997e-22 5.770999999999999e-22 2.628e-21 0.0 155.86 0.0
S165164 177.6274 34.3466 4.893e-19 5.958e-19 6.718e-19 0.0 156.81 0.0
S165165 177.7803 34.3022 5.438999999999999e-22 1.136e-21 3.65e-21 0.0 154.29 0.0
S165166 177.8096 34.3085 1.808e-21 3.65e-21 1.1170000000000001e-20 0.0 152.97 0.0
S165167 177.7616 34.3104 1.542e-25 6.9540000000000005e-25 1.174e-23 0.0 154.53 0.0
S165168 177.7393 34.31 6.698e-21 1.151e-20 2.6010000000000002e-20 0.0 155.26 0.0
S165169 177.7489 34.3167 1.068e-22 2.671e-22 1.276e-21 0.0 155.19 0.0
S165170 177.7219 34.3255 6.416e-20 8.39e-20 1.075e-19 0.0 155.72 0.0
S165171 177.7775 34.307 1.381e-23 4.01e-23 2.597e-22 0.0 153.51 0.0
S165172 177.7392 34.3116 6.4500000000000005e-21 1.118e-20 2.4790000000000003e-20 0.0 156.0 0.0
S165173 177.7551 34.3068 2.5839999999999997e-23 6.766e-23 3.66e-22 0.0 153.73 0.0
S165174 177.7581 34.3135 7.702e-18 1.282e-17 2.696e-17 0.0 154.48 0.0
S165175 177.6345 34.3299 3.5599999999999996e-22 8.098999999999999e-22 3.178e-21 0.0 157.1 0.0
S165176 177.7573 34.3103 4.488e-19 5.119e-19 4.815e-19 0.0 153.68 0.0
S165177 177.7633 34.3196 1.9759999999999998e-22 4.565999999999999e-22 1.819e-21 0.0 154.54 0.0
S165178 177.7643 34.3172 1.253e-19 1.618e-19 1.97e-19 0.0 153.61 0.0
S165179 177.7875 34.3161 3.608e-20 5.49e-20 9.176e-20 0.0 153.62 0.0
S165180 177.7551 34.3208 1.6000000000000002e-20 2.719e-20 5.99e-20 0.0 154.89 0.0
S165181 177.6108 34.3317 1.618e-21 1.1340000000000001e-21 3.9509999999999994e-22 0.0 157.27 0.0
S165182 177.7832 34.3105 3.2999999999999996e-23 9.45e-23 6.131e-22 0.0 153.68 0.0
S165183 177.9245 34.2853 2.645e-23 6.680999999999999e-23 3.23e-22 0.0 152.51 0.0
S165184 177.7511 34.3139 4.935999999999999e-22 1.099e-21 4.109e-21 0.0 155.19 0.0
S165185 177.6319 34.3231 1.0010000000000002e-20 1.701e-20 3.656e-20 0.0 157.0 0.0
S165186 177.6926 34.3137 9.258e-24 2.8479999999999996e-23 2.1099999999999998e-22 0.0 155.96 0.0
S165187 177.7447 34.3218 8.969e-19 1.003e-18 9.288e-19 0.0 156.23 0.0
S165188 177.7078 34.3242 3.664e-24 1.091e-23 7.463e-23 0.0 156.91 0.0
S165189 177.7679 34.319 3.198e-17 2.655e-17 1.353e-17 0.0 154.56 0.0
S165190 177.7717 34.3138 7.069e-25 2.717e-24 3.178e-23 0.0 153.89 0.0
S165191 177.7068 34.3284 6.951e-21 1.1500000000000001e-20 2.432e-20 0.0 156.83 0.0
S165192 177.8392 34.2907 2.666e-18 5.447e-18 1.695e-17 0.0 153.24 0.0
S165193 177.782 34.3077 1.093e-21 2.136e-21 6.068e-21 0.0 154.21 0.0
S165194 177.7512 34.3099 1.89e-21 3.663e-21 1.028e-20 0.0 153.86 0.0
S165195 177.7202 34.3198 1.2890000000000002e-20 2.07e-20 3.9450000000000004e-20 0.0 156.03 0.0
S165196 178.0992 34.3 2.773e-19 3.29e-19 3.366e-19 0.0 152.84 0.0
S165197 177.6356 34.3304 3.799e-21 6.832e-21 1.69e-20 0.0 156.94 0.0
S165198 177.3477 34.3593 8.189e-21 1.3520000000000001e-20 2.808e-20 0.0 157.39 0.0
S165199 177.6967 34.3248 4.542e-21 8.299000000000001e-21 2.0970000000000002e-20 0.0 156.86 0.0
S165200 177.7393 34.3111 1.094e-22 2.857e-22 1.453e-21 0.0 155.4 0.0
S165201 177.7749 34.3124 1.6839999999999998e-23 5.0029999999999996e-23 3.5369999999999996e-22 0.0 153.34 0.0
S165202 177.8371 34.3003 1.639e-23 4.2949999999999997e-23 2.375e-22 0.0 152.64 0.0
S165203 177.7461 34.3117 1.67e-20 2.5490000000000002e-20 4.291e-20 0.0 155.65 0.0
S165204 177.7472 34.3172 4.201e-19 5.024e-19 5.212e-19 0.0 155.75 0.0
S165205 177.8437 34.3019 3.045e-24 1.138e-23 1.2259999999999998e-22 0.0 152.55 0.0
S165206 177.7122 34.3242 7.342e-23 1.9629999999999999e-22 1.076e-21 0.0 156.51 0.0
S165207 177.7814 34.3014 1.202e-21 2.399e-21 7.113e-21 0.0 153.09 0.0
S165208 177.7661 34.2995 4.375e-13 3.093e-13 1.127e-13 0.0 154.52 0.0
S165209 177.7513 34.3125 1.1889999999999999e-23 3.484e-23 2.317e-22 0.0 154.55 0.0
S165210 177.639 34.3292 2.426e-22 5.607999999999999e-22 2.39e-21 0.0 157.29 0.0
S165211 177.7475 34.3111 7.850999999999999e-22 1.7030000000000002e-21 6.078e-21 0.0 155.23 0.0
S165212 177.7261 34.3191 2.072e-24 8.008e-24 9.364e-23 0.0 156.19 0.0
S165213 177.7543 34.313 1.026e-23 2.8739999999999996e-23 1.7829999999999998e-22 0.0 153.94 0.0
S165214 177.7606 34.3103 2.0959999999999998e-22 4.948e-22 2.163e-21 0.0 154.43 0.0
S165215 177.763 34.3138 2.982e-17 5.158e-17 1.151e-16 0.0 153.6 0.0
S165216 177.7384 34.3076 7.666000000000001e-20 1.086e-19 1.606e-19 0.0 155.19 0.0
S165217 177.7535 34.3073 1.962e-18 1.983e-18 1.431e-18 0.0 154.74 0.0
S165218 177.7198 34.3211 1.147e-21 8.197e-22 2.9969999999999997e-22 0.0 156.68 0.0
S165219 177.731 34.3095 2.225e-19 2.833e-19 3.252e-19 0.0 155.81 0.0
S165220 177.7731 34.3061 4.594e-21 7.952e-21 1.7480000000000002e-20 0.0 154.19 0.0
S165221 177.7394 34.3236 1.5059999999999999e-22 3.5399999999999998e-22 1.536e-21 0.0 155.2 0.0
S165222 177.7427 34.3226 2.171e-24 7.042e-24 5.634e-23 0.0 155.71 0.0
S165223 177.7302 34.3139 2.0849999999999998e-22 4.846999999999999e-22 2.0000000000000002e-21 0.0 155.61 0.0
S165224 177.792 34.2888 1.238e-18 1.286e-18 1.003e-18 0.0 154.38 0.0
S165225 177.7595 34.308 2.98e-19 3.599e-19 3.879e-19 0.0 153.88 0.0
S165226 177.7491 34.3139 9.338e-18 8.536e-18 4.889e-18 0.0 155.01 0.0
S165227 177.7757 34.294 4.162e-21 7.342e-21 1.7470000000000003e-20 0.0 154.45 0.0
S165228 177.7956 34.3141 2.36e-21 4.39e-21 1.1430000000000001e-20 0.0 153.74 0.0
S165229 177.7502 34.3345 7.085999999999999e-22 1.518e-21 5.139e-21 0.0 154.99 0.0
S165230 177.7585 34.3098 2.498e-20 3.7490000000000006e-20 6.289e-20 0.0 153.99 0.0
S165231 177.7745 34.3126 1.325e-21 2.504e-21 6.631e-21 0.0 154.04 0.0
S165232 177.6334 34.3253 3.4329999999999996e-22 7.3469999999999995e-22 2.518e-21 0.0 157.24 0.0
S165233 177.7367 34.3199 3.09e-18 3.122e-18 2.278e-18 0.0 156.29 0.0
S165234 177.9299 34.2964 4.149e-23 1.088e-22 5.812999999999999e-22 0.0 152.42 0.0
S165235 177.8404 34.3202 7.791e-27 5.1160000000000003e-26 1.853e-24 0.0 154.11 0.0
S165236 177.656 34.3237 2.736e-23 7.053e-23 3.675e-22 0.0 156.94 0.0
S165237 177.8863 34.3124 4.2209999999999996e-22 9.347e-22 3.5250000000000004e-21 0.0 153.22 0.0
S165238 177.895 34.2865 3.4179999999999996e-22 7.966999999999999e-22 3.188e-21 0.0 152.4 0.0
S165239 177.7586 34.3081 1.793e-22 3.7829999999999996e-22 1.243e-21 0.0 154.1 0.0
S165240 177.6446 34.3311 3.99e-24 1.453e-23 1.5469999999999999e-22 0.0 157.29 0.0
S165241 177.9238 34.2967 8.558e-24 2.4399999999999999e-23 1.5419999999999998e-22 0.0 152.33 0.0
S165242 177.8723 34.3068 2.0020000000000003e-20 3.194e-20 6.034e-20 0.0 153.07 0.0
S165243 177.7462 34.3135 5.23e-20 7.394000000000001e-20 1.107e-19 0.0 156.1 0.0
S165244 177.7517 34.3154 2.204e-18 2.207e-18 1.594e-18 0.0 154.98 0.0
S165245 177.7219 34.3214 3.406e-23 1.0179999999999999e-22 7.052e-22 0.0 156.62 0.0
S165246 177.8454 34.2991 4.198e-23 1.2199999999999999e-22 8.227e-22 0.0 152.73 0.0
S165247 177.7332 34.3185 1.881e-17 1.592e-17 8.12e-18 0.0 156.38 0.0
S165248 177.7678 34.3039 1.09e-19 1.474e-19 2.023e-19 0.0 153.33 0.0
S165249 177.7262 34.3174 8.493e-21 1.4650000000000002e-20 3.27e-20 0.0 155.57 0.0
S165250 177.7315 34.2971 8.92e-24 2.943e-23 2.569e-22 0.0 155.91 0.0
S165251 177.7439 34.316 4.471e-18 4.422e-18 3.095e-18 0.0 155.88 0.0
S165252 177.7568 34.3521 1.0710000000000001e-20 1.695e-20 3.12e-20 0.0 157.07 0.0
S165253 177.7908 34.3105 2.898e-17 2.378e-17 1.134e-17 0.0 153.6 0.0
S165254 177.779 34.3266 1.53e-21 1.078e-21 3.8439999999999997e-22 0.0 154.38 0.0
S165255 177.7746 34.3073 3.108e-13 2.087e-13 7.109e-14 0.0 153.91 0.0
S165256 177.7169 34.3141 1.82e-17 3.325e-17 8.198e-17 0.0 156.58 0.0
S165257 177.7559 34.2814 8.034e-17 6.104e-17 2.555e-17 0.0 153.98 0.0
S165258 177.7916 34.312 1.191e-17 1.085e-17 6.824e-18 0.0 153.04 0.0
S165259 177.7781 34.2982 6.580999999999999e-22 1.4400000000000001e-21 5.069e-21 0.0 153.61 0.0
S165260 177.8061 34.3181 2.467e-18 2.437e-18 1.633e-18 0.0 152.86 0.0
S165261 177.6327 34.3064 1.039e-17 1.618e-17 2.932e-17 0.0 157.3 0.0
S165262 177.7222 34.3002 8.761e-17 7.066e-17 3.309e-17 0.0 155.85 0.0
S165263 177.7246 34.3197 6.423e-20 8.910000000000001e-20 1.25e-19 0.0 155.86 0.0
S165264 177.7549 34.3145 3.249e-17 2.769e-17 1.404e-17 0.0 154.66 0.0
S165265 177.8057 34.3148 1.01e-17 9.091e-18 5.306e-18 0.0 153.24 0.0
S165266 177.7528 34.2955 2.2110000000000002e-20 3.3300000000000004e-20 5.444000000000001e-20 0.0 154.36 0.0
S165267 177.7139 34.3209 8.214e-19 9.552e-19 9.743e-19 0.0 156.22 0.0
S165268 177.7795 34.2982 1.3349999999999999e-22 3.177e-22 1.432e-21 0.0 153.45 0.0
S165269 177.7725 34.3188 1.006e-16 2.341e-16 9.812e-16 0.0 153.63 1.0
S165270 177.7691 34.3606 1.772e-21 1.227e-21 4.1309999999999996e-22 0.0 155.13 0.0
S165271 177.7379 34.2945 8.198e-18 7.753e-18 4.98e-18 0.0 155.35 0.0
S165272 177.7378 34.3106 1.5410000000000002e-20 2.6140000000000002e-20 5.642e-20 0.0 155.3 0.0
S165273 177.7676 34.3241 5.153e-22 1.082e-21 3.606e-21 0.0 154.6 0.0
S165274 177.7962 34.3323 4.267e-19 4.978e-19 5.024e-19 0.0 152.88 0.0
S165275 177.7535 34.3395 3.067e-18 4.915e-18 9.369e-18 0.0 155.72 0.0
S165276 177.7675 34.3145 6.697e-23 1.7989999999999998e-22 1.034e-21 0.0 154.15 0.0
S165277 177.7355 34.3215 1.448e-17 2.855e-17 8.355e-17 0.0 155.9 0.0
S165278 177.7967 34.3123 1.456e-17 2.944e-17 9.107e-17 0.0 153.77 0.0
S165279 177.8169 34.3088 1.37e-23 3.541e-23 1.8739999999999999e-22 0.0 152.69 0.0
S165280 177.767 34.336 8.31e-18 7.374e-18 4.142e-18 0.0 154.73 0.0
S165281 177.7659 34.3175 3.67e-21 6.691e-21 1.6710000000000003e-20 0.0 154.49 0.0
S165282 177.6862 34.3119 1.574e-20 2.4130000000000003e-20 4.176e-20 0.0 156.78 0.0
S165283 177.7281 34.3263 1.919e-24 6.901e-24 7.067999999999999e-23 0.0 156.35 0.0
S165284 177.7471 34.2849 9.355e-18 1.654e-17 3.974e-17 0.0 154.28 0.0
S165285 177.7424 34.335 1.461e-19 1.992e-19 2.696e-19 0.0 155.93 0.0
S165286 177.7329 34.3465 5.0420000000000004e-20 7.355000000000001e-20 1.157e-19 0.0 156.33 0.0
S165287 177.8016 34.2985 1.146e-18 1.266e-18 1.164e-18 0.0 152.91 0.0
S165288 177.7959 34.322 2.035e-17 1.751e-17 9.381e-18 0.0 153.26 0.0
S165289 177.775 34.3266 3.408e-13 3.838e-13 3.499e-13 0.0 154.16 0.0
S165290 177.7728 34.3352 8.959e-19 1.022e-18 9.609e-19 0.0 154.28 0.0
S165291 177.7492 34.3362 4.2320000000000006e-20 6.03e-20 9.15e-20 0.0 155.93 0.0
S165292 177.7998 34.2918 1.355e-17 1.236e-17 7.606e-18 0.0 153.39 0.0
S165293 177.7604 34.3103 1.894e-21 1.304e-21 4.517999999999999e-22 0.0 154.39 0.0
S165294 177.7426 34.3333 1.8879999999999998e-22 4.907999999999999e-22 2.525e-21 0.0 155.95 0.0
S165295 177.8851 34.2753 1.12e-19 1.481e-19 1.917e-19 0.0 152.33 0.0
S165296 177.7406 34.3015 6.938e-19 7.974e-19 7.435e-19 0.0 155.43 0.0
S165297 177.7188 34.3211 1.3040000000000002e-26 7.93e-26 2.426e-24 0.0 156.71 0.0
S165298 177.7403 34.3168 4.0260000000000005e-20 5.4210000000000005e-20 7.289000000000001e-20 0.0 155.58 0.0
S165299 177.7303 34.3434 8.46e-21 1.467e-20 3.291e-20 0.0 156.62 0.0
S165300 177.7828 34.2775 7.270999999999999e-22 1.406e-21 4.145e-21 0.0 153.13 0.0
S165301 177.7252 34.3667 1.184e-16 9.19e-17 4.073e-17 0.0 157.29 1.0
S165302 177.7949 34.3082 7.222e-13 5.751e-13 2.633e-13 0.0 153.27 1.0
S165303 177.778 34.3074 1.12e-18 1.198e-18 1.029e-18 0.0 153.58 0.0
S165304 177.77 34.3024 3.6210000000000003e-20 5.493000000000001e-20 9.532000000000001e-20 0.0 153.98 0.0
S165305 177.7403 34.2821 1.636e-20 2.7560000000000005e-20 5.948e-20 0.0 154.66 0.0
S165306 177.7154 34.3005 3.16e-18 3.155e-18 2.328e-18 0.0 156.82 0.0
S165307 177.7694 34.3007 3.295e-18 3.216e-18 2.205e-18 0.0 153.48 0.0
S165308 177.6857 34.3105 8.596e-18 8.223e-18 5.379e-18 0.0 156.79 0.0
S165309 177.739 34.2934 3.445e-22 8.191999999999999e-22 3.485e-21 0.0 155.07 0.0
S165310 177.8065 34.3007 2.4720000000000003e-20 3.719e-20 6.427e-20 0.0 152.78 0.0
S165311 177.7398 34.3017 8.469e-18 1.361e-17 2.63e-17 0.0 155.14 0.0
S165312 177.7339 34.3349 3.3749999999999997e-23 8.633999999999999e-23 4.432999999999999e-22 0.0 156.69 0.0
S165313 177.7615 34.29 1.459e-18 1.72e-18 1.722e-18 0.0 154.29 0.0
S165314 177.6889 34.3335 1.276e-19 1.677e-19 2.113e-19 0.0 157.12 0.0
S165315 177.849 34.3198 6.469e-18 6.117e-18 3.927e-18 0.0 152.56 0.0
S165316 177.7262 34.3286 9.381e-19 1.044e-18 9.31e-19 0.0 156.34 0.0
S165317 177.7745 34.2868 2.065e-19 2.451e-19 2.552e-19 0.0 153.72 0.0
S165318 177.7413 34.2936 8.252e-17 6.627e-17 3.181e-17 0.0 154.98 0.0
S165319 177.7644 34.32 4.086e-20 5.828e-20 8.562000000000001e-20 0.0 153.88 0.0
S165320 177.7231 34.317 4.0890000000000004e-20 5.926000000000001e-20 9.152e-20 0.0 156.5 0.0
S165321 177.7347 34.3251 2.237e-17 4.417e-17 1.339e-16 0.0 155.73 0.0
S165322 177.7315 34.3687 1.731e-17 1.506e-17 8.37e-18 0.0 157.24 0.0
S165323 177.7609 34.3237 2.607e-21 5.1890000000000004e-21 1.574e-20 0.0 154.58 0.0
S165324 177.7366 34.3479 1.5590000000000001e-21 1.079e-21 3.7309999999999996e-22 0.0 156.72 0.0
S165325 177.7576 34.3067 1.5019999999999998e-23 4.349e-23 2.866e-22 0.0 154.57 0.0
S165326 177.8024 34.3088 7.593e-18 6.976e-18 4.36e-18 0.0 153.14 0.0
S165327 177.7928 34.2782 2.4349999999999998e-23 6.801999999999999e-23 4.261e-22 0.0 153.21 0.0
S165328 177.7903 34.3181 1.217e-17 1.935e-17 3.628e-17 0.0 153.09 1.0
S165329 177.7377 34.2966 3.932e-17 9.557e-17 4.392e-16 0.0 155.26 1.0
S165330 177.7769 34.3609 1.509e-21 1.082e-21 3.8929999999999995e-22 0.0 154.42 0.0
S165331 177.7546 34.3185 6.817e-22 1.465e-21 5.3080000000000004e-21 0.0 154.43 0.0
S165332 177.7164 34.3553 1.2709999999999999e-23 4.121e-23 3.4119999999999997e-22 0.0 157.08 0.0
S165333 177.7846 34.323 1.924e-21 3.637e-21 1.004e-20 0.0 153.7 0.0
S165334 177.6931 34.2783 1.445e-21 1.011e-21 3.6319999999999995e-22 0.0 156.4 0.0
S165335 177.8163 34.327 3.166e-17 2.676e-17 1.406e-17 0.0 152.67 0.0
S165336 177.7579 34.2849 3.625e-19 4.342e-19 4.676e-19 0.0 154.25 0.0
S165337 177.7462 34.3095 9.71e-19 1.133e-18 1.114e-18 0.0 155.47 0.0
S165338 177.7255 34.35 1.533e-17 1.389e-17 8.032e-18 0.0 156.57 0.0
S165339 177.7235 34.3538 1.364e-19 1.744e-19 2.096e-19 0.0 156.94 0.0
S165340 177.7791 34.3308 4.129e-18 4.24e-18 3.11e-18 0.0 154.07 0.0
S165341 177.7754 34.3342 8.891999999999999e-22 1.685e-21 4.354e-21 0.0 153.53 0.0
S165342 177.8322 34.282 1.415e-23 4.024e-23 2.6239999999999996e-22 0.0 152.5 0.0
S165343 177.7249 34.3215 2.272e-16 1.69e-16 6.877e-17 0.0 155.58 0.0
S165344 177.7748 34.3489 2.827e-18 2.947e-18 2.339e-18 0.0 154.11 0.0
S165345 177.7052 34.3106 4.055e-17 5.826e-17 8.807e-17 0.0 156.82 0.0
S165346 177.7375 34.3534 4.6459999999999997e-23 1.2789999999999998e-22 7.741999999999999e-22 0.0 156.79 0.0
S165347 177.7835 34.2807 1.372e-19 1.903e-19 2.762e-19 0.0 152.9 0.0
S165348 177.8146 34.2952 1.478e-18 1.617e-18 1.442e-18 0.0 152.75 0.0
S165349 177.8017 34.2936 1.306e-18 1.382e-18 1.103e-18 0.0 152.8 0.0
S165350 177.7227 34.3183 1.407e-17 1.248e-17 6.993e-18 0.0 156.26 0.0
S165351 177.6946 34.3427 3.923e-18 6.887e-18 1.577e-17 0.0 157.23 0.0
S165352 177.7514 34.3102 5.54e-17 4.487e-17 2.15e-17 0.0 154.84 0.0
S165353 177.7373 34.3108 1.831e-21 3.592e-21 1.0290000000000001e-20 0.0 155.47 0.0
S165354 177.7939 34.3264 5.515e-17 1.255e-16 5.106e-16 0.0 153.38 1.0
S165355 177.8144 34.3151 4.297e-19 5.191e-19 5.412e-19 0.0 152.69 0.0
S165356 177.6948 34.3289 1.451e-21 1.014e-21 3.6119999999999996e-22 0.0 156.84 0.0
S165357 177.7108 34.2643 1.273e-18 1.395e-18 1.226e-18 0.0 156.93 0.0
S165358 177.7676 34.3217 1.421e-17 1.269e-17 7.217e-18 0.0 153.8 0.0
S165359 177.7283 34.3086 1.069e-27 8.84e-27 5.187e-25 0.0 156.61 0.0
S165360 177.744 34.3046 2.099e-21 1.413e-21 4.607999999999999e-22 0.0 156.23 0.0
S165361 177.7756 34.3095 1.323e-19 1.784e-19 2.473e-19 0.0 153.92 0.0
S165362 177.7002 34.3354 5.883e-17 4.767e-17 2.228e-17 0.0 157.07 0.0
S165363 177.7038 34.3154 4.906e-18 4.608e-18 2.931e-18 0.0 156.74 0.0
S165364 177.6918 34.3153 5.280999999999999e-22 1.109e-21 3.696e-21 0.0 157.06 0.0
S165365 177.8082 34.3093 1.209e-18 1.345e-18 1.204e-18 0.0 153.1 0.0
S165366 177.6909 34.3027 9.013e-23 2.136e-22 9.052e-22 0.0 156.77 0.0
S165367 177.7515 34.3064 1.417e-18 1.531e-18 1.352e-18 0.0 154.72 0.0
S165368 177.7485 34.3355 3.861e-13 2.709e-13 9.748e-14 0.0 155.48 0.0
S165369 177.7646 34.3095 1.795e-17 3.164e-17 7.147e-17 0.0 153.63 0.0
S165370 177.7156 34.3303 6.7460000000000004e-21 1.23e-20 3.1160000000000004e-20 0.0 156.49 0.0
S165371 177.7837 34.2834 5.4120000000000007e-20 7.511000000000001e-20 1.096e-19 0.0 153.38 0.0
S165372 177.7647 34.2751 2.6409999999999998e-22 6.342999999999999e-22 2.872e-21 0.0 152.85 0.0
S165373 177.6865 34.2968 1.04e-18 1.194e-18 1.144e-18 0.0 157.18 0.0
S165374 177.7746 34.316 3.224e-18 3.194e-18 2.277e-18 0.0 154.03 0.0
S165375 177.7202 34.3178 3.725e-21 6.892e-21 1.7020000000000003e-20 0.0 156.64 0.0
S165376 177.7135 34.31 1.909e-21 1.3150000000000001e-21 4.369e-22 0.0 156.48 0.0
S165377 177.7424 34.3344 4.393e-17 1.164e-16 6.159e-16 0.0 155.46 1.0
S165378 177.7357 34.3387 1.8369999999999998e-23 4.585e-23 2.182e-22 0.0 156.58 0.0
S165379 177.6725 34.309 1.5869999999999998e-22 3.7379999999999996e-22 1.588e-21 0.0 157.21 0.0
S165380 177.7189 34.3096 5.032e-19 6.011e-19 6.178e-19 0.0 156.38 0.0
S165381 177.7075 34.3212 7.829e-19 8.614e-19 7.52e-19 0.001 156.84 0.0
S165382 177.7662 34.3288 1.138e-17 1.655e-17 2.653e-17 0.001 154.47 0.0
S165383 177.7608 34.3543 1.805e-21 1.239e-21 4.1519999999999995e-22 0.0 156.49 0.0
S165384 177.7535 34.3023 2.865e-22 6.258999999999999e-22 2.367e-21 0.0 154.58 0.0
S165385 177.6701 34.3051 1.111e-18 1.157e-18 9.115e-19 0.0 156.78 0.0
S165386 177.832 34.2976 1.604e-17 1.391e-17 7.409e-18 0.0 152.58 0.0
S165387 177.7205 34.2909 4.711999999999999e-22 9.793e-22 3.277e-21 0.0 156.98 0.0
S165388 177.7344 34.3323 2.22e-23 6.495e-23 4.443999999999999e-22 0.0 156.08 0.0
S165389 177.7688 34.2652 3.206e-17 2.657e-17 1.311e-17 0.0 152.85 0.0
S165390 177.7508 34.3377 2.859e-18 2.952e-18 2.331e-18 0.0 156.25 0.0
S165391 177.7961 34.2966 3.735e-19 4.565e-19 4.951e-19 0.0 153.0 0.0
S165392 177.7842 34.3347 2.7980000000000004e-20 4.2480000000000004e-20 7.455000000000001e-20 0.0 152.91 0.0
S165393 177.7905 34.2997 6.874e-21 1.199e-20 2.754e-20 0.0 153.48 0.0
S165394 177.7556 34.3161 1.541e-17 1.31e-17 6.751e-18 0.0 154.74 0.0
S165395 177.7487 34.341 1.009e-19 1.411e-19 2.052e-19 0.0 155.71 0.0
S165396 177.7546 34.3211 4.811e-18 4.653e-18 3.073e-18 0.0 154.92 0.0
S165397 177.7521 34.32 5.082999999999999e-22 1.042e-21 3.3670000000000002e-21 0.0 155.02 0.0
S165398 177.7343 34.3262 1.521e-21 1.052e-21 3.7009999999999996e-22 0.0 156.27 0.0
S165399 177.7948 34.3037 1.827e-24 7.356999999999999e-24 9.892999999999999e-23 0.0 153.49 0.0
S165400 177.7272 34.3325 1.347e-21 2.623e-21 7.565e-21 0.0 156.34 0.0
S165401 177.7492 34.3107 5.864e-19 7.044e-19 7.278e-19 0.0 155.07 0.0
S165402 177.8275 34.3071 1.253e-21 8.885e-22 3.193e-22 0.0 152.72 0.0
S165403 177.7397 34.2891 3.676e-17 2.923e-17 1.35e-17 0.0 155.0 0.0
S165404 177.7757 34.2897 2.167e-22 5.353999999999999e-22 2.59e-21 0.0 153.42 0.0
S165405 177.7529 34.2759 2.3630000000000002e-21 4.73e-21 1.398e-20 0.0 153.72 0.0
S165406 177.6729 34.3028 9.403e-18 1.9e-17 5.892e-17 0.0 156.99 0.0
S165407 177.7004 34.3048 1.0409999999999999e-23 3.126e-23 2.137e-22 0.0 156.97 0.0
S165408 177.6981 34.3161 1.233e-21 2.662e-21 9.318e-21 0.0 156.81 0.0
S165409 177.746 34.2965 6.299e-23 1.5679999999999998e-22 7.509999999999999e-22 0.0 154.87 0.0
S165410 177.765 34.309 1.079e-18 1.146e-18 9.344e-19 0.0 153.94 0.0
S165411 177.7963 34.2951 2.994e-20 4.6110000000000007e-20 7.802000000000001e-20 0.0 153.5 0.0
S165412 177.748 34.3145 1.687e-17 3.382e-17 1.005e-16 0.0 155.11 0.0
S165413 177.7557 34.3158 2.124e-18 2.261e-18 1.79e-18 0.0 154.68 0.0
S165414 177.7416 34.2721 5.977e-17 4.789e-17 2.196e-17 0.0 154.63 0.0
S165415 177.6895 34.3173 9.508e-23 2.361e-22 1.141e-21 0.0 157.06 0.0
S165416 177.7809 34.3071 6.456e-21 1.1340000000000002e-20 2.5620000000000003e-20 0.0 153.45 0.0
S165417 177.6997 34.2851 9.704e-18 1.6e-17 3.33e-17 0.0 156.11 0.0
S165418 177.7521 34.3071 1.139e-17 2.338e-17 7.676e-17 0.0 154.74 0.0
S165419 177.7242 34.3154 1.428e-17 1.267e-17 7.216e-18 0.0 155.96 0.0
S165420 177.702 34.3302 1.304e-18 1.403e-18 1.174e-18 0.0 156.57 0.0
S165421 177.7584 34.3274 4.979e-19 5.912e-19 5.969e-19 0.0 154.84 0.0
S165422 177.8008 34.3071 3.236e-23 7.876e-23 3.6729999999999997e-22 0.0 153.23 0.0
S165423 177.7406 34.3058 1.54e-21 1.081e-21 3.7659999999999995e-22 0.0 155.15 0.0
S165424 177.71 34.3318 5.378999999999999e-22 1.1160000000000001e-21 3.702e-21 0.0 156.18 0.0
S165425 177.7378 34.3205 1.101e-23 3.125e-23 1.9329999999999999e-22 0.0 156.07 0.0
S165426 177.8003 34.3177 2.088e-18 2.187e-18 1.795e-18 0.0 153.1 0.0
S165427 177.7497 34.3399 6.003e-18 5.68e-18 3.666e-18 0.0 155.7 0.0
S165428 177.7803 34.3433 1.379e-18 1.484e-18 1.262e-18 0.0 152.81 0.0
S165429 177.7002 34.3149 8.554e-24 2.6199999999999998e-23 1.9089999999999997e-22 0.0 156.89 0.0
S165430 177.6907 34.3222 1.875e-17 1.585e-17 8.19e-18 0.0 156.99 0.0
S165431 177.7945 34.2764 9.846e-21 1.7550000000000002e-20 4.0870000000000006e-20 0.0 152.64 0.0
S165432 177.8246 34.2979 1.878e-17 1.664e-17 9.147e-18 0.0 152.57 0.0
S165433 177.7454 34.2908 6.312e-18 1.031e-17 2.037e-17 0.0 154.58 0.0
S165434 177.8004 34.281 1.616e-21 1.1070000000000001e-21 3.7879999999999995e-22 0.0 152.67 0.0
S165435 177.714 34.3032 4.51e-18 4.227e-18 2.708e-18 0.0 156.04 0.0
S165436 177.722 34.309 7.262e-18 6.562e-18 3.969e-18 0.0 156.17 0.0
S165437 177.7351 34.3141 7.271e-17 5.832e-17 2.723e-17 0.0 155.62 0.0
S165438 177.7292 34.3106 1.243e-23 3.8949999999999997e-23 2.9879999999999996e-22 0.0 155.64 0.0
S165439 177.8518 34.2837 7.592999999999999e-24 2.304e-23 1.6799999999999998e-22 0.0 152.55 0.0
S165440 177.7275 34.2917 2.496e-18 2.596e-18 2.018e-18 0.0 155.58 0.0
S165441 177.6949 34.29 2.773e-20 4.008e-20 6.014e-20 0.0 156.21 0.0
S165442 177.7039 34.3106 2.909e-16 2.169e-16 8.51e-17 0.0 156.74 0.0
S165443 177.8103 34.3427 3.469e-19 4.195e-19 4.373e-19 0.0 152.76 0.0
S165444 177.7972 34.3265 8.536e-19 9.593e-19 8.893e-19 0.0 153.11 0.0
S165445 177.7629 34.289 4.2879999999999996e-23 1.132e-22 6.465999999999999e-22 0.0 153.59 0.0
S165446 177.7375 34.3062 2.1039999999999999e-22 5.052999999999999e-22 2.146e-21 0.0 155.4 0.0
S165447 177.6836 34.3048 1.368e-21 9.701999999999999e-22 3.542e-22 0.0 156.77 0.0
S165448 177.7648 34.319 1.47e-21 1.0210000000000001e-21 3.6169999999999995e-22 0.0 154.39 0.0
S165449 177.743 34.3075 2.8969999999999995e-22 6.244999999999999e-22 2.247e-21 0.0 155.62 0.0
S165450 177.6916 34.2937 3.013e-23 7.457999999999999e-23 3.631e-22 0.0 157.18 0.0
S165451 177.7076 34.325 1.254e-18 1.376e-18 1.216e-18 0.0 156.42 0.0
S165452 177.7923 34.2957 1.166e-18 1.23e-18 9.795e-19 0.0 153.31 0.0
S165453 177.7515 34.3139 1.086e-17 9.858e-18 5.998e-18 0.0 157.66 0.0
S165454 177.7516 34.3139 3.13e-16 2.495e-16 1.14e-16 0.0 156.91 0.0
S165455 177.7515 34.3139 2.358e-19 2.975e-19 3.442e-19 0.0 158.59 0.0
S165456 177.5194 34.3428 4.2950000000000005e-20 6.804e-20 1.206e-19 0.0 157.63 0.0
S165457 177.7819 34.3288 1.261e-20 2.012e-20 3.865e-20 0.001 154.65 0.0
S165458 177.9471 34.2762 3.1739999999999996e-22 7.342999999999999e-22 3.053e-21 0.0 152.73 0.0
S165459 177.9235 34.2759 9.943e-24 3.032e-23 2.1639999999999997e-22 0.0 152.77 0.0
S165460 177.8807 34.2814 1.646e-17 3.133e-17 8.383e-17 0.0 153.35 0.0
S165461 177.9938 34.2954 7.422e-20 1.005e-19 1.373e-19 0.0 152.41 0.0
S165462 177.8725 34.2907 1.414e-13 9.507e-14 3.138e-14 0.0 153.48 0.0
S165463 177.73 34.3309 1.9820000000000003e-20 3.121e-20 5.714e-20 0.0 155.22 0.0
S165464 177.6126 34.3424 3.721e-19 4.727e-19 5.534e-19 0.0 156.7 0.0
S165465 177.6914 34.3085 1.138e-23 3.499e-23 2.6779999999999997e-22 0.0 155.52 0.0
S165466 177.7185 34.2897 9.585e-23 2.404e-22 1.197e-21 0.0 155.14 0.0
S165467 177.5632 34.3348 1.4270000000000002e-20 2.1830000000000002e-20 3.7700000000000006e-20 0.0 156.94 0.0
S165468 177.5308 34.3464 2.6170000000000003e-20 3.9770000000000006e-20 6.713e-20 0.0 157.58 0.0
S165469 177.7758 34.3312 1.803e-17 1.595e-17 8.996e-18 0.0 154.74 0.0
S165470 177.9526 34.2873 1.338e-24 4.989e-24 5.519e-23 0.0 152.35 0.0
S165471 177.7839 34.3294 4.323e-18 4.244e-18 2.933e-18 0.0 154.64 0.0
S165472 177.9363 34.2953 8.565e-19 9.335e-19 8.116e-19 0.0 152.46 0.0
S165473 177.5647 34.3429 7.828999999999999e-22 1.585e-21 4.973e-21 0.0 156.92 0.0
S165474 177.7198 34.3312 3.0640000000000002e-21 5.531e-21 1.3140000000000001e-20 0.0 155.27 0.0
S165475 177.9159 34.2817 5.134e-24 1.636e-23 1.2829999999999999e-22 0.0 152.72 0.0
S165476 177.7747 34.327 1.186e-23 3.3779999999999996e-23 2.1649999999999997e-22 0.0 154.73 0.0
S165477 177.7747 34.2914 6.131e-22 1.267e-21 4.037e-21 0.0 154.49 0.0
S165478 177.6076 34.3504 3.547e-24 1.073e-23 7.644e-23 0.0 156.48 0.0
S165479 177.6338 34.354 3.207e-20 4.609e-20 7.044000000000001e-20 0.0 156.3 0.0
S165480 177.5942 34.3233 2.761e-26 1.557e-25 4.205e-24 0.0 156.56 0.0
S165481 177.836 34.3219 3.729e-24 1.2109999999999999e-23 1.0289999999999999e-22 0.0 154.14 0.0
S165482 177.6088 34.3466 1.116e-19 1.486e-19 1.912e-19 0.0 156.41 0.0
S165483 177.5357 34.3566 1.128e-20 1.812e-20 3.3930000000000003e-20 0.0 157.35 0.0
S165484 177.6841 34.3441 1.282e-24 5.629e-24 8.743999999999999e-23 0.0 155.77 0.0
S165485 177.6847 34.3022 7.916000000000001e-25 3.133e-24 4.043e-23 0.0 155.64 0.0
S165486 177.5856 34.3485 2.344e-22 5.224e-22 2.028e-21 0.0 156.89 0.0
S165487 177.9945 34.2762 1.248e-18 1.42e-18 1.298e-18 0.0 152.34 0.0
S165488 177.5439 34.3357 6.330999999999999e-22 1.489e-21 6.423e-21 0.0 157.45 0.0
S165489 177.8986 34.2772 4.4740000000000006e-20 6.721000000000001e-20 1.111e-19 0.0 152.99 0.0
S165490 177.967 34.2826 2.62e-22 5.91e-22 2.326e-21 0.0 152.37 0.0
S165491 177.5247 34.3543 2.101e-22 5.331e-22 2.712e-21 0.0 157.42 0.0
S165492 177.9303 34.275 1.302e-18 1.33e-18 1.048e-18 0.0 152.77 0.0
S165493 177.5568 34.3333 1.114e-23 3.256e-23 2.205e-22 0.0 157.07 0.0
S165494 177.9101 34.3066 1.475e-21 3.0110000000000002e-21 9.18e-21 0.0 153.08 0.0
S165495 177.9329 34.3109 9.162e-18 8.278e-18 5.051e-18 0.0 152.93 0.0
S165496 177.8971 34.3169 7.498000000000001e-20 9.855000000000001e-20 1.296e-19 0.0 153.5 0.0
S165497 177.8834 34.2787 3.499e-17 6.175e-17 1.479e-16 0.0 153.47 0.0
S165498 177.5373 34.3493 7.312999999999999e-22 1.582e-21 5.579e-21 0.0 157.53 0.0
S165499 177.7778 34.3323 2.162e-19 2.649e-19 2.878e-19 0.0 154.76 0.0
S165500 177.6178 34.3465 1.632e-21 1.139e-21 3.9729999999999994e-22 0.0 156.49 0.0
S165501 177.9856 34.2806 6.567999999999999e-23 1.7609999999999998e-22 1.007e-21 0.0 152.26 0.0
S165502 177.6159 34.3154 1.238e-13 1.559e-13 1.859e-13 0.0 156.47 0.0
S165503 177.9532 34.2793 1.0060000000000001e-21 2.203e-21 7.882000000000001e-21 0.0 152.44 1.0
S165504 177.8482 34.2843 2.674e-13 1.874e-13 6.779e-14 0.0 153.61 0.0
S165505 177.7737 34.3368 1.8189999999999998e-23 5.351999999999999e-23 3.6919999999999995e-22 0.0 154.77 0.0
S165506 177.4789 34.3584 2.9100000000000002e-21 1.878e-21 5.6229999999999995e-22 0.0 157.54 0.0
S165507 177.5972 34.3507 7.793e-24 2.649e-23 2.37e-22 0.0 156.6 0.0
S165508 177.4845 34.3614 5.121e-22 9.858e-22 2.764e-21 0.0 157.35 0.0
S165509 177.8738 34.2836 1.114e-23 3.5469999999999996e-23 2.9659999999999996e-22 0.0 153.5 0.0
S165510 177.6482 34.342 1.035e-25 4.807e-25 8.329e-24 0.0 156.21 0.0
S165511 177.654 34.3106 2.0239999999999999e-23 5.954e-23 4.0959999999999997e-22 0.0 156.03 0.0
S165512 177.7639 34.3297 1.8829999999999997e-22 4.525e-22 2.027e-21 0.0 154.84 0.0
S165513 177.7398 34.331 2.652e-18 2.784e-18 2.215e-18 0.0 155.12 0.0
S165514 177.7501 34.2893 1.401e-21 2.988e-21 1.0080000000000002e-20 0.0 154.83 0.0
S165515 177.6465 34.3439 2.5369999999999998e-22 5.299e-22 1.733e-21 0.0 156.19 0.0
S165516 177.9225 34.3063 9.857e-21 1.643e-20 3.465e-20 0.0 153.05 0.0
S165517 178.0065 34.2751 1.508e-23 3.9529999999999996e-23 2.167e-22 0.0 152.22 0.0
S165518 177.5353 34.3232 2.062e-17 3.23e-17 5.953e-17 0.0 157.1 0.0
S165519 177.9577 34.2962 1.087e-23 3.281e-23 2.332e-22 0.0 152.37 0.0
S165520 177.9138 34.2975 2.537e-17 5.347e-17 1.751e-16 0.0 152.96 0.0
S165521 177.8385 34.2817 3.095e-21 5.544e-21 1.3640000000000003e-20 0.0 153.92 0.0
S165522 177.9997 34.2811 1.2310000000000001e-20 2.022e-20 3.939e-20 0.0 152.22 0.0
S165523 177.9534 34.2932 3.3240000000000003e-20 4.969e-20 8.392e-20 0.0 152.31 0.0
S165524 177.9783 34.2835 4.565e-23 1.422e-22 1.06e-21 0.0 152.32 0.0
S165525 178.0093 34.2824 2.997e-18 2.926e-18 1.966e-18 0.0 152.16 0.0
S165526 177.79 34.3198 4.6329999999999997e-23 1.0529999999999999e-22 4.280999999999999e-22 0.0 154.52 0.0
S165527 177.6339 34.3495 1.6550000000000002e-20 2.653e-20 5.196e-20 0.0 156.29 0.0
S165528 177.9887 34.2762 3.1980000000000005e-20 4.9120000000000003e-20 8.646000000000001e-20 0.0 152.2 0.0
S165529 177.6672 34.347 4.966999999999999e-22 1.068e-21 3.863e-21 0.0 155.96 0.0
S165530 177.6356 34.3037 1.77e-18 1.863e-18 1.519e-18 0.0 155.96 0.0
S165531 177.8205 34.2831 1.462e-22 3.214e-22 1.2140000000000001e-21 0.0 154.06 0.0
S165532 177.9745 34.281 9.987999999999998e-22 2.146e-21 7.358000000000001e-21 0.0 152.48 0.0
S165533 177.9192 34.2998 4.0649999999999996e-22 7.969999999999999e-22 2.314e-21 0.0 152.91 0.0
S165534 177.9829 34.2811 1.073e-21 2.095e-21 6.1040000000000004e-21 0.0 152.25 0.0
S165535 177.5292 34.3391 1.189e-13 8.308e-14 2.947e-14 0.0 157.59 0.0
S165536 177.7849 34.3296 2.1619999999999998e-23 5.920999999999999e-23 3.5429999999999995e-22 0.0 154.62 0.0
S165537 177.9566 34.2808 2.073e-20 3.3360000000000005e-20 6.450000000000001e-20 0.0 152.39 0.0
S165538 177.9435 34.2759 2.664e-19 3.348e-19 3.781e-19 0.0 152.63 0.0
S165539 177.6713 34.3064 1.527e-18 1.674e-18 1.49e-18 0.0 155.76 0.0
S165540 177.9679 34.2808 7.243e-23 1.8689999999999998e-22 9.392999999999998e-22 0.0 152.2 0.0
S165541 177.5079 34.3397 8.988999999999999e-23 2.233e-22 1.088e-21 0.0 157.43 0.0
S165542 177.7283 34.3341 9.288e-18 1.846e-17 5.719e-17 0.0 155.24 0.0
S165543 177.6516 34.3456 7.261000000000001e-20 1.014e-19 1.409e-19 0.0 156.11 0.0
S165544 177.5752 34.3302 4.8330000000000004e-21 8.211e-21 1.722e-20 0.0 156.9 0.0
S165545 177.6363 34.3416 3.519e-22 8.054999999999999e-22 3.318e-21 0.0 156.44 0.0
S165546 177.9012 34.273 6.408999999999999e-22 1.404e-21 5.069e-21 0.0 153.07 0.0
S165547 177.8527 34.28 7.946000000000001e-20 1.121e-19 1.565e-19 0.0 153.59 0.0
S165548 177.5522 34.3286 8.811e-23 2.2519999999999996e-22 1.16e-21 0.0 157.16 0.0
S165549 177.6386 34.3417 5.1640000000000006e-20 7.466e-20 1.133e-19 0.0 156.21 0.0
S165550 177.7599 34.2942 2.339e-17 4.89e-17 1.634e-16 0.0 154.73 0.0
S165551 177.7774 34.3279 1.401e-20 2.2580000000000003e-20 4.3560000000000006e-20 0.0 154.67 0.0
S165552 177.6885 34.3014 2.812e-23 7.904e-23 5.12e-22 0.0 155.57 0.0
S165553 177.9009 34.3102 9.427e-24 2.7769999999999997e-23 1.8549999999999999e-22 0.0 153.27 0.0
S165554 177.51 34.3469 7.238e-18 1.1e-17 1.858e-17 0.0 157.51 0.0
S165555 177.9574 34.2796 9.907999999999999e-23 2.6159999999999996e-22 1.389e-21 0.0 152.62 0.0
S165556 177.6226 34.3483 1.6660000000000001e-21 1.14e-21 3.898e-22 0.0 156.37 0.0
S165557 177.5524 34.3314 1.9469999999999998e-22 4.639999999999999e-22 1.96e-21 0.0 157.06 0.0
S165558 177.6683 34.3469 7.043e-21 1.2760000000000001e-20 3.03e-20 0.0 155.97 0.0
