Name Equatorial Polar BlueF GreenF RedF Parallax RadialVelocity Variable?
S310186 194.6836 68.7861 5.582e-18 9.655e-18 2.198e-17 0.0 75.14 0.0
S310187 194.6554 68.8672 1.309e-21 2.6480000000000002e-21 8.134e-21 0.0 78.12 0.0
S310188 194.6884 68.7936 9.122e-19 1.048e-18 9.824e-19 0.0 75.73 0.0
S310189 194.6788 68.7752 6.854e-24 1.934e-23 1.2529999999999998e-22 0.0 74.53 0.0
S310190 194.6658 68.8068 5.359e-18 5.147e-18 3.396e-18 0.0 76.73 0.0
S310191 194.6704 68.8034 1.426e-18 1.556e-18 1.389e-18 0.0 76.0 0.0
S310192 194.6728 68.7856 1.252e-18 1.343e-18 1.133e-18 0.0 74.69 0.0
S310193 194.6433 68.8202 1.962e-21 1.367e-21 4.778e-22 0.0 76.92 0.0
S310194 194.6665 68.8039 1.3719999999999998e-23 4.656e-23 4.376e-22 0.0 75.9 0.0
S310195 194.6622 68.8156 1.269e-22 3.3529999999999997e-22 1.862e-21 0.0 77.54 0.0
S310196 194.64 68.9352 3.287e-19 3.95e-19 4.053e-19 0.0 78.2 0.0
S310197 194.654 68.8157 3.782e-20 5.466e-20 8.272000000000001e-20 0.0 76.95 0.0
S310198 194.6572 68.8378 6.061e-22 1.328e-21 4.909e-21 0.0 78.15 0.0
S310199 194.6646 68.8239 1.06e-17 2.053e-17 5.79e-17 0.0 77.86 0.0
S310200 194.6624 68.8095 5.91e-20 8.356000000000001e-20 1.228e-19 0.0 77.13 0.0
S310201 194.6529 68.8628 9.333000000000001e-20 1.407e-19 2.403e-19 0.0 78.15 0.0
S310202 194.6752 68.7902 5.52e-19 6.411e-19 6.553e-19 0.0 74.98 0.0
S310203 194.6634 68.8346 1.03e-22 2.7669999999999997e-22 1.585e-21 0.0 78.05 0.0
S310204 194.6786 68.7976 3.9169999999999995e-23 1.0259999999999999e-22 5.647999999999999e-22 0.0 75.24 0.0
S310205 194.6695 68.8036 2.5559999999999996e-22 5.782999999999999e-22 2.2140000000000002e-21 0.0 76.05 0.0
S310206 194.6911 68.772 3.555e-21 6.088e-21 1.363e-20 0.0 75.03 0.0
S310207 194.6932 68.7398 1.7719999999999998e-22 4.266999999999999e-22 1.868e-21 0.0 74.32 0.0
S310208 194.673 68.8273 1.754e-21 3.254e-21 8.409e-21 0.0 76.93 0.0
S310209 194.6654 68.8045 3.171e-22 7.41e-22 3.297e-21 0.0 76.3 0.0
S310210 194.6714 68.7822 1.036e-19 1.347e-19 1.65e-19 0.0 75.12 0.0
S310211 194.655 68.811 1.545e-20 2.4470000000000003e-20 4.6560000000000004e-20 0.0 76.69 0.0
S310212 194.6906 68.7441 3.22e-18 3.249e-18 2.367e-18 0.001 74.37 0.0
S310213 194.673 68.7759 2.837e-17 5.394e-17 1.478e-16 0.0 74.8 0.0
S310214 194.6675 68.8135 1.104e-20 1.8270000000000002e-20 3.642e-20 0.0 77.48 0.0
S310215 194.6643 68.8164 4.333e-20 6.324e-20 9.731000000000001e-20 0.0 77.23 0.0
S310216 194.6722 68.8068 1.4599999999999999e-24 5.66e-24 6.766e-23 0.0 77.37 0.0
S310217 194.6752 68.787 1.698e-24 6.89e-24 9.244e-23 0.0 74.75 0.0
S310218 194.6653 68.8087 1.535e-17 1.413e-17 8.67e-18 0.0 77.38 0.0
S310219 194.6579 68.8748 4.1669999999999995e-22 9.874999999999999e-22 4.225e-21 0.0 78.03 0.0
S310220 194.6576 68.8409 9.635e-19 1.03e-18 8.613e-19 0.0 77.9 0.0
S310221 194.6556 68.8342 1.091e-23 2.997e-23 1.849e-22 0.0 77.99 0.0
S310222 194.6669 68.8052 2.56e-21 1.6970000000000002e-21 5.486999999999999e-22 0.0 76.98 0.0
S310223 194.6639 68.8037 9.441000000000001e-20 1.272e-19 1.704e-19 0.0 76.81 0.0
S310224 194.6732 68.8209 2.0439999999999998e-22 4.355999999999999e-22 1.518e-21 0.001 77.17 0.0
S310225 194.6769 68.7966 2.015e-21 4.1e-21 1.235e-20 0.0 75.68 0.0
S310226 194.6838 68.836 1.674e-20 2.7070000000000002e-20 5.489e-20 0.0 76.83 0.0
S310227 194.6681 68.8051 5.437999999999999e-22 1.264e-21 5.3680000000000004e-21 0.0 76.31 0.0
S310228 194.6755 68.8134 5.591e-18 9.775e-18 2.212e-17 0.0 76.49 0.0
S310229 194.67 68.8139 6.064e-17 1.353e-16 5.12e-16 0.0 77.11 1.0
S310230 194.6694 68.7999 3.449e-20 5.114e-20 8.412000000000001e-20 0.0 75.18 0.0
S310231 194.6554 68.8422 4.251999999999999e-22 9.567e-22 3.601e-21 0.0 77.87 0.0
S310232 194.6674 68.7986 2.169e-24 8.429e-24 1.017e-22 0.0 75.53 0.0
S310233 194.6741 68.7818 9.582e-18 9.085e-18 5.651e-18 0.0 74.63 0.0
S310234 194.6112 68.9008 7.850999999999999e-23 1.8729999999999998e-22 8.055999999999999e-22 0.0 77.95 0.0
S310235 194.6899 68.7922 1.482e-23 4.104e-23 2.503e-22 0.0 75.59 0.0
S310236 194.6696 68.7899 1.287e-21 9.285999999999999e-22 3.444e-22 0.0 74.97 0.0
S310237 194.6612 68.8162 1.83e-23 4.998e-23 3.0019999999999996e-22 0.0 77.59 0.0
S310238 194.6662 68.8152 1.806e-21 1.257e-21 4.415999999999999e-22 0.0 77.57 0.0
S310239 194.6733 68.8119 1.257e-21 2.511e-21 7.694e-21 0.0 76.85 0.0
S310240 194.6765 68.8093 7.988000000000001e-20 1.08e-19 1.474e-19 0.0 76.42 0.0
S310241 194.6989 68.7813 2.208e-19 2.974e-19 3.957e-19 0.0 75.56 0.0
S310242 194.6662 68.8028 5.784e-18 5.683e-18 4.055e-18 0.0 75.04 0.0
S310243 194.6694 68.7937 1.662e-23 4.667e-23 2.9299999999999997e-22 0.0 75.57 0.0
S310244 194.6789 68.7771 3.748e-21 6.919000000000001e-21 1.732e-20 0.0 74.67 0.0
S310245 194.6772 68.7789 1.8990000000000001e-25 8.452e-25 1.352e-23 0.0 74.47 0.0
S310246 194.6675 68.8305 2.297e-19 3.026e-19 3.829e-19 0.0 77.27 0.0
S310247 194.6337 68.8952 1.313e-25 6.295000000000001e-25 1.169e-23 0.0 78.12 0.0
S310248 194.661 68.8133 6.868e-19 7.827e-19 7.072e-19 0.0 77.55 0.0
S310249 194.663 68.8069 2.457e-20 3.8900000000000003e-20 7.211e-20 0.0 76.61 0.0
S310250 194.6784 68.8461 4.3720000000000005e-20 6.307000000000001e-20 9.659000000000001e-20 0.0 76.88 0.0
S310251 194.6577 68.8296 2.6449999999999995e-22 6.609999999999999e-22 3.273e-21 0.0 77.95 1.0
S310252 194.6665 68.7928 1.435e-17 2.806e-17 8.074e-17 0.0 75.58 0.0
S310253 194.6609 68.8082 1.185e-21 2.566e-21 9.347e-21 0.0 76.84 0.0
S310254 194.6685 68.804 4.454e-22 1.066e-21 4.721e-21 0.0 75.9 0.0
S310255 194.6821 68.7784 4.368e-22 9.926e-22 3.966e-21 0.0 74.48 0.0
S310256 194.6655 68.8088 8.693999999999999e-23 2.122e-22 9.498e-22 0.0 76.74 0.0
S310257 194.673 68.8048 8.758e-24 2.7279999999999996e-23 2.0759999999999997e-22 0.0 76.15 0.0
S310258 194.6717 68.8014 1.926e-19 2.517e-19 3.06e-19 0.0 75.12 0.0
S310259 194.6806 68.7932 3.815e-18 3.705e-18 2.494e-18 0.0 74.96 0.0
S310260 194.6603 68.8076 9.756e-23 2.411e-22 1.15e-21 0.0 76.49 0.0
S310261 194.684 68.795 2.94e-23 8.867999999999999e-23 6.630999999999999e-22 0.0 75.48 0.0
S310262 194.6776 68.8006 4.8059999999999995e-22 9.480999999999998e-22 2.692e-21 0.0 75.65 0.0
S310263 194.6849 68.7741 1.578e-19 2.17e-19 2.907e-19 0.0 74.69 0.0
S310264 194.6419 68.8341 2.62e-21 5.062e-21 1.4850000000000002e-20 0.0 77.12 0.0
S310265 194.67 68.799 4.0210000000000004e-20 6.001000000000001e-20 9.674e-20 0.0 75.3 0.0
S310266 194.6542 68.814 3.054e-23 8.548e-23 5.235999999999999e-22 0.0 76.78 0.0
S310267 194.6725 68.7978 1.49e-16 4.01e-16 2.293e-15 0.0 75.13 1.0
S310268 194.6685 68.8052 2.995e-20 4.7440000000000005e-20 8.897e-20 0.0 76.35 0.0
S310269 194.6677 68.8159 5.2069999999999995e-23 1.213e-22 5.164e-22 0.0 77.47 0.0
S310270 194.6706 68.8074 2.731e-20 4.2490000000000003e-20 8.047000000000001e-20 0.0 77.28 0.0
S310271 194.6749 68.7861 1.444e-21 2.78e-21 7.889e-21 0.0 74.64 0.0
S310272 194.6727 68.7967 1.701e-18 1.813e-18 1.487e-18 0.0 75.0 0.0
S310273 194.6812 68.7721 1.498e-19 2.022e-19 2.684e-19 0.0 74.38 0.0
S310274 194.6868 68.8118 1.023e-17 9.209e-18 5.341e-18 0.0 76.35 0.0
S310275 194.6725 68.7906 3.579e-17 3.159e-17 1.779e-17 0.0 74.94 0.0
S310276 194.644 68.8884 9.715e-24 2.899e-23 2.1069999999999998e-22 0.0 78.21 0.0
S310277 194.6758 68.8095 6.095e-21 1.0740000000000001e-20 2.584e-20 0.0 76.46 0.0
S310278 194.6829 68.7804 1.4410000000000002e-20 2.332e-20 4.4630000000000003e-20 0.0 74.49 0.0
S310279 194.6723 68.8029 1.124e-24 4.28e-24 5.0769999999999995e-23 0.0 75.5 0.0
S310280 194.6832 68.7621 1.3319999999999999e-24 5.2019999999999996e-24 6.326e-23 0.0 74.41 0.0
S310281 194.6613 68.8136 1.675e-24 6.447e-24 7.662999999999999e-23 0.0 77.29 0.0
S310282 194.6806 68.7756 1.2589999999999999e-23 3.86e-23 2.768e-22 0.0 74.4 0.0
S310283 194.6682 68.8019 6.021e-24 2.455e-23 3.318e-22 0.0 75.24 0.0
S310284 194.6582 68.7936 7.8e-13 6.558e-13 3.419e-13 0.0 75.96 1.0
S310285 194.6672 68.8305 4.269e-24 1.54e-23 1.6359999999999999e-22 0.001 77.93 0.0
S310286 194.6726 68.8083 3.321e-20 5.1980000000000007e-20 9.685000000000001e-20 0.0 77.17 0.0
S310287 194.6261 68.8301 6.078e-23 1.6389999999999998e-22 9.700999999999999e-22 0.0 76.8 0.0
S310288 194.6555 68.813 3.159e-23 8.187e-23 4.341999999999999e-22 0.0 76.96 0.0
S310289 194.6659 68.7915 3.024e-21 5.773e-21 1.597e-20 0.0 75.56 0.0
S310290 194.6772 68.7631 9.182e-22 1.951e-21 6.898e-21 0.0 74.58 0.0
S310291 194.6817 68.7407 7.668000000000001e-21 1.4130000000000002e-20 3.4620000000000003e-20 0.0 74.45 0.0
S310292 194.6752 68.8531 2.327e-17 4.535e-17 1.296e-16 0.0 77.39 0.0
S310293 194.6676 68.8301 4.075e-22 9.18e-22 3.619e-21 0.0 77.32 0.0
S310294 194.6599 68.8207 5.079e-23 1.343e-22 7.476999999999999e-22 0.0 77.75 0.0
S310295 194.7072 68.8183 1.393e-18 1.495e-18 1.284e-18 0.0 76.29 0.0
S310296 194.7247 68.7019 1.5859999999999998e-22 4.1819999999999995e-22 2.349e-21 0.0 74.49 0.0
S310297 194.7048 68.7509 1.028e-20 1.7690000000000002e-20 3.8750000000000004e-20 0.0 74.97 0.0
S310298 194.6725 68.8034 1.8e-21 1.249e-21 4.452e-22 0.0 75.09 0.0
S310299 194.6558 68.8309 9.731e-21 1.711e-20 3.8390000000000006e-20 0.0 77.91 0.0
S310300 194.6685 68.806 4.5170000000000005e-20 6.513000000000001e-20 1.017e-19 0.0 76.4 0.0
S310301 194.6615 68.8343 2.3339999999999996e-22 6.005999999999999e-22 3.138e-21 0.0 78.09 0.0
S310302 194.6641 68.8175 2.018e-18 2.132e-18 1.782e-18 0.0 77.6 0.0
S310303 194.6673 68.8077 1.052e-18 1.149e-18 1.001e-18 0.0 76.65 0.0
S310304 194.6686 68.8075 3.039e-23 9.1e-23 6.374999999999999e-22 0.0 76.64 0.0
S310305 194.6689 68.8027 2.177e-19 2.678e-19 2.93e-19 0.0 75.83 0.0
S310306 194.6645 68.8474 5.408e-24 1.773e-23 1.5049999999999998e-22 0.0 77.69 0.0
S310307 194.6792 68.7711 1.399e-22 3.0709999999999997e-22 1.157e-21 0.0 74.34 0.0
S310308 194.6591 68.818 1.237e-21 2.656e-21 9.305e-21 0.0 77.29 0.0
S310309 194.6702 68.8051 1.719e-20 2.824e-20 5.823000000000001e-20 0.0 74.92 0.0
S310310 194.6425 68.9054 5.099e-18 5.039e-18 3.603e-18 0.0 78.29 0.0
S310311 194.6713 68.8056 4.58e-21 8.258e-21 2.042e-20 0.0 76.22 0.0
S310312 194.6584 68.8024 3.3640000000000005e-20 4.9940000000000004e-20 7.697e-20 0.0 76.42 0.0
S310313 194.6617 68.8001 2.093e-21 1.4340000000000001e-21 4.757999999999999e-22 0.0 76.0 0.0
S310314 194.6625 68.7847 8.456999999999999e-22 1.814e-21 6.4020000000000004e-21 0.0 75.38 0.0
S310315 194.6771 68.8063 4.354e-22 9.675e-22 3.655e-21 0.0 75.86 0.0
S310316 194.6887 68.7739 3.394e-19 4.08e-19 4.28e-19 0.0 74.86 0.0
S310317 194.6796 68.812 4.276e-18 7.543e-18 1.769e-17 0.0 76.41 0.0
S310318 194.6682 68.8081 1.47e-18 1.548e-18 1.223e-18 0.0 76.92 0.0
S310319 194.6772 68.7766 3.225e-19 4.178e-19 5.101e-19 0.0 74.65 0.0
S310320 194.6592 68.8149 1.879e-24 7.149e-24 8.389e-23 0.0 77.08 0.0
S310321 194.6444 68.8694 8.235e-20 1.179e-19 1.706e-19 0.0 78.01 0.0
S310322 194.6635 68.8102 4.261e-19 5.256e-19 5.742e-19 0.0 77.12 0.0
S310323 194.6659 68.8101 1.253e-17 1.893e-17 3.094e-17 0.0 77.41 0.0
S310324 194.6663 68.7919 3.636e-19 4.315e-19 4.567e-19 0.0 75.39 0.0
S310325 194.6689 68.8215 5.468999999999999e-22 1.073e-21 3.125e-21 0.0 77.55 0.0
S310326 194.6841 68.7627 8.926e-19 1.015e-18 9.152e-19 0.0 74.57 0.0
S310327 194.6748 68.8063 3.301e-23 8.724e-23 4.556e-22 0.0 76.23 0.0
S310328 194.6709 68.7832 3.46e-24 1.0899999999999999e-23 8.870999999999999e-23 0.0 74.64 0.0
S310329 194.6368 68.8183 8.877e-22 2.07e-21 8.880000000000001e-21 0.0 76.75 0.0
S310330 194.6648 68.8131 7.979e-23 2.1939999999999997e-22 1.316e-21 0.0 77.42 0.0
S310331 194.676 68.7978 1.856e-21 3.469e-21 9.381e-21 0.0 75.09 0.0
S310332 194.7091 68.7889 4.534e-21 8.169e-21 1.9510000000000002e-20 0.0 75.88 0.0
S310333 194.6802 68.7845 3.343e-21 6.546e-21 1.877e-20 0.0 74.54 0.0
S310334 194.6592 68.7938 2.2510000000000003e-20 3.443e-20 6.154e-20 0.0 75.93 0.0
S310335 194.6739 68.8005 2.7439999999999997e-22 7.104999999999999e-22 3.672e-21 0.0 75.04 0.0
S310336 194.6725 68.7829 1.9140000000000002e-20 3.1790000000000003e-20 6.475000000000001e-20 0.0 74.65 0.0
S310337 194.6495 68.8163 1.581e-22 4.001e-22 1.973e-21 0.0 76.77 0.0
S310338 194.6775 68.7948 7.856e-23 1.9179999999999998e-22 8.860999999999998e-22 0.0 75.28 0.0
S310339 194.673 68.7937 6.405000000000001e-20 9.219000000000001e-20 1.412e-19 0.0 74.95 0.0
S310340 194.6713 68.813 2.096e-17 3.517e-17 7.453e-17 0.0 77.44 1.0
S310341 194.6769 68.7821 3.971e-17 5.783e-17 9.225e-17 0.0 74.63 0.0
S310342 194.6708 68.728 3.1609999999999998e-22 7.498e-22 3.347e-21 0.0 74.83 0.0
S310343 194.6714 68.7953 4.0379999999999997e-23 1.072e-22 5.863e-22 0.0 75.19 0.0
S310344 194.6663 68.804 7.469e-23 1.8379999999999997e-22 8.707e-22 0.0 76.56 0.0
S310345 194.6644 68.7936 1.4899999999999998e-22 3.43e-22 1.464e-21 0.0 75.56 0.0
S310346 194.6885 68.7941 4.522e-25 1.797e-24 2.197e-23 0.0 75.68 0.0
S310347 194.6729 68.7954 2.976e-23 7.494e-23 3.726e-22 0.0 75.09 0.0
S310348 194.6725 68.8026 2.7e-25 1.183e-24 1.8969999999999998e-23 0.0 75.55 0.0
S310349 194.6644 68.8098 1.99e-17 1.732e-17 9.154e-18 0.0 76.78 0.0
S310350 194.7266 68.7628 4.639000000000001e-25 2.041e-24 3.2579999999999997e-23 0.0 75.65 0.0
S310351 194.6604 68.8355 1.593e-18 1.849e-18 1.782e-18 0.0 77.85 0.0
S310352 194.6519 68.8357 6.471e-22 1.482e-21 5.983e-21 0.0 77.48 0.0
S310353 194.6053 68.873 6.292e-21 1.1000000000000001e-20 2.5320000000000002e-20 0.0 77.29 0.0
S310354 194.6543 68.839 1.0889999999999998e-22 2.333e-22 8.271999999999999e-22 0.0 78.07 0.0
S310355 194.675 68.7882 2.697e-21 4.955e-21 1.235e-20 0.0 74.68 0.0
S310356 194.6817 68.8096 7.789e-17 6.263e-17 2.909e-17 0.0 76.28 0.0
S310357 194.657 68.8005 4.0040000000000006e-20 6.374e-20 1.153e-19 0.0 76.22 0.0
S310358 194.6661 68.8049 3.6379999999999996e-23 1.043e-22 6.599999999999999e-22 0.0 76.54 0.0
S310359 194.658 68.7997 2.6990000000000003e-20 4.1150000000000006e-20 7.286e-20 0.0 76.11 0.0
S310360 194.705 68.7009 1.843e-19 2.445e-19 3.168e-19 0.0 74.19 0.0
S310361 194.6695 68.8005 4.3369999999999997e-23 1.1009999999999999e-22 5.655e-22 0.0 75.46 0.0
S310362 194.6809 68.7697 2.2669999999999996e-22 5.468999999999999e-22 2.539e-21 0.0 74.39 0.0
S310363 194.6767 68.7795 5.462e-18 5.437e-18 3.878e-18 0.0 74.46 0.0
S310364 194.6432 68.8851 7.003e-23 1.9719999999999997e-22 1.213e-21 0.0 78.2 0.0
S310365 194.6663 68.8232 1.302e-27 1.0990000000000002e-26 6.908000000000001e-25 0.0 77.33 0.0
S310366 194.6755 68.8055 8.79e-22 1.919e-21 7.052e-21 0.0 76.2 0.0
S310367 194.6783 68.8208 2.5659999999999997e-22 6.005999999999999e-22 2.659e-21 0.0 76.95 0.0
S310368 194.6695 68.7992 6.663000000000001e-20 9.333000000000001e-20 1.32e-19 0.0 75.17 0.0
S310369 194.6664 68.7575 1.328e-19 1.772e-19 2.331e-19 0.0 75.04 0.0
S310370 194.6763 68.8027 8.564e-21 1.508e-20 3.3290000000000005e-20 0.0 75.97 0.0
S310371 194.6566 68.8118 1.609e-16 1.236e-16 5.269e-17 0.001 76.96 1.0
S310372 194.6725 68.8062 8.304000000000001e-26 4.044e-25 8.005e-24 0.0 76.28 0.0
S310373 194.6703 68.7974 4.574e-22 1.027e-21 3.886e-21 0.0 75.09 0.0
S310374 194.6701 68.7991 3.206e-18 3.12e-18 2.059e-18 0.0 75.75 0.0
S310375 194.6487 68.8528 5.446e-23 1.347e-22 6.140999999999999e-22 0.0 78.2 0.0
S310376 194.6812 68.7717 1.792e-19 2.401e-19 3.194e-19 0.0 74.67 0.0
S310377 194.6804 68.8378 1.395e-18 1.439e-18 1.113e-18 0.0 76.93 0.0
S310378 194.6624 68.8036 4.098e-22 8.578e-22 2.929e-21 0.0 76.51 0.0
S310379 194.6621 68.8348 8.523e-22 1.812e-21 6.083e-21 0.0 78.01 0.0
S310380 194.6511 68.8148 6.518e-21 1.1330000000000001e-20 2.5890000000000003e-20 0.0 77.1 0.0
S310381 194.6675 68.8181 1.689e-19 2.234e-19 2.788e-19 0.0 77.47 0.0
S310382 194.6612 68.816 9.988e-21 1.598e-20 3.134e-20 0.0 77.32 0.0
S310383 194.6749 68.8144 4.355e-20 6.585000000000001e-20 1.106e-19 0.0 76.8 0.0
S310384 194.6687 68.8374 1.813e-21 3.135e-21 7.194e-21 0.0 77.58 0.0
S310385 194.6697 68.8177 1.123e-21 8.362999999999999e-22 3.399e-22 0.0 77.49 0.0
S310386 194.6714 68.7945 4.3180000000000003e-20 6.43e-20 1.025e-19 0.0 75.19 0.0
S310387 194.6721 68.8044 3.732e-21 7.117e-21 1.995e-20 0.0 75.94 0.0
S310388 194.6748 68.7893 1.1079999999999998e-22 2.6759999999999996e-22 1.2350000000000001e-21 0.0 74.79 0.0
S310389 194.6664 68.8041 5.076e-22 1.1070000000000001e-21 4.058e-21 0.0 77.14 0.0
S310390 194.6582 68.807 5.6620000000000005e-28 5.049e-27 3.4600000000000003e-25 0.0 76.62 0.0
S310391 194.6691 68.8119 1.195e-22 2.9899999999999997e-22 1.464e-21 0.0 77.35 0.0
S310392 194.6652 68.7641 3.665e-13 2.937e-13 1.378e-13 0.0 75.25 1.0
S310393 194.662 68.9037 3.319e-17 6.729e-17 2.055e-16 0.0 77.65 0.0
S310394 194.6793 68.7696 6.271999999999999e-22 1.288e-21 3.982e-21 0.0 74.35 0.0
S310395 194.6645 68.816 5.847e-23 1.447e-22 7.042999999999999e-22 0.0 77.36 0.0
S310396 194.6497 68.8767 5.87e-18 5.872e-18 4.187e-18 0.0 78.15 0.0
S310397 194.6761 68.7834 9.447e-23 2.562e-22 1.487e-21 0.0 74.53 0.0
S310398 194.6501 68.8094 9.606e-18 8.756e-18 5.415e-18 0.0 76.48 0.0
S310399 194.6475 68.8117 1.737e-17 1.512e-17 8.56e-18 0.0 76.52 0.0
S310400 194.6641 68.8614 1.291e-17 1.079e-17 5.551e-18 0.0 77.66 0.0
S310401 194.6708 68.8111 4.003e-23 1.196e-22 8.161999999999999e-22 0.0 77.37 0.0
S310402 194.6755 68.7935 5.539e-17 9.712e-17 2.241e-16 0.0 75.16 0.0
S310403 194.6385 68.8023 2.285e-17 3.484e-17 6.075e-17 0.0 76.39 0.0
S310404 194.6906 68.7526 5.543999999999999e-22 1.199e-21 4.228e-21 0.0 74.3 0.0
S310405 194.6669 68.8169 4.1850000000000005e-20 6.536000000000001e-20 1.192e-19 0.0 77.31 0.0
S310406 194.67 68.8002 1.306e-19 1.692e-19 2.077e-19 0.0 75.36 0.0
S310407 194.6635 68.7751 3.303e-13 3.714e-13 3.356e-13 0.0 75.27 0.0
S310408 194.6883 68.739 1.2210000000000001e-20 2.0680000000000003e-20 4.395e-20 0.0 74.31 0.0
S310409 194.6635 68.8235 1.9380000000000002e-20 3.258e-20 6.920000000000001e-20 0.0 77.42 0.0
S310410 194.6661 68.818 1.802e-21 3.322e-21 8.72e-21 0.0 77.37 0.0
S310411 194.6763 68.8058 6.822999999999999e-22 1.558e-21 6.024e-21 0.0 76.15 0.0
S310412 194.656 68.792 4.114e-17 9.429e-17 3.827e-16 0.0 75.93 1.0
S310413 194.6616 68.7906 8.201e-24 2.562e-23 2.0729999999999998e-22 0.0 75.81 0.0
S310414 194.6671 68.8103 1.556e-19 2.006e-19 2.536e-19 0.0 77.04 0.0
S310415 194.7005 68.7455 9.003e-24 2.987e-23 2.5659999999999997e-22 0.0 74.5 0.0
S310416 194.6669 68.8001 1.6079999999999997e-22 4.304e-22 2.389e-21 0.0 75.54 0.0
S310417 194.655 68.83 3.558e-21 6.419e-21 1.5340000000000002e-20 0.0 77.9 0.0
S310418 194.6804 68.7669 5.54e-21 1.009e-20 2.4780000000000004e-20 0.0 74.29 0.0
S310419 194.6629 68.8218 5.842e-24 1.808e-23 1.415e-22 0.0 77.65 0.0
S310420 194.6803 68.8058 9.534e-23 2.495e-22 1.366e-21 0.0 76.15 0.0
S310421 194.6678 68.7928 1.81e-23 5.0779999999999997e-23 3.1269999999999995e-22 0.0 74.93 0.0
S310422 194.6549 68.8847 1.876e-25 8.677e-25 1.445e-23 0.0 77.9 0.0
S310423 194.6491 68.8693 1.295e-18 1.391e-18 1.162e-18 0.0 78.18 0.0
S310424 194.6647 68.804 4.067e-19 4.81e-19 5.082e-19 0.0 76.27 0.0
S310425 194.6621 68.7863 1.332e-20 2.219e-20 4.72e-20 0.0 75.34 0.0
S310426 194.6594 68.7758 1.6549999999999998e-23 5.0969999999999996e-23 3.7539999999999997e-22 0.0 75.48 0.0
S310427 194.6343 68.8608 3.044e-21 5.658e-21 1.4550000000000002e-20 0.0 77.88 0.0
S310428 194.7039 68.7301 4.316e-21 7.806e-21 1.9550000000000002e-20 0.0 74.44 0.0
S310429 194.6824 68.7753 4.052e-21 7.61e-21 2.057e-20 0.0 74.57 0.0
S310430 194.6642 68.8043 5.437e-22 1.037e-21 2.911e-21 0.0 76.49 0.0
S310431 194.6719 68.8017 4.1819999999999995e-22 9.448e-22 3.606e-21 0.0 75.42 0.0
S310432 194.6703 68.8042 5.883999999999999e-22 1.254e-21 4.2620000000000004e-21 0.0 75.53 0.0
S310433 194.664 68.8099 1.948e-21 1.347e-21 4.678e-22 0.0 76.74 0.0
S310434 194.6614 68.8105 3.131e-17 2.735e-17 1.519e-17 0.0 77.39 0.0
S310435 194.65 68.8349 3.9729999999999994e-22 9.06e-22 3.579e-21 0.0 77.87 0.0
S310436 194.6757 68.807 1.7550000000000002e-20 2.864e-20 5.766e-20 0.001 76.38 0.0
S310437 194.6605 68.8624 2.099e-21 1.4310000000000001e-21 4.867e-22 0.0 78.14 0.0
S310438 194.673 68.7761 4.2330000000000005e-20 6.175e-20 9.725e-20 0.0 74.86 0.0
S310439 194.6797 68.8173 4.142e-18 4.182e-18 3.072e-18 0.0 76.55 0.0
S310440 194.6632 68.8172 1.0899999999999999e-23 3.463e-23 2.718e-22 0.0 77.54 0.0
S310441 194.6576 68.8112 2.99e-21 5.55e-21 1.4540000000000002e-20 0.0 76.76 0.0
S310442 194.6654 68.8085 3.931e-23 9.621999999999999e-23 4.416999999999999e-22 0.0 76.6 0.0
S310443 194.6672 68.7999 3.0779999999999997e-22 7.267999999999999e-22 3.167e-21 0.0 75.75 0.0
S310444 194.6889 68.7795 5.189e-24 1.584e-23 1.1829999999999999e-22 0.0 75.18 0.0
S310445 194.6602 68.8056 5.584e-22 1.313e-21 5.482e-21 0.0 77.25 0.0
S310446 194.6774 68.7919 4.383e-20 6.407000000000001e-20 9.657000000000001e-20 0.001 74.87 0.0
S310447 194.6789 68.781 5.535e-18 9.168e-18 1.917e-17 0.0 74.54 0.0
S310448 194.6705 68.8036 7.016e-19 7.782e-19 7.308e-19 0.0 76.06 0.0
S310449 194.6606 68.815 1.833e-21 1.262e-21 4.429999999999999e-22 0.0 77.35 0.0
S310450 194.6706 68.8051 1.485e-21 2.953e-21 8.526e-21 0.0 76.12 0.0
S310451 194.6697 68.7887 1.143e-19 1.541e-19 1.992e-19 0.0 74.9 0.0
S310452 194.6817 68.8222 6.654e-18 6.465e-18 4.341e-18 0.0 76.6 0.0
S310453 194.6554 68.8464 2.0779999999999999e-22 5.143999999999999e-22 2.445e-21 0.0 78.02 0.0
S310454 194.6487 68.8018 6.409e-24 1.942e-23 1.3749999999999998e-22 0.0 76.33 0.0
S310455 194.676 68.8178 4.1840000000000006e-20 6.319000000000001e-20 1.056e-19 0.0 76.81 0.0
S310456 194.6634 68.8051 1.4649999999999999e-22 3.1749999999999997e-22 1.157e-21 0.0 76.43 0.0
S310457 194.6708 68.7913 2.7490000000000002e-21 5.235e-21 1.4e-20 0.0 75.03 0.0
S310458 194.6602 68.8422 4.454e-19 5.162e-19 4.848e-19 0.0 78.1 0.0
S310459 194.6654 68.8344 1.916e-23 5.438e-23 3.3869999999999995e-22 0.0 77.45 0.0
S310460 194.687 68.7423 8.873e-22 1.744e-21 5.242e-21 0.0 74.33 0.0
S310461 194.6077 68.8797 1.506e-18 1.647e-18 1.433e-18 0.0 77.21 0.0
S310462 194.67 68.815 8.546e-23 2.125e-22 1.062e-21 0.0 77.26 0.0
S310463 194.6853 68.7689 7.175e-21 1.2430000000000001e-20 2.828e-20 0.0 74.47 0.0
S310464 194.6667 68.7872 3.45e-20 5.0500000000000003e-20 7.951000000000001e-20 0.0 75.13 0.0
S310465 194.6435 68.881 1.305e-21 2.8e-21 9.926000000000001e-21 0.0 78.24 0.0
S310466 194.6695 68.8031 1.8060000000000003e-20 2.933e-20 5.656e-20 0.0 76.1 0.0
S310467 194.6598 68.8212 4.519e-20 6.378e-20 9.682000000000001e-20 0.0 77.67 0.0
S310468 194.6657 68.8065 8.552000000000001e-26 4.021e-25 7.608999999999999e-24 0.0 77.37 0.0
S310469 194.6607 68.9005 8.528e-19 9.772e-19 9.429e-19 0.0 77.81 0.0
S310470 194.6686 68.8048 2.492e-19 3.324e-19 4.337e-19 0.0 76.55 0.0
S310471 194.6862 68.8836 7.222999999999999e-22 1.558e-21 5.385e-21 0.0 77.12 0.0
S310472 194.6559 68.8115 1.407e-23 4.05e-23 2.612e-22 0.0 76.99 0.0
S310473 194.6623 68.8027 8.786999999999999e-23 2.434e-22 1.417e-21 0.0 76.23 0.0
S310474 194.671 68.8067 1.57e-20 2.6720000000000003e-20 5.712e-20 0.0 76.58 0.0
S310475 194.684 68.7773 1.745e-22 4.436e-22 2.169e-21 0.0 74.4 0.0
S310476 194.6847 68.781 5.158999999999999e-22 1.06e-21 3.504e-21 0.0 74.54 0.0
S310477 194.6754 68.7835 2.192e-19 2.811e-19 3.38e-19 0.0 74.54 0.0
S310478 194.6745 68.8045 2.8249999999999996e-22 7.051e-22 3.514e-21 0.0 75.96 0.0
S310479 194.6876 68.7873 6.576e-28 5.666e-27 3.817e-25 0.0 75.51 0.0
S310480 194.6725 68.7979 2.499e-23 6.289e-23 3.119e-22 0.0 75.09 0.0
S310481 194.6706 68.7703 1.028e-20 1.7610000000000003e-20 3.8420000000000003e-20 0.0 74.74 0.0
S310482 194.6457 68.7704 1.206e-21 2.338e-21 6.607e-21 0.0 75.84 0.0
S310483 194.672 68.8061 8.06e-20 1.124e-19 1.634e-19 0.0 76.59 0.0
S310484 194.6813 68.7777 2.603e-21 5.181e-21 1.584e-20 0.0 74.62 0.0
S310485 194.6695 68.808 4.142e-13 2.897e-13 1.019e-13 0.0 77.08 0.0
S310486 194.6768 68.8005 6.108e-17 5.058e-17 2.513e-17 0.0 75.8 0.0
S310487 194.7048 68.7176 9.653e-19 1.151e-18 1.151e-18 0.0 74.4 0.0
S310488 194.6854 68.8013 2.516e-22 6.319999999999999e-22 3.115e-21 0.0 75.99 0.0
S310489 194.6731 68.7941 2.017e-21 1.38e-21 4.814999999999999e-22 0.0 75.35 0.0
S310490 194.6675 68.8024 3.516e-21 6.447e-21 1.604e-20 0.0 75.83 0.0
S310491 194.658 68.8199 8.716e-18 8.11e-18 4.917e-18 0.0 77.51 0.0
S310492 194.6736 68.7898 3.188e-19 4.116e-19 5.24e-19 0.0 74.89 0.0
S310493 194.645 68.8779 5.805e-23 1.4869999999999998e-22 7.802999999999999e-22 0.0 78.21 0.0
S310494 194.667 68.8016 8.678e-22 1.748e-21 5.619e-21 0.0 75.1 0.0
S310495 194.6817 68.7958 2.292e-22 5.824999999999999e-22 2.962e-21 0.0 75.67 0.0
S310496 194.6876 68.7559 2.447e-21 4.553e-21 1.2090000000000001e-20 0.0 74.36 0.0
S310497 194.6867 68.7742 3.983e-19 4.708e-19 4.822e-19 0.0 74.62 0.0
S310498 194.6697 68.7789 1.0179999999999999e-22 2.619e-22 1.392e-21 0.0 74.79 0.0
S310499 194.6758 68.8071 3.898e-19 4.908e-19 5.722e-19 0.0 76.31 0.0
S310500 194.6788 68.7803 1.4809999999999998e-23 4.4409999999999997e-23 3.1449999999999997e-22 0.0 74.42 0.0
S310501 194.6675 68.8064 1.67e-23 5.0909999999999997e-23 3.6319999999999995e-22 0.0 76.59 0.0
S310502 194.6587 68.842 3.965e-18 3.881e-18 2.73e-18 0.0 78.17 0.0
S310503 194.6703 68.8058 4.0269999999999996e-22 9.32e-22 3.89e-21 0.0 76.33 0.0
S310504 194.6721 68.8013 5.502000000000001e-20 8.151e-20 1.305e-19 0.0 75.75 0.0
S310505 194.6601 68.8172 2.9810000000000002e-21 5.561e-21 1.422e-20 0.0 77.67 0.0
S310506 194.6651 68.8317 5.421e-19 6.443e-19 6.631e-19 0.0 77.73 0.0
S310507 194.6567 68.9123 6.165e-19 7.367e-19 7.596e-19 0.0 77.87 0.0
S310508 194.6775 68.8165 2.694e-24 9.485999999999999e-24 9.551e-23 0.0 76.62 0.0
S310509 194.6822 68.7773 1.766e-21 1.2320000000000001e-21 4.363e-22 0.0 74.65 0.0
S310510 194.6635 68.8418 2.9840000000000005e-20 4.6690000000000004e-20 8.585000000000001e-20 0.0 77.86 0.0
S310511 194.6608 68.8184 2.379e-21 4.9e-21 1.569e-20 0.0 77.4 0.0
S310512 194.6645 68.7742 6.278e-21 1.123e-20 2.584e-20 0.0 75.49 0.0
S310513 194.6656 68.8088 3.679e-20 5.533000000000001e-20 8.972e-20 0.0 77.14 0.0
S310514 194.6673 68.8095 1.242e-23 3.5e-23 2.1429999999999997e-22 0.0 76.94 0.0
S310515 194.667 68.7765 1.253e-17 2.178e-17 5.126e-17 0.0 74.83 0.0
S310516 194.6569 68.8316 2.734e-23 8.104e-23 5.663999999999999e-22 0.0 77.89 0.0
S310517 194.6663 68.784 1.949e-19 2.483e-19 2.926e-19 0.0 75.11 0.0
S310518 194.6658 68.8202 4.596999999999999e-22 9.089e-22 2.704e-21 0.0 77.7 0.0
S310519 194.6632 68.8263 2.094e-17 4.675e-17 1.854e-16 0.0 78.01 0.0
S310520 194.6967 68.772 3.7590000000000004e-25 1.5959999999999999e-24 2.358e-23 0.0 75.2 0.0
S310521 194.685 68.8285 5.656e-19 6.297e-19 5.984e-19 0.0 76.63 0.0
S310522 194.6558 68.8377 2.353e-21 4.463e-21 1.2210000000000001e-20 0.0 78.15 0.0
S310523 194.676 68.7963 1.4430000000000001e-21 1.037e-21 3.8339999999999996e-22 0.0 75.1 0.0
S310524 194.6929 68.7087 1.622e-22 4.1449999999999995e-22 2.146e-21 0.0 74.16 0.0
S310525 194.6613 68.823 1.06e-17 9.492e-18 5.62e-18 0.0 77.8 0.0
S310526 194.6654 68.8327 2.658e-18 2.831e-18 2.392e-18 0.0 77.83 0.0
S310527 194.6641 68.7701 5.944e-21 1.04e-20 2.4060000000000003e-20 0.0 75.35 1.0
S310528 194.6658 68.8135 3.143e-19 3.726e-19 3.895e-19 0.0 77.1 0.0
S310529 194.6727 68.7848 3.537e-24 1.192e-23 1.069e-22 0.0 74.72 0.0
S310530 194.6635 68.8262 3.986e-17 1.004e-16 4.974e-16 0.0 77.82 1.0
S310531 194.6665 68.8367 2.367e-24 7.975e-24 7.223e-23 0.0 77.76 0.0
S310532 194.6775 68.7677 6.767e-18 6.65e-18 4.598e-18 0.0 74.46 0.0
S310533 194.6626 68.8038 4.293e-19 5.097e-19 5.369e-19 0.0 76.37 0.0
S310534 194.6612 68.7895 2.181e-22 5.026999999999999e-22 2.1250000000000002e-21 0.0 75.77 0.0
S310535 194.6652 68.8458 4.066e-19 5.011e-19 5.637e-19 0.0 78.2 0.0
S310536 194.6726 68.8079 2.517e-22 5.5489999999999995e-22 2.007e-21 0.0 77.38 0.0
S310537 194.6639 68.7767 7.717999999999999e-22 1.632e-21 5.557e-21 0.0 75.46 0.0
S310538 194.663 68.7978 9.563e-19 1.091e-18 1.006e-18 0.0 75.77 0.0
S310539 194.6686 68.8101 8.229e-19 9.517e-19 8.93e-19 0.0 76.96 0.0
S310540 194.6657 68.804 6.256e-17 1.364e-16 4.947e-16 0.0 77.26 1.0
S310541 194.6675 68.8003 5.031e-20 7.232e-20 1.073e-19 0.0 75.38 0.0
S310542 194.6603 68.8175 1.592e-19 2.093e-19 2.648e-19 0.0 77.22 0.0
S310543 194.6745 68.7739 2.2200000000000002e-21 4.016e-21 1.009e-20 0.0 74.38 0.0
S310544 194.6847 68.812 2.624e-21 4.874e-21 1.3050000000000001e-20 0.0 76.35 0.0
S310545 194.6726 68.8032 1.427e-23 4.234e-23 2.8459999999999996e-22 0.0 76.05 0.0
S310546 194.6749 68.7642 3.3449999999999996e-22 7.932999999999999e-22 3.548e-21 0.0 74.51 0.0
S310547 194.6539 68.8117 8.161e-20 1.12e-19 1.545e-19 0.0 77.67 0.0
S310548 194.6896 68.8075 3.015e-13 2.259e-13 8.95e-14 0.0 75.5 0.0
S310549 194.6536 68.8131 1.281e-17 1.094e-17 5.921e-18 0.0 77.25 0.0
S310550 194.68 68.7986 4.761e-17 4.042e-17 2.003e-17 0.0 75.17 0.0
S310551 194.6693 68.804 6.366e-18 6.158e-18 4.096e-18 0.0 76.2 0.0
S310552 194.6809 68.8054 1.01e-18 1.163e-18 1.096e-18 0.0 75.98 0.0
S310553 194.669 68.8059 2.325e-13 1.575e-13 5.179e-14 0.0 76.33 0.0
S310554 194.6755 68.7967 3.2709999999999997e-23 9.777e-23 6.684999999999999e-22 0.0 74.93 0.0
S310555 194.6786 68.8071 2.332e-17 2.085e-17 1.187e-17 0.001 76.21 0.0
S310556 194.6655 68.8199 4.321e-19 5.155e-19 5.219e-19 0.0 77.55 0.0
S310557 194.6843 68.7968 1.074e-18 1.236e-18 1.19e-18 0.0 75.37 0.0
S310558 194.6612 68.8152 7.151000000000001e-20 9.716e-20 1.358e-19 0.0 77.54 0.0
S310559 194.6518 68.8048 4.117e-18 4.133e-18 2.977e-18 0.0 76.92 0.0
S310560 194.6859 68.801 1.97e-21 1.355e-21 4.682999999999999e-22 0.0 75.56 0.0
S310561 194.6481 68.8424 2.3499999999999997e-22 5.751999999999999e-22 2.693e-21 0.0 78.08 0.0
S310562 194.6722 68.8075 1.586e-17 1.345e-17 7.038e-18 0.0 76.45 0.0
S310563 194.6442 68.804 2.042e-18 2.282e-18 2.12e-18 0.0 77.59 0.0
S310564 194.6654 68.7718 4.56e-18 4.688e-18 3.49e-18 0.0 74.37 0.0
S310565 194.6768 68.7875 1.046e-17 1.008e-17 6.623e-18 0.0 74.85 0.0
S310566 194.6606 68.7952 6.619e-17 5.839e-17 3.271e-17 0.0 75.84 0.0
S310567 194.6961 68.8033 5.377000000000001e-20 7.818000000000001e-20 1.203e-19 0.0 74.66 0.0
S310568 194.6699 68.784 6.343e-20 9.144000000000001e-20 1.4e-19 0.0 74.71 0.0
S310569 194.6698 68.8016 3.035e-17 2.613e-17 1.37e-17 0.0 75.79 0.0
S310570 194.6529 68.8101 4.41e-23 1.2009999999999998e-22 7.063999999999999e-22 0.0 76.99 0.0
S310571 194.681 68.7735 1.6789999999999998e-22 4.1309999999999996e-22 1.915e-21 0.0 74.39 0.0
S310572 194.6647 68.8223 1.109e-15 8.251e-16 3.178e-16 0.0 77.73 0.0
S310573 194.6684 68.8146 1.122e-17 1.095e-17 7.455e-18 0.0 77.56 0.0
S310574 194.6681 68.7858 3.103e-17 2.656e-17 1.412e-17 0.0 74.67 0.0
S310575 194.6782 68.7855 9.766e-19 1.067e-18 9.469e-19 0.0 75.05 0.0
S310576 194.6609 68.8155 2.378e-21 4.322e-21 1.044e-20 0.0 77.59 0.0
S310577 194.6799 68.8015 1.441e-18 1.665e-18 1.614e-18 0.0 74.93 0.0
S310578 194.6527 68.8129 1.886e-21 1.301e-21 4.5829999999999995e-22 0.001 77.28 0.0
S310579 194.6501 68.7904 4.901e-21 8.686e-21 2.0400000000000003e-20 0.0 75.47 0.0
S310580 194.6693 68.8182 2.21e-21 1.505e-21 4.929e-22 0.0 77.5 0.0
S310581 194.6642 68.8193 9.357e-21 1.581e-20 3.5230000000000004e-20 0.0 77.31 0.0
S310582 194.6531 68.7955 3.442e-13 2.368e-13 8.039e-14 0.0 75.5 0.0
S310583 194.6587 68.8185 6.242e-21 1.13e-20 2.754e-20 0.0 77.72 0.0
S310584 194.659 68.8185 5.628e-22 1.142e-21 3.521e-21 0.0 77.72 0.0
S310585 194.6964 68.8055 1.615e-21 1.152e-21 4.2219999999999997e-22 0.0 75.9 0.0
S310586 194.6805 68.8115 2.414e-21 1.606e-21 5.214e-22 0.0 76.57 0.0
S310587 194.6539 68.7979 5.333e-18 5.233e-18 3.518e-18 0.0 76.07 0.0
S310588 194.675 68.785 5.52e-17 4.565e-17 2.275e-17 0.0 75.06 0.0
S310589 194.6752 68.7974 1.905e-18 2.131e-18 1.877e-18 0.0 75.29 0.0
S310590 194.6753 68.8185 1.328e-17 1.214e-17 7.181e-18 0.0 76.88 0.0
S310591 194.672 68.8032 2.99e-21 1.999e-21 6.347999999999999e-22 0.0 76.01 0.0
S310592 194.6885 68.7993 2.145e-21 4.153e-21 1.1790000000000001e-20 0.0 74.74 0.0
S310593 194.6694 68.7909 1.411e-22 3.2109999999999996e-22 1.314e-21 0.0 75.56 0.0
S310594 194.6517 68.7823 1.674e-18 1.768e-18 1.45e-18 0.0 75.29 0.0
S310595 194.66 68.8381 1.291e-23 3.366e-23 1.8289999999999999e-22 0.0 78.14 0.0
S310596 194.6581 68.8385 2.178e-19 2.79e-19 3.315e-19 0.0 78.02 0.0
S310597 194.6488 68.7821 4.845e-24 1.592e-23 1.3969999999999998e-22 0.0 74.8 0.0
S310598 194.6655 68.8057 1.704e-19 2.397e-19 3.501e-19 0.0 76.46 0.0
S310599 194.6853 68.7885 2.3e-22 5.149e-22 1.958e-21 0.0 75.12 0.0
S310600 194.6659 68.8106 4.735e-18 4.678e-18 3.281e-18 0.0 76.7 0.0
S310601 194.6818 68.8143 1.194e-17 1.089e-17 6.302e-18 0.0 76.66 0.0
S310602 194.6824 68.814 1.375e-19 1.837e-19 2.398e-19 0.0 77.01 0.0
S310603 194.6581 68.8211 7.011e-18 1.263e-17 3.07e-17 0.0 77.82 0.0
S310604 194.6619 68.78 2.2599999999999996e-22 5.130999999999999e-22 2.046e-21 0.0 74.47 0.0
S310605 194.6578 68.8013 2.863e-20 4.2340000000000004e-20 7.148e-20 0.0 76.22 0.0
S310606 194.6736 68.8099 2.426e-20 3.7430000000000005e-20 6.855e-20 0.0 76.7 0.0
S310607 194.669 68.7851 8.274000000000001e-20 1.192e-19 1.878e-19 0.0 74.64 0.0
S310608 194.7038 68.7971 1.338e-18 1.523e-18 1.387e-18 0.0 74.53 0.0
S310609 194.6511 68.8097 2.231e-24 8.352e-24 9.196999999999999e-23 0.0 77.7 0.0
S310610 194.6732 68.828 4.783e-22 1.09e-21 4.38e-21 0.0 78.01 0.0
S310611 194.6697 68.7943 5.296e-18 5.548e-18 4.217e-18 0.0 75.4 0.0
S310612 194.6699 68.8039 7.796e-21 1.3330000000000001e-20 2.952e-20 0.0 76.09 0.0
S310613 194.6592 68.8103 1.471e-19 2.011e-19 2.824e-19 0.0 77.45 0.0
S310614 194.6702 68.7987 4.963e-22 1.07e-21 3.8580000000000004e-21 0.0 75.64 0.0
S310615 194.6627 68.7901 2.9710000000000004e-20 4.8200000000000005e-20 9.44e-20 0.0 74.96 0.0
S310616 194.6519 68.8122 1.787e-17 1.561e-17 8.785e-18 0.0 77.67 0.0
S310617 194.6647 68.8048 2.326e-21 1.588e-21 5.351999999999999e-22 0.0 76.94 0.0
S310618 194.6641 68.7999 8.175e-20 1.15e-19 1.667e-19 0.0 75.64 0.0
S310619 194.6503 68.7966 6.272e-24 2.1779999999999998e-23 2.0869999999999997e-22 0.0 75.99 0.0
S310620 194.6751 68.8141 2.652e-17 5.791e-17 2.108e-16 0.0 77.4 0.0
S310621 194.652 68.8185 1.865e-21 1.314e-21 4.562e-22 0.0 77.76 0.0
S310622 194.6753 68.7797 7.431e-14 4.869e-14 1.533e-14 0.0 74.82 0.0
S310623 194.6898 68.7926 1.362e-19 1.981e-19 3.114e-19 0.0 75.13 0.0
S310624 194.6646 68.8084 4.091e-19 5.116e-19 5.888e-19 0.0 76.61 0.0
S310625 194.6571 68.8125 2.401e-21 1.629e-21 5.403e-22 0.0 77.64 0.0
S310626 194.6967 68.8107 2.822e-20 4.45e-20 8.164000000000001e-20 0.0 75.95 0.0
S310627 194.6469 68.801 8.528e-21 1.443e-20 2.966e-20 0.0 76.41 0.0
S310628 194.6901 68.8067 1.977e-21 3.889e-21 1.109e-20 0.0 74.62 0.0
S310629 194.6719 68.8119 2.135e-21 4.358e-21 1.3640000000000003e-20 0.0 76.75 0.0
S310630 194.6741 68.8041 1.818e-16 1.485e-16 7.169e-17 0.0 75.55 0.0
S310631 194.6576 68.7874 1.9e-21 3.7390000000000004e-21 1.0710000000000001e-20 0.0 74.66 0.0
S310632 194.662 68.8039 6.668e-20 9.149000000000001e-20 1.299e-19 0.0 76.54 0.0
S310633 194.6613 68.7973 5.366999999999999e-22 1.2110000000000001e-21 4.506e-21 0.0 75.76 0.0
S310634 194.6749 68.7929 1.173e-23 3.481e-23 2.4769999999999997e-22 0.0 75.32 0.0
S310635 194.6643 68.81 2.699e-18 2.797e-18 2.11e-18 0.0 76.73 0.0
S310636 194.674 68.8124 1.521e-19 1.933e-19 2.305e-19 0.0 77.22 0.0
S310637 194.663 68.7917 4.725e-17 3.879e-17 1.907e-17 0.0 75.01 0.0
S310638 194.6523 68.8137 4.255e-17 3.497e-17 1.693e-17 0.0 77.69 0.0
S310639 194.6731 68.7937 1.6450000000000001e-21 3.293e-21 1.023e-20 0.0 75.03 0.0
S310640 194.6669 68.8263 2.144e-17 1.754e-17 8.439e-18 0.0 77.68 0.0
S310641 194.6672 68.7794 8.678000000000001e-20 1.245e-19 1.861e-19 0.0 74.94 0.0
S310642 194.6801 68.7877 1.08e-16 8.761e-17 4.168e-17 0.0 74.71 0.0
S310643 194.6713 68.8024 2.348e-17 2.006e-17 1.068e-17 0.0 75.94 0.0
S310644 194.6952 68.7984 1.218e-17 1.102e-17 6.667e-18 0.0 74.78 0.0
S310645 194.665 68.8057 1.878e-21 1.306e-21 4.564999999999999e-22 0.0 76.37 0.0
S310646 194.6918 68.8063 1.448e-21 2.763e-21 7.413e-21 0.0 75.26 0.0
S310647 194.6723 68.7844 4.255999999999999e-22 1.008e-21 4.353e-21 0.0 74.78 0.0
S310648 194.6694 68.8343 3.582e-19 4.629e-19 5.579e-19 0.0 77.95 0.0
S310649 194.6638 68.8158 1.924e-21 1.3210000000000001e-21 4.588e-22 0.0 77.2 0.0
S310650 194.6774 68.8107 1.362e-24 5.942e-24 8.994e-23 0.0 76.67 0.0
S310651 194.6679 68.8017 1.1449999999999999e-23 3.171e-23 1.9439999999999998e-22 0.0 75.42 0.0
S310652 194.6785 68.8133 3.0529999999999995e-22 6.283e-22 2.023e-21 0.0 77.55 0.0
S310653 194.6489 68.7876 8.558e-13 6.356e-13 2.524e-13 0.0 75.55 0.0
S310654 194.6779 68.8084 8.492e-17 6.76e-17 2.984e-17 0.0 76.64 0.0
S310655 194.6373 68.7996 4.283e-24 1.381e-23 1.147e-22 0.0 76.64 0.0
S310656 194.6887 68.8023 7.104e-17 5.804e-17 2.829e-17 0.0 74.63 0.0
S310657 194.6624 68.7872 1.6330000000000001e-21 1.143e-21 4.1089999999999996e-22 0.0 74.71 0.0
S310658 194.6637 68.8285 4.979e-17 9.552e-17 2.672e-16 0.0 77.63 0.0
S310659 194.652 68.8075 2.268e-16 1.749e-16 7.283e-17 0.0 77.71 1.0
S310660 194.6651 68.8162 1.697e-17 1.541e-17 9.262e-18 0.0 77.29 0.0
S310661 194.6524 68.7983 7.896e-13 5.699e-13 2.15e-13 0.0 75.83 0.0
S310662 194.6784 68.7895 1.154e-21 2.305e-21 6.912e-21 0.0 74.83 0.0
S310663 194.6803 68.808 4.896e-17 3.971e-17 1.89e-17 0.0 76.26 0.0
S310664 194.6638 68.8176 2.014e-16 1.458e-16 5.714e-17 0.0 77.59 0.0
S310665 194.6608 68.8195 8.725e-19 9.876e-19 9.005e-19 0.0 77.76 0.0
S310666 194.6747 68.8033 1.628e-20 2.612e-20 4.864e-20 0.0 75.73 0.0
S310667 194.658 68.8132 7.26e-20 9.771000000000001e-20 1.296e-19 0.0 77.45 0.0
S310668 194.6718 68.8202 2.697e-17 3.852e-17 5.616e-17 0.0 77.6 0.0
S310669 194.683 68.8121 1.132e-20 2.005e-20 4.795e-20 0.0 76.85 0.0
S310670 194.6549 68.8081 2.153e-17 1.86e-17 1.046e-17 0.001 77.26 0.0
S310671 194.659 68.8017 2.0659999999999998e-23 6.03e-23 4.1659999999999994e-22 0.0 76.23 0.0
S310672 194.6669 68.8053 8.143e-17 6.421e-17 2.821e-17 0.0 76.31 0.0
S310673 194.6918 68.8006 4.133e-20 5.992e-20 9.453000000000001e-20 0.001 75.01 0.0
S310674 194.6541 68.8179 3.178e-21 5.806e-21 1.484e-20 0.0 77.79 0.0
S310675 194.6899 68.8144 5.177e-17 4.322e-17 2.139e-17 0.0 77.06 0.0
S310676 194.6674 68.8135 1.419e-18 1.608e-18 1.486e-18 0.0 77.11 0.0
S310677 194.6649 68.824 3.044e-17 2.576e-17 1.363e-17 0.0 77.75 0.0
S310678 194.651 68.785 1.012e-19 1.365e-19 1.882e-19 0.0 74.43 0.0
S310679 194.6557 68.8274 3.809e-19 4.784e-19 5.231e-19 0.0 77.69 0.0
S310680 194.6731 68.821 2.092e-21 1.4250000000000001e-21 4.775999999999999e-22 0.0 77.76 0.0
S310681 194.6836 68.8006 2.154e-22 5.261999999999999e-22 2.5e-21 0.0 75.5 0.0
S310682 194.6903 68.8012 2.311e-21 4.614e-21 1.4480000000000002e-20 0.0 74.73 0.0
S310683 194.6572 68.8037 1.422e-20 2.3790000000000003e-20 4.74e-20 0.0 76.73 0.0
S310684 194.6732 68.8043 9.665e-18 2.124e-17 7.622e-17 0.0 76.17 0.0
S310685 194.6905 68.8249 2.444e-17 5.899e-17 2.694e-16 0.0 77.39 1.0
S310686 194.6569 68.824 2.103e-17 3.483e-17 7.223e-17 0.0 77.98 0.0
S310687 194.679 68.8032 5.927e-13 5.319e-13 3.064e-13 0.0 75.84 1.0
S310688 194.6553 68.8163 1.8280000000000002e-21 1.28e-21 4.465e-22 0.0 77.49 0.0
S310689 194.6761 68.787 7.948e-18 7.713e-18 5.297e-18 0.0 74.72 0.0
S310690 194.6834 68.784 3.038e-20 5.011e-20 9.949000000000001e-20 0.001 74.9 0.0
S310691 194.6558 68.8016 6.261e-13 5.564e-13 3.098e-13 0.0 76.3 1.0
S310692 194.67 68.7901 2.3829999999999998e-23 6.527e-23 3.749e-22 0.0 75.05 0.0
S310693 194.6443 68.8016 2.04e-17 4.145e-17 1.277e-16 0.0 76.52 0.0
S310694 194.6579 68.8183 1.247e-17 2.011e-17 3.998e-17 0.0 77.59 0.0
S310695 194.6736 68.7941 8.602999999999999e-22 1.747e-21 5.456e-21 0.0 74.99 0.0
S310696 194.6767 68.8158 2.8320000000000005e-20 4.3100000000000004e-20 7.536e-20 0.0 77.15 0.0
S310697 194.6467 68.7959 4.308e-18 4.296e-18 3.058e-18 0.001 75.84 0.0
S310698 194.661 68.8347 8.512000000000001e-20 1.205e-19 1.813e-19 0.0 77.83 0.0
S310699 194.655 68.7814 2.968e-18 3.056e-18 2.446e-18 0.0 74.53 0.0
S310700 194.6628 68.8102 1.342e-17 1.194e-17 7.058e-18 0.0 76.7 0.0
S310701 194.6694 68.8179 1.473e-17 1.286e-17 7.204e-18 0.0 77.4 0.0
S310702 194.6562 68.8122 5.170999999999999e-22 1.082e-21 3.807e-21 0.0 77.47 0.0
S310703 194.6758 68.8099 1.963e-21 1.359e-21 4.671999999999999e-22 0.0 76.82 0.0
S310704 194.6637 68.8035 9.289e-19 1.009e-18 8.748e-19 0.0 76.25 0.0
S310705 194.6698 68.8071 1.4859999999999998e-22 3.9769999999999997e-22 2.292e-21 0.0 76.47 0.0
S310706 194.6812 68.8144 1.31e-19 1.774e-19 2.386e-19 0.0 77.3 0.0
S310707 194.6738 68.7855 1.437e-27 1.1710000000000002e-26 6.692e-25 0.0 74.59 0.0
S310708 194.6807 68.7942 1.021e-20 1.7440000000000002e-20 3.864e-20 0.0 75.16 0.0
S310709 194.6612 68.8031 5.232e-18 5.548e-18 4.54e-18 0.0 76.29 0.0
S310710 194.6902 68.8166 4.9e-22 1.117e-21 4.429e-21 0.0 76.93 1.0
S310711 194.6628 68.81 6.712e-19 7.726e-19 7.709e-19 0.0 77.32 0.0
S310712 194.6804 68.8228 3.334e-22 7.224999999999999e-22 2.612e-21 0.0 77.45 0.0
S310713 194.6752 68.7952 2.288e-19 2.765e-19 2.924e-19 0.0 75.35 0.0
S310714 194.6669 68.7928 1.094e-17 9.567e-18 5.218e-18 0.0 75.13 0.0
S310715 194.6502 68.8209 6.83e-20 9.875e-20 1.573e-19 0.0 77.68 0.0
S310716 194.6692 68.8302 1.7130000000000002e-20 2.9090000000000004e-20 6.386000000000001e-20 0.0 77.74 0.0
S310717 194.6581 68.8058 6.218e-23 1.6269999999999998e-22 8.901e-22 0.0 76.72 0.0
S310718 194.6666 68.8025 6.063e-21 1.087e-20 2.5970000000000002e-20 0.0 76.06 0.0
S310719 194.6735 68.7617 2.214e-16 1.665e-16 6.701e-17 0.0 74.4 0.0
S310720 194.6652 68.8287 5.942000000000001e-20 8.529000000000001e-20 1.26e-19 0.0 77.6 0.0
S310721 194.6756 68.8204 7.731e-18 1.531e-17 4.44e-17 0.0 77.62 0.0
S310722 194.6662 68.8181 1.21e-21 2.368e-21 7.194e-21 0.0 77.51 0.0
S310723 194.6728 68.8124 8.817000000000001e-20 1.185e-19 1.585e-19 0.0 76.87 0.0
S310724 194.6734 68.7884 3.176e-18 6.278e-18 1.802e-17 0.0 74.88 0.0
S310725 194.6321 68.8172 1.678e-17 1.567e-17 9.838e-18 0.0 77.66 0.0
S310726 194.6693 68.7862 2.164e-17 3.585e-17 7.658e-17 0.0 74.8 0.0
S310727 194.6752 68.8087 1.319e-17 1.201e-17 7.184e-18 0.0 76.38 0.0
S310728 194.6634 68.7954 2.886e-18 2.928e-18 2.212e-18 0.0 75.89 0.0
S310729 194.6711 68.802 3.295e-17 2.834e-17 1.525e-17 0.0 75.91 0.0
S310730 194.6651 68.8056 1.744e-21 3.453e-21 1.025e-20 0.0 76.43 0.0
S310731 194.6755 68.8067 6.388e-17 5.114e-17 2.332e-17 0.0 76.27 0.0
S310732 194.6793 68.8059 2.035e-21 1.41e-21 4.828e-22 0.0 76.14 0.0
S310733 194.6629 68.8018 9.451999999999998e-22 1.998e-21 6.978000000000001e-21 0.0 76.18 0.0
S310734 194.6755 68.8076 1.876e-18 1.951e-18 1.514e-18 0.0 76.43 0.0
S310735 194.6765 68.8084 4.017e-18 6.591e-18 1.297e-17 0.0 76.37 0.0
S310736 194.6662 68.8155 1.307e-19 1.82e-19 2.702e-19 0.0 77.22 0.0
S310737 194.6705 68.7998 1.818e-21 1.271e-21 4.489999999999999e-22 0.0 75.83 0.0
S310738 194.6721 68.8061 5.597e-19 6.828e-19 7.381e-19 0.0 76.31 0.0
S310739 194.676 68.8009 8.94e-22 1.913e-21 6.766e-21 0.0 75.87 0.0
S310740 194.6664 68.8015 3.642e-18 3.733e-18 2.908e-18 0.0 76.02 0.0
S310741 194.6794 68.8113 1.2889999999999998e-22 3.148e-22 1.4190000000000001e-21 0.0 76.49 0.0
S310742 194.6606 68.8021 8.354e-18 7.93e-18 5.068e-18 0.0 76.2 0.0
S310743 194.6756 68.813 1.675e-16 1.314e-16 5.962e-17 0.0 76.71 1.0
S310744 194.6748 68.8073 2.786e-17 2.376e-17 1.246e-17 0.0 76.3 0.0
S310745 194.6646 68.8016 2.957e-17 2.524e-17 1.348e-17 0.0 76.08 0.0
S310746 194.6688 68.7946 1.836e-21 3.661e-21 1.1580000000000002e-20 0.0 75.54 0.0
S310747 194.6756 68.8096 9.801000000000001e-20 1.453e-19 2.344e-19 0.0 76.64 0.0
S310748 194.6591 68.7929 6.761e-21 1.2030000000000002e-20 2.808e-20 0.0 75.59 0.0
S310749 194.6691 68.8052 4.148e-17 3.388e-17 1.66e-17 0.0 76.27 0.0
S310750 194.668 68.7968 1.045e-17 9.89e-18 6.31e-18 0.0 75.74 0.0
S310751 194.6652 68.8023 5.003e-17 4.194e-17 2.139e-17 0.0 76.14 0.0
S310752 194.6747 68.803 1.189e-19 1.547e-19 1.91e-19 0.0 75.96 0.0
S310753 194.6779 68.8026 4.472e-17 8.203e-17 2.089e-16 0.0 75.97 0.0
S310754 194.6611 68.8021 3.549e-23 9.274e-23 4.858e-22 0.0 76.2 0.0
S310755 194.6624 68.7934 9.264e-22 1.783e-21 5.1660000000000005e-21 0.0 75.73 0.0
S310756 194.6733 68.8034 2.4310000000000002e-20 4.0330000000000005e-20 8.14e-20 0.0 76.03 0.0
S310757 194.6669 68.791 6.489e-23 1.737e-22 9.748e-22 0.0 75.31 0.0
S310758 194.6705 68.8073 3.075e-22 7.145999999999999e-22 2.887e-21 0.0 76.42 0.0
S310759 194.6763 68.8018 5.176e-19 6.276e-19 6.856e-19 0.0 75.8 0.0
S310760 194.6706 68.815 6.344e-17 5.443e-17 2.905e-17 0.0 76.87 0.0
S310761 194.6623 68.7994 2.845e-17 6.117e-17 2.071e-16 0.0 76.01 0.0
S310762 194.6653 68.8019 6.323e-13 4.985e-13 2.214e-13 0.0 76.12 1.0
S310763 194.6693 68.7972 2.116e-24 8.767e-24 1.203e-22 0.0 75.58 0.0
S310764 194.6557 68.8016 4.902e-18 4.769e-18 3.382e-18 0.0 76.3 0.0
S310765 194.6782 68.8076 6.008e-18 5.659e-18 3.752e-18 0.0 76.25 0.0
S310766 194.6748 68.8094 4.644e-17 9.285e-17 2.873e-16 0.0 76.46 1.0
S310767 194.6803 68.8015 3.9919999999999996e-23 1.1819999999999998e-22 8.087999999999999e-22 0.0 75.87 0.0
S310768 194.6621 68.8072 3.278e-17 2.638e-17 1.278e-17 0.0 76.59 0.0
S310769 194.6739 68.7998 9.335e-19 1.044e-18 9.389e-19 0.0 75.75 0.0
S310770 194.6738 68.8119 1.507e-18 1.573e-18 1.265e-18 0.0 76.5 0.0
S310771 194.6673 68.809 3.659e-18 3.527e-18 2.297e-18 0.0 76.63 0.0
S310772 194.6666 68.8049 1.9230000000000003e-20 3.028e-20 5.681e-20 0.0 76.34 0.0
S310773 194.6756 68.8139 8.251e-18 7.864e-18 5.074e-18 0.0 76.63 0.0
S310774 194.6699 68.817 1.457e-23 4.1999999999999996e-23 2.8329999999999997e-22 0.0 77.03 0.0
S310775 194.6671 68.8108 3.979e-19 5.032e-19 5.905e-19 0.0 76.7 0.0
S310776 194.6639 68.8004 1.002e-19 1.427e-19 2.061e-19 0.0 76.07 0.0
S310777 194.6668 68.7946 1.9970000000000002e-20 3.043e-20 5.3990000000000006e-20 0.0 75.8 0.0
S310778 194.6787 68.8094 5.1930000000000005e-20 7.703000000000001e-20 1.266e-19 0.0 76.33 0.0
S310779 194.6691 68.8147 3.79e-18 3.983e-18 3.133e-18 0.0 76.77 1.0
S310780 194.6741 68.8162 1.714e-20 2.6820000000000003e-20 5.092e-20 0.0 76.75 0.0
S310781 194.6574 68.7908 1.055e-17 1.878e-17 4.51e-17 0.0 75.7 0.0
S310782 194.6745 68.8135 8.236e-18 1.643e-17 4.826e-17 0.0 76.65 0.0
S310783 194.6577 68.7896 7.913e-17 6.353e-17 2.984e-17 0.0 75.72 0.0
S310784 194.6657 68.7976 1.52e-16 1.229e-16 5.695e-17 0.0 75.84 0.0
S310785 194.683 68.8059 5.613e-24 2.2319999999999999e-23 2.867e-22 0.0 76.12 0.0
S310786 194.6782 68.8091 1.045e-17 1.774e-17 3.826e-17 0.0 76.36 0.0
S310787 194.6799 68.8023 5.276e-17 4.411e-17 2.239e-17 0.0 75.95 0.0
S310788 194.669 68.8193 2.5380000000000002e-20 4.222e-20 8.956e-20 0.0 76.98 0.0
S310789 194.6655 68.7923 1.249e-18 1.282e-18 9.753e-19 0.0 75.7 0.0
S310790 194.6546 68.7929 2.1550000000000002e-21 4.331e-21 1.3080000000000002e-20 0.0 75.78 0.0
S310791 194.6655 68.7969 1.491e-17 1.384e-17 8.542e-18 0.0 75.81 0.0
S310792 194.6667 68.8044 3.058e-17 4.761e-17 8.78e-17 0.0 76.27 0.0
S310793 194.6628 68.8037 2.036e-13 1.349e-13 4.449e-14 0.0 76.29 0.0
S310794 194.6769 68.8062 2.47e-23 6.852e-23 4.121e-22 0.0 76.23 0.0
S310795 194.659 68.793 2.26e-20 3.547e-20 6.508000000000001e-20 0.0 75.93 0.0
S310796 194.6545 68.8062 3.473e-23 1.0929999999999998e-22 8.767e-22 0.0 76.52 0.0
S310797 194.6829 68.8117 1.923e-13 1.294e-13 4.386e-14 0.0 76.39 0.0
S310798 194.6671 68.7989 7.382e-18 6.796e-18 4.212e-18 0.0 75.98 0.0
S310799 194.6589 68.8044 8.921e-23 2.2239999999999997e-22 1.087e-21 0.0 76.35 0.0
S310800 194.6671 68.7941 2.3720000000000002e-26 1.443e-25 4.566e-24 0.0 75.77 0.0
S310801 194.6641 68.7989 5.388e-22 1.167e-21 4.292e-21 0.0 75.98 0.0
S310802 194.6675 68.8053 6.911999999999999e-23 1.8319999999999998e-22 1.025e-21 0.0 76.27 0.0
S310803 194.6732 68.8167 9.808e-17 2.578e-16 1.37e-15 0.0 76.71 1.0
S310804 194.6657 68.7985 2.36e-19 3.18e-19 4.255e-19 0.0 76.01 0.0
S310805 194.6617 68.7975 6.204e-13 4.305e-13 1.475e-13 0.0 76.01 0.0
S310806 194.661 68.8012 1.533e-18 1.68e-18 1.444e-18 0.0 76.22 0.0
S310807 194.6582 68.7982 1.5530000000000001e-21 2.9e-21 7.863e-21 0.0 76.08 0.0
S310808 194.6737 68.8232 1.72e-17 1.596e-17 9.951e-18 0.0 77.02 0.0
S310809 194.6541 68.8001 4.684e-17 3.87e-17 1.859e-17 0.0 76.22 0.0
S310810 194.6742 68.8037 1.622e-21 1.158e-21 4.1229999999999995e-22 0.0 76.11 0.0
S310811 194.6706 68.8091 2.257e-21 4.2740000000000004e-21 1.1960000000000002e-20 0.0 76.49 0.0
S310812 194.6721 68.8139 9.823e-17 7.704e-17 3.51e-17 0.0 76.68 0.0
S310813 194.6728 68.8071 2.214e-19 2.897e-19 3.681e-19 0.0 76.35 0.0
S310814 194.6768 68.8096 7.552e-18 1.388e-17 3.58e-17 0.0 76.41 0.0
S310815 194.674 68.8132 8.854e-22 1.888e-21 6.507e-21 0.0 76.6 0.0
S310816 194.6601 68.8015 1.853e-16 1.396e-16 5.679e-17 0.0 76.24 1.0
S310817 194.685 68.8238 3.346e-18 3.519e-18 2.729e-18 0.0 76.72 0.0
S310818 194.6653 68.8106 3.9360000000000005e-20 5.944000000000001e-20 9.988000000000001e-20 0.0 76.76 0.0
S310819 194.6581 68.7846 2.173e-18 2.3e-18 1.778e-18 0.001 75.57 0.0
S310820 194.6766 68.8131 6.585e-18 6.214e-18 4.036e-18 0.0 76.51 0.0
S310821 194.6646 68.7933 1.005e-21 2.163e-21 7.61e-21 0.0 75.76 0.0
S310822 194.6815 68.8155 5.933000000000001e-20 8.733000000000001e-20 1.376e-19 0.0 76.54 0.0
S310823 194.6567 68.7918 2.351e-16 6.132e-16 3.264e-15 0.0 75.87 1.0
S310824 194.675 68.8154 5.96e-19 6.9e-19 6.517e-19 0.0 76.64 0.0
S310825 194.6781 68.8029 1.069e-23 3.461e-23 2.9359999999999996e-22 0.0 76.03 0.0
S310826 194.6772 68.8187 1.188e-19 1.561e-19 2.001e-19 0.0 76.68 0.0
S310827 194.6558 68.7959 2.1540000000000003e-20 3.409e-20 6.154e-20 0.0 76.06 0.0
S310828 194.6597 68.7936 4.9980000000000007e-20 7.484000000000001e-20 1.223e-19 0.0 75.9 0.0
S310829 194.6787 68.8157 5.459e-19 6.397e-19 6.531e-19 0.0 76.53 0.0
S310830 194.6615 68.7924 3.916e-16 2.99e-16 1.245e-16 0.0 75.96 1.0
S310831 194.676 68.8184 4.15e-17 1.044e-16 5.036e-16 0.0 76.77 1.0
S310832 194.6644 68.8004 1.322e-19 1.834e-19 2.557e-19 0.0 76.12 0.0
S310833 194.6803 68.8029 2.303e-18 2.327e-18 1.674e-18 0.0 76.03 0.0
S310834 194.6495 68.7934 1.351e-22 3.193e-22 1.388e-21 0.001 76.06 0.0
S310835 194.6584 68.7935 7.544000000000001e-20 1.054e-19 1.467e-19 0.0 75.87 0.0
S310836 194.6784 68.8162 1.0709999999999998e-22 2.5789999999999996e-22 1.137e-21 0.0 76.5 1.0
S310837 194.6687 68.8086 2.071e-17 1.684e-17 8.266e-18 0.0 76.44 0.0
S310838 194.6785 68.8163 3.599e-21 6.019e-21 1.256e-20 0.0 76.61 0.0
S310839 194.6768 68.8155 2.171e-17 5.093e-17 2.164e-16 0.0 76.57 1.0
S310840 194.6607 68.7949 2.042e-17 3.97e-17 1.157e-16 0.0 75.96 0.0
S310841 194.6778 68.823 1.001e-17 9.328e-18 5.708e-18 0.0 76.71 0.0
S310842 194.6581 68.7955 1.922e-21 1.332e-21 4.638999999999999e-22 0.0 76.04 0.0
S310843 194.6563 68.7974 2.7569999999999996e-22 6.562e-22 2.8560000000000002e-21 0.0 76.11 0.0
S310844 194.6813 68.8081 1.752e-21 1.2320000000000001e-21 4.476999999999999e-22 0.0 76.28 0.0
S310845 194.6584 68.7952 1.312e-23 4.11e-23 3.0939999999999997e-22 0.0 76.05 0.0
S310846 194.6817 68.8096 1.6480000000000002e-20 2.7290000000000004e-20 5.71e-20 0.0 76.32 0.0
S310847 194.6853 68.8114 9.034000000000001e-20 1.222e-19 1.567e-19 0.0 76.32 0.0
S310848 194.6772 68.8173 1.482e-17 2.684e-17 6.556e-17 0.0 76.58 0.0
S310849 194.6476 68.7926 5.024e-21 9.487000000000001e-21 2.522e-20 0.0 76.07 0.0
S310850 194.6846 68.8211 1.3389999999999999e-22 3.342e-22 1.577e-21 0.0 76.63 0.0
S310851 194.6719 68.8159 2.4790000000000003e-20 3.8470000000000005e-20 6.576000000000001e-20 0.001 76.72 0.0
S310852 194.6464 68.8003 1.981e-17 3.78e-17 1.054e-16 0.0 76.31 0.0
S310853 194.6796 68.8182 1.588e-17 2.483e-17 4.322e-17 0.0 76.7 0.0
S310854 194.6766 68.8121 7.1e-19 8.234e-19 8.214e-19 0.0 76.44 0.0
S310855 194.6633 68.7903 7.38e-17 5.996e-17 2.944e-17 0.0 75.72 0.0
S310856 194.6512 68.7996 4.8390000000000007e-20 7.096e-20 1.103e-19 0.0 76.23 0.0
S310857 194.6768 68.8129 1.792e-23 5.607e-23 4.261e-22 0.0 76.5 0.0
S310858 194.6774 68.8199 1.8000000000000002e-20 2.89e-20 5.692000000000001e-20 0.0 76.58 0.0
S310859 194.6812 68.8241 8.284e-18 7.58e-18 4.571e-18 0.0 76.66 0.0
S310860 194.6809 68.8066 5.016e-19 6.184e-19 6.623e-19 0.0 76.17 0.0
S310861 194.6747 68.8167 9.615e-20 1.371e-19 2.002e-19 0.0 76.65 1.0
S310862 194.6842 68.814 8.887999999999999e-23 1.9779999999999999e-22 7.572e-22 0.0 76.42 0.0
S310863 194.6804 68.8232 2.151e-22 5.696999999999999e-22 3.007e-21 0.0 76.74 0.0
S310864 194.6827 68.8173 5.867e-18 1.072e-17 2.61e-17 0.0 76.46 0.0
S310865 194.6571 68.7902 3.345e-18 3.427e-18 2.621e-18 0.0 75.89 0.0
S310866 194.6831 68.8212 8.734e-22 6.762999999999999e-22 2.857e-22 0.0 76.63 0.0
S310867 194.6536 68.7945 1.766e-17 1.73e-17 1.191e-17 0.0 76.03 0.0
S310868 194.6867 68.8196 7.556e-22 1.777e-21 7.372e-21 0.0 76.56 0.0
S310869 194.6814 68.8168 8.947e-14 6.049e-14 1.979e-14 0.0 76.45 0.0
S310870 194.6845 68.8185 3.547e-21 6.807e-21 1.8450000000000002e-20 0.0 76.52 0.0
S310871 194.6824 68.8196 1.784e-21 1.242e-21 4.416999999999999e-22 0.0 76.58 0.0
S310872 194.6811 68.8082 7.19e-18 1.346e-17 3.442e-17 0.001 76.23 0.0
S310873 194.6573 68.7832 3.696e-18 3.683e-18 2.576e-18 0.0 75.76 0.0
S310874 194.6506 68.7946 4.851e-19 5.7e-19 5.886e-19 0.0 76.13 0.0
S310875 194.6877 68.8181 7.922e-21 1.383e-20 3.139e-20 0.0 76.51 0.0
S310876 194.6866 68.8207 1.7379999999999997e-22 4.083e-22 1.738e-21 0.0 76.55 0.0
S310877 194.6609 68.7896 5.313e-21 9.596e-21 2.4400000000000004e-20 0.0 75.83 0.0
S310878 194.6888 68.8142 2.24e-21 1.555e-21 5.256e-22 0.0 76.36 0.0
S310879 194.6556 68.7877 1.132e-18 1.269e-18 1.129e-18 0.0 75.9 0.0
S310880 194.6514 68.7954 3.618e-14 2.38e-14 7.544e-15 0.0 76.12 0.0
S310881 194.6589 68.7911 3.425e-21 6.157e-21 1.4400000000000003e-20 0.0 75.98 0.0
S310882 194.685 68.8162 2.5140000000000002e-20 3.8330000000000005e-20 6.739e-20 0.0 76.5 0.0
S310883 194.6816 68.8149 2.714e-16 2.011e-16 7.817e-17 0.0 76.48 0.0
S310884 194.689 68.8136 1.108e-21 2.371e-21 8.095e-21 0.0 76.35 0.0
S310885 194.6565 68.7946 9.653e-20 1.305e-19 1.802e-19 0.0 76.1 0.0
S310886 194.6493 68.7954 1.446e-18 1.607e-18 1.373e-18 0.0 76.11 0.0
S310887 194.6818 68.8256 1.1970000000000001e-20 2.0820000000000003e-20 4.4830000000000004e-20 0.0 76.74 0.0
S310888 194.6841 68.8092 2.128e-21 1.463e-21 5.098999999999999e-22 0.0 76.26 0.0
S310889 194.652 68.7945 3.371e-22 7.987e-22 3.484e-21 0.0 76.12 0.0
S310890 194.6571 68.7876 1.348e-19 1.706e-19 1.95e-19 0.0 75.89 0.0
S310891 194.6842 68.8236 1.392e-19 1.791e-19 2.182e-19 0.0 76.59 0.0
S310892 194.683 68.8146 1.962e-21 3.79e-21 1.0570000000000001e-20 0.0 76.4 0.0
S310893 194.65 68.7881 1.77e-18 3.174e-18 7.981e-18 0.0 75.96 0.0
S310894 194.6869 68.8127 9.112e-18 8.22e-18 4.772e-18 0.0 76.31 0.0
S310895 194.6783 68.8135 4.7659999999999997e-23 1.366e-22 8.697e-22 0.0 76.43 0.0
S310896 194.6506 68.7805 3.303e-18 3.213e-18 2.198e-18 0.0 75.83 0.0
S310897 194.6877 68.8183 2.646e-18 2.697e-18 2.049e-18 0.0 76.48 0.0
S310898 194.6766 68.8153 7.031e-23 1.7909999999999998e-22 8.799999999999998e-22 0.0 76.47 0.0
S310899 194.682 68.8245 6.72e-23 1.7279999999999998e-22 8.953999999999999e-22 0.0 76.63 0.0
S310900 194.6829 68.819 3.3020000000000002e-21 6.261e-21 1.728e-20 0.0 76.54 0.0
S310901 194.6832 68.8154 7.541e-20 1.046e-19 1.523e-19 0.0 76.45 0.0
S310902 194.6835 68.8178 2.428e-17 1.997e-17 9.969e-18 0.0 76.46 1.0
S310903 194.654 68.7827 1.394e-17 2.254e-17 4.274e-17 0.0 75.8 0.0
S310904 194.6816 68.8143 2.325e-22 5.036e-22 1.824e-21 0.0 76.42 0.0
S310905 194.6536 68.7893 1.993e-22 4.59e-22 1.859e-21 0.0 75.97 0.0
S310906 194.6587 68.7881 1.066e-23 3.4139999999999997e-23 2.7879999999999997e-22 0.0 75.94 0.0
S310907 194.6517 68.7952 6.068e-23 1.432e-22 6.006999999999999e-22 0.0 76.15 0.0
S310908 194.6867 68.8164 1.584e-17 2.161e-17 2.961e-17 0.0 76.37 0.0
S310909 194.686 68.8155 6.298e-16 4.643e-16 1.756e-16 0.0 76.4 0.0
S310910 194.653 68.7921 2.668e-18 2.818e-18 2.207e-18 0.0 76.07 0.0
S310911 194.6849 68.8191 5.001e-15 3.427e-15 1.174e-15 0.0 76.48 0.0
S310912 194.654 68.7905 3.377e-18 3.304e-18 2.317e-18 0.0 76.0 0.0
S310913 194.6839 68.8211 1.681e-16 1.339e-16 5.85e-17 0.0 76.53 1.0
S310914 194.6847 68.8215 4.456e-17 6.83e-17 1.189e-16 0.0 76.55 0.0
S310915 194.6829 68.8235 2.622e-17 2.181e-17 1.075e-17 0.0 76.61 0.0
S310916 194.6547 68.7862 7.603e-17 6.193e-17 3.02e-17 0.0 75.91 0.0
S310917 194.6559 68.7843 7.608e-17 6.089e-17 2.796e-17 0.0 75.81 0.0
S310918 194.6821 68.8258 5.519e-16 3.933e-16 1.479e-16 0.0 76.67 0.0
S310919 194.6564 68.7824 1.307e-18 1.359e-18 1.069e-18 0.0 75.8 0.0
S310920 194.6571 68.7788 4.591e-17 9.398e-17 3.045e-16 0.0 75.69 1.0
S310921 194.6811 68.8335 2.243e-17 2.051e-17 1.199e-17 0.0 76.84 0.0
S310922 194.657 68.7756 1.739e-17 1.574e-17 9.279e-18 0.0 75.65 0.0
S310923 194.6794 68.8345 2.105e-13 1.477e-13 5.182e-14 0.0 76.84 0.0
S310924 194.6773 68.8349 6.976e-18 1.151e-17 2.312e-17 0.0 76.89 0.0
S310925 194.659 68.7717 6.996e-17 5.884e-17 3.01e-17 0.0 75.56 0.0
S310926 194.6575 68.7684 1.307e-16 9.815e-17 4.125e-17 0.0 75.56 1.0
S310927 194.6787 68.8398 2.269e-16 1.764e-16 7.606e-17 0.0 77.01 1.0
S310928 194.661 68.7703 2.194e-16 1.671e-16 6.917e-17 0.0 75.46 1.0
S310929 194.6572 68.7655 2.428e-17 2.137e-17 1.186e-17 0.0 75.43 0.0
S310930 194.6746 68.8455 1.684e-17 3.292e-17 9.751e-17 0.0 77.14 0.0
S310931 194.662 68.7633 1.525e-17 1.385e-17 8.352e-18 0.0 75.37 0.0
S310932 194.6766 68.8463 3.782e-16 2.799e-16 1.1e-16 0.0 77.12 0.0
S310933 194.6632 68.7592 4.802e-16 3.605e-16 1.415e-16 0.0 75.34 0.0
S310934 194.6646 68.7579 7.902e-16 5.526e-16 1.983e-16 0.0 75.24 0.0
S310935 194.6633 68.757 8.534e-15 5.597e-15 1.751e-15 0.0 75.2 0.0
S310936 194.6719 68.856 2.617e-16 2.005e-16 8.508e-17 0.0 77.33 1.0
S310937 194.665 68.7537 6.943e-16 4.905e-16 1.832e-16 0.0 75.07 0.0
S310938 194.6704 68.8591 1.289e-17 1.159e-17 6.823e-18 0.0 77.41 0.0
S310939 194.6644 68.7514 9.125e-17 7.769e-17 4.02e-17 0.0 75.17 0.0
S310940 194.6688 68.8606 1.59e-19 2.019e-19 2.348e-19 0.0 77.43 0.0
S310941 194.6703 68.747 6.393e-16 4.74e-16 1.984e-16 0.0 74.99 0.0
S310942 194.6689 68.7479 1.823e-14 1.234e-14 4.05e-15 0.0 75.05 0.0
S310943 194.67 68.7418 7.443e-16 5.354e-16 2.035e-16 0.0 74.91 0.0
S310944 194.6662 68.8698 1.021e-18 1.088e-18 8.73e-19 0.0 77.63 0.0
S310945 194.6652 68.8682 2.42e-18 2.672e-18 2.271e-18 0.0 77.66 0.0
S310946 194.6661 68.8688 1.791e-16 1.371e-16 6.033e-17 0.0 77.57 1.0
S310947 194.6661 68.8771 1.727e-17 1.622e-17 1.071e-17 0.0 77.67 0.0
S310948 194.6644 68.874 5.546e-18 5.277e-18 3.445e-18 0.0 77.74 0.0
S310949 194.6747 68.7356 3.956e-13 2.731e-13 9.474e-14 0.0 74.76 0.0
S310950 194.6758 68.7316 2.64e-16 2.026e-16 8.447e-17 0.0 74.74 1.0
S310951 194.6772 68.7334 1.842e-16 1.372e-16 5.665e-17 0.0 74.72 1.0
S310952 194.6777 68.7284 1.244e-17 2.663e-17 9.71e-17 0.0 74.65 0.0
S310953 194.6774 68.7281 4.681e-17 1.113e-16 4.917e-16 0.0 74.65 1.0
S310954 194.6602 68.8794 3.597e-16 2.6e-16 1.006e-16 0.0 77.81 0.0
S310955 194.6784 68.7252 1.351e-16 1.1e-16 5.424e-17 0.0 74.61 0.0
S310956 194.655 68.8898 2.559e-17 2.267e-17 1.262e-17 0.0 77.94 0.0
S310957 194.6825 68.725 1.701e-16 1.356e-16 6.282e-17 0.0 74.49 0.0
S310958 194.6535 68.8906 1.183e-15 8.211e-16 2.811e-16 0.0 78.07 0.0
S310959 194.6533 68.8914 3.574e-17 6.865e-17 1.964e-16 0.0 78.08 0.0
S310960 194.6863 68.7154 2.219e-18 2.351e-18 1.981e-18 0.0 74.46 0.0
S310961 194.6517 68.8948 9.217e-17 7.636e-17 3.961e-17 0.0 78.07 0.0
S310962 194.651 68.8976 1.011e-12 7.877e-13 3.504e-13 0.0 78.1 1.0
S310963 194.6506 68.8979 8.356e-13 6.019e-13 2.307e-13 0.0 78.13 0.0
S310964 194.6892 68.7071 4.165e-16 3.109e-16 1.226e-16 0.0 74.33 0.0
S310965 194.6911 68.707 1.258e-15 9.049e-16 3.445e-16 0.0 74.34 0.0
S310966 194.6465 68.897 1.021e-17 1.478e-17 2.356e-17 0.0 78.22 0.0
S310967 194.6925 68.705 2.689e-15 1.847e-15 6.425e-16 0.0 74.29 0.0
S310968 194.6443 68.9015 1.531e-17 1.316e-17 7.005e-18 0.0 78.26 0.0
S310969 194.6441 68.902 1.143e-16 9.426e-17 4.676e-17 0.0 78.24 0.0
S310970 194.646 68.8939 9.415e-18 9.252e-18 6.346e-18 0.0 78.19 0.0
S310971 194.6417 68.9041 1.612e-15 1.131e-15 4.069e-16 0.0 78.26 0.0
S310972 194.6963 68.7031 4.102e-17 8.198e-17 2.394e-16 0.0 74.2 0.0
S310973 194.6358 68.9146 2.533e-17 2.168e-17 1.153e-17 0.0 78.28 0.0
S310974 194.6974 68.7035 3.935e-15 2.764e-15 9.57e-16 0.0 74.17 0.0
S310975 194.7008 68.7019 9.247e-16 6.769e-16 2.595e-16 0.0 74.21 0.0
S310976 194.7026 68.6953 6.436e-15 4.352e-15 1.451e-15 0.0 74.14 0.0
S310977 194.7028 68.6968 3.927e-18 3.947e-18 2.904e-18 0.0 74.19 0.0
S310978 194.7038 68.6934 5.602e-17 4.589e-17 2.192e-17 0.0 74.2 0.0
S310979 194.6324 68.9166 6.971e-17 5.778e-17 2.777e-17 0.0 78.26 0.0
S310980 194.7067 68.694 7.913e-13 6.322e-13 2.96e-13 0.0 74.15 1.0
S310981 194.6347 68.9006 6.511e-16 4.699e-16 1.688e-16 0.0 78.3 0.0
S310982 194.6332 68.9065 3.4e-18 3.474e-18 2.561e-18 0.0 78.31 0.0
S310983 194.7044 68.7052 2e-16 1.488e-16 5.952e-17 0.0 74.21 0.0
S310984 194.7098 68.6928 4.879e-16 3.521e-16 1.328e-16 0.0 74.27 0.0
S310985 194.7075 68.703 1.657e-16 1.246e-16 4.993e-17 0.0 74.24 0.0
S310986 194.7093 68.7037 5.145e-17 4.208e-17 2.015e-17 0.0 74.26 0.0
S310987 194.6249 68.9124 7.717e-16 5.675e-16 2.138e-16 0.0 78.31 0.0
S310988 194.7097 68.7091 4.574e-18 4.503e-18 3.183e-18 0.0 74.33 0.0
S310989 194.7119 68.707 1.964e-17 3.39e-17 7.578e-17 0.0 74.34 0.0
S310990 194.7108 68.7077 6.613e-16 4.879e-16 1.907e-16 0.0 74.35 0.0
S310991 194.6255 68.9031 4.659e-17 6.48e-17 8.927e-17 0.0 78.12 0.0
S310992 194.626 68.8999 1.467e-16 1.157e-16 5.334e-17 0.0 78.13 1.0
S310993 194.6287 68.889 1.58e-17 2.921e-17 7.637e-17 0.0 77.99 0.0
S310994 194.6235 68.9011 1.299e-16 1.047e-16 4.938e-17 0.0 78.04 0.0
S310995 194.7161 68.7129 6.599e-17 5.306e-17 2.556e-17 0.0 74.49 0.0
S310996 194.6233 68.8949 9.066e-19 1.03e-18 9.854e-19 0.0 77.96 0.0
S310997 194.6778 68.8268 2.512e-13 1.716e-13 5.93e-14 0.0 76.76 0.0
S310998 194.657 68.7836 9.239e-24 2.7769999999999997e-23 1.9269999999999997e-22 0.0 75.8 0.0
S310999 194.6603 68.7817 1.158e-19 1.46e-19 1.769e-19 0.0 75.72 1.0
S311000 194.6561 68.7781 2.45e-17 4.507e-17 1.128e-16 0.0 75.68 0.0
S311001 194.6545 68.7769 3.775e-15 2.619e-15 9.017e-16 0.0 75.7 0.0
S311002 194.6798 68.8364 1.152e-17 1.876e-17 3.737e-17 0.0 76.86 0.0
S311003 194.6818 68.8374 2.896e-18 3.116e-18 2.542e-18 0.0 76.87 0.0
S311004 194.6601 68.7715 2.976e-17 2.563e-17 1.326e-17 0.0 75.52 0.0
S311005 194.6593 68.7741 1.9900000000000002e-20 3.1290000000000005e-20 5.848e-20 0.0 75.56 0.0
S311006 194.6602 68.7676 3.6239999999999994e-22 7.945e-22 2.9930000000000002e-21 0.0 75.38 0.0
S311007 194.6783 68.8423 1.193e-24 4.992e-24 7.177999999999999e-23 0.0 77.12 0.0
S311008 194.6579 68.7658 7.416e-19 8.425e-19 7.907e-19 0.0 75.53 0.0
S311009 194.6767 68.8451 8.389e-18 7.708e-18 4.691e-18 0.0 77.16 0.0
S311010 194.6745 68.8427 8.019e-18 1.404e-17 3.3e-17 0.0 77.06 0.0
S311011 194.6607 68.7628 4.9910000000000007e-20 7.283e-20 1.16e-19 0.0 75.42 0.0
S311012 194.6604 68.7642 1.362e-16 1.083e-16 4.825e-17 0.0 75.42 1.0
S311013 194.6639 68.7631 4.396e-17 3.612e-17 1.824e-17 0.0 75.29 0.0
S311014 194.6678 68.7607 1.123e-16 8.867e-17 4.204e-17 0.0 75.2 0.0
S311015 194.6648 68.7613 3.524e-19 4.177e-19 4.382e-19 0.0 75.24 0.0
S311016 194.67 68.8549 6.963e-24 2.0239999999999999e-23 1.344e-22 0.0 77.48 1.0
S311017 194.6752 68.8501 9.113e-18 8.349e-18 5.053e-18 0.0 77.16 0.0
S311018 194.6708 68.8489 4.985e-18 8.715e-18 1.981e-17 0.0 77.32 0.0
S311019 194.6733 68.7536 1.883e-17 3.476e-17 8.998e-17 0.0 74.97 0.0
S311020 194.6668 68.7484 1.317e-21 2.6360000000000002e-21 8.152e-21 0.0 75.08 0.0
S311021 194.6692 68.747 1.075e-20 1.811e-20 3.7570000000000005e-20 0.0 74.99 0.0
S311022 194.6676 68.7522 5.429e-16 3.902e-16 1.494e-16 0.0 75.09 0.0
S311023 194.6655 68.7503 8.547e-13 6.583e-13 2.897e-13 0.0 75.08 1.0
S311024 194.6718 68.7494 2.658e-17 2.198e-17 1.118e-17 0.0 74.9 0.0
S311025 194.6657 68.8624 5.667e-17 4.681e-17 2.27e-17 0.0 77.6 0.0
S311026 194.6703 68.752 1.8139999999999998e-23 4.7269999999999997e-23 2.569e-22 0.0 75.01 0.0
S311027 194.662 68.8732 1.415e-16 1.127e-16 5.161e-17 0.0 77.8 1.0
S311028 194.6732 68.742 1.891e-17 1.737e-17 1.07e-17 0.0 74.87 0.0
S311029 194.6583 68.8733 2.588e-17 2.157e-17 1.07e-17 0.0 77.82 0.0
S311030 194.6616 68.8787 4.641e-24 1.435e-23 1.076e-22 0.0 77.71 0.0
S311031 194.661 68.8761 3.876e-17 3.341e-17 1.762e-17 0.0 77.82 0.0
S311032 194.6551 68.8854 6.324e-16 4.54e-16 1.708e-16 0.0 77.97 0.0
S311033 194.6605 68.8756 1.308e-19 1.721e-19 2.147e-19 0.0 77.85 0.0
S311034 194.6812 68.7287 4.547e-24 1.659e-23 1.7509999999999999e-22 0.0 74.64 0.0
S311035 194.6617 68.8699 7.775e-19 8.859e-19 8.621e-19 0.0 77.75 0.0
S311036 194.6552 68.8841 1.871e-17 2.853e-17 5.014e-17 0.0 78.01 0.0
S311037 194.676 68.7316 1.043e-17 9.913e-18 6.393e-18 0.0 74.67 0.0
S311038 194.6821 68.7224 1.177e-22 2.9949999999999996e-22 1.493e-21 0.0 74.47 0.0
S311039 194.6793 68.7274 1.812e-17 1.542e-17 7.865e-18 0.0 74.56 0.0
S311040 194.6886 68.7121 2.372e-18 2.297e-18 1.587e-18 0.0 74.38 1.0
S311041 194.6552 68.8858 2.905e-16 2.2e-16 9.122e-17 0.0 78.01 1.0
S311042 194.6478 68.8931 9.093e-18 1.788e-17 5.205e-17 0.0 78.15 0.0
S311043 194.6516 68.8898 4.327e-18 4.291e-18 3.089e-18 0.0 78.08 0.0
S311044 194.6842 68.7186 1.522e-16 1.159e-16 4.936e-17 0.0 74.38 1.0
S311045 194.6506 68.8921 1.159e-17 1.065e-17 6.615e-18 0.0 78.18 0.0
S311046 194.6894 68.7125 2.061e-19 2.508e-19 2.812e-19 0.0 74.37 0.0
S311047 194.6451 68.9053 1.3390000000000001e-21 2.747e-21 8.393000000000001e-21 0.0 78.18 0.0
S311048 194.6452 68.8928 1.995e-21 1.377e-21 4.81e-22 0.0 78.22 0.0
S311049 194.6834 68.7294 1.256e-17 1.972e-17 3.713e-17 0.0 74.41 0.0
S311050 194.6411 68.9021 1.357e-18 1.471e-18 1.273e-18 0.0 78.19 0.0
S311051 194.6867 68.7231 2.845e-17 4.57e-17 8.417e-17 0.0 74.37 0.0
S311052 194.6391 68.9131 1.303e-17 1.225e-17 7.628e-18 0.0 78.23 0.0
S311053 194.642 68.9051 6.351e-16 4.73e-16 1.858e-16 0.0 78.34 0.0
S311054 194.6476 68.8899 4.8669999999999997e-23 1.2119999999999998e-22 5.662999999999999e-22 0.0 78.18 0.0
S311055 194.6965 68.7104 7.336e-17 5.847e-17 2.677e-17 0.0 74.28 0.0
S311056 194.7027 68.6967 7.292e-19 8.032e-19 6.981e-19 0.0 74.28 0.0
S311057 194.6354 68.9135 8.077e-19 9.226e-19 8.471e-19 0.0 78.33 0.0
S311058 194.7065 68.6917 4.411e-24 1.622e-23 1.737e-22 0.0 74.15 0.0
S311059 194.6418 68.8969 3.239e-16 2.433e-16 9.672e-17 0.0 78.28 0.0
S311060 194.6306 68.9174 8.8e-17 7.213e-17 3.414e-17 0.0 78.25 0.0
S311061 194.6368 68.8995 1.093e-17 2.084e-17 5.867e-17 0.0 78.23 0.0
S311062 194.7052 68.6955 1.713e-17 2.888e-17 6.302e-17 0.0 74.19 0.0
S311063 194.7046 68.7005 6.453e-17 5.395e-17 2.752e-17 0.0 74.13 0.0
S311064 194.7081 68.6964 1.201e-16 9.146e-17 3.908e-17 0.0 74.24 0.0
S311065 194.7068 68.692 1.818e-17 3.119e-17 7.004e-17 0.0 74.26 0.0
S311066 194.6349 68.9045 4.981e-16 3.824e-16 1.613e-16 0.0 78.28 1.0
S311067 194.7039 68.7083 1.558e-16 1.217e-16 5.407e-17 0.0 74.24 1.0
S311068 194.6296 68.9068 2.105e-17 1.746e-17 8.667e-18 0.0 78.27 0.0
S311069 194.7102 68.6955 1.032e-18 1.066e-18 8.425e-19 0.0 74.22 0.0
S311070 194.6308 68.8956 2.078e-17 1.942e-17 1.188e-17 0.0 78.23 0.0
S311071 194.6273 68.9015 1.3e-21 9.629e-22 3.7169999999999997e-22 0.0 78.22 0.0
S311072 194.628 68.8978 2.373e-17 5.894e-17 2.73e-16 0.0 78.17 1.0
S311073 194.71 68.7025 7.217e-21 1.2210000000000001e-20 2.574e-20 0.0 74.34 0.0
S311074 194.7103 68.7116 1.059e-15 7.595e-16 2.901e-16 0.001 74.31 0.0
S311075 194.7131 68.7083 1.001e-17 9.58e-18 6.426e-18 0.0 74.42 0.0
S311076 194.6298 68.8868 1.879e-19 2.497e-19 3.151e-19 0.0 78.09 0.0
S311077 194.7118 68.7231 4.491e-21 7.943e-21 1.9000000000000002e-20 0.0 74.53 0.0
S311078 194.6201 68.9094 3.542e-14 2.361e-14 7.434e-15 0.0 78.04 0.0
S311079 194.7116 68.7159 1.278e-18 1.384e-18 1.158e-18 0.0 74.45 0.0
S311080 194.713 68.7174 3.546e-18 5.778e-18 1.12e-17 0.0 74.58 0.0
S311081 194.6237 68.8804 1.041e-16 8.616e-17 4.166e-17 0.0 77.88 0.0
S311082 194.722 68.7067 6.326e-13 4.402e-13 1.539e-13 0.0 74.61 0.0
S311083 194.6234 68.8844 7.947e-13 6.938e-13 3.759e-13 0.0 77.83 1.0
S311084 194.621 68.8787 5.791e-17 4.69e-17 2.194e-17 0.0 77.7 0.0
S311085 194.7174 68.7169 2.479e-19 3.003e-19 3.26e-19 0.0 74.72 0.0
S311086 194.6243 68.8754 2.6240000000000003e-20 4.0070000000000004e-20 6.796000000000001e-20 0.0 77.68 0.0
