Name Equatorial Polar BlueF GreenF RedF Parallax RadialVelocity Variable?
S313048 204.216 50.6745 8.097e-20 1.095e-19 1.444e-19 0.0 119.67 1.0
S317409 204.0694 50.6308 1.131e-18 1.236e-18 1.096e-18 0.0 119.74 0.0
S317410 204.0377 50.6565 6.308e-20 9.043000000000001e-20 1.356e-19 0.0 118.29 0.0
S317411 204.0589 50.6593 6.039e-25 2.4019999999999998e-24 3.132e-23 0.0 118.34 0.0
S317412 204.065 50.6224 4.367e-22 9.124e-22 2.938e-21 0.0 120.23 0.0
S317413 204.0671 50.617 4.7139999999999997e-23 1.332e-22 8.346999999999999e-22 0.0 121.3 0.0
S317414 204.0634 50.6407 3.669e-23 8.887999999999999e-23 4.1699999999999997e-22 0.0 119.26 0.0
S317415 204.057 50.6429 4.315e-17 8.733e-17 2.648e-16 0.0 118.55 1.0
S317416 204.0458 50.8226 2.295e-17 2.034e-17 1.128e-17 0.0 117.72 0.0
S317417 204.0267 50.6995 6.244000000000001e-20 8.915000000000001e-20 1.339e-19 0.0 117.99 0.0
S317418 204.0564 50.5764 1.375e-24 5.291e-24 6.287999999999999e-23 0.0 122.33 0.0
S317419 204.0505 50.622 4.383e-18 4.173e-18 2.694e-18 0.0 121.52 0.0
S317420 204.0404 50.6804 1.3139999999999999e-23 3.6119999999999996e-23 2.162e-22 0.0 118.01 0.0
S317421 204.0926 50.6292 1.353e-23 4.0989999999999995e-23 2.977e-22 0.0 119.99 0.0
S317422 204.0798 50.6097 1.038e-21 2.181e-21 7.094e-21 0.0 120.61 0.0
S317423 204.0475 50.6266 2.8e-19 3.586e-19 4.242e-19 0.0 119.72 0.0
S317424 204.0812 50.6244 6.971e-18 1.266e-17 3.149e-17 0.0 120.15 0.0
S317425 204.0232 50.5209 5.468e-23 1.429e-22 7.266999999999999e-22 0.0 121.58 0.0
S317426 203.9864 50.6445 4.138e-21 7.361e-21 1.749e-20 0.0 119.7 0.0
S317427 204.0551 50.5899 3.2870000000000005e-20 4.6940000000000007e-20 7.113e-20 0.0 122.15 0.0
S317428 204.0574 50.6196 3.985e-19 4.52e-19 4.22e-19 0.0 121.52 0.0
S317429 204.0464 50.6649 4.618e-13 3.191e-13 1.12e-13 0.0 118.22 0.0
S317430 204.0878 50.7222 8.391e-21 1.476e-20 3.2460000000000005e-20 0.0 118.74 0.0
S317431 204.0686 50.5917 9.706000000000001e-20 1.368e-19 1.986e-19 0.0 121.43 0.0
S317432 204.0411 50.6361 3.757e-19 4.631e-19 5.229e-19 0.0 119.01 0.0
S317433 204.0506 50.6244 2.0479999999999998e-22 5.053999999999999e-22 2.4160000000000002e-21 0.0 119.77 0.0
S317434 204.0593 50.6185 1.536e-23 4.436e-23 2.94e-22 0.0 120.97 0.0
S317435 204.0289 50.613 2.6040000000000002e-20 3.707e-20 5.504e-20 0.0 120.4 0.0
S317436 204.034 50.652 6.617e-21 1.173e-20 2.6390000000000002e-20 0.0 118.98 0.0
S317437 204.0385 50.6218 1.811e-20 2.87e-20 5.445e-20 0.0 120.09 0.0
S317438 204.0534 50.6108 2.873e-18 2.825e-18 1.981e-18 0.0 120.93 0.0
S317439 204.0956 50.7013 5.392000000000001e-26 2.842e-25 6.755e-24 0.0 119.05 0.0
S317440 204.0486 50.6368 2.9359999999999996e-22 6.948e-22 2.9930000000000002e-21 0.0 119.23 0.0
S317441 204.0495 50.6204 1.804e-23 5.636e-23 4.2329999999999994e-22 0.0 121.6 0.0
S317442 204.0682 50.5877 5.683e-23 1.5019999999999998e-22 8.106e-22 0.0 122.14 0.0
S317443 204.0336 50.673 9.112e-22 1.837e-21 5.738e-21 0.0 118.25 0.0
S317444 204.0553 50.6134 3.513e-24 1.256e-23 1.2789999999999998e-22 0.0 121.52 0.0
S317445 204.0666 50.569 1.477e-19 1.989e-19 2.691e-19 0.0 122.35 0.0
S317446 204.0639 50.6375 4.924e-19 5.861e-19 5.94e-19 0.0 118.64 0.0
S317447 204.1642 50.6813 3.384e-18 3.576e-18 2.825e-18 0.0 119.76 0.0
S317448 204.0467 50.7088 6.196e-23 1.7059999999999998e-22 1.002e-21 0.0 117.68 0.0
S317449 204.0941 50.5877 2.6099999999999997e-22 5.823999999999999e-22 2.127e-21 0.0 120.98 0.0
S317450 204.0404 50.6187 2.794e-21 5.4750000000000004e-21 1.612e-20 0.0 120.36 0.0
S317451 204.0585 50.6419 2.411e-13 1.669e-13 5.916e-14 0.001 118.56 0.0
S317452 204.0686 50.5975 7.892e-20 1.047e-19 1.391e-19 0.0 121.38 0.0
S317453 204.0678 50.6939 2.6239999999999996e-22 6.081999999999999e-22 2.513e-21 0.0 118.37 0.0
S317454 204.0331 50.6665 3.759e-19 4.644e-19 5.237e-19 0.0 118.49 0.0
S317455 204.0426 50.6274 2.582e-19 3.097e-19 3.272e-19 0.0 119.45 0.0
S317456 204.0341 50.5496 8.871e-13 6.549e-13 2.535e-13 0.0 121.68 0.0
S317457 204.0541 50.5581 2.283e-25 9.785e-25 1.469e-23 0.0 122.28 0.0
S317458 204.0447 50.6876 4.6660000000000004e-21 8.154e-21 1.822e-20 0.0 117.89 0.0
S317459 204.0464 50.6199 7.871000000000001e-21 1.3150000000000002e-20 2.796e-20 0.0 121.28 0.0
S317460 204.054 50.6016 1.121e-17 1.787e-17 3.379e-17 0.0 121.7 0.0
S317461 204.0059 50.7182 3.035e-24 1.045e-23 1.0129999999999999e-22 0.0 118.03 0.0
S317462 204.0476 50.6714 3.5759999999999996e-23 8.259e-23 3.505e-22 0.0 117.78 0.0
S317463 204.0652 50.6528 2.316e-21 4.617e-21 1.3850000000000002e-20 0.0 118.97 0.0
S317464 204.0565 50.6167 1.061e-17 9.845e-18 5.913e-18 0.0 121.4 0.0
S317465 204.0479 50.6365 6.546e-24 1.849e-23 1.1339999999999998e-22 0.0 118.78 0.0
S317466 204.0556 50.6108 3.39e-20 5.3570000000000007e-20 9.682000000000001e-20 0.0 121.56 0.0
S317467 204.0452 50.6139 1.976e-21 3.774e-21 1.047e-20 0.0 120.89 0.0
S317468 204.0581 50.6181 5.683e-21 1.042e-20 2.6580000000000003e-20 0.0 120.8 0.0
S317469 204.0529 50.6242 3.087e-18 3.164e-18 2.428e-18 0.0 119.42 0.0
S317470 204.0731 50.5285 5.196e-19 6.06e-19 5.795e-19 0.0 122.58 0.0
S317471 204.0427 50.6353 4.733e-20 6.918e-20 1.1e-19 0.0 118.79 0.0
S317472 204.045 50.6087 1.532e-23 4.3469999999999997e-23 2.775e-22 0.0 120.92 0.0
S317473 204.0612 50.6253 7.298e-18 1.601e-17 5.947e-17 0.0 119.99 0.0
S317474 204.0615 50.5494 1.982e-23 4.865e-23 2.1939999999999997e-22 0.0 122.44 0.0
S317475 204.0522 50.6473 5.027e-17 4.12e-17 2.013e-17 0.0 118.43 0.0
S317476 204.0598 50.6272 1.6400000000000003e-20 2.7350000000000005e-20 5.573e-20 0.0 118.49 0.0
S317477 204.0308 50.5915 1.699e-23 4.6199999999999997e-23 2.643e-22 0.0 120.88 0.0
S317478 204.0361 50.6844 6.485e-25 2.44e-24 2.743e-23 0.0 117.88 0.0
S317479 204.056 50.633 3.4509999999999996e-24 1.3109999999999999e-23 1.477e-22 0.0 119.38 0.0
S317480 204.0689 50.6084 6.601e-19 7.773e-19 7.769e-19 0.0 121.37 0.0
S317481 204.0952 50.3986 1.058e-22 2.651e-22 1.269e-21 0.0 122.62 0.0
S317482 204.0522 50.719 3.216e-20 4.548e-20 6.614e-20 0.0 117.68 0.0
S317483 204.0557 50.6012 2.452e-18 2.576e-18 2.114e-18 0.0 121.9 0.0
S317484 204.0547 50.627 1.821e-20 2.856e-20 5.2690000000000005e-20 0.0 119.69 0.0
S317485 204.0618 50.5913 1.2019999999999999e-23 3.23e-23 1.875e-22 0.0 122.06 0.0
S317486 204.0529 50.629 1.2290000000000001e-20 1.97e-20 3.8270000000000004e-20 0.0 118.54 0.0
S317487 204.0474 50.611 1.294e-23 3.918e-23 2.724e-22 0.0 120.99 0.0
S317488 204.0513 50.6234 3.236e-18 3.48e-18 2.994e-18 0.0 121.79 0.0
S317489 204.0486 50.6872 1.8619999999999998e-22 4.395e-22 1.958e-21 0.0 117.9 0.0
S317490 204.0573 50.6239 3.387e-24 1.1589999999999999e-23 1.0409999999999999e-22 0.0 120.1 0.0
S317491 204.054 50.6248 2.522e-21 1.653e-21 5.186999999999999e-22 0.0 117.63 0.0
S317492 204.055 50.6418 1.515e-20 2.4090000000000003e-20 4.4180000000000007e-20 0.0 118.81 0.0
S317493 204.0649 50.615 3.382e-18 3.45e-18 2.653e-18 0.0 120.64 0.0
S317494 204.0443 50.5458 6.012e-23 1.603e-22 8.945e-22 0.0 122.13 0.0
S317495 204.0555 50.6074 1.342e-20 2.067e-20 3.548e-20 0.0 121.28 0.0
S317496 204.0301 50.5634 2.966e-20 4.4900000000000004e-20 7.632e-20 0.0 121.49 0.0
S317497 204.0473 50.6242 1.906e-18 2.075e-18 1.833e-18 0.0 119.47 0.0
S317498 204.0526 50.6402 1.6419999999999998e-22 4.098e-22 2.005e-21 0.0 118.45 0.0
S317499 204.0573 50.6237 1.225e-21 2.356e-21 6.553e-21 0.0 121.37 0.0
S317500 204.0419 50.5893 1.337e-17 2.786e-17 8.982e-17 0.0 121.33 0.0
S317501 204.0581 50.6252 4.266999999999999e-22 1.038e-21 4.598e-21 0.0 119.67 0.0
S317502 204.0639 50.6066 6.669e-22 5.243e-22 2.2689999999999997e-22 0.0 121.72 0.0
S317503 204.0392 50.5322 4.035e-21 7.354e-21 1.86e-20 0.0 122.34 0.0
S317504 204.0574 50.6347 5.881e-22 1.288e-21 4.682e-21 0.0 118.68 0.0
S317505 204.068 50.5987 5.197e-22 1.2290000000000001e-21 5.2e-21 0.0 121.52 0.0
S317506 204.0802 50.6452 2.738e-18 2.79e-18 2.085e-18 0.0 119.55 0.0
S317507 204.0548 50.5458 9.341e-23 2.294e-22 1.083e-21 0.0 122.4 0.0
S317508 204.0008 50.6492 2.803e-18 2.899e-18 2.219e-18 0.0 119.58 0.0
S317509 204.0486 50.6334 7.8e-19 8.706e-19 7.788e-19 0.0 118.63 0.0
S317510 204.0462 50.622 1.7879999999999998e-22 4.38e-22 1.947e-21 0.0 121.43 0.0
S317511 204.0664 50.6478 7.517999999999999e-22 1.6600000000000001e-21 6.008e-21 0.0 119.0 0.0
S317512 204.0527 50.5577 1.574e-17 2.237e-17 3.345e-17 0.0 122.21 0.0
S317513 204.0403 50.6331 7.171e-20 1.083e-19 1.808e-19 0.0 119.39 0.0
S317514 204.0665 50.6267 5.858000000000001e-20 8.614e-20 1.365e-19 0.0 119.88 0.0
S317515 204.0678 50.5744 1.352e-22 3.4419999999999997e-22 1.74e-21 0.0 121.88 0.0
S317516 204.0608 50.6662 3.265e-18 3.395e-18 2.74e-18 0.0 118.01 0.0
S317517 204.1196 50.517 8.129e-19 9.509e-19 9.233e-19 0.0 121.53 1.0
S317518 204.0571 50.5806 1.006e-19 1.369e-19 1.869e-19 0.0 122.24 0.0
S317519 204.0695 50.5531 3.356e-17 6.658e-17 1.898e-16 0.0 122.27 0.0
S317520 204.0662 50.6056 2.802e-21 5.208e-21 1.3260000000000001e-20 0.0 121.58 0.0
S317521 204.0497 50.6758 8.095e-21 1.481e-20 3.808e-20 0.0 117.92 0.0
S317522 204.0679 50.6104 4.169e-18 4.19e-18 3.052e-18 0.0 120.82 0.0
S317523 204.0733 50.6085 1.885e-21 3.6790000000000004e-21 1.0570000000000001e-20 0.0 120.78 0.0
S317524 204.048 50.631 1.566e-20 2.443e-20 4.3780000000000005e-20 0.0 118.61 0.0
S317525 204.0597 50.6363 1.404e-20 2.2310000000000002e-20 4.174e-20 0.0 119.09 0.0
S317526 204.0713 50.5289 1.8769999999999998e-22 4.255999999999999e-22 1.638e-21 0.001 122.56 0.0
S317527 204.0421 50.6152 2.97e-18 5.007e-18 1.071e-17 0.0 120.55 0.0
S317528 203.9727 50.7785 1.656e-19 2.104e-19 2.453e-19 0.0 118.42 0.0
S317529 204.0578 50.6369 1.711e-19 2.154e-19 2.493e-19 0.0 119.03 0.0
S317530 204.0499 50.6229 5.316999999999999e-23 1.5079999999999998e-22 9.341999999999999e-22 0.0 120.99 0.0
S317531 204.0285 50.6725 2.056e-24 8.629e-24 1.254e-22 0.0 118.6 0.0
S317532 204.0576 50.5664 2.549e-19 3e-19 3.023e-19 0.0 122.24 0.0
S317533 204.0476 50.6058 2.494e-21 4.9040000000000004e-21 1.387e-20 0.0 121.5 0.0
S317534 204.0539 50.5582 7.275999999999999e-23 2.0059999999999998e-22 1.185e-21 0.0 122.32 0.0
S317535 204.0526 50.6178 4.339e-18 4.109e-18 2.696e-18 0.0 121.7 0.0
S317536 204.0475 50.6037 4.481e-23 1.306e-22 8.354999999999999e-22 0.0 121.44 0.0
S317537 204.0614 50.6233 4.672e-19 5.384e-19 5.272e-19 0.0 120.17 0.0
S317538 204.0295 50.726 6.895000000000001e-21 1.1460000000000002e-20 2.4720000000000003e-20 0.0 117.58 0.0
S317539 204.0568 50.5301 1.163e-17 2.062e-17 4.78e-17 0.0 122.35 0.0
S317540 204.0457 50.5692 5.842e-18 5.49e-18 3.476e-18 0.0 121.97 0.0
S317541 204.0658 50.5974 3.2459999999999995e-22 7.701999999999999e-22 3.192e-21 0.0 121.78 0.0
S317542 204.0554 50.5992 8.005999999999999e-22 1.762e-21 6.546e-21 0.0 121.58 0.0
S317543 204.0511 50.5731 8.339999999999999e-22 1.779e-21 6.0570000000000004e-21 0.0 121.78 0.0
S317544 204.0465 50.6229 9.419e-23 2.2619999999999998e-22 9.905999999999999e-22 0.0 120.92 0.0
S317545 204.0634 50.5525 9.626e-22 1.913e-21 5.596e-21 0.0 122.42 0.0
S317546 204.0745 50.6065 1.584e-21 2.961e-21 7.718e-21 0.0 120.92 0.0
S317547 204.0605 50.6244 3.2810000000000005e-20 4.7460000000000004e-20 7.196000000000001e-20 0.0 119.58 0.0
S317548 204.0522 50.7243 9.234e-22 1.924e-21 6.386e-21 0.0 117.78 0.0
S317549 204.0521 50.6266 4.586e-21 8.416e-21 2.0850000000000003e-20 0.0 119.03 0.0
S317550 204.0584 50.619 1.779e-18 1.83e-18 1.37e-18 0.0 121.56 0.0
S317551 204.0581 50.6595 1.228e-18 1.324e-18 1.12e-18 0.0 118.38 0.0
S317552 204.0579 50.6624 8.554e-22 1.7150000000000002e-21 5.191e-21 0.0 117.95 0.0
S317553 204.0825 50.5994 6.31e-23 1.6e-22 8.136e-22 0.0 121.03 0.0
S317554 204.0569 50.6363 1.4020000000000003e-20 2.5310000000000002e-20 6.183000000000001e-20 0.0 118.64 0.0
S317555 204.0521 50.6191 8.437999999999999e-24 2.8059999999999996e-23 2.471e-22 0.0 121.48 0.0
S317556 203.9498 50.6683 1.0240000000000001e-21 2.059e-21 6.6390000000000004e-21 0.0 119.58 0.0
S317557 204.0441 50.625 7.801999999999999e-23 1.934e-22 9.267e-22 0.0 119.81 0.0
S317558 204.0757 50.6695 4.4309999999999996e-23 1.133e-22 5.821e-22 0.0 118.8 0.0
S317559 204.0478 50.6298 6.141e-23 1.5489999999999998e-22 7.699999999999999e-22 0.0 119.31 0.0
S317560 204.0067 50.6772 4.297999999999999e-22 9.828e-22 3.836e-21 0.0 118.54 0.0
S317561 204.063 50.6151 1.445e-19 1.93e-19 2.516e-19 0.0 120.84 0.0
S317562 204.0463 50.6049 2.101e-22 5.049e-22 2.2320000000000002e-21 0.0 121.15 0.0
S317563 204.0599 50.6217 4.733e-20 6.71e-20 1.033e-19 0.0 120.61 0.0
S317564 204.0562 50.6148 1.209e-21 2.43e-21 7.261e-21 0.0 121.46 0.0
S317565 204.1071 50.6158 7.825e-13 6.15e-13 2.686e-13 0.0 120.29 1.0
S317566 204.0407 50.6108 7.972e-19 8.495e-19 7.067e-19 0.0 120.61 0.0
S317567 204.0433 50.6342 4.61e-20 6.884e-20 1.104e-19 0.0 119.15 0.0
S317568 204.0543 50.6356 5.873e-21 1.018e-20 2.364e-20 0.0 118.92 0.0
S317569 204.0543 50.6227 8.659e-23 2.198e-22 1.075e-21 0.0 120.16 0.0
S317570 204.0576 50.6312 5.515e-18 5.35e-18 3.599e-18 0.0 119.03 0.0
S317571 204.0616 50.5549 1.7860000000000002e-21 3.463e-21 9.839e-21 0.0 122.42 0.0
S317572 204.0191 50.6545 1.147e-22 2.9009999999999998e-22 1.445e-21 0.0 119.14 0.0
S317573 204.0444 50.6272 6.847000000000001e-21 1.116e-20 2.2750000000000003e-20 0.0 119.67 0.0
S317574 204.0567 50.6315 9.387e-25 3.392e-24 3.5239999999999996e-23 0.0 119.0 1.0
S317575 204.0473 50.6177 6.7e-23 1.678e-22 8.133999999999999e-22 0.0 121.26 0.0
S317576 204.0602 50.6079 1.4430000000000001e-21 2.962e-21 9.825e-21 0.0 121.58 0.0
S317577 204.0566 50.6553 6.455e-23 1.5229999999999998e-22 6.513999999999999e-22 0.0 118.41 0.0
S317578 204.0428 50.6634 3.955e-17 5.955e-17 1.02e-16 0.0 118.07 0.0
S317579 204.0387 50.6298 8.116e-23 2.1849999999999996e-22 1.2230000000000001e-21 0.0 119.61 0.0
S317580 204.0434 50.6235 3.316e-17 7.411e-17 2.763e-16 0.0 118.56 1.0
S317581 204.0486 50.6666 8.731e-23 2.221e-22 1.099e-21 0.0 117.91 1.0
S317582 204.0427 50.6904 1.412e-19 1.726e-19 1.899e-19 0.0 117.84 0.0
S317583 204.0956 50.5934 3.8179999999999995e-22 9.428999999999999e-22 4.269e-21 0.0 120.86 0.0
S317584 204.0655 50.5996 1.042e-19 1.402e-19 1.815e-19 0.0 121.48 0.0
S317585 204.088 50.6529 2.558e-17 2.27e-17 1.251e-17 0.0 119.52 0.0
S317586 204.0432 50.6402 3.641e-13 3.207e-13 1.776e-13 0.0 119.34 1.0
S317587 204.0575 50.6118 2.487e-18 2.488e-18 1.835e-18 0.0 121.22 0.0
S317588 204.0309 50.6046 2.738e-17 2.227e-17 1.068e-17 0.0 120.51 0.0
S317589 204.1096 50.8336 4.424e-20 6.488e-20 1.052e-19 0.0 118.48 0.0
S317590 204.0553 50.6226 5.382999999999999e-22 1.231e-21 4.9640000000000005e-21 0.0 120.88 0.0
S317591 204.0651 50.6023 7.390999999999999e-22 1.677e-21 6.683e-21 0.0 121.69 0.0
S317592 204.0348 50.6588 6.032999999999999e-22 1.127e-21 2.9450000000000002e-21 0.0 118.81 0.0
S317593 204.0624 50.6195 2.0209999999999998e-22 4.933e-22 2.182e-21 0.0 120.97 0.0
S317594 204.053 50.622 1.8809999999999999e-22 4.452e-22 1.903e-21 0.0 121.31 0.0
S317595 204.052 50.6085 4.957e-22 1.127e-21 4.431e-21 0.0 121.26 0.0
S317596 204.0749 50.557 2.708e-23 7.102999999999999e-23 3.9019999999999996e-22 0.0 121.95 0.0
S317597 204.0256 50.5891 1.0379999999999999e-22 2.5639999999999996e-22 1.2350000000000001e-21 0.0 120.72 0.0
S317598 204.0538 50.6237 7.224000000000001e-20 1.013e-19 1.493e-19 0.0 119.56 0.0
S317599 204.046 50.6308 3.6910000000000004e-21 7.198e-21 2.008e-20 0.0 118.52 0.0
S317600 204.0281 50.669 6.502e-20 8.987000000000001e-20 1.24e-19 0.0 118.5 0.0
S317601 204.0693 50.6116 1.013e-23 2.792e-23 1.6429999999999998e-22 0.0 120.89 0.0
S317602 204.0144 50.6686 2.415e-20 3.719e-20 6.774e-20 0.001 118.82 0.0
S317603 204.056 50.5997 1.0030000000000001e-21 2.077e-21 6.903e-21 0.0 121.83 0.0
S317604 204.0549 50.6668 5.2140000000000005e-20 6.885000000000001e-20 8.800000000000001e-20 0.0 118.0 0.0
S317605 204.0549 50.6595 3.753e-24 1.2069999999999999e-23 9.624e-23 0.0 118.0 0.0
S317606 204.0608 50.5914 1.228e-22 2.918e-22 1.26e-21 0.0 122.07 0.0
S317607 204.0624 50.6182 5.757000000000001e-20 7.964e-20 1.147e-19 0.0 120.91 0.0
S317608 204.0236 50.6772 4.334e-20 6.437e-20 1.031e-19 0.0 118.6 0.0
S317609 204.0641 50.586 1.668e-21 3.067e-21 7.776e-21 0.0 122.23 0.0
S317610 204.0693 50.585 2.601e-13 2.513e-13 1.723e-13 0.0 121.71 1.0
S317611 204.0244 50.6563 8.343e-23 2.1149999999999999e-22 1.056e-21 0.0 119.13 0.0
S317612 204.0557 50.6824 4.707e-19 5.257e-19 4.827e-19 0.0 117.9 0.0
S317613 204.0507 50.7238 6.453e-25 2.405e-24 2.7279999999999996e-23 0.0 117.73 0.0
S317614 204.0574 50.5175 1.553e-24 5.7989999999999996e-24 6.453e-23 0.0 122.45 0.0
S317615 204.0604 50.6263 2.7309999999999998e-24 9.595e-24 9.27e-23 0.0 119.83 0.0
S317616 204.0677 50.555 2.597e-18 2.729e-18 2.209e-18 0.0 122.28 0.0
S317617 204.0484 50.6329 1.9549999999999998e-22 4.323e-22 1.5500000000000001e-21 0.0 119.06 0.0
S317618 204.0549 50.6228 4.183e-20 6.058e-20 9.59e-20 0.0 122.46 0.0
S317619 204.0696 50.6833 3.562e-23 8.890999999999999e-23 4.337e-22 0.0 118.15 0.0
S317620 204.0474 50.6087 2.308e-19 2.932e-19 3.472e-19 0.0 121.32 0.0
S317621 204.049 50.631 1.552e-24 5.636e-24 5.793e-23 0.0 119.5 0.0
S317622 204.0445 50.652 1.526e-19 2.019e-19 2.487e-19 0.0 118.01 0.0
S317623 204.0483 50.6249 3.759e-23 1.0149999999999999e-22 5.768999999999999e-22 0.0 119.84 0.0
S317624 204.072 50.5343 9.695e-24 2.918e-23 2.0819999999999999e-22 0.0 122.53 0.0
S317625 204.056 50.6242 7.253e-21 1.2690000000000001e-20 3e-20 0.0 119.24 0.0
S317626 204.0579 50.6239 1.622e-23 5.0869999999999995e-23 4.0579999999999996e-22 0.0 119.95 0.0
S317627 204.0892 50.7254 4.765e-19 5.742e-19 6.198e-19 0.0 118.36 0.0
S317628 204.0422 50.6269 2.26e-20 3.3700000000000005e-20 5.469e-20 0.0 119.68 0.0
S317629 204.0599 50.6574 1.626e-18 1.774e-18 1.59e-18 0.0 118.07 0.0
S317630 204.0532 50.632 7.478999999999999e-24 2.207e-23 1.53e-22 0.0 119.19 0.0
S317631 204.0418 50.6683 1.893e-13 2.332e-13 2.688e-13 0.0 118.21 0.0
S317632 204.0684 50.6291 3.913e-19 4.545e-19 4.619e-19 0.0 119.84 0.0
S317633 204.0553 50.6253 7.252e-13 5.514e-13 2.421e-13 0.0 119.0 1.0
S317634 204.0672 50.6004 1.703e-19 2.177e-19 2.616e-19 0.0 121.9 0.0
S317635 204.0483 50.6259 1.355e-24 4.507e-24 4.036e-23 0.0 119.33 0.0
S317636 204.0576 50.6239 3.267e-19 3.885e-19 4.045e-19 0.0 120.11 0.0
S317637 204.0489 50.6351 1.508e-19 1.994e-19 2.482e-19 0.0 118.95 0.0
S317638 204.0623 50.638 2.2060000000000003e-20 3.3290000000000005e-20 5.859e-20 0.0 119.32 0.0
S317639 204.0322 50.6234 4.265e-19 5.036e-19 5.089e-19 0.0 120.02 0.0
S317640 204.0192 50.6352 1.484e-23 3.899e-23 2.075e-22 0.0 119.63 0.0
S317641 204.0818 50.5472 7.492999999999999e-22 1.578e-21 5.229e-21 0.0 122.22 0.0
S317642 204.0847 50.6309 6.761999999999999e-23 1.656e-22 7.612999999999999e-22 0.0 119.95 0.0
S317643 204.0393 50.6446 5.894e-23 1.563e-22 8.463e-22 0.0 118.59 0.0
S317644 204.0587 50.6165 5.618000000000001e-25 2.35e-24 3.249e-23 0.0 121.3 0.0
S317645 204.0396 50.618 2.5110000000000002e-20 3.65e-20 5.860000000000001e-20 0.0 120.34 0.0
S317646 204.1084 50.552 1.6720000000000001e-21 1.157e-21 3.9989999999999997e-22 0.0 121.51 0.0
S317647 204.0617 50.6245 2.6610000000000003e-25 1.19e-24 1.9439999999999998e-23 0.0 120.03 0.0
S317648 204.0501 50.623 1.494e-20 2.4270000000000003e-20 4.6760000000000004e-20 0.0 121.11 0.0
S317649 204.0643 50.6774 9.876000000000001e-20 1.344e-19 1.781e-19 0.0 117.97 0.0
S317650 204.0637 50.6197 1.767e-21 3.647e-21 1.1390000000000002e-20 0.0 121.42 0.0
S317651 204.0809 50.6659 4.631e-23 1.255e-22 7.390999999999999e-22 0.0 119.13 0.0
S317652 204.0295 50.652 8.854000000000001e-20 1.219e-19 1.706e-19 0.0 119.28 0.0
S317653 204.0578 50.628 5.725999999999999e-22 1.275e-21 5.024e-21 0.0 119.46 0.0
S317654 204.0487 50.6177 6.746999999999999e-22 1.293e-21 3.621e-21 0.0 121.02 0.0
S317655 204.0606 50.6402 2.51e-24 1.087e-23 1.656e-22 0.0 118.51 0.0
S317656 204.026 50.6198 1.899e-18 2.057e-18 1.818e-18 0.0 120.15 0.0
S317657 204.0729 50.6054 3.346e-17 6.443e-17 1.866e-16 0.0 120.85 1.0
S317658 204.0532 50.5948 2.023e-22 4.51e-22 1.681e-21 0.0 121.72 0.0
S317659 204.0479 50.6571 4.621999999999999e-22 1.027e-21 3.839e-21 0.0 118.01 0.0
S317660 204.0313 50.6484 3.241e-13 2.318e-13 8.361e-14 0.0 119.21 0.0
S317661 204.0103 50.6757 8.313e-21 1.3890000000000002e-20 2.9780000000000004e-20 0.0 118.97 0.0
S317662 204.0461 50.6578 2.7959999999999996e-23 8.031e-23 5.348999999999999e-22 0.0 118.11 0.0
S317663 204.0662 50.6153 1.313e-20 2.0680000000000003e-20 3.775e-20 0.0 120.62 0.0
S317664 204.0497 50.6281 4.284e-25 1.746e-24 2.363e-23 0.0 118.43 0.0
S317665 204.0311 50.6863 1.26e-21 9.02e-22 3.342e-22 0.0 118.08 0.0
S317666 204.0664 50.6362 1.069e-23 3.256e-23 2.4179999999999998e-22 0.0 119.15 0.0
S317667 204.0261 50.6071 4.052e-23 1.0109999999999999e-22 5.054999999999999e-22 0.0 121.72 0.0
S317668 204.0607 50.6028 3.0239999999999995e-22 6.630999999999999e-22 2.548e-21 0.0 121.69 0.0
S317669 204.0211 50.5978 5.2260000000000006e-20 7.518000000000001e-20 1.137e-19 0.0 121.28 0.0
S317670 204.0682 50.5903 1.371e-19 1.937e-19 2.844e-19 0.0 122.06 0.0
S317671 204.0437 50.5952 2.864e-17 5.576e-17 1.634e-16 0.0 121.65 0.0
S317672 204.0411 50.6355 4.138e-19 5.062e-19 5.334e-19 0.0 118.53 0.0
S317673 204.0754 50.6206 3.105e-17 2.586e-17 1.306e-17 0.0 120.63 0.0
S317674 204.0475 50.6237 4.698e-19 5.68e-19 5.784e-19 0.0 120.0 0.0
S317675 204.0363 50.5967 1.4419999999999998e-23 4.2359999999999996e-23 2.7729999999999996e-22 0.0 122.04 0.0
S317676 204.0557 50.6448 1.741e-17 3.159e-17 7.662e-17 0.0 118.63 0.0
S317677 204.0494 50.5981 4.078e-18 4.174e-18 3.13e-18 0.0 121.49 0.0
S317678 204.0791 50.6075 1.244e-20 1.918e-20 3.3170000000000003e-20 0.0 121.71 0.0
S317679 204.0168 50.5981 2.729e-18 5.004e-18 1.26e-17 0.0 122.2 0.0
S317680 204.0224 50.6338 3.533e-20 5.246000000000001e-20 8.21e-20 0.0 119.06 0.0
S317681 204.0323 50.6311 5.037999999999999e-22 1.041e-21 3.381e-21 0.0 119.3 0.0
S317682 204.0529 50.6397 4.094e-19 4.774e-19 4.765e-19 0.0 118.71 0.0
S317683 204.0981 50.6145 1.553e-14 1.01e-14 3.181e-15 0.0 121.09 0.0
S317684 204.0543 50.6312 4.541e-19 5.129e-19 4.882e-19 0.0 119.03 0.0
S317685 204.0692 50.5901 3.007e-23 8.026e-23 4.547e-22 0.0 121.82 0.0
S317686 204.0612 50.6435 8.421e-13 7.088e-13 3.683e-13 0.0 118.71 1.0
S317687 204.0224 50.6263 1.0890000000000002e-20 1.759e-20 3.566e-20 0.0 118.31 0.0
S317688 204.054 50.6207 4.015e-18 3.865e-18 2.535e-18 0.0 120.32 0.0
S317689 204.075 50.6469 1.9760000000000002e-20 3.1580000000000004e-20 5.836e-20 0.0 118.28 0.0
S317690 204.0668 50.6429 1.869e-17 4.023e-17 1.372e-16 0.0 118.83 0.0
S317691 204.0755 50.6453 4.4119999999999997e-23 1.224e-22 7.561999999999999e-22 0.0 119.06 0.0
S317692 204.0182 50.6123 1.0170000000000001e-20 1.666e-20 3.3920000000000004e-20 0.0 121.06 0.0
S317693 204.0444 50.6192 1.4009999999999998e-22 3.5819999999999996e-22 1.829e-21 0.0 121.19 0.0
S317694 204.0803 50.6194 1.832e-20 3.0270000000000003e-20 6.192000000000001e-20 0.0 121.21 0.0
S317695 204.082 50.6159 2.786e-20 4.2120000000000006e-20 6.875000000000001e-20 0.0 120.77 0.0
S317696 204.0813 50.581 9.151000000000001e-20 1.229e-19 1.596e-19 0.0 122.14 0.0
S317697 204.0252 50.6548 1.611e-19 1.962e-19 2.189e-19 0.0 118.18 0.0
S317698 204.0641 50.6179 4.178e-18 4.065e-18 2.82e-18 0.0 120.77 0.0
S317699 204.0527 50.64 1.123e-17 2.314e-17 7.443e-17 0.0 118.8 0.0
S317700 204.0263 50.599 5.189e-18 5.112e-18 3.565e-18 0.0 122.04 0.0
S317701 204.07 50.6029 3.413e-18 3.368e-18 2.301e-18 0.0 121.71 0.0
S317702 204.0787 50.6324 2.629e-21 5.014e-21 1.3350000000000001e-20 0.0 118.61 0.0
S317703 204.0871 50.6343 3.728e-20 5.679e-20 9.491000000000001e-20 0.0 118.29 0.0
S317704 204.0553 50.5887 1.408e-21 9.852e-22 3.5599999999999996e-22 0.001 122.06 0.0
S317705 204.0701 50.6318 2.042e-13 1.379e-13 4.566e-14 0.0 118.62 0.0
S317706 204.043 50.6115 2.9730000000000003e-25 1.303e-24 2.12e-23 0.0 121.61 0.0
S317707 204.0558 50.622 4.806e-21 8.369000000000001e-21 1.8930000000000002e-20 0.0 120.23 0.0
S317708 204.104 50.6166 1.9050000000000002e-21 1.285e-21 4.376e-22 0.0 121.34 0.0
S317709 204.0537 50.6202 3.3380000000000003e-20 5.335e-20 1.018e-19 0.0 120.39 0.0
S317710 204.0281 50.6318 2.969e-20 4.3500000000000006e-20 7.294000000000001e-20 0.0 118.3 0.0
S317711 204.0378 50.6006 3.249e-18 3.251e-18 2.307e-18 0.0 121.72 0.0
S317712 204.0937 50.6337 2.252e-17 2.039e-17 1.171e-17 0.0 119.13 0.0
S317713 204.025 50.6319 1.249e-17 1.879e-17 3.15e-17 0.0 119.45 0.0
S317714 204.0778 50.6326 9.593e-22 1.967e-21 6.364e-21 0.0 119.28 0.0
S317715 204.0475 50.5997 8.947e-17 6.806e-17 2.895e-17 0.0 121.42 1.0
S317716 204.0727 50.6246 2.971e-18 2.965e-18 2.129e-18 0.0 120.11 0.0
S317717 204.0808 50.6321 6.783e-27 4.3980000000000004e-26 1.566e-24 0.0 119.0 0.0
S317718 204.0293 50.6454 8.455e-17 6.584e-17 2.81e-17 0.0 118.02 0.0
S317719 204.0333 50.6258 1.41e-17 1.221e-17 6.539e-18 0.0 119.64 0.0
S317720 204.0616 50.6289 7.13e-24 2.0109999999999999e-23 1.2379999999999998e-22 0.0 119.83 0.0
S317721 204.0571 50.6493 1.811e-16 1.395e-16 6.093e-17 0.0 118.71 1.0
S317722 204.0453 50.6223 2.149e-17 1.878e-17 1.021e-17 0.0 120.13 0.0
S317723 204.0439 50.6031 4.915e-18 8.666e-18 2.079e-17 0.0 121.75 0.0
S317724 204.0565 50.5793 7.829e-23 2.14e-22 1.2320000000000001e-21 0.0 122.21 0.0
S317725 204.0545 50.6324 5.504e-17 4.484e-17 2.108e-17 0.0 119.56 0.0
S317726 204.0541 50.6165 1.039e-17 9.216e-18 5.439e-18 0.0 120.56 0.0
S317727 204.0573 50.593 1.2059999999999999e-23 3.214e-23 1.7e-22 0.0 121.84 0.0
S317728 204.0568 50.6258 3.6899999999999996e-23 1.062e-22 7.032999999999999e-22 0.0 119.91 0.0
S317729 204.0534 50.6005 5.413e-18 4.878e-18 2.893e-18 0.0 121.79 0.0
S317730 204.0615 50.6374 1.477e-21 1.044e-21 3.6929999999999996e-22 0.0 119.06 0.0
S317731 204.0514 50.6204 7.847e-23 2.034e-22 1.041e-21 0.0 121.56 0.0
S317732 204.0484 50.5873 7.173999999999999e-22 1.372e-21 3.863e-21 0.0 121.93 0.0
S317733 204.0484 50.6363 1.069e-18 1.154e-18 9.859e-19 0.0 119.14 0.0
S317734 204.0736 50.6237 3.732e-18 3.627e-18 2.603e-18 0.0 120.27 0.0
S317735 204.0809 50.6425 5.637e-18 5.448e-18 3.734e-18 0.0 118.97 0.0
S317736 204.0465 50.613 1.213e-17 2.723e-17 1.059e-16 0.0 121.14 0.0
S317737 204.035 50.6342 3.449e-17 3.018e-17 1.676e-17 0.0 118.48 0.0
S317738 204.0627 50.6061 9.117e-22 1.978e-21 7.043e-21 0.0 121.45 0.0
S317739 204.0488 50.6257 6.326e-13 4.493e-13 1.68e-13 0.0 118.87 0.0
S317740 204.0359 50.6614 1.468e-21 1.022e-21 3.6019999999999995e-22 0.0 118.24 0.0
S317741 204.0665 50.651 1.434e-17 1.283e-17 7.354e-18 0.0 118.64 0.0
S317742 204.0515 50.6457 1.572e-19 2.196e-19 3.114e-19 0.0 118.39 1.0
S317743 204.0847 50.6146 4.245e-18 4.312e-18 3.282e-18 0.0 120.8 0.0
S317744 204.0772 50.6344 3.1950000000000002e-21 6.119e-21 1.642e-20 0.0 118.36 0.0
S317745 204.0623 50.6239 7.851e-17 6.074e-17 2.745e-17 0.0 120.06 0.0
S317746 204.0197 50.6244 5.2190000000000006e-20 7.532000000000001e-20 1.176e-19 0.0 119.18 0.0
S317747 204.0835 50.6464 9.394e-18 1.63e-17 3.614e-17 0.0 118.42 0.0
S317748 204.0813 50.6226 8.966e-22 6.730999999999999e-22 2.7669999999999997e-22 0.0 121.4 0.0
S317749 204.0737 50.5942 3.0329999999999996e-22 7.114999999999999e-22 3.073e-21 0.0 122.02 0.0
S317750 204.0755 50.6239 2.6999999999999997e-22 6.494999999999999e-22 2.889e-21 0.0 120.34 0.0
S317751 204.072 50.6586 2.3e-21 4.229e-21 1.0980000000000001e-20 0.0 118.21 0.0
S317752 204.0732 50.6396 7.846e-13 5.804e-13 2.33e-13 0.0 118.32 1.0
S317753 204.088 50.6209 1.891e-21 1.305e-21 4.393e-22 0.0 120.55 0.0
S317754 204.0529 50.6404 4.4840000000000003e-20 6.773e-20 1.129e-19 0.0 118.87 0.0
S317755 204.0654 50.6393 9.311e-19 1.063e-18 9.911e-19 0.0 118.54 0.0
S317756 204.0376 50.5888 1.6539999999999998e-22 3.8339999999999996e-22 1.573e-21 0.0 122.14 0.0
S317757 204.0485 50.656 2.274e-21 1.514e-21 4.770999999999999e-22 0.0 118.15 0.0
S317758 204.0821 50.6119 7.339e-18 6.675e-18 4.066e-18 0.0 120.95 0.0
S317759 204.0478 50.6423 1.5380000000000001e-21 1.08e-21 3.8249999999999995e-22 0.0 118.58 0.0
S317760 204.0661 50.634 4.525e-17 9.056e-17 2.751e-16 0.0 119.3 1.0
S317761 204.0749 50.6081 6.025e-19 6.981e-19 6.612e-19 0.0 121.42 0.0
S317762 204.025 50.645 2.023e-23 5.903999999999999e-23 3.9439999999999995e-22 0.0 118.35 0.0
S317763 204.036 50.6031 9.797e-13 7.726e-13 3.507e-13 0.0 121.77 1.0
S317764 204.0305 50.6248 5.652e-18 8.548e-18 1.472e-17 0.0 118.82 0.0
S317765 204.0925 50.6324 8.211e-23 2.161e-22 1.17e-21 0.0 119.47 0.0
S317766 204.0399 50.6298 3.578e-19 4.438e-19 5.003e-19 0.0 119.4 0.0
S317767 204.0176 50.6267 6.29e-27 4.147e-26 1.511e-24 0.0 119.72 0.0
S317768 204.0396 50.6284 3.5959999999999997e-23 1.083e-22 7.850999999999999e-22 0.0 119.71 0.0
S317769 204.0702 50.6177 6.132000000000001e-20 8.856000000000001e-20 1.37e-19 0.0 120.8 0.0
S317770 204.0705 50.6256 1.47e-18 1.536e-18 1.256e-18 0.0 119.95 0.0
S317771 204.0411 50.6356 6.105e-19 6.934e-19 6.481e-19 0.0 119.0 0.0
S317772 204.0571 50.6108 2.059e-19 2.572e-19 2.988e-19 0.0 121.16 1.0
S317773 204.0167 50.6223 2.201e-24 7.705e-24 7.263e-23 0.0 119.97 0.0
S317774 203.9952 50.6098 2.591e-18 2.696e-18 2.141e-18 0.0 121.23 0.0
S317775 204.0363 50.6015 1.226e-13 1.667e-13 2.343e-13 0.0 121.97 0.0
S317776 204.0532 50.6043 1.352e-17 1.251e-17 7.738e-18 0.0 121.58 0.0
S317777 204.063 50.6451 6.462999999999999e-22 1.358e-21 4.497e-21 0.0 118.35 0.0
S317778 204.0192 50.6039 5.681e-13 4.098e-13 1.561e-13 0.0 121.5 0.0
S317779 204.019 50.6292 3.446e-17 8.14e-17 3.42e-16 0.0 118.14 1.0
S317780 204.0165 50.6209 1.581e-19 1.928e-19 2.104e-19 0.0 120.04 0.0
S317781 204.0966 50.63 2.065e-16 1.604e-16 6.845e-17 0.0 118.17 1.0
S317782 204.0408 50.6288 2.475e-18 2.538e-18 1.896e-18 0.0 118.75 0.0
S317783 204.0454 50.6382 1.883e-21 1.287e-21 4.356999999999999e-22 0.0 119.15 0.0
S317784 204.0591 50.6239 1.1810000000000001e-20 1.929e-20 3.836e-20 0.0 120.09 0.0
S317785 204.0328 50.6197 4.972e-21 8.785e-21 2.133e-20 0.0 120.54 0.0
S317786 204.0588 50.6261 8.795e-21 1.556e-20 3.7230000000000005e-20 0.0 119.91 0.0
S317787 204.018 50.6252 3.4600000000000005e-20 5.426e-20 9.718e-20 0.0 119.53 0.0
S317788 204.0648 50.5956 6.573e-17 5.331e-17 2.593e-17 0.0 121.53 0.0
S317789 204.034 50.6493 2.68e-24 8.945e-24 8.038e-23 0.0 118.47 0.0
S317790 204.0661 50.629 1.519e-16 1.137e-16 4.569e-17 0.0 119.5 0.0
S317791 204.0546 50.5977 6.036e-18 9.52e-18 1.811e-17 0.0 121.81 0.0
S317792 204.0343 50.6101 6.654e-24 2.016e-23 1.4969999999999998e-22 0.0 121.48 0.0
S317793 204.0168 50.6286 5.552e-17 4.765e-17 2.519e-17 0.0 118.08 0.0
S317794 204.0458 50.6415 1.671e-17 1.423e-17 7.635e-18 0.0 118.65 0.0
S317795 204.0751 50.615 4.817e-17 3.883e-17 1.835e-17 0.0 121.66 0.0
S317796 204.0326 50.6217 1.76e-21 1.2080000000000001e-21 4.09e-22 0.0 120.13 0.0
S317797 204.0287 50.6321 9.131999999999999e-22 1.793e-21 5.207e-21 0.0 118.31 0.0
S317798 204.0553 50.6256 7.896e-19 9.207e-19 9.051e-19 0.0 119.86 0.0
S317799 204.0726 50.6269 7.157e-18 1.216e-17 2.619e-17 0.0 119.93 0.0
S317800 204.024 50.5881 1.254e-20 1.9750000000000003e-20 3.7660000000000003e-20 0.0 122.22 0.0
S317801 204.0709 50.6243 1.384e-21 9.724999999999999e-22 3.444e-22 0.0 120.18 0.0
S317802 204.0401 50.6131 2.355e-22 5.978999999999999e-22 2.9570000000000002e-21 0.0 120.77 0.0
S317803 204.0296 50.6203 8.592999999999998e-22 1.806e-21 5.877e-21 0.0 120.24 0.0
S317804 204.0576 50.636 6.731999999999999e-22 1.346e-21 4.245e-21 0.0 119.04 0.0
S317805 204.0244 50.6378 1.476e-18 1.555e-18 1.263e-18 0.0 119.31 0.0
S317806 204.0331 50.6195 2.845e-18 2.781e-18 1.958e-18 0.0 120.82 0.0
S317807 204.0859 50.6239 2.56e-20 3.9790000000000004e-20 6.892000000000001e-20 0.0 120.52 0.0
S317808 204.0159 50.6394 4.482e-18 6.751e-18 1.194e-17 0.0 118.49 0.0
S317809 204.0107 50.618 2.495e-22 5.6e-22 2.184e-21 0.0 120.27 0.0
S317810 204.0432 50.6193 1.2659999999999999e-23 3.7549999999999996e-23 2.554e-22 0.0 120.49 0.0
S317811 204.054 50.6575 6.0989999999999995e-22 1.3330000000000001e-21 4.803e-21 0.0 118.0 0.0
S317812 204.0615 50.6273 2.021e-13 1.389e-13 4.73e-14 0.0 119.86 0.0
S317813 204.0575 50.6118 4.606e-17 3.847e-17 1.871e-17 0.0 121.13 0.0
S317814 204.0654 50.6438 2.855e-18 2.904e-18 2.114e-18 0.0 118.53 0.0
S317815 204.0669 50.6095 6.972999999999999e-23 1.9529999999999997e-22 1.167e-21 0.0 121.22 0.0
S317816 204.0525 50.6328 2.119e-17 4.639e-17 1.68e-16 0.0 119.54 0.0
S317817 204.059 50.5787 1.433e-13 9.7e-14 3.109e-14 0.0 122.22 0.0
S317818 204.0201 50.6506 1.476e-18 1.599e-18 1.358e-18 0.0 118.07 0.0
S317819 204.0625 50.6378 3.4880000000000005e-20 5.0480000000000005e-20 7.788000000000001e-20 0.0 118.58 0.0
S317820 204.0562 50.6372 1.384e-17 1.244e-17 7.27e-18 0.0 118.92 0.0
S317821 204.0491 50.6107 8.082e-21 1.462e-20 3.644e-20 0.0 121.02 0.0
S317822 204.0575 50.641 1.74e-13 1.18e-13 3.993e-14 0.0 118.61 0.0
S317823 204.0538 50.6454 1.465e-17 2.379e-17 4.673e-17 0.0 118.54 0.0
S317824 204.0553 50.6308 3.173e-17 6.747e-17 2.306e-16 0.0 119.15 1.0
S317825 204.0494 50.5981 1.73e-18 1.75e-18 1.286e-18 0.0 121.53 0.0
S317826 204.053 50.6128 4.142e-19 4.928e-19 5.158e-19 0.0 121.18 0.0
S317827 204.0529 50.6087 1.135e-17 1.092e-17 7.246e-18 0.0 121.35 0.0
S317828 204.0436 50.5949 2.535e-18 2.479e-18 1.774e-18 0.0 121.83 0.0
S317829 204.0419 50.5957 9.771e-18 1.624e-17 3.377e-17 0.0 121.85 0.0
S317830 204.0523 50.6319 1.594e-17 1.414e-17 7.866e-18 0.0 119.2 0.0
S317831 204.063 50.6369 3.992e-17 6.041e-17 1.032e-16 0.0 118.98 0.0
S317832 204.0578 50.6043 1.124e-17 2.41e-17 8.397e-17 0.0 121.73 0.0
S317833 204.0539 50.5996 2.746e-17 5.672e-17 1.818e-16 0.0 121.64 0.0
S317834 204.0633 50.6018 1.3249999999999998e-23 3.9529999999999996e-23 2.777e-22 0.0 121.81 0.0
S317835 204.0534 50.6424 1.021e-17 9.781e-18 6.351e-18 0.0 118.63 0.0
S317836 204.0441 50.6156 1.357e-18 1.472e-18 1.271e-18 0.0 120.69 0.0
S317837 204.0543 50.6077 1.975e-21 1.366e-21 4.571e-22 0.0 121.38 0.0
S317838 204.0497 50.6163 2.8189999999999997e-22 6.877e-22 3.1060000000000002e-21 0.0 120.71 0.0
S317839 204.052 50.6471 2.391e-17 2.034e-17 1.072e-17 0.0 118.38 0.0
S317840 204.0577 50.6035 1.437e-16 1.112e-16 4.913e-17 0.0 121.34 1.0
S317841 204.0501 50.6395 5.0389999999999997e-23 1.3229999999999998e-22 7.146999999999999e-22 0.0 118.74 0.0
S317842 204.0518 50.6477 1.604e-20 2.4660000000000002e-20 4.388e-20 0.0 118.36 0.0
S317843 204.0647 50.6311 5.527e-20 8.152000000000001e-20 1.274e-19 0.0 119.53 0.0
S317844 204.0362 50.6133 3.111e-18 3.073e-18 2.17e-18 0.0 120.73 0.0
S317845 204.0567 50.6391 3.192e-17 6.348e-17 1.953e-16 0.0 118.91 0.0
S317846 204.0588 50.6008 3.308e-18 6.753e-18 2.156e-17 0.0 121.51 0.0
S317847 204.0691 50.6363 1.594e-17 1.411e-17 7.782e-18 0.0 119.13 0.0
S317848 204.05 50.6466 1.683e-19 2.198e-19 2.821e-19 0.0 118.54 0.0
S317849 204.0514 50.6465 1.193e-17 1.048e-17 5.817e-18 0.0 118.65 0.0
S317850 204.0567 50.6531 4.787e-17 1.069e-16 4.223e-16 0.0 118.36 1.0
S317851 204.0576 50.642 1.449e-17 2.499e-17 5.63e-17 0.0 118.76 0.0
S317852 204.0616 50.606 1.166e-24 4.705e-24 5.972e-23 0.0 121.72 0.0
S317853 204.0567 50.6567 1.383e-18 1.498e-18 1.288e-18 0.0 118.28 0.0
S317854 204.0524 50.6468 1.8680000000000003e-20 3.002e-20 5.849e-20 0.0 118.44 0.0
S317855 204.0531 50.642 6.137e-13 4.574e-13 1.841e-13 0.0 118.78 0.0
S317856 204.0578 50.6005 4.533999999999999e-22 9.954e-22 3.593e-21 0.0 121.58 0.0
S317857 204.0522 50.615 6.87e-21 1.206e-20 2.739e-20 0.0 121.08 0.0
S317858 204.0616 50.643 1.1069999999999999e-23 2.945e-23 1.663e-22 0.0 118.62 0.0
S317859 204.0562 50.6397 1.312e-21 2.538e-21 7.098000000000001e-21 0.0 119.03 0.0
S317860 204.0584 50.6399 1.582e-19 2.184e-19 2.983e-19 0.0 118.86 0.0
S317861 204.0455 50.6048 1.133e-17 1.037e-17 6.168e-18 0.0 121.56 0.0
S317862 204.0495 50.6174 8.367999999999999e-22 1.746e-21 5.888e-21 0.0 120.65 0.0
S317863 204.0563 50.5945 7.97e-13 6.082e-13 2.492e-13 0.0 121.74 1.0
S317864 204.0503 50.605 1.654e-17 1.469e-17 8.242e-18 0.0 121.41 0.0
S317865 204.0621 50.6373 2.824e-20 4.376e-20 7.749e-20 0.0 119.11 0.0
S317866 204.0617 50.6505 6.206e-21 1.0710000000000001e-20 2.3000000000000002e-20 0.0 118.51 0.0
S317867 204.0569 50.6442 1.5159999999999998e-22 3.2779999999999996e-22 1.18e-21 0.0 118.49 0.0
S317868 204.0481 50.5998 1.1670000000000001e-20 2.033e-20 4.5030000000000005e-20 0.0 121.49 0.0
S317869 204.0584 50.6123 3.309e-21 6.403e-21 1.7760000000000002e-20 0.0 121.34 0.0
S317870 204.0525 50.5998 5.810999999999999e-22 1.24e-21 4.331e-21 0.0 121.62 0.0
S317871 204.0509 50.5921 1.589e-21 1.101e-21 3.934e-22 0.0 121.91 0.0
S317872 204.0695 50.6392 1.31e-18 1.407e-18 1.179e-18 0.0 118.91 0.0
S317873 204.0621 50.6494 1.944e-21 3.861e-21 1.1390000000000002e-20 0.0 118.53 0.0
S317874 204.0463 50.6073 3.77e-19 4.544e-19 4.878e-19 0.0 121.45 0.0
S317875 204.0542 50.6047 8.581e-18 8.083e-18 5.121e-18 0.0 121.54 0.0
S317876 204.0502 50.5892 6.339e-18 1.224e-17 3.405e-17 0.0 121.8 0.0
S317877 204.0605 50.6514 4.7090000000000006e-20 6.961e-20 1.111e-19 0.0 118.31 0.0
S317878 204.0508 50.607 1.5e-17 1.308e-17 7.143e-18 0.0 121.12 0.0
S317879 204.058 50.6514 3.066e-22 7.573e-22 3.497e-21 0.0 118.44 0.0
S317880 204.0641 50.6446 2.353e-21 1.567e-21 4.931e-22 0.0 118.59 0.0
S317881 204.0609 50.6543 1.347e-27 1.1290000000000001e-26 6.703e-25 0.0 118.34 0.0
S317882 204.056 50.6518 8.571e-13 6.314e-13 2.517e-13 0.0 118.4 0.0
S317883 204.0559 50.5904 1.83e-22 4.503e-22 2.1010000000000002e-21 0.0 121.86 0.0
S317884 204.0568 50.6473 1.216e-21 2.374e-21 7.157000000000001e-21 0.0 118.51 0.0
S317885 204.0554 50.61 2.975e-18 2.85e-18 1.938e-18 0.0 121.17 0.0
S317886 204.0545 50.6108 4.45e-17 3.629e-17 1.737e-17 0.0 121.33 0.0
S317887 204.0564 50.6429 5.291e-13 4.864e-13 2.916e-13 0.0 118.58 1.0
S317888 204.0578 50.6544 2.0000000000000002e-21 1.347e-21 4.395e-22 0.0 118.42 0.0
S317889 204.0501 50.5975 2.049e-21 1.398e-21 4.676e-22 0.0 121.69 0.0
S317890 204.0546 50.6525 8.059e-13 5.809e-13 2.141e-13 0.0 118.45 0.0
S317891 204.0606 50.6486 3.6280000000000003e-20 5.3720000000000005e-20 8.560000000000001e-20 0.0 118.78 0.0
S317892 204.0592 50.648 3.106e-19 3.924e-19 4.414e-19 0.0 118.53 0.0
S317893 204.0583 50.6459 2.835e-18 2.86e-18 2.104e-18 0.0 118.66 0.0
S317894 204.0521 50.6046 1.133e-21 2.258e-21 6.994e-21 0.0 121.54 0.0
S317895 204.0571 50.6508 1.132e-19 1.504e-19 1.949e-19 0.0 118.45 0.0
S317896 204.0584 50.6568 4.193e-21 6.611e-21 1.1970000000000001e-20 0.0 118.51 0.0
S317897 204.0554 50.5823 5.211e-17 4.409e-17 2.254e-17 0.0 121.95 0.0
S317898 204.059 50.6516 1.599e-19 2.045e-19 2.49e-19 0.0 118.56 0.0
S317899 204.0498 50.5976 6.1880000000000004e-21 1.0740000000000001e-20 2.432e-20 0.0 121.5 0.0
S317900 204.0634 50.6512 3.319e-17 2.846e-17 1.499e-17 0.001 118.54 0.0
S317901 204.0504 50.6376 1.518e-21 1.064e-21 3.7699999999999997e-22 0.0 118.82 0.0
S317902 204.0499 50.6477 5.917e-20 8.944e-20 1.47e-19 0.0 118.37 0.0
S317903 204.0554 50.5927 8.435000000000001e-20 1.052e-19 1.186e-19 0.0 121.81 0.0
S317904 204.0474 50.5945 1.088e-19 1.514e-19 2.098e-19 0.0 121.47 0.0
S317905 204.0497 50.6029 2.158e-17 4.839e-17 1.864e-16 0.0 121.52 1.0
S317906 204.0625 50.6538 8.53e-19 9.065e-19 7.716e-19 0.0 118.3 0.0
S317907 204.0562 50.599 9.602e-18 8.736e-18 5.167e-18 0.0 121.71 0.0
S317908 204.0554 50.6 1.0450000000000001e-20 1.7470000000000003e-20 3.601e-20 0.0 121.63 0.0
S317909 204.0658 50.6277 2.2080000000000002e-21 4.335e-21 1.2330000000000001e-20 0.0 119.68 0.0
S317910 204.0559 50.6503 3.075e-23 9.211999999999999e-23 6.558999999999999e-22 0.0 118.47 0.0
S317911 204.0508 50.5868 9.271e-21 1.632e-20 3.8280000000000003e-20 0.0 121.89 0.0
S317912 204.0604 50.6512 9.594e-24 2.784e-23 1.8379999999999997e-22 0.0 118.41 0.0
S317913 204.0628 50.6596 6.743e-21 1.123e-20 2.4040000000000002e-20 0.0 118.45 0.0
S317914 204.0649 50.6552 1.6930000000000002e-20 2.7420000000000005e-20 5.2900000000000005e-20 0.0 118.5 0.0
S317915 204.0501 50.5895 8.913e-22 6.6339999999999995e-22 2.6549999999999997e-22 0.0 121.68 0.0
S317916 204.0479 50.5969 1.8960000000000002e-20 2.99e-20 5.704e-20 0.0 121.68 0.0
S317917 204.0574 50.6498 1.364e-21 9.721999999999998e-22 3.503e-22 0.0 118.6 0.0
S317918 204.0647 50.661 9.233e-19 1.007e-18 8.806e-19 0.0 118.44 0.0
S317919 204.0568 50.5994 7.629e-23 2.2099999999999998e-22 1.4400000000000001e-21 0.0 121.53 0.0
S317920 204.0528 50.6439 3.873e-23 1.181e-22 8.927999999999999e-22 0.0 118.57 0.0
S317921 204.0529 50.6426 8.198e-20 1.098e-19 1.467e-19 0.0 118.81 0.0
S317922 204.0592 50.5945 1.5380000000000001e-21 1.086e-21 3.8559999999999995e-22 0.0 121.77 0.0
S317923 204.0604 50.6583 1.476e-21 1.042e-21 3.7589999999999995e-22 0.0 118.35 0.0
S317924 204.0564 50.6023 3.486e-18 3.478e-18 2.538e-18 0.0 121.46 0.0
S317925 204.056 50.6074 1.0149999999999999e-23 2.99e-23 1.9799999999999998e-22 0.0 121.4 0.0
S317926 204.0509 50.5935 9.867999999999999e-24 2.719e-23 1.6339999999999997e-22 0.0 121.59 0.0
S317927 204.0444 50.6004 6.253e-19 7e-19 6.607e-19 0.0 121.55 0.0
S317928 204.0553 50.6524 8.878e-21 1.639e-20 4.0870000000000006e-20 0.0 118.29 0.0
S317929 204.0528 50.5899 2.14e-18 2.291e-18 1.842e-18 0.0 121.46 0.0
S317930 204.0558 50.6577 9.444e-22 1.987e-21 6.846e-21 0.0 118.44 0.0
S317931 204.0621 50.6511 6.378e-23 1.555e-22 6.982999999999999e-22 0.0 118.58 0.0
S317932 204.0557 50.6631 7.521e-21 1.366e-20 3.3310000000000003e-20 0.0 118.15 0.0
S317933 204.0604 50.6559 3.255e-19 4.051e-19 4.625e-19 0.0 118.37 0.0
S317934 204.0579 50.6519 1.807e-17 3.982e-17 1.437e-16 0.0 118.6 0.0
S317935 204.0587 50.6473 1.117e-18 1.221e-18 1.044e-18 0.0 118.48 0.0
S317936 204.062 50.6013 2.01e-18 2.151e-18 1.794e-18 0.0 121.58 0.0
S317937 204.0527 50.6486 3.435e-20 4.996e-20 7.664000000000001e-20 0.0 118.42 0.0
S317938 204.0488 50.6102 9.097e-18 1.534e-17 3.178e-17 0.0 121.02 0.0
S317939 204.0426 50.5958 2.147e-17 3.91e-17 9.898e-17 0.0 121.29 0.0
S317940 204.0479 50.5876 2.075e-23 6.533e-23 5.067999999999999e-22 0.0 121.64 0.0
S317941 204.0586 50.6561 3.0009999999999995e-22 6.974999999999999e-22 2.917e-21 0.0 118.37 0.0
S317942 204.0377 50.5794 1.725e-21 1.2e-21 4.113e-22 0.0 121.82 0.0
S317943 204.0444 50.588 1.809e-16 1.362e-16 5.628e-17 0.0 121.82 1.0
S317944 204.0595 50.6469 9.734999999999999e-23 2.2899999999999996e-22 9.408e-22 0.0 118.52 0.0
S317945 204.0676 50.649 6.201e-19 7.209e-19 6.9e-19 0.0 118.7 0.0
S317946 204.0609 50.6549 5.434e-17 4.623e-17 2.412e-17 0.0 118.38 0.0
S317947 204.0467 50.5892 2.104e-17 1.769e-17 8.734e-18 0.0 121.85 0.0
S317948 204.0425 50.5952 5.895e-18 5.781e-18 4.103e-18 0.0 121.25 0.0
S317949 204.0634 50.6598 2.141e-19 2.691e-19 3.094e-19 0.0 118.31 0.0
S317950 204.0633 50.6599 6.428e-17 5.19e-17 2.499e-17 0.0 118.24 0.0
S317951 204.0577 50.6617 2.162e-16 1.72e-16 7.609e-17 0.0 118.44 1.0
S317952 204.0557 50.5925 1.193e-18 1.325e-18 1.183e-18 0.0 121.76 0.0
S317953 204.0531 50.6534 1.78e-20 2.754e-20 4.7530000000000003e-20 0.0 118.3 0.0
S317954 204.0637 50.6576 1.595e-23 4.3269999999999996e-23 2.4619999999999997e-22 0.0 118.62 0.0
S317955 204.0606 50.6645 3.152e-21 5.3680000000000004e-21 1.1150000000000002e-20 0.0 118.28 0.0
S317956 204.0521 50.5963 2.694e-13 3.207e-13 3.256e-13 0.0 121.71 0.0
S317957 204.0612 50.6673 3.7079999999999996e-22 8.3279999999999995e-22 3.2190000000000002e-21 0.0 118.21 0.0
S317958 204.0639 50.6516 2.3790000000000003e-20 3.375e-20 5.0140000000000005e-20 0.0 118.49 0.0
S317959 204.0511 50.5808 3.47e-18 3.334e-18 2.259e-18 0.0 122.13 0.0
S317960 204.0526 50.6681 7.414e-17 6.016e-17 2.837e-17 0.0 118.11 0.0
S317961 204.0511 50.5872 1.685e-17 2.801e-17 5.647e-17 0.0 121.73 0.0
S317962 204.0435 50.6041 1.192e-17 1.682e-17 2.497e-17 0.0 121.2 0.0
S317963 204.0585 50.6531 4.404e-18 4.334e-18 3.049e-18 0.0 118.21 0.0
S317964 204.0613 50.6558 2.537e-17 2.124e-17 1.088e-17 0.0 118.66 0.0
S317965 204.0564 50.5939 1.03e-17 1.759e-17 3.753e-17 0.0 121.69 0.0
S317966 204.0513 50.5758 1.04e-17 9.384e-18 5.593e-18 0.0 121.97 0.0
S317967 204.0472 50.5866 1.166e-17 1.742e-17 2.79e-17 0.0 121.75 0.0
S317968 204.0603 50.6583 4.908e-18 4.849e-18 3.351e-18 0.0 118.53 0.0
S317969 204.0475 50.5766 2.868e-19 3.514e-19 3.669e-19 0.0 121.89 0.0
S317970 204.0599 50.6639 9.323e-22 1.806e-21 4.941e-21 0.0 118.22 0.0
S317971 204.0483 50.607 4.728e-20 6.633e-20 9.566e-20 0.0 121.11 0.0
S317972 204.0594 50.6577 8.907e-19 1.004e-18 9.034e-19 0.0 118.4 0.0
S317973 204.0569 50.648 1.061e-25 5.051e-25 9.709e-24 0.0 118.68 0.0
S317974 204.0561 50.5945 1.17e-21 2.372e-21 7.617e-21 0.0 121.59 0.0
S317975 204.0529 50.659 7.814e-23 2.0199999999999997e-22 1.075e-21 0.0 118.45 0.0
S317976 204.0604 50.6594 9.104e-17 7.449e-17 3.555e-17 0.0 118.4 0.0
S317977 204.0456 50.5877 9.674e-21 1.643e-20 3.4880000000000005e-20 0.0 121.56 0.0
S317978 204.0648 50.6624 3.4849999999999996e-22 7.209999999999999e-22 2.31e-21 0.0 118.33 0.0
S317979 204.0574 50.6736 4.774e-17 3.929e-17 1.87e-17 0.0 118.15 0.0
S317980 204.06 50.6675 2.053e-18 2.094e-18 1.598e-18 0.0 118.29 0.0
S317981 204.0577 50.6558 2.151e-17 1.785e-17 9.094e-18 0.0 118.56 0.0
S317982 204.0564 50.6639 2.376e-17 2.078e-17 1.153e-17 0.0 118.21 0.0
S317983 204.0545 50.6673 1.397e-18 1.558e-18 1.372e-18 0.0 118.25 0.0
S317984 204.0547 50.5901 4.2079999999999997e-22 9.818999999999999e-22 4.09e-21 0.0 121.76 0.0
S317985 204.0625 50.661 5.878e-13 4.824e-13 2.314e-13 0.0 118.26 1.0
S317986 204.0579 50.6524 1.432e-22 3.5579999999999995e-22 1.608e-21 0.001 118.67 0.0
S317987 204.0626 50.6617 1.225e-22 3.2249999999999996e-22 1.707e-21 0.0 118.49 0.0
S317988 204.0505 50.5902 4.342e-24 1.347e-23 1.03e-22 0.0 121.54 0.0
S317989 204.065 50.6645 4.157e-13 2.97e-13 1.101e-13 0.0 118.39 0.0
S317990 204.056 50.6679 2.223e-27 1.6940000000000002e-26 8.501e-25 0.0 118.17 0.0
S317991 204.0626 50.6667 1.392e-17 1.228e-17 6.76e-18 0.0 118.33 0.0
S317992 204.0505 50.5941 1.633e-17 3.625e-17 1.377e-16 0.0 121.59 0.0
S317993 204.0662 50.6625 1.569e-16 1.239e-16 5.604e-17 0.0 118.67 1.0
S317994 204.0459 50.5763 5.422e-13 3.961e-13 1.485e-13 0.0 121.82 0.0
S317995 204.0469 50.5805 2.005e-21 3.78e-21 9.843000000000001e-21 0.001 121.99 0.0
S317996 204.0611 50.6673 7.172e-19 8.479e-19 8.432e-19 0.0 118.17 0.0
S317997 204.0378 50.5783 2.579e-25 1.11e-24 1.6839999999999998e-23 0.0 121.72 0.0
S317998 204.0623 50.6613 2.7e-17 2.465e-17 1.444e-17 0.0 118.4 0.0
S317999 204.06 50.6579 1.384e-19 1.792e-19 2.264e-19 0.0 118.45 0.0
S318000 204.0387 50.5803 3.889e-19 4.983e-19 5.931e-19 0.0 121.74 0.0
S318001 204.0652 50.6569 1.0220000000000001e-20 1.701e-20 3.59e-20 0.0 118.36 0.0
S318002 204.0508 50.5788 2.4899999999999996e-22 5.573999999999999e-22 2.0360000000000002e-21 0.0 121.81 0.0
S318003 204.0602 50.571 9.812999999999999e-22 2.132e-21 7.623e-21 0.0 121.93 0.0
S318004 204.0657 50.6673 8.515e-18 7.7e-18 4.585e-18 0.0 118.39 0.0
S318005 204.0574 50.5785 9.82e-19 1.126e-18 1.05e-18 0.0 121.87 0.0
S318006 204.0593 50.6671 6.224e-19 7.067e-19 6.513e-19 0.0 118.33 0.0
S318007 204.0643 50.6573 1.865e-21 3.279e-21 7.517e-21 0.0 118.57 0.0
S318008 204.0377 50.5738 6.642e-21 1.1390000000000002e-20 2.5170000000000003e-20 0.0 121.78 0.0
S318009 204.0497 50.577 5.633e-19 6.462e-19 6.431e-19 0.0 121.94 0.0
S318010 204.0459 50.5811 3.597e-13 3.913e-13 3.227e-13 0.0 121.86 1.0
S318011 204.056 50.6669 4.457e-20 7.031e-20 1.321e-19 0.0 118.32 0.0
S318012 204.071 50.6644 9.199999999999999e-23 2.101e-22 8.758e-22 0.0 118.5 0.0
S318013 204.0656 50.6744 9.842e-13 7.779e-13 3.496e-13 0.0 118.23 1.0
S318014 204.0481 50.5704 3.4650000000000004e-21 6.249e-21 1.549e-20 0.0 121.97 0.0
S318015 204.0494 50.5766 1.222e-18 1.243e-18 9.286e-19 0.0 121.94 0.0
S318016 204.0606 50.6698 1.967e-17 3.218e-17 6.405e-17 0.0 118.22 0.0
S318017 204.0627 50.6705 1.587e-21 2.902e-21 7.414e-21 0.0 118.42 0.0
S318018 204.0595 50.6591 8.183999999999999e-22 1.627e-21 4.682e-21 0.0 118.47 0.0
S318019 204.0458 50.5763 1.295e-23 3.5079999999999996e-23 2.0479999999999998e-22 0.0 121.73 0.0
S318020 204.0532 50.581 4.124e-16 2.913e-16 1.058e-16 0.0 121.76 0.0
S318021 204.0489 50.5812 4.039e-19 4.644e-19 4.337e-19 0.0 121.51 0.0
S318022 204.0584 50.6671 8.081999999999999e-23 1.797e-22 6.926999999999999e-22 0.0 118.28 0.0
S318023 204.0689 50.683 9.497e-23 2.502e-22 1.34e-21 0.0 118.25 0.0
S318024 204.0463 50.5794 4.17e-19 5.048e-19 5.34e-19 0.0 121.91 0.0
S318025 204.0637 50.6772 1.2200000000000001e-21 2.335e-21 6.587e-21 0.0 118.33 0.0
S318026 204.0642 50.6755 1.837e-22 4.344999999999999e-22 1.844e-21 0.0 118.3 0.0
S318027 204.0461 50.5754 1.043e-22 2.6389999999999996e-22 1.307e-21 0.0 121.81 0.0
S318028 204.0494 50.5763 1.502e-17 1.331e-17 7.72e-18 0.0 121.84 0.0
S318029 204.057 50.6656 1.482e-18 1.655e-18 1.435e-18 0.001 118.24 0.0
S318030 204.0636 50.6739 5.386e-19 6.097e-19 5.6e-19 0.0 118.39 0.0
S318031 204.0539 50.6693 9.051e-19 9.708e-19 8.241e-19 0.001 118.3 0.0
S318032 204.0589 50.6694 5.437e-13 4.082e-13 1.682e-13 0.0 118.22 1.0
S318033 204.051 50.5675 3.319e-17 2.875e-17 1.558e-17 0.0 121.85 0.0
S318034 204.0534 50.5613 3.351e-17 7.198e-17 2.507e-16 0.0 122.04 1.0
S318035 204.0489 50.581 3.453e-21 6.486e-21 1.76e-20 0.0 121.71 0.0
S318036 204.0558 50.6732 8.549e-17 6.775e-17 3.063e-17 0.0 118.28 0.0
S318037 204.0557 50.6708 2.542e-17 5.677e-17 2.246e-16 0.0 118.25 1.0
S318038 204.0437 50.5722 2.508e-19 3.026e-19 3.249e-19 0.0 121.76 0.0
S318039 204.0578 50.6723 5.375000000000001e-26 2.716e-25 5.901e-24 0.0 118.26 0.0
S318040 204.062 50.6758 8.452e-19 9.978e-19 1.037e-18 0.0 118.26 0.0
S318041 204.0592 50.6739 2.318e-19 2.927e-19 3.4e-19 0.0 118.32 0.0
S318042 204.0665 50.6718 3.955e-18 3.751e-18 2.405e-18 0.0 118.42 0.0
S318043 204.0527 50.5664 1.393e-20 2.2410000000000002e-20 4.1180000000000003e-20 0.0 121.87 0.0
S318044 204.0625 50.6767 8.088e-25 3.296e-24 4.492e-23 0.0 118.23 0.0
S318045 204.0685 50.6707 1.962e-13 2.092e-13 1.657e-13 0.0 118.36 0.0
S318046 204.0667 50.68 1.162e-18 1.334e-18 1.255e-18 0.0 118.48 0.0
S318047 204.0602 50.6849 4.105e-21 7.79e-21 2.0750000000000003e-20 0.0 118.05 0.0
S318048 204.0545 50.5702 3.7750000000000004e-21 7.715e-21 2.388e-20 0.0 122.02 0.0
S318049 204.0508 50.574 2.549e-21 4.73e-21 1.235e-20 0.0 121.89 0.0
S318050 204.0384 50.564 1.0980000000000001e-20 1.828e-20 3.838e-20 0.0 121.85 0.0
S318051 204.0548 50.5776 1.587e-21 3.147e-21 9.636e-21 0.0 121.64 0.0
S318052 204.0423 50.5717 4.224e-18 4.084e-18 2.78e-18 0.0 121.84 0.0
S318053 204.0444 50.5632 6.4699999999999995e-22 1.3240000000000001e-21 4.208e-21 0.0 122.04 0.0
S318054 204.066 50.6824 1.952e-21 1.328e-21 4.452e-22 0.0 118.38 0.0
S318055 204.0444 50.5603 2.671e-19 3.21e-19 3.289e-19 0.001 121.96 0.0
S318056 204.0579 50.6807 1.626e-24 5.655e-24 5.491e-23 0.0 118.17 0.0
S318057 204.0494 50.5606 1.373e-20 2.2070000000000002e-20 4.1800000000000003e-20 0.0 121.87 0.0
S318058 204.0573 50.6759 4.841e-22 9.442e-22 2.825e-21 0.0 118.4 0.0
S318059 204.0417 50.5754 5.101e-18 5.004e-18 3.509e-18 0.0 121.86 0.0
S318060 204.0382 50.5669 4.823e-19 5.323e-19 4.765e-19 0.0 121.82 0.0
S318061 204.0605 50.6775 3.918e-18 3.992e-18 2.962e-18 0.0 118.21 0.0
S318062 204.0429 50.5735 1.121e-19 1.472e-19 1.871e-19 0.0 121.87 0.0
S318063 204.0407 50.5591 4.2349999999999996e-22 8.996e-22 3.04e-21 0.0 121.85 0.0
S318064 204.0442 50.558 7.324e-17 6.063e-17 2.922e-17 0.0 121.93 0.0
S318065 204.0501 50.5653 3.1840000000000005e-20 4.769e-20 8.312000000000001e-20 0.0 122.04 0.0
S318066 204.0414 50.5485 2.864e-20 4.5530000000000003e-20 8.621e-20 0.0 121.94 0.0
S318067 204.0432 50.5648 2.731e-17 4.682e-17 1.072e-16 0.0 121.85 0.0
S318068 204.0382 50.5713 2.478e-24 8.423e-24 7.684e-23 0.0 121.73 0.0
S318069 204.0577 50.684 5.117e-18 5.245e-18 3.85e-18 0.0 118.22 0.0
S318070 204.0677 50.6788 1.047e-19 1.372e-19 1.651e-19 0.0 118.42 0.0
S318071 204.0426 50.5636 2.1489999999999998e-23 5.959e-23 3.7379999999999996e-22 0.0 121.9 0.0
S318072 204.0598 50.682 1.862e-21 1.276e-21 4.308e-22 0.0 118.43 0.0
S318073 204.0588 50.6894 4.304e-17 3.531e-17 1.774e-17 0.0 118.08 0.0
S318074 204.0718 50.6928 1.295e-17 2.718e-17 9.237e-17 0.0 118.23 0.0
S318075 204.0649 50.6799 6.689e-17 5.188e-17 2.306e-17 0.0 118.52 0.0
S318076 204.0681 50.6798 3.218e-17 2.689e-17 1.339e-17 0.0 118.34 0.0
S318077 204.0545 50.6235 2.374e-16 1.81e-16 7.525e-17 0.0 125.63 1.0
S318078 204.0544 50.6236 1.178e-14 7.576e-15 2.313e-15 0.0 125.62 0.0
S318079 204.0543 50.6238 3.857e-13 2.631e-13 8.884e-14 0.0 115.38 0.0
S318080 204.0542 50.6236 2.449e-16 1.852e-16 7.522e-17 0.0 121.73 1.0
S318081 204.0645 50.672 2.82e-18 2.983e-18 2.457e-18 0.0 118.47 0.0
S318082 204.0627 50.6777 8.077e-17 6.299e-17 2.707e-17 0.0 118.4 0.0
S318083 204.0442 50.5693 2.016e-16 1.588e-16 7.195e-17 0.0 121.77 1.0
S318084 204.0463 50.567 4.311e-13 3.002e-13 1.041e-13 0.0 121.82 0.0
S318085 204.0643 50.6838 3.261e-17 2.86e-17 1.548e-17 0.0 118.29 0.0
S318086 204.0462 50.5682 1.824e-17 3.144e-17 6.921e-17 0.0 121.79 0.0
S318087 204.0449 50.5662 8.499e-16 6.192e-16 2.432e-16 0.0 121.86 0.0
S318088 204.0439 50.5615 1.581e-15 1.123e-15 4.034e-16 0.0 121.89 0.0
S318089 204.0494 50.5662 8.037e-17 6.411e-17 2.992e-17 0.0 121.87 0.0
S318090 204.0461 50.5637 2.195e-15 1.536e-15 5.306e-16 0.0 121.89 0.0
S318091 204.0611 50.6888 1.378e-15 9.519e-16 3.353e-16 0.0 118.19 0.0
S318092 204.0472 50.5615 7.279e-18 1.325e-17 3.26e-17 0.0 122.0 0.0
S318093 204.0457 50.5578 4.78e-14 3.12e-14 1.004e-14 0.0 121.94 0.0
S318094 204.06 50.693 1.333e-17 1.228e-17 7.313e-18 0.0 118.07 0.0
S318095 204.0588 50.688 9.493e-16 6.873e-16 2.542e-16 0.0 118.07 0.0
S318096 204.0564 50.688 3.1e-16 2.351e-16 9.666e-17 0.0 118.1 1.0
S318097 204.0588 50.6914 1.046e-18 1.14e-18 9.893e-19 0.0 118.02 0.0
S318098 204.0612 50.6993 4.25e-16 3.089e-16 1.227e-16 0.001 117.96 0.0
S318099 204.05 50.5536 7.235e-17 6.022e-17 2.988e-17 0.0 122.1 0.0
S318100 204.0598 50.6964 2.956e-22 6.933e-22 2.906e-21 0.0 117.98 0.0
S318101 204.0508 50.5497 1.314e-15 9.358e-16 3.465e-16 0.0 122.15 0.0
S318102 204.0522 50.5473 2.687e-15 1.803e-15 5.963e-16 0.0 122.23 0.0
S318103 204.0525 50.5447 7.228e-17 5.767e-17 2.658e-17 0.0 122.19 0.0
S318104 204.0533 50.5474 4.504e-15 3.02e-15 1.032e-15 0.0 122.15 0.0
S318105 204.0553 50.6973 2.334e-15 1.561e-15 5.165e-16 0.0 117.91 0.0
S318106 204.0572 50.5466 9.152e-22 6.727e-22 2.6689999999999997e-22 0.0 122.34 0.0
S318107 204.0551 50.5462 7.653e-17 6.358e-17 3.067e-17 0.0 122.31 0.0
S318108 204.0538 50.7031 1.777e-15 1.241e-15 4.316e-16 0.0 117.76 0.0
S318109 204.0546 50.704 2.321e-17 1.99e-17 1.092e-17 0.0 117.84 0.0
S318110 204.0568 50.5382 1.678e-17 1.474e-17 8.002e-18 0.0 122.43 0.0
S318111 204.0573 50.5402 4.957e-17 4.14e-17 2.136e-17 0.0 122.4 0.0
S318112 204.0498 50.7025 3.527e-17 2.92e-17 1.481e-17 0.0 117.77 0.0
S318113 204.0502 50.7082 2.079e-15 1.425e-15 4.724e-16 0.0 117.71 0.0
S318114 204.0587 50.5386 2.8e-16 2.061e-16 8.211e-17 0.0 122.47 0.0
S318115 204.0607 50.5395 1.14e-16 9.471e-17 4.841e-17 0.0 122.46 0.0
S318116 204.0467 50.7074 1.404e-15 9.921e-16 3.685e-16 0.0 117.82 0.0
S318117 204.0481 50.7092 3.173e-16 2.52e-16 1.175e-16 0.0 117.72 0.0
S318118 204.0613 50.5357 5.74e-19 6.685e-19 6.561e-19 0.0 122.54 0.0
S318119 204.0615 50.5335 1.507e-13 9.923e-14 3.251e-14 0.0 122.49 0.0
S318120 204.0459 50.7104 1.128e-13 7.5e-14 2.453e-14 0.0 117.61 1.0
S318121 204.0422 50.7132 5.181e-17 3.966e-17 1.705e-17 0.0 117.59 0.0
S318122 204.046 50.7106 4.347e-17 3.705e-17 1.882e-17 0.0 117.65 0.0
S318123 204.045 50.7134 5.597e-13 4.288e-13 1.785e-13 0.0 117.64 1.0
S318124 204.0436 50.7141 1.329e-16 1.064e-16 4.787e-17 0.0 117.6 1.0
S318125 204.067 50.5338 1.907e-16 1.473e-16 6.072e-17 0.0 122.5 1.0
S318126 204.0426 50.7136 3.365e-16 2.556e-16 1.088e-16 0.0 117.63 0.0
S318127 204.0451 50.7165 1.573e-17 2.653e-17 5.617e-17 0.0 117.64 0.0
S318128 204.0409 50.7143 1.272e-18 1.328e-18 1.017e-18 0.0 117.69 0.0
S318129 204.0678 50.5333 1.088e-16 8.745e-17 3.932e-17 0.0 122.49 1.0
S318130 204.0429 50.7131 2.997e-19 4.011e-19 5.031e-19 0.0 117.63 0.0
S318131 204.036 50.7161 6.157e-16 4.364e-16 1.617e-16 0.0 117.62 0.0
S318132 204.0741 50.5287 7.912e-17 6.374e-17 3.081e-17 0.0 122.49 0.0
S318133 204.0365 50.7146 1.598e-15 1.087e-15 3.72e-16 0.0 117.63 0.0
S318134 204.0741 50.5324 3.533e-13 2.474e-13 8.418e-14 0.0 122.49 0.0
S318135 204.0359 50.7149 1.428e-15 1.008e-15 3.467e-16 0.0 117.72 0.0
S318136 204.0737 50.5278 9.442e-18 1.849e-17 5.403e-17 0.0 122.48 0.0
S318137 204.0353 50.7122 2.294e-16 1.763e-16 7.671e-17 0.0 117.68 1.0
S318138 204.0766 50.5289 5.29e-17 4.41e-17 2.168e-17 0.0 122.44 0.0
S318139 204.0304 50.7135 6.705e-18 1.044e-17 1.838e-17 0.0 117.78 0.0
S318140 204.079 50.5295 3.674e-17 3.156e-17 1.679e-17 0.0 122.4 0.0
S318141 204.0784 50.5315 2.055e-15 1.403e-15 4.821e-16 0.0 122.31 0.0
S318142 204.0773 50.5363 3.354e-17 2.859e-17 1.482e-17 0.0 122.36 0.0
S318143 204.0301 50.7116 4.824e-18 9.558e-18 2.942e-17 0.0 117.77 0.0
S318144 204.0252 50.7194 1.017e-16 8.13e-17 3.616e-17 0.0 117.73 1.0
S318145 204.0808 50.5348 1.339e-14 8.704e-15 2.686e-15 0.0 122.29 0.0
S318146 204.0276 50.7132 1.284e-15 8.604e-16 2.881e-16 0.0 117.82 0.0
S318147 204.0825 50.5348 8.254e-16 5.838e-16 2.191e-16 0.0 122.26 0.0
S318148 204.0241 50.7085 2.778e-13 1.861e-13 6.225e-14 0.0 117.89 0.0
S318149 204.0818 50.5413 8.415e-17 2.152e-16 1.076e-15 0.0 122.16 1.0
S318150 204.0866 50.5397 8.698e-16 6.315e-16 2.439e-16 0.0 122.06 0.0
S318151 204.0209 50.7097 1.775e-16 1.364e-16 5.965e-17 0.0 117.98 1.0
S318152 204.0855 50.5461 1.737e-17 1.472e-17 7.689e-18 0.0 122.18 0.0
S318153 204.0889 50.5404 4.163e-13 3.289e-13 1.485e-13 0.0 122.02 1.0
S318154 204.0884 50.5445 6.35e-13 5.463e-13 3.039e-13 0.0 122.05 1.0
S318155 204.0204 50.6972 1.941e-15 1.401e-15 5.22e-16 0.0 118.24 0.0
S318156 204.0163 50.7022 1.494e-18 2.534e-18 5.46e-18 0.0 118.12 0.0
S318157 204.0178 50.7014 1.584e-15 1.102e-15 3.926e-16 0.0 118.14 0.0
S318158 204.0889 50.555 1.237e-16 1.036e-16 5.202e-17 0.0 121.77 0.0
S318159 204.0889 50.5528 9.062e-17 6.97e-17 2.912e-17 0.0 121.75 1.0
S318160 204.0177 50.6932 1.203e-14 7.958e-15 2.541e-15 0.0 118.37 0.0
S318161 204.0931 50.5553 2.796e-21 5.72e-21 1.7930000000000002e-20 0.001 121.68 0.0
S318162 204.0968 50.5553 4.722e-16 3.642e-16 1.553e-16 0.0 121.65 0.0
S318163 204.0935 50.5576 2.33e-17 3.848e-17 7.821e-17 0.0 121.57 0.0
S318164 204.0889 50.5688 4.392e-13 3.084e-13 1.115e-13 0.0 121.48 0.0
S318165 204.0955 50.5678 2.18e-15 1.581e-15 5.909e-16 0.0 121.42 0.0
S318166 204.0125 50.6779 2.487e-17 2.111e-17 1.108e-17 0.0 118.81 0.0
S318167 204.0159 50.6728 1.064e-16 8.432e-17 3.72e-17 0.0 118.87 0.0
S318168 204.0936 50.582 2.948e-15 2.053e-15 7.237e-16 0.0 121.22 0.0
S318169 204.096 50.5777 2.962e-16 2.133e-16 8.199e-17 0.0 121.12 0.0
S318170 204.0976 50.5759 1.707e-17 3.122e-17 7.735e-17 0.0 121.18 0.0
S318171 204.0951 50.5843 2.137e-17 1.916e-17 1.101e-17 0.0 121.01 0.0
S318172 204.0143 50.6596 1.228e-15 8.504e-16 3.02e-16 0.0 119.2 0.0
S318173 204.0127 50.656 1.657e-16 1.307e-16 5.813e-17 0.0 119.32 1.0
S318174 204.0132 50.6514 7.744e-17 6.196e-17 2.799e-17 0.0 119.35 1.0
S318175 204.0108 50.6476 3.476e-16 2.562e-16 1.039e-16 0.0 119.5 0.0
S318176 204.0161 50.6424 2.546e-16 1.978e-16 8.558e-17 0.0 119.54 1.0
S318177 204.0984 50.6027 3.076e-17 7.379e-17 3.223e-16 0.0 120.63 1.0
S318178 204.095 50.6092 1.234e-15 8.715e-16 3.234e-16 0.0 120.44 0.0
S318179 204.0972 50.6103 1.71e-16 1.346e-16 5.876e-17 0.0 120.44 1.0
S318180 204.093 50.6217 2.462e-13 1.644e-13 5.539e-14 0.0 120.17 0.0
S318181 204.0116 50.6256 5.767e-16 4.115e-16 1.492e-16 0.0 120.05 0.0
S318182 204.096 50.6278 3.436e-17 2.946e-17 1.536e-17 0.0 120.01 0.0
S318183 204.0952 50.6322 4.44e-13 3.168e-13 1.163e-13 0.0 119.99 0.0
S318184 204.091 50.6295 1.403e-17 2.29e-17 4.522e-17 0.0 120.07 0.0
S318185 204.0142 50.603 1.268e-15 9.011e-16 3.258e-16 0.0 120.4 0.0
S318186 204.0935 50.6448 9.636e-17 7.585e-17 3.382e-17 0.0 119.73 1.0
S318187 204.0919 50.6492 4.989e-16 3.581e-16 1.332e-16 0.0 119.71 0.0
S318188 204.019 50.5895 3.739e-13 2.613e-13 9.146e-14 0.0 120.79 0.0
S318189 204.018 50.5911 1.43e-13 1.751e-13 1.841e-13 0.0 120.65 0.0
S318190 204.0196 50.5858 1.439e-15 1.027e-15 3.776e-16 0.0 120.81 0.0
S318191 204.0186 50.5707 2.797e-17 2.311e-17 1.126e-17 0.0 121.08 0.0
S318192 204.0892 50.6724 5.312e-18 8.311e-18 1.518e-17 0.0 119.19 0.0
S318193 204.0879 50.6825 6.263e-17 5.209e-17 2.52e-17 0.0 119.03 0.0
S318194 204.0869 50.6823 1.063e-17 2.031e-17 5.596e-17 0.0 118.98 0.0
S318195 204.0265 50.5662 1.154e-16 9.212e-17 4.286e-17 0.0 121.24 0.0
S318196 204.0824 50.6903 9.086e-16 6.816e-16 2.705e-16 0.0 118.82 0.0
S318197 204.0295 50.5541 5.105e-16 3.736e-16 1.454e-16 0.0 121.56 0.0
S318198 204.0803 50.702 1.148e-17 1.071e-17 6.602e-18 0.0 118.6 0.0
S318199 204.0299 50.5403 1.159e-16 8.871e-17 3.875e-17 0.0 121.65 1.0
S318200 204.0772 50.7123 2.563e-13 1.78e-13 6.106e-14 0.0 118.43 0.0
S318201 204.0343 50.5327 2.421e-17 4.341e-17 1.059e-16 0.0 121.84 0.0
S318202 204.0355 50.5237 2.406e-16 1.755e-16 7.045e-17 0.0 121.95 0.0
S318203 204.0698 50.7263 6.035e-16 4.214e-16 1.482e-16 0.0 118.16 0.0
S318204 204.0381 50.5213 6.77e-17 5.689e-17 2.855e-17 0.0 122.1 0.0
S318205 204.0672 50.7285 2.801e-16 2.048e-16 7.906e-17 0.0 118.0 0.0
S318206 204.0417 50.5097 1.241e-16 9.598e-17 4.01e-17 0.0 122.25 1.0
S318207 204.0647 50.7416 3.936e-19 4.503e-19 4.187e-19 0.0 117.84 0.0
S318208 204.0463 50.5095 5.884e-13 4.842e-13 2.321e-13 0.0 122.32 1.0
S318209 204.0484 50.5026 3.844e-17 3.264e-17 1.65e-17 0.0 122.42 0.0
S318210 204.0557 50.7494 2.125e-16 1.55e-16 6.214e-17 0.0 117.72 1.0
S318211 204.0549 50.7509 1.684e-21 1.169e-21 4.009e-22 0.0 117.7 0.0
S318212 204.0502 50.7535 5.433e-15 3.685e-15 1.246e-15 0.0 117.6 0.0
S318213 204.0598 50.4881 2.325e-19 3.026e-19 3.812e-19 0.0 122.54 0.0
S318214 204.0466 50.7613 5.151e-17 4.224e-17 1.99e-17 0.0 117.57 0.0
S318215 204.0653 50.493 6.763e-16 5.104e-16 2.081e-16 0.0 122.61 0.0
S318216 204.0675 50.4845 4.562e-17 3.643e-17 1.738e-17 0.0 122.6 0.0
S318217 204.0375 50.765 1.582e-16 1.246e-16 5.5e-17 0.0 117.48 1.0
S318218 204.0375 50.7618 1.019e-15 7.593e-16 2.985e-16 0.001 117.55 0.0
S318219 204.0302 50.7641 1.66e-17 2.713e-17 5.361e-17 0.001 117.53 0.0
S318220 204.0794 50.4791 1.013e-17 1.834e-17 4.679e-17 0.0 122.66 0.0
S318221 204.0273 50.7668 1.308e-16 1.018e-16 4.239e-17 0.0 117.55 1.0
S318222 204.0805 50.4859 7.715e-19 8.58e-19 7.667e-19 0.0 122.61 0.0
S318223 204.09 50.4807 7.221e-17 5.662e-17 2.613e-17 0.0 122.5 0.0
S318224 204.0234 50.7583 2.56e-17 5.014e-17 1.481e-16 0.0 117.6 0.0
S318225 204.0886 50.4924 6.324e-16 4.636e-16 1.74e-16 0.0 122.6 0.0
S318226 204.0195 50.755 3.945e-16 2.833e-16 1.019e-16 0.0 117.64 0.0
S318227 204.013 50.756 1.11e-18 1.225e-18 1.101e-18 0.0 117.72 0.0
S318228 204.0998 50.497 2.987e-16 2.206e-16 8.794e-17 0.0 122.28 0.0
S318229 204.0969 50.5012 1.433e-17 1.337e-17 8.143e-18 0.0 122.22 0.0
S318230 204.0063 50.7436 4.117e-17 3.504e-17 1.761e-17 0.0 117.93 0.0
S318231 204.1034 50.5089 2.499e-17 2.17e-17 1.125e-17 0.0 122.08 0.0
S318232 204.0075 50.7278 5.373e-16 3.938e-16 1.512e-16 0.0 118.15 0.0
S318233 204.1052 50.5228 4.561e-16 3.348e-16 1.314e-16 0.0 121.91 0.0
S318234 204.1139 50.5171 5.531e-16 4.025e-16 1.563e-16 0.0 121.78 0.0
S318235 204.0598 50.6838 3.28e-17 5.42e-17 1.1e-16 0.0 118.17 0.0
S318236 204.0446 50.5544 1.247e-19 1.572e-19 1.827e-19 0.0 122.05 0.0
S318237 204.0522 50.5577 1.629e-16 1.247e-16 5.452e-17 0.0 122.2 1.0
S318238 204.064 50.6859 1.609e-17 3.229e-17 1.008e-16 0.0 118.11 0.0
S318239 204.0594 50.6898 5.473e-17 4.333e-17 1.887e-17 0.0 118.05 0.0
S318240 204.0564 50.6847 1.118e-23 3.2449999999999997e-23 2.131e-22 0.0 118.09 0.0
S318241 204.0554 50.6866 3.03e-17 2.485e-17 1.199e-17 0.0 118.01 0.0
S318242 204.0556 50.6852 2.279e-17 1.944e-17 1.059e-17 0.0 118.07 0.0
S318243 204.0486 50.552 1.764e-16 1.364e-16 5.666e-17 0.0 122.21 1.0
S318244 204.0589 50.6954 3.993e-18 4.002e-18 2.968e-18 0.0 118.0 0.0
S318245 204.0521 50.5503 1.729e-17 1.562e-17 9.531e-18 0.0 122.17 0.0
S318246 204.0577 50.6988 3.023e-18 5.672e-18 1.446e-17 0.0 117.94 0.0
S318247 204.0532 50.5549 1.835e-17 3.106e-17 6.481e-17 0.0 122.2 0.0
S318248 204.0507 50.5577 1.2859999999999998e-22 3.3059999999999995e-22 1.717e-21 0.0 122.19 0.0
S318249 204.0525 50.5508 6.609999999999999e-22 1.442e-21 5.1780000000000005e-21 0.0 122.31 0.0
S318250 204.0558 50.5475 2.203e-18 2.305e-18 1.874e-18 0.0 122.2 0.0
S318251 204.059 50.69 1.251e-19 1.555e-19 1.814e-19 0.0 118.02 0.0
S318252 204.0542 50.6926 1.368e-21 2.776e-21 9.114e-21 0.0 117.91 0.0
S318253 204.0561 50.6964 1.037e-19 1.405e-19 1.863e-19 0.0 117.83 0.0
S318254 204.0535 50.5522 1.636e-17 1.567e-17 1.064e-17 0.0 122.3 0.0
S318255 204.0495 50.5512 4.654e-17 3.78e-17 1.767e-17 0.0 122.26 0.0
S318256 204.0549 50.7062 2.437e-19 3.13e-19 3.771e-19 0.0 117.76 0.0
S318257 204.0541 50.5498 9.746e-18 9.036e-18 5.692e-18 0.0 122.32 0.0
S318258 204.0545 50.5501 2.311e-16 1.741e-16 6.826e-17 0.0 122.34 0.0
S318259 204.0544 50.6971 2.451e-17 2.113e-17 1.094e-17 0.0 117.9 0.0
S318260 204.0519 50.5461 6.964e-17 5.553e-17 2.518e-17 0.0 122.33 0.0
S318261 204.0604 50.5498 1.246e-19 1.718e-19 2.319e-19 0.0 122.37 0.0
S318262 204.0565 50.5476 9.924e-23 2.547e-22 1.3420000000000001e-21 0.0 122.31 0.0
S318263 204.0506 50.7017 4.853e-17 4.143e-17 2.106e-17 0.0 117.75 0.0
S318264 204.0497 50.7025 7.414e-17 5.864e-17 2.654e-17 0.0 117.8 0.0
S318265 204.0606 50.5449 7.98e-13 6.086e-13 2.521e-13 0.0 122.37 1.0
S318266 204.0502 50.7089 5.64e-15 3.751e-15 1.182e-15 0.0 117.73 0.0
S318267 204.0503 50.6996 1.362e-19 1.744e-19 2.033e-19 0.0 117.73 0.0
S318268 204.0583 50.5445 2.436e-16 1.812e-16 7.006e-17 0.0 122.39 0.0
S318269 204.0623 50.544 3.657e-20 5.763e-20 1.056e-19 0.0 122.34 0.0
S318270 204.0593 50.5461 2.828e-16 2.037e-16 7.39e-17 0.0 122.42 0.0
S318271 204.0422 50.7055 6.092e-19 6.578e-19 5.666e-19 0.0 117.64 0.0
S318272 204.0636 50.539 4.844e-16 3.622e-16 1.471e-16 0.0 122.51 0.0
S318273 204.0485 50.7038 4.066e-19 5.164e-19 6.085e-19 0.0 117.76 0.0
S318274 204.0496 50.7065 7.837e-19 8.683e-19 7.897e-19 0.0 117.71 0.0
S318275 204.0468 50.6998 7.417e-18 1.029e-17 1.47e-17 0.0 117.67 0.0
S318276 204.0638 50.5467 4.423e-17 3.732e-17 1.906e-17 0.0 122.46 0.0
S318277 204.0422 50.7143 1.643e-18 1.841e-18 1.661e-18 0.0 117.64 0.0
S318278 204.0432 50.7149 2.692e-17 2.249e-17 1.147e-17 0.0 117.63 0.0
S318279 204.045 50.7126 4.92e-23 1.473e-22 1.022e-21 0.0 117.73 0.0
S318280 204.0467 50.699 8.461e-18 7.484e-18 4.177e-18 0.0 117.69 0.0
S318281 204.0678 50.5379 1.6660000000000001e-21 1.151e-21 3.9629999999999997e-22 0.0 122.5 0.0
S318282 204.0481 50.711 1.203e-16 9.115e-17 3.849e-17 0.0 117.68 1.0
S318283 204.0686 50.533 1.776e-17 1.569e-17 8.998e-18 0.0 122.51 0.0
S318284 204.068 50.536 3.913e-16 2.754e-16 9.966e-17 0.0 122.49 0.0
S318285 204.0688 50.5453 4.29e-16 3.079e-16 1.201e-16 0.0 122.47 0.0
S318286 204.0689 50.5404 1.976e-19 2.729e-19 3.797e-19 0.0 122.44 0.0
S318287 204.0425 50.7047 5.613e-17 1.045e-16 2.724e-16 0.0 117.64 0.0
S318288 204.0686 50.5368 1.28e-17 1.147e-17 6.721e-18 0.0 122.46 0.0
S318289 204.0682 50.5361 2.1540000000000003e-20 3.4690000000000003e-20 6.638e-20 0.0 122.57 0.0
S318290 204.0733 50.535 2.395e-16 1.899e-16 8.411e-17 0.0 122.42 1.0
S318291 204.0442 50.7083 1.1e-16 8.52e-17 3.674e-17 0.0 117.73 1.0
S318292 204.0712 50.5352 5.039e-18 4.797e-18 3.146e-18 0.0 122.52 0.0
S318293 204.068 50.543 2.673e-17 2.222e-17 1.134e-17 0.0 122.47 0.0
S318294 204.0349 50.7116 3.455e-17 5.758e-17 1.135e-16 0.0 117.67 0.0
S318295 204.037 50.7125 1.58e-17 1.402e-17 7.735e-18 0.0 117.73 0.0
S318296 204.0315 50.7186 1.316e-17 1.201e-17 7.233e-18 0.0 117.58 0.0
S318297 204.032 50.7166 1.79e-17 3.005e-17 6.353e-17 0.0 117.59 0.0
S318298 204.0721 50.5319 1.663e-18 1.72e-18 1.347e-18 0.0 122.47 0.0
S318299 204.0379 50.7085 1.722e-17 1.507e-17 8.589e-18 0.0 117.74 0.0
S318300 204.0376 50.7121 7.069e-23 1.7489999999999997e-22 8.228999999999999e-22 0.0 117.67 0.0
S318301 204.032 50.7116 4.793e-17 3.895e-17 1.839e-17 0.0 117.72 0.0
S318302 204.0813 50.5316 7.818e-19 9.368e-19 9.978e-19 0.0 122.37 0.0
S318303 204.0717 50.536 6.114e-23 1.6199999999999998e-22 8.85e-22 0.0 122.44 0.0
S318304 204.0792 50.5343 2.0519999999999999e-22 5.042999999999999e-22 2.404e-21 0.0 122.36 0.0
S318305 204.076 50.5337 1.745e-22 4.283999999999999e-22 1.983e-21 0.001 122.42 0.0
S318306 204.0732 50.5455 1.759e-21 1.205e-21 4.1389999999999996e-22 0.0 122.3 0.0
S318307 204.076 50.5472 6.387e-17 5.348e-17 2.723e-17 0.0 122.3 0.0
S318308 204.0261 50.7142 1.634e-16 1.256e-16 5.32e-17 0.0 117.86 1.0
S318309 204.0316 50.7125 9.521e-24 2.736e-23 1.7619999999999998e-22 0.0 117.73 0.0
S318310 204.0808 50.5415 4.478e-20 6.653000000000001e-20 1.046e-19 0.0 122.34 0.0
S318311 204.0324 50.7025 1.383e-18 1.456e-18 1.192e-18 0.0 117.89 0.0
S318312 204.0289 50.709 1.199e-15 8.641e-16 3.154e-16 0.0 117.89 0.0
S318313 204.076 50.5492 2.233e-17 1.926e-17 1.008e-17 0.0 122.24 0.0
S318314 204.0204 50.7201 1.592e-17 1.407e-17 7.646e-18 0.0 117.92 0.0
S318315 204.0845 50.5398 1.8e-21 1.2290000000000001e-21 4.231e-22 0.0 122.22 0.0
S318316 204.0227 50.7099 2.071e-19 2.807e-19 3.717e-19 0.0 118.0 0.0
S318317 204.0881 50.5449 3.91e-18 3.857e-18 2.614e-18 0.0 122.19 0.0
S318318 204.0848 50.5463 1.223e-18 1.28e-18 1.007e-18 0.0 122.0 0.0
S318319 204.0204 50.7026 6.288e-19 7.316e-19 7.248e-19 0.0 118.01 0.0
S318320 204.0233 50.7059 7.566e-16 5.377e-16 1.97e-16 0.0 118.07 0.0
S318321 204.0833 50.5441 7.478e-16 5.35e-16 2.006e-16 0.0 122.06 0.0
S318322 204.0239 50.6971 1.373e-18 1.471e-18 1.233e-18 0.0 118.15 0.0
S318323 204.0221 50.7037 5.622000000000001e-20 8.084000000000001e-20 1.237e-19 0.0 118.17 0.0
S318324 204.0224 50.694 9.296e-18 1.678e-17 3.898e-17 0.0 118.25 0.0
S318325 204.0861 50.55 4.6480000000000005e-20 7.342e-20 1.387e-19 0.0 121.88 0.0
S318326 204.0186 50.7002 2.052e-18 2.268e-18 1.934e-18 0.0 118.24 0.0
S318327 204.0893 50.5557 9.321e-13 7.464e-13 3.403e-13 0.0 121.89 1.0
S318328 204.0241 50.6913 2.587e-17 2.262e-17 1.267e-17 0.0 118.28 0.0
S318329 204.0177 50.6962 1.433e-16 1.134e-16 5.024e-17 0.0 118.37 1.0
S318330 204.0947 50.5498 4.2820000000000005e-20 6.274000000000001e-20 1.034e-19 0.0 121.87 0.0
S318331 204.0216 50.6827 4.118e-23 9.808e-23 4.293e-22 0.0 118.43 0.0
S318332 204.094 50.5538 2.721e-21 5.369e-21 1.519e-20 0.0 121.71 0.0
S318333 204.0237 50.6777 1.597e-26 9.336e-26 2.757e-24 0.001 118.56 0.0
S318334 204.0227 50.6797 3.797e-16 2.814e-16 1.129e-16 0.0 118.53 0.0
S318335 204.0901 50.5616 1.128e-17 1.052e-17 6.623e-18 0.001 121.56 0.0
S318336 204.0965 50.5626 7.44e-17 5.476e-17 2.152e-17 0.0 121.53 0.0
S318337 204.0141 50.6751 4.334e-24 1.477e-23 1.3189999999999998e-22 0.0 118.78 0.0
S318338 204.0929 50.5677 1.296e-17 1.135e-17 6.426e-18 0.0 121.47 0.0
S318339 204.0136 50.6815 1.794e-16 1.372e-16 5.963e-17 0.0 118.71 1.0
S318340 204.0169 50.6731 1.934e-17 1.648e-17 8.61e-18 0.001 118.84 0.0
S318341 204.0937 50.5663 4.961e-17 4.123e-17 2.013e-17 0.0 121.38 0.0
S318342 204.0858 50.5816 2.526e-17 5.534e-17 2.081e-16 0.0 121.17 1.0
S318343 204.0933 50.5813 1.456e-21 1.0120000000000001e-21 3.6619999999999995e-22 0.0 121.18 0.0
S318344 204.0947 50.5828 1.521e-17 1.337e-17 7.364e-18 0.0 121.14 0.0
S318345 204.0973 50.5726 3.2010000000000002e-21 6.2350000000000004e-21 1.7920000000000003e-20 0.0 121.27 0.0
S318346 204.0969 50.5778 7.592e-18 6.947e-18 4.186e-18 0.0 121.12 0.0
S318347 204.017 50.6633 6.616e-13 4.979e-13 2.001e-13 0.001 119.03 0.0
S318348 204.0946 50.5856 1.081e-17 1.014e-17 6.568e-18 0.0 121.03 0.0
S318349 204.0963 50.5903 2.738e-13 1.917e-13 6.587e-14 0.0 120.91 0.0
S318350 204.0082 50.6575 3.761e-18 3.456e-18 2.168e-18 0.0 119.25 0.0
S318351 204.0111 50.6545 6.573e-18 1.281e-17 3.594e-17 0.0 119.41 0.0
S318352 204.092 50.6032 1.994e-17 1.699e-17 8.981e-18 0.0 120.58 0.0
S318353 204.018 50.6418 1.35e-21 2.798e-21 9.091e-21 0.0 119.57 0.0
S318354 204.0902 50.6087 1.349e-17 1.233e-17 7.539e-18 0.0 120.55 0.0
S318355 204.0119 50.6528 6.461e-17 5.151e-17 2.437e-17 0.0 119.35 0.0
S318356 204.0934 50.6052 2.73e-23 8.182999999999999e-23 5.894e-22 0.0 120.55 0.0
S318357 204.0946 50.6136 1.278e-17 1.214e-17 7.831e-18 0.0 120.36 0.0
S318358 204.0139 50.6327 9.389e-18 8.94e-18 5.797e-18 0.0 119.78 0.0
S318359 204.0952 50.6113 1.309e-15 9.147e-16 3.21e-16 0.0 120.43 0.0
S318360 204.0074 50.6283 9.321e-18 9.083e-18 6.076e-18 0.0 119.87 0.0
S318361 204.0161 50.6359 9.037999999999999e-23 2.1929999999999996e-22 9.917e-22 0.0 119.69 0.0
S318362 204.093 50.6218 6.723000000000001e-20 9.130000000000001e-20 1.267e-19 0.0 120.14 0.0
S318363 204.017 50.6155 4.055e-19 4.639e-19 4.476e-19 0.0 120.16 0.0
S318364 204.0936 50.6257 4.797e-17 4.003e-17 1.984e-17 0.0 120.03 0.0
S318365 204.093 50.6391 2.863e-16 2.156e-16 8.714e-17 0.0 119.84 0.0
S318366 204.0914 50.6344 7.99e-13 6.118e-13 2.538e-13 0.0 119.88 1.0
S318367 204.0913 50.6407 6.614e-19 7.862e-19 8.385e-19 0.0 119.76 0.0
S318368 204.0967 50.6481 5.644e-17 4.652e-17 2.203e-17 0.0 119.65 0.0
S318369 204.0175 50.6019 1.652e-16 5.065e-16 3.784e-15 0.0 120.47 1.0
S318370 204.0206 50.5983 1.141e-18 1.178e-18 9.4e-19 0.0 120.54 0.0
S318371 204.0921 50.6496 5.1e-20 7.425000000000001e-20 1.193e-19 0.0 119.55 0.0
S318372 204.0893 50.6655 2.16e-24 7.905e-24 8.254e-23 0.0 119.2 0.0
S318373 204.0917 50.6528 3.164e-17 5.868e-17 1.457e-16 0.0 119.5 0.0
S318374 204.0839 50.6636 7.732e-21 1.2900000000000001e-20 2.7360000000000004e-20 0.0 119.26 0.0
S318375 204.0869 50.6782 3.33e-18 3.407e-18 2.662e-18 0.0 118.97 0.0
S318376 204.0243 50.5824 4.57e-22 9.686e-22 3.257e-21 0.0 120.92 0.0
S318377 204.0209 50.5627 3.204e-16 2.309e-16 9.024e-17 0.0 121.24 0.0
S318378 204.0859 50.6728 7.236e-18 7.137e-18 5.1e-18 0.0 119.02 0.0
S318379 204.0839 50.6807 3.026e-18 5.938e-18 1.733e-17 0.0 118.96 0.0
S318380 204.0223 50.5527 2.752e-18 2.957e-18 2.398e-18 0.0 121.41 0.0
S318381 204.0887 50.6927 1.063e-16 8.751e-17 4.296e-17 0.0 118.8 0.0
S318382 204.0271 50.551 1.263e-17 1.965e-17 3.686e-17 0.0 121.46 0.0
S318383 204.0295 50.5504 1.23e-20 2.046e-20 4.1770000000000006e-20 0.0 121.4 0.0
S318384 204.0812 50.6961 7.18e-20 9.970000000000001e-20 1.397e-19 0.0 118.66 0.0
S318385 204.0261 50.5374 1.781e-16 1.396e-16 5.965e-17 0.0 121.6 1.0
S318386 204.0319 50.5382 5.655e-13 4.067e-13 1.548e-13 0.0 121.71 0.0
S318387 204.0288 50.5207 1.5340000000000002e-20 2.5310000000000002e-20 5.2340000000000005e-20 0.0 121.84 0.0
S318388 204.0383 50.5446 1.6860000000000002e-20 2.7370000000000003e-20 5.251e-20 0.0 121.72 0.0
S318389 204.0334 50.5475 2.86e-18 2.896e-18 2.174e-18 0.0 121.82 0.0
S318390 204.0367 50.5276 2.089e-16 1.561e-16 6.186e-17 0.001 121.91 0.0
S318391 204.0711 50.7241 3.004e-16 2.192e-16 8.283e-17 0.0 118.25 0.0
S318392 204.0396 50.5218 5.938e-18 1.131e-17 3.253e-17 0.0 121.97 0.0
S318393 204.0396 50.5321 9.689e-18 1.692e-17 3.752e-17 0.0 122.06 0.0
S318394 204.0365 50.5216 1.156e-16 9.017e-17 3.836e-17 0.0 122.04 1.0
S318395 204.0448 50.5154 8.415e-17 7.023e-17 3.442e-17 0.0 122.15 0.0
S318396 204.0468 50.5175 1.054e-19 1.428e-19 1.925e-19 0.0 122.25 0.0
S318397 204.0606 50.7294 2.333e-18 2.509e-18 2.042e-18 0.0 117.85 0.0
S318398 204.051 50.5207 3.337e-17 7.585e-17 2.948e-16 0.0 122.3 1.0
S318399 204.0584 50.7394 1.194e-19 1.556e-19 1.981e-19 0.0 117.76 0.0
S318400 204.0543 50.5167 8.414e-21 1.4130000000000002e-20 2.99e-20 0.0 122.4 0.0
S318401 204.054 50.7364 1.582e-16 1.206e-16 4.977e-17 0.0 117.69 1.0
S318402 204.0488 50.7343 5.6979999999999995e-22 1.245e-21 4.326e-21 0.0 117.71 0.0
S318403 204.0503 50.7421 6.343e-17 5.417e-17 2.768e-17 0.0 117.66 0.0
S318404 204.0521 50.7559 3.282e-23 8.159e-23 3.912e-22 0.0 117.67 0.0
S318405 204.052 50.7484 5.966999999999999e-23 1.4939999999999998e-22 7.519999999999999e-22 0.0 117.69 0.0
S318406 204.061 50.4877 2.285e-17 2.006e-17 1.069e-17 0.0 122.58 0.0
S318407 204.0527 50.7596 7.363e-14 4.831e-14 1.476e-14 0.0 117.47 0.0
S318408 204.0689 50.4836 2.277e-16 1.75e-16 7.53e-17 0.0 122.64 1.0
S318409 204.0644 50.4833 1.229e-17 1.155e-17 7.143e-18 0.0 122.57 0.0
S318410 204.038 50.7691 6.344e-18 6.18e-18 4.276e-18 0.0 117.54 0.0
S318411 204.0672 50.4927 1.925e-17 1.725e-17 9.848e-18 0.0 122.67 0.0
S318412 204.0718 50.4902 3.31e-17 2.778e-17 1.395e-17 0.0 122.58 0.0
S318413 204.0754 50.5006 4.644e-24 1.347e-23 8.965999999999999e-23 0.0 122.59 0.0
S318414 204.0736 50.4906 9.562000000000001e-20 1.347e-19 1.983e-19 0.0 122.57 0.0
S318415 204.035 50.7592 3.7959999999999995e-22 8.541999999999999e-22 3.233e-21 0.0 117.48 0.0
S318416 204.0803 50.4747 1.298e-18 1.428e-18 1.286e-18 0.0 122.67 0.0
S318417 204.0296 50.7577 2.9809999999999996e-22 7.011999999999999e-22 2.9450000000000002e-21 0.0 117.54 0.0
S318418 204.0887 50.4925 1.168e-17 1.121e-17 7.049e-18 0.0 122.53 0.0
S318419 204.0836 50.4818 5.877e-17 5.047e-17 2.747e-17 0.0 122.64 0.0
S318420 204.083 50.4906 1.107e-17 1.019e-17 6.155e-18 0.0 122.53 0.0
S318421 204.0192 50.7578 7.715e-18 7.041e-18 4.253e-18 0.0 117.7 0.0
S318422 204.096 50.4827 7.267e-14 4.801e-14 1.546e-14 0.001 122.45 0.0
S318423 204.0179 50.7482 1.029e-19 1.372e-19 1.793e-19 0.0 117.79 0.0
S318424 204.0893 50.4901 1.063e-18 1.169e-18 1.015e-18 0.0 122.55 0.0
S318425 204.0193 50.7423 2.908e-19 3.55e-19 3.837e-19 0.0 117.71 0.0
S318426 204.1 50.4884 1.415e-15 9.621e-16 3.343e-16 0.0 122.36 0.0
S318427 204.1022 50.5059 1.511e-21 1.039e-21 3.6839999999999995e-22 0.0 122.19 0.0
S318428 204.0976 50.5162 4.347e-16 3.072e-16 1.098e-16 0.0 122.21 0.0
S318429 204.0018 50.7564 6.263e-22 1.451e-21 5.81e-21 0.0 118.1 0.0
S318430 204.0062 50.7376 2.111e-17 1.967e-17 1.201e-17 0.0 118.07 0.0
S318431 204.005 50.7311 1.283e-18 1.441e-18 1.268e-18 0.0 118.21 0.0
S318432 204.0991 50.5206 2.851e-16 2.151e-16 8.916e-17 0.0 122.01 1.0
S318433 204.1059 50.5211 8.693999999999999e-23 1.9889999999999999e-22 8.314e-22 0.0 121.86 0.0
S318434 204.0023 50.7134 7.914e-16 5.855e-16 2.319e-16 0.0 118.38 0.0
S318435 204.1031 50.5343 1.467e-21 3.003e-21 9.629000000000001e-21 0.0 121.76 0.0
S318436 204.1073 50.5352 4.1039999999999997e-22 9.279999999999999e-22 3.559e-21 0.0 121.66 0.0
S318437 204.0034 50.694 3.291e-17 7.388e-17 2.813e-16 0.0 118.65 1.0
S318438 204.1032 50.5546 1.028e-17 1.891e-17 4.845e-17 0.0 121.43 0.0
S318439 204.1061 50.5635 3.452e-18 3.548e-18 2.721e-18 0.0 121.27 0.0
