Name Equatorial Polar BlueF GreenF RedF Parallax RadialVelocity Variable?
S391351 204.8136 102.8744 2.6870000000000002e-20 4.037e-20 6.734e-20 0.0 158.59 0.0
S391352 204.8015 102.8749 3.757e-19 4.442e-19 4.579e-19 0.0 158.13 0.0
S391353 204.8013 102.8731 3.328e-24 1.234e-23 1.3899999999999998e-22 0.0 158.87 0.0
S391354 204.7958 102.865 3.172e-19 4.105e-19 4.866e-19 0.0 158.53 0.0
S391355 204.8 102.8894 5.823999999999999e-22 1.3450000000000001e-21 5.608e-21 0.0 156.36 0.0
S391356 204.7953 102.8596 2.438e-18 2.514e-18 1.877e-18 0.0 159.35 0.0
S391357 204.7978 102.8622 1.338e-17 1.225e-17 7.258e-18 0.0 158.3 0.0
S391358 204.8122 102.8784 6.029e-18 6.036e-18 4.216e-18 0.0 156.45 0.0
S391359 204.8298 102.8724 7.57e-21 1.3410000000000002e-20 3.1930000000000003e-20 0.0 157.64 0.0
S391360 204.8054 102.8779 1.922e-20 3.056e-20 5.672e-20 0.0 160.3 0.0
S391361 204.7865 102.8655 6.964e-18 1.291e-17 3.374e-17 0.0 158.03 0.0
S391362 204.7998 102.8643 1.012e-17 1.647e-17 3.305e-17 0.0 158.48 0.0
S391363 204.8075 102.8428 2.528e-21 4.3810000000000004e-21 9.819000000000001e-21 0.0 156.97 0.0
S391364 204.8214 102.8615 2.166e-18 2.295e-18 1.839e-18 0.0 158.25 0.0
S391365 204.8113 102.8656 2.117e-23 5.819999999999999e-23 3.385e-22 0.0 159.93 0.0
S391366 204.8188 102.8688 6.438e-18 1.026e-17 1.975e-17 0.0 157.18 0.0
S391367 204.7909 102.8625 7.516e-18 1.258e-17 2.692e-17 0.0 158.57 0.0
S391368 204.8029 102.878 4.078e-18 4.194e-18 3.218e-18 0.0 158.85 0.0
S391369 204.811 102.8672 1.753e-17 1.603e-17 9.643e-18 0.0 156.59 0.0
S391370 204.8026 102.8771 9.972e-21 1.743e-20 4.0260000000000005e-20 0.0 157.51 0.0
S391371 204.8065 102.8702 1.817e-21 3.398e-21 8.801e-21 0.0 160.35 0.0
S391372 204.794 102.8604 1.4510000000000002e-20 2.2800000000000002e-20 3.981e-20 0.0 157.68 0.0
S391373 204.8057 102.8694 1.4280000000000001e-21 1.0090000000000001e-21 3.5349999999999994e-22 0.0 157.52 0.0
S391374 204.7893 102.8621 1.108e-21 2.2500000000000002e-21 7.395000000000001e-21 0.0 160.03 0.0
S391375 204.7956 102.8811 5.234e-17 4.206e-17 1.955e-17 0.0 156.91 0.0
S391376 204.7993 102.8851 6.903e-22 1.512e-21 5.616e-21 0.0 159.1 0.0
S391377 204.8197 102.8359 3.695e-19 4.45e-19 4.669e-19 0.0 157.67 0.0
S391378 204.8013 102.8581 5.512e-25 2.245e-24 3.049e-23 0.001 159.15 0.0
S391379 204.7901 102.8523 6.205e-22 1.365e-21 5.238e-21 0.0 160.85 0.0
S391380 204.807 102.8695 2.838e-19 3.322e-19 3.352e-19 0.0 157.39 0.0
S391381 204.7859 102.8572 7.045e-18 6.741e-18 4.43e-18 0.0 158.91 0.0
S391382 204.7917 102.8671 8.171999999999999e-22 1.788e-21 6.795e-21 0.0 160.86 0.0
S391383 204.7992 102.8592 3.6289999999999998e-22 7.592999999999999e-22 2.557e-21 0.0 158.39 0.0
S391384 204.791 102.8822 6.033000000000001e-20 8.357e-20 1.224e-19 0.0 156.26 0.0
S391385 204.7979 102.8799 2.269e-19 2.814e-19 3.279e-19 0.0 160.49 0.0
S391386 204.7869 102.8659 6.717e-18 6.381e-18 4.193e-18 0.0 160.62 0.0
S391387 204.8172 102.8746 9.16e-18 8.366e-18 4.994e-18 0.0 158.73 0.0
S391388 204.8008 102.8802 1.6449999999999998e-23 4.832e-23 3.333e-22 0.0 159.44 0.0
S391389 204.8163 102.8565 5.2330000000000006e-20 7.266000000000001e-20 1.079e-19 0.0 159.91 0.0
S391390 204.8153 102.8718 5.066e-18 4.901e-18 3.335e-18 0.0 160.57 0.0
S391391 204.8155 102.8675 4.464e-20 6.264e-20 9.437000000000001e-20 0.0 160.16 0.0
S391392 204.7966 102.856 3.803e-19 4.655e-19 5.063e-19 0.0 158.72 0.0
S391393 204.8097 102.84 1.1710000000000001e-20 1.956e-20 3.961e-20 0.0 160.89 0.0
S391394 204.811 102.8603 5.224e-21 9.458e-21 2.301e-20 0.0 160.37 0.0
S391395 204.8038 102.8466 1.4639999999999998e-22 3.3369999999999996e-22 1.36e-21 0.0 156.5 0.0
S391396 204.793 102.8608 2.8559999999999997e-22 2.5659999999999997e-22 1.4539999999999999e-22 0.0 159.65 0.0
S391397 204.8063 102.8777 3.89e-23 1.03e-22 5.582e-22 0.0 158.28 0.0
S391398 204.8037 102.8728 1.634e-25 7.2970000000000005e-25 1.1799999999999999e-23 0.0 160.52 0.0
S391399 204.8074 102.8572 2.551e-21 1.665e-21 5.175999999999999e-22 0.0 160.26 0.0
S391400 204.7867 102.8599 2.2e-19 2.774e-19 3.281e-19 0.0 156.69 0.0
S391401 204.7972 102.8677 9.513e-18 1.549e-17 3.07e-17 0.0 156.92 0.0
S391402 204.8224 102.8618 1.89e-17 1.646e-17 9.037e-18 0.001 156.82 0.0
S391403 204.8138 102.8814 1.524e-21 1.074e-21 3.787e-22 0.0 158.47 0.0
S391404 204.7832 102.876 5.394999999999999e-22 1.2380000000000001e-21 4.922e-21 0.0 156.48 0.0
S391405 204.8255 102.8585 6.612e-19 7.746e-19 7.957e-19 0.0 160.92 0.0
S391406 204.8143 102.8779 1.373e-18 1.473e-18 1.236e-18 0.0 157.22 0.0
S391407 204.8045 102.8743 6.245999999999999e-22 1.267e-21 3.89e-21 0.0 156.95 0.0
S391408 204.8033 102.8727 2.218e-21 1.471e-21 4.609999999999999e-22 0.0 156.64 0.0
S391409 204.8142 102.8778 7.685e-19 8.489e-19 7.646e-19 0.0 158.03 0.0
S391410 204.7909 102.8643 4.897e-19 5.99e-19 6.324e-19 0.0 157.95 0.0
S391411 204.8051 102.8513 2.34e-18 2.4e-18 1.818e-18 0.0 158.49 0.0
S391412 204.827 102.8613 2.854e-18 2.688e-18 1.777e-18 0.0 158.06 0.0
S391413 204.7988 102.8756 5.251e-19 6.156e-19 6.174e-19 0.0 157.17 0.0
S391414 204.81 102.8598 1.871e-22 4.0109999999999995e-22 1.435e-21 0.0 157.67 0.0
S391415 204.7966 102.8836 2.561e-18 2.672e-18 2.143e-18 0.0 159.14 0.0
S391416 204.8114 102.8458 5.1580000000000005e-20 7.760000000000001e-20 1.314e-19 0.0 157.27 0.0
S391417 204.7885 102.8776 2.02e-23 5.994e-23 4.105e-22 0.0 160.03 0.0
S391418 204.826 102.863 1.421e-18 1.523e-18 1.317e-18 0.0 159.85 0.0
S391419 204.7901 102.854 2.195e-17 3.043e-17 4.19e-17 0.0 160.72 0.0
S391420 204.7955 102.8599 2.481e-17 4.85e-17 1.403e-16 0.0 156.44 0.0
S391421 204.8282 102.8491 1.669e-19 2.261e-19 3.072e-19 0.0 157.6 0.0
S391422 204.8134 102.8796 1.86e-21 1.26e-21 4.224e-22 0.0 159.74 0.0
S391423 204.8129 102.8799 3.7650000000000004e-20 5.3950000000000004e-20 8.120000000000001e-20 0.0 156.98 0.0
S391424 204.8028 102.8728 5.221e-18 4.932e-18 3.083e-18 0.0 160.48 0.0
S391425 204.8108 102.8618 8.581e-23 2.376e-22 1.398e-21 0.0 157.0 0.0
S391426 204.7965 102.8572 4.305e-22 8.977999999999998e-22 3.015e-21 0.0 159.18 0.0
S391427 204.7948 102.8719 2.235e-17 4.949e-17 1.838e-16 0.0 158.29 0.0
S391428 204.8021 102.8801 4.254e-18 4.453e-18 3.468e-18 0.0 156.89 0.0
S391429 204.8131 102.8746 1.622e-20 2.7040000000000002e-20 5.606e-20 0.0 160.54 0.0
S391430 204.8024 102.8551 2.063e-21 3.8580000000000004e-21 1.068e-20 0.0 157.29 0.0
S391431 204.7994 102.8744 2.684e-17 4.003e-17 6.441e-17 0.0 159.77 0.0
S391432 204.8122 102.861 1.478e-18 1.575e-18 1.307e-18 0.0 160.21 0.0
S391433 204.7821 102.8891 6.935e-22 1.485e-21 5.188e-21 0.0 160.91 0.0
S391434 204.7899 102.8833 2.465e-22 5.556999999999999e-22 2.182e-21 0.0 158.83 0.0
S391435 204.8077 102.8581 1.255e-21 8.901e-22 3.266e-22 0.0 159.78 0.0
S391436 204.8156 102.8727 7.195e-13 5.374e-13 2.169e-13 0.0 159.04 0.0
S391437 204.7969 102.8543 6.374999999999999e-22 1.417e-21 5.378e-21 0.0 159.28 0.0
S391438 204.8216 102.8482 1.3400000000000001e-20 2.1380000000000002e-20 4.1440000000000005e-20 0.0 156.77 0.0
S391439 204.8057 102.8672 1.251e-21 2.367e-21 6.249e-21 0.0 160.26 0.0
S391440 204.7968 102.8497 1.211e-18 1.235e-18 9.389e-19 0.0 157.88 0.0
S391441 204.8259 102.8626 1.362e-18 1.465e-18 1.245e-18 0.0 160.89 0.0
S391442 204.8144 102.8805 2.36e-17 4.191e-17 1.005e-16 0.0 159.15 0.0
S391443 204.8217 102.8793 1.062e-17 1.753e-17 3.677e-17 0.0 156.57 0.0
S391444 204.7962 102.8585 1.796e-21 1.222e-21 4.2219999999999997e-22 0.0 160.59 0.0
S391445 204.8088 102.8968 2.369e-19 2.864e-19 3.122e-19 0.0 159.11 0.0
S391446 204.8088 102.8657 8.995e-19 9.931e-19 8.832e-19 0.0 156.84 0.0
S391447 204.7987 102.8692 3.5020000000000005e-20 5.0390000000000007e-20 7.593000000000001e-20 0.0 156.81 0.0
S391448 204.7969 102.8563 7.073999999999999e-22 1.487e-21 4.9520000000000004e-21 0.0 156.55 0.0
S391449 204.7998 102.856 8.709999999999998e-22 1.836e-21 6.112e-21 0.0 159.36 0.0
S391450 204.8159 102.8644 6.691e-21 1.1770000000000002e-20 2.6590000000000002e-20 0.0 156.92 0.0
S391451 204.7998 102.8588 2.077e-19 2.576e-19 2.85e-19 0.0 160.13 0.0
S391452 204.8067 102.8524 5.528e-19 6.503e-19 6.583e-19 0.0 159.52 1.0
S391453 204.8048 102.878 2.93e-17 4.913e-17 1.018e-16 0.0 159.7 0.0
S391454 204.7869 102.8551 3.298e-18 3.429e-18 2.616e-18 0.0 157.84 0.0
S391455 204.7769 102.8852 2.919e-18 3.022e-18 2.371e-18 0.0 156.26 0.0
S391456 204.811 102.8587 2.257e-22 5.243e-22 2.127e-21 0.0 159.82 0.0
S391457 204.8046 102.8566 2.725e-21 4.798e-21 1.1430000000000001e-20 0.0 159.28 0.0
S391458 204.7925 102.881 4.9400000000000004e-21 8.704e-21 1.988e-20 0.0 157.81 0.0
S391459 204.8155 102.8786 2.212e-17 3.471e-17 6.215e-17 0.0 156.54 0.0
S391460 204.7994 102.856 8.851000000000001e-20 1.166e-19 1.516e-19 0.0 158.61 0.0
S391461 204.7968 102.8732 1.423e-19 1.771e-19 2.042e-19 0.0 156.94 0.0
S391462 204.8073 102.8751 2.285e-18 2.388e-18 1.914e-18 0.0 156.55 0.0
S391463 204.7957 102.8708 3.883e-22 9.404999999999999e-22 4.32e-21 0.0 160.35 0.0
S391464 204.8029 102.853 5.635e-18 5.514e-18 3.906e-18 0.0 159.47 0.0
S391465 204.8057 102.894 2.6030000000000003e-26 1.5610000000000002e-25 4.707e-24 0.0 158.3 0.0
S391466 204.7974 102.8614 3.176e-22 6.477999999999999e-22 2.094e-21 0.0 156.8 0.0
S391467 204.8014 102.8388 1.289e-17 1.163e-17 7.068e-18 0.0 157.28 0.0
S391468 204.8147 102.8668 8.077e-18 1.723e-17 6.078e-17 0.0 160.28 0.0
S391469 204.8085 102.8759 5.2269999999999996e-23 1.259e-22 5.783999999999999e-22 0.0 159.39 0.0
S391470 204.8049 102.8882 1.572e-17 2.8e-17 6.576e-17 0.0 159.43 0.0
S391471 204.795 102.8675 2.61e-17 6.841e-17 3.543e-16 0.0 157.32 1.0
S391472 204.8029 102.875 9.117e-19 1.066e-18 1.093e-18 0.0 159.18 0.0
S391473 204.8106 102.8644 5.710999999999999e-22 1.247e-21 4.429e-21 0.0 159.08 0.0
S391474 204.8093 102.8567 6.918e-18 1.191e-17 2.707e-17 0.0 159.84 0.0
S391475 204.8212 102.8661 4.7670000000000003e-20 6.937e-20 1.084e-19 0.0 159.01 0.0
S391476 204.7848 102.8801 2.2850000000000003e-20 3.815e-20 7.603000000000001e-20 0.0 160.27 0.0
S391477 204.8266 102.8712 4.917e-17 4.035e-17 2.006e-17 0.0 157.85 0.0
S391478 204.8271 102.8793 2.4749999999999996e-22 5.583e-22 2.181e-21 0.0 159.61 0.0
S391479 204.8161 102.8669 4.143e-17 1.168e-16 7.102e-16 0.0 159.68 1.0
S391480 204.8244 102.8515 2.864e-20 4.2560000000000003e-20 7.061e-20 0.0 159.38 0.0
S391481 204.8039 102.8821 3.325e-22 7.781e-22 3.271e-21 0.0 160.91 0.0
S391482 204.8026 102.872 2.9e-18 2.784e-18 1.772e-18 0.0 157.33 0.0
S391483 204.7853 102.8736 2.846e-18 5.265e-18 1.323e-17 0.0 158.25 0.0
S391484 204.795 102.865 2.116e-22 5.259e-22 2.391e-21 0.0 159.24 0.0
S391485 204.816 102.8697 1.969e-17 3.355e-17 7.199e-17 0.0 160.31 0.0
S391486 204.7944 102.8836 2.7939999999999998e-24 9.804e-24 9.499e-23 0.0 158.95 0.0
S391487 204.7962 102.8668 8.5e-23 1.982e-22 8.531999999999998e-22 0.0 157.22 0.0
S391488 204.8081 102.8612 1.4229999999999998e-22 3.4849999999999996e-22 1.623e-21 0.0 158.26 0.0
S391489 204.8206 102.869 1.828e-17 1.623e-17 9.439e-18 0.0 156.76 0.0
S391490 204.8303 102.8715 1.3419999999999998e-22 3.2e-22 1.371e-21 0.0 159.83 0.0
S391491 204.8083 102.8821 7.213e-23 1.8129999999999998e-22 8.79e-22 0.0 157.55 0.0
S391492 204.7999 102.8549 1.395e-18 1.48e-18 1.2e-18 0.0 157.33 0.0
S391493 204.8152 102.8603 1.919e-21 1.312e-21 4.579999999999999e-22 0.0 160.61 0.0
S391494 204.8005 102.8617 1.93e-17 1.67e-17 8.882e-18 0.0 158.92 0.0
S391495 204.8176 102.8674 1.1839999999999999e-23 3.295e-23 1.975e-22 0.0 160.36 0.0
S391496 204.7922 102.8668 3.3669999999999996e-22 7.489999999999999e-22 2.806e-21 0.0 157.36 0.0
S391497 204.8172 102.8816 2.5380000000000002e-26 1.444e-25 3.868e-24 0.0 157.41 0.0
S391498 204.8078 102.871 3.608e-16 2.629e-16 1.028e-16 0.0 159.96 0.0
S391499 204.7859 102.8657 3.389e-17 2.979e-17 1.609e-17 0.0 158.58 0.0
S391500 204.8041 102.8667 2.033e-17 4.49e-17 1.724e-16 0.0 158.53 0.0
S391501 204.7965 102.8793 4.903e-18 4.715e-18 3.171e-18 0.0 157.53 0.0
S391502 204.8108 102.8535 1.898e-18 2.012e-18 1.672e-18 0.001 158.57 0.0
S391503 204.8056 102.8594 2.2979999999999997e-22 5.367999999999999e-22 2.288e-21 0.0 160.14 0.0
S391504 204.8059 102.8585 5.703e-13 4.119e-13 1.552e-13 0.0 157.53 0.0
S391505 204.7948 102.8663 4.457e-19 5.249e-19 5.191e-19 0.0 157.3 0.0
S391506 204.7887 102.8702 8.962000000000001e-20 1.216e-19 1.565e-19 0.0 160.2 0.0
S391507 204.8045 102.8583 4.114e-18 4.083e-18 2.868e-18 0.0 158.87 0.0
S391508 204.7926 102.8752 4.314e-20 6.247e-20 9.624000000000001e-20 0.0 158.01 0.0
S391509 204.7783 102.8742 1.384e-21 9.679e-22 3.4719999999999997e-22 0.0 159.19 0.0
S391510 204.8108 102.8559 3.965e-26 2.0620000000000001e-25 4.853e-24 0.0 160.35 0.0
S391511 204.8043 102.8658 4.714e-17 3.832e-17 1.779e-17 0.0 157.68 0.0
S391512 204.8197 102.8911 1.2240000000000001e-20 1.956e-20 3.6260000000000005e-20 0.0 160.06 0.0
S391513 204.7915 102.8634 1.222e-17 2.129e-17 4.914e-17 0.0 156.87 0.0
S391514 204.8132 102.8827 1.218e-17 1.673e-17 2.321e-17 0.0 159.38 0.0
S391515 204.8113 102.882 7.994e-17 1.936e-16 8.849e-16 0.0 157.42 1.0
S391516 204.813 102.8441 4.188e-20 6.230000000000001e-20 1.028e-19 0.0 160.84 0.0
S391517 204.8184 102.8563 5.141999999999999e-22 1.106e-21 4.0000000000000004e-21 0.0 159.94 0.0
S391518 204.7844 102.8849 3.007e-20 4.6000000000000004e-20 8.331e-20 0.0 159.42 0.0
S391519 204.8096 102.8751 3.781e-13 2.588e-13 9.121e-14 0.0 158.59 0.0
S391520 204.8186 102.8565 7.194e-17 1.701e-16 7.217e-16 0.0 160.17 1.0
S391521 204.8187 102.8749 2.56e-20 3.8740000000000005e-20 6.811e-20 0.0 158.94 0.0
S391522 204.8121 102.8614 8.243e-14 5.499e-14 1.789e-14 0.0 159.57 0.0
S391523 204.7925 102.8838 2.749e-17 6.044e-17 2.178e-16 0.0 159.44 1.0
S391524 204.8128 102.8661 2.172e-17 1.793e-17 9.124e-18 0.0 159.89 0.0
S391525 204.7973 102.8727 8.335000000000001e-20 1.092e-19 1.345e-19 0.0 159.3 0.0
S391526 204.7868 102.8798 5.087e-21 9.133e-21 2.246e-20 0.0 160.2 0.0
S391527 204.8005 102.8577 2.484e-17 2.225e-17 1.291e-17 0.0 159.43 0.0
S391528 204.8144 102.891 8.226e-24 2.216e-23 1.284e-22 0.0 156.74 0.0
S391529 204.8038 102.8552 5.762000000000001e-20 8.133000000000001e-20 1.204e-19 0.0 160.67 0.0
S391530 204.8071 102.8796 2.774e-17 2.393e-17 1.236e-17 0.0 158.74 0.0
S391531 204.8083 102.8608 1.589e-21 1.086e-21 3.7649999999999994e-22 0.0 157.84 0.0
S391532 204.8048 102.8629 2.67e-19 3.396e-19 4.066e-19 0.0 158.53 0.0
S391533 204.7999 102.8726 4.121e-18 3.919e-18 2.598e-18 0.0 158.06 0.0
S391534 204.81 102.8686 2.125e-18 2.201e-18 1.7e-18 0.0 160.22 0.0
S391535 204.8042 102.8856 1.659e-17 2.975e-17 7.217e-17 0.0 160.73 0.0
S391536 204.7988 102.8584 1.133e-19 1.503e-19 1.898e-19 0.0 160.15 0.0
S391537 204.8159 102.8694 1.0260000000000001e-20 1.652e-20 3.237e-20 0.0 156.65 0.0
S391538 204.7978 102.8649 1.368e-17 2.267e-17 4.592e-17 0.0 156.97 0.0
S391539 204.8137 102.8519 1.039e-19 1.482e-19 2.163e-19 0.0 160.36 0.0
S391540 204.8 102.8685 2.77e-18 2.669e-18 1.776e-18 0.0 159.24 0.0
S391541 204.8135 102.8785 6.135e-13 4.315e-13 1.554e-13 0.0 157.1 0.0
S391542 204.7912 102.8845 1.3300000000000001e-21 2.551e-21 7.16e-21 0.0 156.27 0.0
S391543 204.8242 102.8624 2.769e-20 4.1110000000000003e-20 6.520000000000001e-20 0.0 156.48 0.0
S391544 204.8153 102.8532 2.637e-17 2.401e-17 1.432e-17 0.0 159.87 0.0
S391545 204.8071 102.8568 9.205e-23 2.398e-22 1.258e-21 0.0 157.62 0.0
S391546 204.7853 102.8786 5.413e-18 9.415e-18 2.134e-17 0.0 158.27 0.0
S391547 204.8064 102.8576 5.574e-24 1.61e-23 1.0569999999999999e-22 0.0 160.39 0.0
S391548 204.8006 102.8404 2.803e-18 2.838e-18 2.126e-18 0.0 159.92 0.0
S391549 204.8014 102.8548 3.747e-19 4.842e-19 5.869e-19 0.0 159.25 0.0
S391550 204.7999 102.8647 5.351e-18 1.135e-17 3.887e-17 0.0 158.74 0.0
S391551 204.8165 102.847 1.192e-19 1.599e-19 2.09e-19 0.0 159.22 0.0
S391552 204.7938 102.8732 8.685e-18 7.681e-18 4.448e-18 0.0 156.99 0.0
S391553 204.8075 102.8892 2.139e-22 4.297999999999999e-22 1.28e-21 0.0 161.05 0.0
S391554 204.7826 102.8683 1.942e-18 1.943e-18 1.411e-18 0.0 156.72 0.0
S391555 204.7824 102.8532 4.854e-24 1.452e-23 1.0509999999999999e-22 0.0 160.96 0.0
S391556 204.7954 102.864 8.439e-20 1.181e-19 1.651e-19 0.0 159.74 0.0
S391557 204.7917 102.861 1.474e-19 1.98e-19 2.549e-19 0.0 160.6 0.0
S391558 204.8169 102.853 4.435e-23 1.143e-22 5.951e-22 0.0 158.32 0.0
S391559 204.8077 102.8655 1.505e-17 1.383e-17 8.684e-18 0.0 160.26 0.0
S391560 204.8095 102.855 8.211e-22 6.256999999999999e-22 2.6089999999999996e-22 0.0 157.07 0.0
S391561 204.8046 102.8719 1.847e-13 1.258e-13 4.225e-14 0.0 158.54 0.0
S391562 204.8226 102.8747 4.373e-18 4.369e-18 3.068e-18 0.0 159.41 0.0
S391563 204.8187 102.8612 2.776e-17 5.302e-17 1.481e-16 0.0 158.74 0.0
S391564 204.823 102.8598 2.198e-18 2.355e-18 2.005e-18 0.0 159.58 0.0
S391565 204.7977 102.8652 1.534e-21 1.082e-21 3.757e-22 0.0 157.02 0.0
S391566 204.8207 102.86 4.055e-18 4.202e-18 3.189e-18 0.0 158.57 0.0
S391567 204.8013 102.8809 4.0859999999999995e-22 8.345999999999999e-22 2.578e-21 0.0 157.33 0.0
S391568 204.7934 102.8636 1.448e-21 1.0210000000000001e-21 3.631e-22 0.0 159.68 0.0
S391569 204.8151 102.8732 1.169e-16 9.312e-17 4.271e-17 0.0 159.89 1.0
S391570 204.8157 102.8623 4.442e-18 4.373e-18 2.985e-18 0.0 159.04 0.0
S391571 204.8272 102.8532 1.458e-18 1.52e-18 1.183e-18 0.0 158.82 0.0
S391572 204.8016 102.8917 2.436e-22 5.440999999999999e-22 2.092e-21 0.0 159.17 0.0
S391573 204.7966 102.8577 2.542e-17 4.06e-17 7.769e-17 0.0 160.69 0.0
S391574 204.806 102.8729 3.831e-17 3.13e-17 1.524e-17 0.0 160.36 0.0
S391575 204.8111 102.8643 7.719e-13 5.782e-13 2.259e-13 0.0 158.27 0.0
S391576 204.7823 102.882 6.167e-21 1.0530000000000001e-20 2.3040000000000002e-20 0.0 160.07 0.0
S391577 204.8163 102.8667 5.320999999999999e-22 1.068e-21 3.156e-21 0.0 160.8 0.0
S391578 204.813 102.8766 1.825e-20 2.85e-20 5.3530000000000004e-20 0.0 159.86 0.0
S391579 204.8166 102.8491 8.572e-23 2.0949999999999998e-22 9.454999999999998e-22 0.0 160.88 0.0
S391580 204.7882 102.8779 9.722e-24 3.146e-23 2.6089999999999996e-22 0.0 160.22 0.0
S391581 204.7993 102.8687 6.646e-13 5.629e-13 2.834e-13 0.0 157.88 1.0
S391582 204.8029 102.8737 2.5680000000000003e-20 3.863e-20 6.565e-20 0.0 157.36 0.0
S391583 204.7935 102.8656 7.581e-18 7.49e-18 5.227e-18 0.0 157.91 0.0
S391584 204.806 102.8671 4.261e-17 3.478e-17 1.675e-17 0.0 155.74 0.0
S391585 204.806 102.867 1.52e-17 3.246e-17 1.125e-16 0.0 153.53 0.0
S391586 204.806 102.867 5.9e-17 4.965e-17 2.533e-17 0.0 161.06 0.0
S391587 204.806 102.867 7.915e-16 5.492e-16 1.974e-16 0.0 160.14 0.0
S391588 204.8063 102.867 1.001e-17 1.813e-17 4.346e-17 0.0 159.71 0.0
S391589 204.8061 102.867 4.343e-16 3.123e-16 1.162e-16 0.0 156.05 0.0
S391590 204.806 102.8673 4.77e-15 3.162e-15 9.953e-16 0.0 153.26 0.0
S391591 204.806 102.8671 2.999e-16 2.306e-16 1.013e-16 0.0 165.57 1.0
S391592 204.8061 102.8671 5.938e-18 1.178e-17 3.421e-17 0.0 155.43 0.0
S391593 204.8061 102.8671 9.923e-17 8.051e-17 3.845e-17 0.0 155.74 0.0
S391594 204.8061 102.867 4.172e-18 4.263e-18 3.265e-18 0.0 164.13 0.0
S391595 204.7481 102.9152 9.41e-25 3.519e-24 3.931e-23 0.0 161.26 0.0
S391596 204.8186 102.7876 2.569e-22 5.571e-22 2.013e-21 0.0 160.57 0.0
S391597 204.7564 102.9428 2.1900000000000002e-20 3.3170000000000003e-20 5.751e-20 0.0 155.43 0.0
S391598 204.879 102.8747 7.035e-24 2.379e-23 2.1559999999999996e-22 0.0 160.4 0.0
S391599 204.7239 102.9326 4.869e-22 1.1130000000000001e-21 4.486e-21 0.0 161.13 0.0
S391600 204.846 102.798 3.437e-13 2.349e-13 7.849e-14 0.0 160.83 0.0
S391601 204.8659 102.8112 2.923e-13 1.971e-13 6.72e-14 0.0 155.8 0.0
S391602 204.7367 102.8806 3.233e-23 8.234999999999999e-23 4.202e-22 0.0 158.9 0.0
S391603 204.7077 102.793 5.137e-19 5.954e-19 5.801e-19 0.0 160.4 0.0
S391604 204.856 102.9565 1.8119999999999997e-22 4.0789999999999996e-22 1.5260000000000001e-21 0.001 155.63 0.0
S391605 204.9268 102.8097 1.4049999999999998e-22 3.221e-22 1.273e-21 0.0 155.76 0.0
S391606 204.7622 102.9071 1.6059999999999998e-22 3.7839999999999997e-22 1.572e-21 0.0 158.06 0.0
S391607 204.7603 102.803 1.379e-23 4.1089999999999996e-23 2.8089999999999996e-22 0.0 161.37 0.0
S391608 204.6332 102.828 4.513e-13 3.469e-13 1.484e-13 0.0 155.98 1.0
S391609 204.8464 102.9082 1.497e-21 3.051e-21 9.536e-21 0.0 161.91 0.0
S391610 204.7543 102.9519 2.8029999999999997e-22 5.6679999999999995e-22 1.781e-21 0.0 156.79 0.0
S391611 204.886 102.8627 2.412e-22 5.347e-22 1.989e-21 0.0 156.45 0.0
S391612 204.7751 102.7194 6.43e-21 1.161e-20 2.898e-20 0.0 160.17 0.0
S391613 204.7599 102.8346 4.295e-18 4.158e-18 2.816e-18 0.0 157.8 0.0
S391614 204.7676 102.7936 3.579e-18 3.534e-18 2.541e-18 0.0 161.26 0.0
S391615 204.9073 103.0524 1.1720000000000001e-20 2.004e-20 4.25e-20 0.0 158.5 0.0
S391616 204.8993 102.9702 1.035e-17 1.588e-17 2.879e-17 0.0 159.02 0.0
S391617 204.8092 102.9015 1.6300000000000001e-21 3.2900000000000002e-21 9.824e-21 0.0 156.75 0.0
S391618 204.8472 102.8713 5.736999999999999e-22 1.314e-21 5.384e-21 0.0 160.5 0.0
S391619 204.8424 102.9947 4.796e-22 9.771e-22 3.167e-21 0.0 158.98 0.0
S391620 204.8203 102.823 7.16e-24 2.3809999999999998e-23 2.0929999999999999e-22 0.0 160.14 0.0
S391621 204.78 102.7764 3.149e-21 5.8320000000000005e-21 1.538e-20 0.0 158.32 0.0
S391622 204.8821 102.9193 2.5779999999999998e-23 6.78e-23 3.5669999999999996e-22 0.0 157.47 0.0
S391623 204.853 102.8338 5.429e-21 1.054e-20 2.927e-20 0.0 156.2 0.0
S391624 204.8259 102.7707 2.533e-18 2.59e-18 1.962e-18 0.0 160.32 0.0
S391625 204.8027 102.9505 4.9989999999999995e-23 1.318e-22 6.952999999999999e-22 0.0 160.03 0.0
S391626 204.7565 102.8887 1.329e-22 3.3079999999999997e-22 1.608e-21 0.0 158.72 0.0
S391627 204.6394 102.8098 1.759e-22 4.254999999999999e-22 1.969e-21 0.0 159.56 0.0
S391628 204.6967 102.8053 1.889e-21 1.285e-21 4.284999999999999e-22 0.0 161.27 0.0
S391629 204.7202 102.9316 2.846e-17 7.524e-17 4.192e-16 0.001 160.18 1.0
S391630 204.783 102.7903 4.711e-24 1.441e-23 1.0549999999999999e-22 0.0 159.23 0.0
S391631 204.81 102.8532 1.216e-19 1.617e-19 2.09e-19 0.0 157.58 1.0
S391632 204.9489 102.8805 1.269e-22 2.8989999999999996e-22 1.115e-21 0.0 159.69 0.0
S391633 204.672 102.7303 1.363e-17 1.91e-17 2.655e-17 0.0 161.28 0.0
S391634 204.8433 102.8053 7.323e-13 6.562e-13 3.91e-13 0.0 155.86 1.0
S391635 204.7625 102.8717 2.871e-25 1.163e-24 1.553e-23 0.0 156.52 0.0
S391636 204.791 102.793 5.613e-13 3.971e-13 1.446e-13 0.0 158.78 0.0
S391637 204.6628 102.9631 7.113e-22 1.546e-21 5.564e-21 0.0 161.87 0.0
S391638 204.7788 102.823 7.826e-23 2.1099999999999998e-22 1.215e-21 0.0 158.2 0.0
S391639 204.8063 102.816 3.572e-19 4.181e-19 4.175e-19 0.0 160.74 1.0
S391640 204.7678 102.7589 6.378e-20 9.257000000000001e-20 1.495e-19 0.0 160.02 0.0
S391641 204.8827 102.9844 5.362e-17 7.058e-17 9.217e-17 0.0 159.84 0.0
S391642 204.7878 102.839 5.333999999999999e-22 1.179e-21 4.388e-21 0.0 158.32 0.0
S391643 204.9552 102.8488 4.926e-24 1.7329999999999998e-23 1.759e-22 0.0 157.61 0.0
S391644 204.8103 102.9771 4.462e-23 1.363e-22 9.889e-22 0.0 159.19 0.0
S391645 204.7495 102.9167 5.977e-24 1.947e-23 1.5859999999999998e-22 0.0 158.78 0.0
S391646 204.927 102.8585 8.408e-17 6.534e-17 2.919e-17 0.0 156.42 0.0
S391647 204.7057 102.7989 5.164e-19 5.716e-19 5.244e-19 0.0 155.58 0.0
S391648 204.8021 102.8746 8.209000000000001e-20 1.182e-19 1.792e-19 0.0 160.99 0.0
S391649 204.7623 102.9607 1.782e-24 6.346e-24 6.459e-23 0.0 157.37 0.0
S391650 204.7306 102.7852 7.492e-20 1.012e-19 1.364e-19 0.0 159.02 0.0
S391651 204.7759 102.9449 1.527e-23 4.531e-23 3.215e-22 0.0 160.44 0.0
S391652 204.7949 102.9433 1.032e-18 1.1e-18 9.224e-19 0.0 157.56 0.0
S391653 204.7788 102.9417 1.209e-21 2.5590000000000002e-21 8.594e-21 0.0 161.09 0.0
S391654 204.7633 102.8787 5.942e-23 1.552e-22 8.405999999999999e-22 0.0 157.58 0.0
S391655 204.89 102.8673 4.0269999999999996e-22 1.007e-21 4.768e-21 0.0 157.39 0.0
S391656 204.8325 102.9779 2.806e-21 5.37e-21 1.4330000000000003e-20 0.0 157.55 0.0
S391657 204.6447 102.7517 3.9440000000000004e-20 5.610000000000001e-20 8.070000000000001e-20 0.0 158.77 0.0
S391658 204.8858 102.894 2.056e-19 2.573e-19 3.003e-19 0.0 158.22 0.0
S391659 204.8694 102.8492 5.231e-20 7.297e-20 1.046e-19 0.0 160.07 0.0
S391660 204.8699 102.8616 5.107e-24 1.744e-23 1.6239999999999998e-22 0.0 159.81 0.0
S391661 204.8469 102.795 8.846e-21 1.463e-20 2.904e-20 0.0 158.73 0.0
S391662 204.7517 102.8312 1.516e-18 1.677e-18 1.48e-18 0.0 157.19 0.0
S391663 204.753 102.7926 1.0899999999999999e-22 2.7729999999999996e-22 1.391e-21 0.0 159.16 0.0
S391664 204.9621 102.7874 6.187e-19 6.977e-19 6.512e-19 0.0 159.31 0.0
S391665 204.6459 102.715 2.4760000000000002e-21 4.837e-21 1.387e-20 0.0 155.35 0.0
S391666 204.8405 102.8458 2.2969999999999996e-22 5.302e-22 2.121e-21 0.0 156.3 0.0
S391667 204.8456 103.0517 2.8829999999999996e-22 6.8269999999999995e-22 2.917e-21 0.0 155.42 0.0
S391668 204.7838 102.733 5.995e-19 6.838e-19 6.462e-19 0.0 161.75 0.0
S391669 204.9522 102.8669 1.663e-17 2.523e-17 4.458e-17 0.0 156.62 0.0
S391670 204.7496 102.9998 9.758e-18 8.796e-18 5.239e-18 0.0 160.32 0.0
S391671 204.6689 102.8718 7.623e-20 1.097e-19 1.665e-19 0.0 157.12 0.0
S391672 204.8586 102.9041 2.6549999999999997e-22 6.074e-22 2.554e-21 0.0 161.48 0.0
S391673 204.7583 102.9476 2.1450000000000002e-26 1.258e-25 3.52e-24 0.0 155.65 0.0
S391674 204.8182 102.8631 1.0790000000000001e-20 1.7780000000000003e-20 3.63e-20 0.0 158.27 0.0
S391675 204.871 102.9458 2.829e-21 4.859e-21 1.078e-20 0.0 159.24 0.0
S391676 204.733 102.9585 6.219e-22 1.31e-21 4.354e-21 0.0 155.5 0.0
S391677 204.8099 102.8282 1.318e-17 1.219e-17 7.731e-18 0.0 160.33 0.0
S391678 204.8724 102.8946 3.689e-23 9.092999999999999e-23 4.38e-22 0.0 159.01 0.0
S391679 204.7471 102.9084 1.8419999999999997e-22 4.1779999999999997e-22 1.612e-21 0.0 156.64 0.0
S391680 204.8493 102.8132 2.313e-19 2.754e-19 2.861e-19 0.0 156.39 0.0
S391681 204.8529 102.8704 1.7749999999999998e-23 4.6419999999999996e-23 2.4309999999999996e-22 0.0 158.89 0.0
S391682 204.8776 102.926 8.916999999999999e-24 2.6149999999999998e-23 1.8479999999999999e-22 0.0 161.62 0.0
S391683 204.8254 102.7838 9.686e-19 1.115e-18 1.083e-18 0.0 156.54 0.0
S391684 204.956 102.8033 8.829999999999998e-22 1.876e-21 6.398e-21 0.0 156.73 0.0
S391685 204.7762 102.9135 3.844e-23 1.151e-22 8.042999999999999e-22 0.0 156.63 0.0
S391686 204.8379 102.9403 7.771e-23 1.9629999999999999e-22 9.562e-22 0.0 156.16 0.0
S391687 204.864 102.8838 2.515e-23 6.846e-23 3.8949999999999997e-22 0.0 159.63 0.0
S391688 204.8972 102.9885 2.562e-22 5.907e-22 2.3750000000000002e-21 0.0 156.02 0.0
S391689 204.846 102.7837 2.561e-22 6.177e-22 2.716e-21 0.0 155.98 0.0
S391690 204.7891 102.8525 6.663e-23 1.7279999999999998e-22 9.26e-22 0.0 161.63 0.0
S391691 204.833 102.7194 3.421e-17 8.685e-17 4.406e-16 0.0 161.97 1.0
S391692 204.9315 102.9416 4.23e-19 5.153e-19 5.715e-19 0.0 155.27 0.0
S391693 204.8419 103.0031 1.707e-24 5.927e-24 5.881e-23 0.0 161.76 0.0
S391694 204.8188 102.7786 6.1879999999999995e-22 1.462e-21 6.418e-21 0.0 157.36 0.0
S391695 204.682 102.8413 1.785e-19 2.401e-19 3.253e-19 0.0 158.38 0.0
S391696 204.8476 102.9384 1.2260000000000001e-21 2.509e-21 8.135e-21 0.0 156.13 0.0
S391697 204.8156 102.9468 2.842e-21 5.352e-21 1.4020000000000003e-20 0.0 158.67 0.0
S391698 204.8747 102.7437 3.389e-24 1.2189999999999999e-23 1.2049999999999999e-22 0.0 156.83 0.0
S391699 204.8522 102.9058 3.071e-21 5.996e-21 1.664e-20 0.0 160.92 0.0
S391700 204.8874 102.756 7.58e-23 2.1209999999999998e-22 1.266e-21 0.0 156.89 0.0
S391701 204.7227 103.0086 1.604e-21 1.1160000000000001e-21 3.927e-22 0.0 157.38 0.0
S391702 204.8858 102.7671 8.573e-18 1.389e-17 2.817e-17 0.0 155.69 0.0
S391703 204.698 102.9695 2.125e-22 4.467e-22 1.517e-21 0.0 158.71 0.0
S391704 204.745 102.7699 3.206e-22 6.295e-22 1.825e-21 0.0 160.11 0.0
S391705 204.7773 102.8346 3.406e-23 8.717999999999999e-23 4.443e-22 0.0 159.9 0.0
S391706 204.648 102.8254 1.4770000000000002e-26 9.223e-26 3.064e-24 0.0 160.77 0.0
S391707 204.7802 102.7041 7.650000000000001e-20 1.065e-19 1.544e-19 0.0 159.99 0.0
S391708 204.8128 102.8915 1.5089999999999998e-22 3.971e-22 2.186e-21 0.0 155.86 0.0
S391709 204.8577 102.9178 1.802e-21 1.2380000000000001e-21 4.245e-22 0.0 161.22 0.0
S391710 204.823 103.0463 4.5e-19 5.1e-19 4.716e-19 0.0 155.93 0.0
S391711 204.8704 102.9321 1.766e-19 2.392e-19 3.19e-19 0.0 157.01 0.0
S391712 204.8248 102.8871 4.855e-19 5.619e-19 5.511e-19 0.0 159.89 0.0
S391713 204.8722 102.7743 6.329999999999999e-22 1.412e-21 5.394e-21 0.0 157.09 0.0
S391714 204.8157 102.8912 5.533e-18 1.008e-17 2.554e-17 0.0 161.12 0.0
S391715 204.889 102.9876 1.614e-23 4.482e-23 2.666e-22 0.0 157.11 0.0
S391716 204.7545 102.7216 1.049e-18 1.155e-18 9.912e-19 0.0 158.63 0.0
S391717 204.6832 102.668 2.25e-22 4.890999999999999e-22 1.858e-21 0.0 156.07 0.0
S391718 204.6709 102.8646 5.8019999999999995e-22 1.278e-21 4.851e-21 0.0 156.19 0.0
S391719 204.7336 102.857 1.4670000000000002e-26 9.123000000000001e-26 3.066e-24 0.0 161.41 0.0
S391720 204.6352 102.7599 2.3380000000000002e-26 1.314e-25 3.522e-24 0.0 156.9 0.0
S391721 204.668 102.8545 2.292e-22 5.191999999999999e-22 2.022e-21 0.0 161.46 0.0
S391722 204.8402 102.9607 9.311e-24 2.5289999999999998e-23 1.481e-22 0.0 157.74 0.0
S391723 204.8791 102.7476 1.895e-19 2.366e-19 2.667e-19 0.0 156.77 0.0
S391724 204.8536 102.9626 1.5100000000000002e-20 2.3900000000000002e-20 4.5240000000000004e-20 0.0 156.22 0.0
S391725 204.7879 102.8258 2.499e-21 4.621e-21 1.225e-20 0.0 161.91 0.0
S391726 204.7996 102.9201 2.642e-17 2.115e-17 1.007e-17 0.0 159.11 0.0
S391727 204.7847 102.9062 1.3e-22 3.4119999999999997e-22 1.841e-21 0.0 158.76 0.0
S391728 204.8394 102.7916 2.466e-21 4.753e-21 1.294e-20 0.0 161.36 0.0
S391729 204.8384 102.8544 6.83e-19 8.02e-19 7.952e-19 0.0 159.08 0.0
S391730 204.7321 102.8427 7.848e-13 5.921e-13 2.442e-13 0.0 159.3 1.0
S391731 204.8196 102.8146 4.26e-23 9.543e-23 3.8249999999999995e-22 0.0 160.38 0.0
S391732 204.7814 102.7948 6.782e-24 2.0629999999999999e-23 1.5339999999999998e-22 0.0 159.59 0.0
S391733 204.9708 102.8764 4.333e-19 5.383e-19 6.139e-19 0.0 159.71 0.0
S391734 204.9659 102.8351 5.089e-21 8.989e-21 2.1040000000000002e-20 0.0 157.26 0.0
S391735 204.872 102.8684 4.396e-22 9.243e-22 2.99e-21 0.0 160.01 0.0
S391736 204.8054 102.8511 2.645e-18 2.803e-18 2.323e-18 0.0 155.41 0.0
S391737 204.7692 102.7368 3.898e-22 8.984999999999999e-22 3.693e-21 0.0 156.16 0.0
S391738 204.8225 102.6182 2.916e-22 7.061999999999999e-22 3.134e-21 0.0 156.92 0.0
S391739 204.7161 102.9001 2.873e-21 5.036e-21 1.173e-20 0.0 157.14 0.0
S391740 204.7772 102.8958 2.499e-24 8.481e-24 7.505e-23 0.0 157.29 0.0
S391741 204.8054 102.7549 2.245e-19 2.76e-19 3.143e-19 0.0 159.28 0.0
S391742 204.7933 102.8995 3.693e-18 3.461e-18 2.189e-18 0.0 159.99 0.0
S391743 204.8453 102.9059 2.215e-20 3.346e-20 5.871e-20 0.0 157.0 0.0
S391744 204.9016 102.7437 1.644e-21 3.246e-21 9.735e-21 0.0 160.7 0.0
S391745 204.8296 102.8188 4.975e-24 1.7229999999999998e-23 1.6869999999999998e-22 0.0 160.25 0.0
S391746 204.7525 102.7006 1.588e-23 4.1089999999999996e-23 2.038e-22 0.0 159.4 0.0
S391747 204.8046 102.9915 7.047999999999999e-22 1.59e-21 6.208e-21 0.0 156.93 0.0
S391748 204.8348 102.8612 1.522e-21 1.06e-21 3.7699999999999997e-22 0.0 159.61 0.0
S391749 204.7945 102.8748 1.471e-19 1.805e-19 1.955e-19 0.0 158.27 0.0
S391750 204.9113 102.7924 1.275e-17 1.079e-17 5.643e-18 0.0 155.91 0.0
S391751 204.9023 102.7352 2.2089999999999997e-22 5.304e-22 2.358e-21 0.0 160.98 0.0
S391752 204.7179 102.8486 5.237e-24 1.638e-23 1.277e-22 0.0 156.52 0.0
S391753 204.8237 102.8232 1.27e-22 2.8779999999999997e-22 1.143e-21 0.0 161.52 0.0
S391754 204.7722 102.9448 2.026e-21 3.805e-21 9.836e-21 0.0 157.53 0.0
S391755 204.7365 102.915 5.689e-23 1.4649999999999999e-22 7.475999999999999e-22 0.0 160.42 0.0
S391756 204.8774 102.8692 1.104e-18 1.206e-18 1.068e-18 0.0 157.95 0.0
S391757 204.8427 102.8144 5.763e-25 2.229e-24 2.6099999999999997e-23 0.0 157.08 0.0
S391758 204.8303 102.822 1.7549999999999999e-22 4.0559999999999995e-22 1.659e-21 0.0 157.3 0.0
S391759 204.8789 102.9304 4.0560000000000003e-20 6.029000000000001e-20 9.568000000000001e-20 0.0 161.43 0.0
S391760 204.7863 102.8604 2.031e-21 3.831e-21 1.0450000000000001e-20 0.0 160.74 0.0
S391761 204.8103 102.8311 5.183e-23 1.276e-22 5.872999999999999e-22 0.0 156.94 0.0
S391762 204.8914 102.9241 1.326e-22 3.0789999999999997e-22 1.236e-21 0.0 158.88 0.0
S391763 204.9749 103.0014 1.526e-19 2.113e-19 3.011e-19 0.0 160.08 0.0
S391764 204.8253 102.9038 3.195e-23 9.747e-23 6.843e-22 0.0 161.36 0.0
S391765 204.9247 102.9678 5.766e-18 9.252e-18 1.798e-17 0.0 161.16 0.0
S391766 204.8253 102.8942 3.312e-23 8.127999999999999e-23 3.7479999999999998e-22 0.0 156.57 0.0
S391767 204.8149 102.7963 1.507e-19 1.992e-19 2.546e-19 0.0 158.28 0.0
S391768 204.7783 102.7589 3.385e-18 3.317e-18 2.367e-18 0.0 159.69 0.0
S391769 204.7746 102.7905 4.484e-19 5.32e-19 5.487e-19 0.0 159.93 0.0
S391770 204.6757 102.7589 3.018e-25 1.252e-24 1.712e-23 0.0 160.15 0.0
S391771 204.849 102.8279 3.444e-20 4.914e-20 7.724000000000001e-20 0.0 155.91 0.0
S391772 204.7537 102.9409 1.0240000000000001e-20 1.6200000000000002e-20 2.9630000000000005e-20 0.0 161.23 0.0
S391773 204.7805 102.7503 3.012e-23 8.467e-23 5.361e-22 0.0 156.14 0.0
S391774 204.7919 102.8843 1.214e-17 1.927e-17 3.565e-17 0.0 156.52 0.0
S391775 204.7407 102.8386 1.965e-21 3.8e-21 1.073e-20 0.0 161.59 0.0
S391776 204.7207 102.969 1.59e-19 2.128e-19 2.745e-19 0.0 155.52 0.0
S391777 204.7683 102.8262 7.011e-24 2.06e-23 1.3559999999999998e-22 0.0 158.45 0.0
S391778 204.8815 102.8425 1.135e-18 1.19e-18 9.858e-19 0.0 161.06 0.0
S391779 204.7334 102.9567 3.3150000000000005e-20 5.058e-20 8.661e-20 0.0 160.23 0.0
S391780 204.9406 102.9888 5.136e-22 1.143e-21 4.403e-21 0.0 157.44 0.0
S391781 204.8182 102.9033 6.167e-21 1.147e-20 3.042e-20 0.0 161.16 0.0
S391782 204.7622 102.8967 1.951e-18 2.179e-18 1.977e-18 0.0 157.92 0.0
S391783 204.7619 102.7862 1.442e-19 1.895e-19 2.361e-19 0.0 156.82 0.0
S391784 204.7744 102.9586 8.935e-23 2.242e-22 1.143e-21 0.0 160.66 0.0
S391785 204.8052 102.8327 2.039e-23 5.77e-23 3.652e-22 0.0 156.36 0.0
S391786 204.902 102.9651 8.805000000000001e-20 1.163e-19 1.533e-19 0.0 161.13 0.0
S391787 204.8045 102.9933 1.298e-19 1.722e-19 2.295e-19 0.0 158.15 0.0
S391788 204.703 102.6589 1.0279999999999999e-22 2.4379999999999996e-22 1.087e-21 0.0 156.92 0.0
S391789 204.735 102.9131 1.0569999999999999e-22 2.5199999999999996e-22 1.098e-21 0.0 156.63 0.0
S391790 204.8454 102.8639 6.763999999999999e-24 2.174e-23 1.7269999999999997e-22 0.0 158.17 0.0
S391791 204.9109 102.9357 7.78e-23 1.7899999999999997e-22 7.179999999999999e-22 0.0 161.58 0.0
S391792 204.7127 102.9523 1.524e-21 3.053e-21 9.524e-21 0.0 156.62 0.0
S391793 204.8632 102.8807 3.063e-24 1.105e-23 1.14e-22 0.0 159.88 0.0
S391794 204.7102 102.9072 1.619e-20 2.477e-20 4.436e-20 0.0 160.58 0.0
S391795 204.8012 102.9306 6.030999999999999e-23 1.641e-22 9.898999999999998e-22 0.0 161.41 0.0
S391796 204.8077 102.9463 2.2440000000000002e-21 4.341e-21 1.2530000000000002e-20 0.0 156.85 0.0
S391797 204.8627 102.8971 1.975e-24 6.876e-24 6.714e-23 0.0 161.82 0.0
S391798 204.712 102.9098 1.606e-21 1.106e-21 3.891e-22 0.0 157.86 0.0
S391799 204.6531 102.7708 3.201e-20 4.664e-20 7.143e-20 0.0 156.16 0.0
S391800 204.7711 102.7685 8.453e-19 9.253e-19 8.2e-19 0.0 155.45 0.0
S391801 204.851 102.9879 9.031e-18 8.598e-18 5.778e-18 0.0 156.91 0.0
S391802 204.7514 102.8875 6.839e-24 1.9389999999999998e-23 1.2259999999999998e-22 0.0 157.45 0.0
S391803 204.86 102.926 2.836e-22 5.939e-22 2.0060000000000002e-21 0.0 161.29 0.0
S391804 204.8342 102.9865 2.1999999999999996e-22 4.749e-22 1.684e-21 0.0 160.59 0.0
S391805 204.8387 102.933 1.219e-25 6.13e-25 1.261e-23 0.0 159.9 0.0
S391806 204.7309 102.6812 3.1209999999999996e-22 7.250999999999999e-22 3.015e-21 0.0 161.96 0.0
S391807 204.87 102.9542 2.132e-22 4.337e-22 1.375e-21 0.0 158.24 0.0
S391808 204.7636 102.9084 6.562000000000001e-20 9.255e-20 1.378e-19 0.0 160.43 0.0
S391809 204.8784 102.8507 2.159e-21 4.154e-21 1.1550000000000001e-20 0.0 161.08 0.0
S391810 204.9542 102.9664 8.1e-18 1.391e-17 3.046e-17 0.0 156.63 0.0
S391811 204.8506 103.0829 4.354e-19 5.32e-19 5.539e-19 0.0 155.28 0.0
S391812 204.8858 102.7791 3.504e-19 4.08e-19 4.03e-19 0.0 157.12 0.0
S391813 204.8289 102.7433 7.442999999999999e-22 1.548e-21 5.064e-21 0.0 156.26 0.0
S391814 204.8058 103.0062 2.66e-20 4.0140000000000004e-20 6.94e-20 0.0 161.97 0.0
S391815 204.9167 102.9117 2.905e-20 4.2900000000000004e-20 7.128000000000001e-20 0.0 159.05 0.0
S391816 204.9156 102.8567 1.515e-21 2.858e-21 7.576e-21 0.0 159.89 0.0
S391817 204.7777 102.7776 7.884e-21 1.3290000000000002e-20 2.809e-20 0.0 157.65 0.0
S391818 204.8818 102.8808 1.185e-21 8.548e-22 3.1569999999999995e-22 0.0 155.98 0.0
S391819 204.8608 102.957 1.47e-21 2.902e-21 8.673e-21 0.0 159.7 0.0
S391820 204.9689 103.0119 6.697e-20 9.082e-20 1.225e-19 0.0 158.37 0.0
S391821 204.7268 102.9297 4.092e-18 4.115e-18 2.939e-18 0.0 161.02 0.0
S391822 204.7594 102.9028 4.39e-18 7.593e-18 1.769e-17 0.0 157.7 0.0
S391823 204.7539 102.9063 2.127e-17 1.823e-17 9.731e-18 0.0 159.86 0.0
S391824 204.8954 102.8986 1.703e-24 6.081e-24 6.234e-23 0.0 155.66 0.0
S391825 204.6679 102.9768 1.712e-24 5.725e-24 5.098e-23 0.0 161.23 0.0
S391826 204.8112 102.9889 8.813e-20 1.263e-19 1.866e-19 0.0 159.47 0.0
S391827 204.7423 102.9316 5.932999999999999e-22 1.243e-21 4.136e-21 0.0 160.4 0.0
S391828 204.7352 102.9028 2.478e-23 6.558e-23 3.549e-22 0.0 157.34 0.0
S391829 204.6982 102.8229 3.2449999999999997e-23 8.11e-23 3.942e-22 0.0 158.04 0.0
S391830 204.7877 102.7693 2.936e-21 5.549e-21 1.462e-20 0.0 155.63 0.0
S391831 204.7846 102.7857 1.636e-20 2.515e-20 4.514e-20 0.0 156.34 0.0
S391832 204.7704 102.9045 1.32e-19 1.706e-19 2.124e-19 0.0 155.96 0.0
S391833 204.6626 102.9176 2.184e-19 2.776e-19 3.283e-19 0.0 157.95 0.0
S391834 204.7974 102.8223 1.8799999999999998e-22 3.846e-22 1.227e-21 0.0 156.37 0.0
S391835 204.6838 102.8677 1.547e-25 6.928000000000001e-25 1.161e-23 0.0 160.79 0.0
S391836 204.8195 102.9204 2.7279999999999996e-22 6.298e-22 2.536e-21 0.0 158.43 0.0
S391837 204.6654 102.8082 3.107e-18 3.041e-18 2.086e-18 0.0 155.84 0.0
S391838 204.6958 102.8399 2.42e-22 5.769999999999999e-22 2.451e-21 0.0 155.47 0.0
S391839 204.885 102.7712 3.736e-23 1.019e-22 5.812999999999999e-22 0.0 159.96 0.0
S391840 204.765 102.9931 2.632e-21 4.378e-21 9.318e-21 0.0 156.59 0.0
S391841 204.7418 102.995 5.184e-18 5.088e-18 3.598e-18 0.0 159.4 0.0
S391842 204.8406 102.8999 2.0419999999999997e-22 5.048e-22 2.317e-21 0.0 160.68 0.0
S391843 204.8557 102.8413 8.170999999999999e-22 1.605e-21 4.6420000000000004e-21 0.0 155.72 0.0
S391844 204.8559 102.7984 6.995e-21 1.151e-20 2.3160000000000003e-20 0.0 158.24 0.0
S391845 204.8855 102.8327 1.0640000000000001e-26 7.113000000000001e-26 2.648e-24 0.0 159.32 0.0
S391846 204.8146 102.8452 6.968e-18 1.002e-17 1.473e-17 0.0 159.86 0.0
S391847 204.7214 102.7634 5.636000000000001e-20 8.008000000000001e-20 1.15e-19 0.0 155.6 0.0
S391848 204.7506 102.8378 1.0929999999999998e-22 2.496e-22 1.023e-21 0.0 157.9 0.0
S391849 204.9271 102.915 3.5720000000000004e-21 6.878e-21 1.9160000000000003e-20 0.0 161.12 0.0
S391850 204.7933 102.8756 1.244e-22 2.835e-22 1.123e-21 0.0 157.75 0.0
S391851 204.7916 102.9028 3.885e-20 5.4050000000000007e-20 7.701000000000001e-20 0.0 156.39 0.0
S391852 204.7206 102.8936 4.755e-22 1.052e-21 3.914e-21 0.0 159.8 0.0
S391853 204.7524 102.8471 1.129e-25 5.595000000000001e-25 1.151e-23 0.0 155.94 0.0
S391854 204.824 102.9737 8.768e-24 2.657e-23 1.9499999999999998e-22 0.0 157.94 0.0
S391855 204.6941 102.9117 5.144e-18 5.077e-18 3.409e-18 0.0 157.83 0.0
S391856 204.8886 102.9268 4.6120000000000006e-20 6.768000000000001e-20 1.047e-19 0.0 161.66 0.0
S391857 204.6888 102.7945 2.085e-21 4.135e-21 1.2240000000000001e-20 0.0 155.54 0.0
S391858 204.7964 102.8483 5.453999999999999e-22 1.261e-21 5.376e-21 0.0 160.63 0.0
S391859 204.8489 102.9042 4.146e-19 4.871e-19 4.762e-19 0.0 160.2 0.0
S391860 204.8184 102.8954 3.4649999999999997e-22 7.945999999999999e-22 3.283e-21 0.0 158.35 0.0
S391861 204.852 102.8871 1.9579999999999998e-22 4.615e-22 1.9110000000000002e-21 0.0 156.92 0.0
S391862 204.8489 102.8863 1.144e-20 1.8380000000000002e-20 3.5010000000000005e-20 0.0 155.88 0.0
S391863 204.9253 102.8697 8.311999999999999e-22 1.741e-21 5.759e-21 0.0 161.15 0.0
S391864 204.8569 102.8107 4.972e-24 1.62e-23 1.425e-22 0.001 161.65 0.0
S391865 204.7308 102.8602 3.065e-18 3.06e-18 2.212e-18 0.0 159.03 0.0
S391866 204.9001 102.8388 9.956e-23 2.5069999999999997e-22 1.266e-21 0.0 155.86 0.0
S391867 204.7481 102.9256 7.307e-21 1.216e-20 2.4790000000000003e-20 0.0 156.64 0.0
S391868 204.9601 102.9119 9.794e-23 2.2829999999999997e-22 9.399999999999999e-22 0.0 158.65 0.0
S391869 204.6538 102.8872 6.252e-22 1.25e-21 3.78e-21 0.0 155.48 0.0
S391870 204.8392 102.9625 3.422e-21 6.169e-21 1.5890000000000002e-20 0.0 161.65 0.0
S391871 204.9371 103.0344 1.31e-21 2.5350000000000002e-21 7.184e-21 0.0 161.91 0.0
S391872 204.8062 102.9244 5.391e-24 1.87e-23 1.8069999999999999e-22 0.0 156.71 0.0
S391873 204.7529 102.8818 8.543e-14 6.87e-14 3.346e-14 0.0 161.26 0.0
S391874 204.895 103.0287 4.76e-21 8.536e-21 1.973e-20 0.001 161.47 0.0
S391875 204.7209 102.7986 1.516e-18 1.608e-18 1.347e-18 0.0 161.43 0.0
S391876 204.6594 102.8174 1.987e-18 2.128e-18 1.744e-18 0.0 161.11 0.0
S391877 204.7895 102.8545 8.945e-23 2.3339999999999996e-22 1.279e-21 0.0 159.23 0.0
S391878 204.7166 102.8878 6.325e-22 1.405e-21 5.331e-21 0.0 155.78 0.0
S391879 204.8373 102.816 1.337e-21 9.484999999999998e-22 3.347e-22 0.0 157.68 0.0
S391880 204.8742 102.8699 5.903999999999999e-22 1.204e-21 3.816e-21 0.0 156.42 0.0
S391881 204.8938 102.8179 4.96e-24 1.704e-23 1.5859999999999998e-22 0.0 159.83 0.0
S391882 204.7795 102.8788 2.9160000000000004e-20 4.3980000000000006e-20 7.341000000000001e-20 0.0 159.13 0.0
S391883 204.9248 102.9567 1.3280000000000001e-20 2.073e-20 3.678e-20 0.0 160.88 0.0
S391884 204.7765 102.86 1.927e-21 3.554e-21 9.155000000000001e-21 0.0 156.67 0.0
S391885 204.9045 102.9318 6.768e-23 1.6459999999999998e-22 7.636999999999999e-22 0.0 160.26 0.0
S391886 204.7482 102.8581 4.575e-18 4.423e-18 2.862e-18 0.0 159.57 0.0
S391887 204.8178 102.8877 8.696e-23 1.871e-22 6.5449999999999995e-22 0.0 156.72 0.0
S391888 204.8785 102.8061 7.431999999999999e-22 1.4520000000000001e-21 4.1910000000000004e-21 0.0 158.62 0.0
S391889 204.6344 102.7966 5.456000000000001e-20 7.576e-20 1.075e-19 0.0 156.89 0.0
S391890 204.6987 102.8109 5.1619999999999996e-23 1.4749999999999998e-22 9.417e-22 0.0 157.15 0.0
S391891 204.7334 102.907 1.098e-24 4.014e-24 4.2849999999999997e-23 0.0 160.47 0.0
S391892 204.7397 102.8355 2.287e-21 4.454e-21 1.3100000000000002e-20 0.0 157.91 0.0
S391893 204.9834 102.8732 1.002e-19 1.398e-19 1.949e-19 0.0 157.94 0.0
S391894 204.698 103.0091 2.024e-18 2.181e-18 1.802e-18 0.0 159.46 0.0
S391895 204.7594 102.831 4.75e-17 3.829e-17 1.82e-17 0.0 158.57 0.0
S391896 204.8631 102.9133 3.524e-21 6.574e-21 1.735e-20 0.001 161.18 0.0
S391897 204.9423 102.9428 9.48e-13 7.567e-13 3.513e-13 0.0 158.86 1.0
S391898 204.7029 102.6733 6.031000000000001e-20 8.360000000000001e-20 1.185e-19 0.0 156.48 0.0
S391899 204.7844 102.7431 2.785e-25 1.224e-24 1.999e-23 0.0 159.77 0.0
S391900 204.678 102.9933 3.726e-22 7.488999999999999e-22 2.358e-21 0.0 158.48 0.0
S391901 204.8829 102.8852 1.519e-17 1.294e-17 6.851e-18 0.0 157.61 0.0
S391902 204.9316 102.9025 5.594e-23 1.462e-22 7.863999999999999e-22 0.0 156.16 0.0
S391903 204.9444 102.7862 3.3790000000000002e-21 6.282e-21 1.632e-20 0.0 160.53 0.0
S391904 204.8251 102.8205 1.0760000000000001e-20 1.8000000000000002e-20 3.7860000000000004e-20 0.0 156.06 0.0
S391905 204.8846 102.921 5.999e-22 1.312e-21 4.89e-21 0.0 159.05 0.0
S391906 204.8601 102.8038 2.5639999999999996e-22 6.416e-22 3.057e-21 0.0 158.22 0.0
S391907 204.7698 102.7555 2.649e-21 1.718e-21 5.342e-22 0.0 156.3 0.0
S391908 204.6932 102.7367 3.366e-20 5.0020000000000003e-20 8.121e-20 0.0 160.86 0.0
S391909 204.7151 102.8721 1.005e-18 1.127e-18 9.944e-19 0.0 157.84 0.0
S391910 204.7623 102.9867 2.557e-20 3.74e-20 5.963000000000001e-20 0.0 156.27 0.0
S391911 204.7879 103.0046 5.337e-21 9.143e-21 2.0140000000000002e-20 0.0 160.26 0.0
S391912 204.7293 102.9572 1.9409999999999998e-23 5.744e-23 3.8399999999999995e-22 0.0 158.28 0.0
S391913 204.8131 102.8524 3.373e-20 4.8900000000000004e-20 7.669e-20 0.0 156.53 0.0
S391914 204.6887 102.7527 5.731e-22 1.169e-21 3.716e-21 0.0 159.09 0.0
S391915 204.8868 102.7275 3.742e-22 8.761e-22 3.777e-21 0.0 159.42 0.0
S391916 204.7716 102.892 1.1200000000000002e-20 1.7790000000000002e-20 3.422e-20 0.0 160.94 0.0
S391917 204.8669 102.8572 1.8919999999999998e-22 4.1109999999999997e-22 1.511e-21 0.0 158.35 0.0
S391918 204.7551 102.7866 4.744e-24 1.428e-23 1.0139999999999999e-22 0.0 161.73 0.0
S391919 204.8409 102.7979 1.069e-23 3.348e-23 2.5e-22 0.0 158.55 0.0
S391920 204.7281 102.7758 1.082e-17 1.907e-17 4.536e-17 0.0 155.41 0.0
S391921 204.7545 102.9196 5.727e-23 1.4009999999999998e-22 6.418999999999999e-22 0.0 159.0 0.0
S391922 204.8381 102.9933 2.335e-21 4.421e-21 1.1290000000000001e-20 0.0 155.66 0.0
S391923 204.9124 102.8005 1.086e-21 1.999e-21 5.113e-21 0.0 155.56 0.0
S391924 204.8807 102.8569 1.035e-21 2.161e-21 6.9e-21 0.0 156.91 0.0
S391925 204.8132 102.8065 2.202e-20 3.435e-20 5.943e-20 0.0 159.03 0.0
S391926 204.6702 102.9196 1.311e-24 4.73e-24 4.8139999999999995e-23 0.0 155.67 0.0
S391927 204.8587 102.9855 1.589e-21 3.101e-21 9.207e-21 0.0 158.63 0.0
S391928 204.7435 102.7579 3.105e-20 4.6010000000000004e-20 7.441000000000001e-20 0.0 156.74 0.0
S391929 204.7365 102.8958 5.3780000000000006e-20 8.218000000000001e-20 1.358e-19 0.0 161.11 0.0
S391930 204.8203 102.7354 5.2e-23 1.3419999999999998e-22 7.173999999999999e-22 0.0 160.97 0.0
S391931 204.7071 102.8857 1.756e-23 5.2659999999999996e-23 3.757e-22 0.0 156.94 0.0
S391932 204.8321 102.8769 3.08e-13 3.186e-13 2.452e-13 0.0 161.23 1.0
S391933 204.8531 102.9429 3.7840000000000006e-20 5.459e-20 8.703e-20 0.0 156.47 0.0
S391934 204.819 102.8767 1.0739999999999998e-22 2.8e-22 1.516e-21 0.0 156.37 0.0
S391935 204.6896 102.7541 1.7780000000000003e-20 2.906e-20 6e-20 0.001 156.44 0.0
S391936 204.8416 102.7373 1.4799999999999999e-22 3.6429999999999997e-22 1.763e-21 0.0 161.35 0.0
S391937 204.7316 102.8424 1.712e-21 1.18e-21 4.075e-22 0.0 156.64 0.0
S391938 204.8259 102.9406 6.544e-19 7.479e-19 7.367e-19 0.0 160.61 0.0
S391939 204.7738 102.7954 1.046e-18 1.202e-18 1.108e-18 0.0 161.13 1.0
S391940 204.7729 102.7783 1.006e-17 9.415e-18 5.881e-18 0.0 156.04 0.0
S391941 204.8244 102.9182 4.9380000000000005e-20 7.392000000000001e-20 1.259e-19 0.0 161.16 0.0
S391942 204.8091 103.0438 1.3119999999999998e-22 3.5239999999999997e-22 1.945e-21 0.001 159.46 0.0
S391943 204.7435 102.9713 7.739e-18 7.396e-18 5.044e-18 0.0 159.81 0.0
S391944 204.8149 102.9741 3.239e-18 3.119e-18 2.115e-18 0.0 156.08 0.0
S391945 204.7721 102.8164 6.691e-27 4.614e-26 1.872e-24 0.0 160.13 0.0
S391946 204.9072 102.8294 1.873e-23 5.380999999999999e-23 3.5379999999999996e-22 0.0 161.77 0.0
S391947 204.8128 102.7784 2.322e-23 6.27e-23 3.5159999999999997e-22 0.0 161.93 0.0
S391948 204.839 102.8587 1.339e-19 1.74e-19 2.121e-19 0.0 158.14 0.0
S391949 204.8848 102.787 1.328e-23 3.874e-23 2.6479999999999997e-22 0.0 160.11 0.0
S391950 204.7867 102.7767 2.3059999999999997e-22 5.010999999999999e-22 1.787e-21 0.0 157.98 0.0
S391951 204.7695 102.9795 4.0329999999999995e-22 8.684999999999999e-22 3.1300000000000002e-21 0.0 160.72 0.0
S391952 204.8736 102.8713 8.029e-23 2.1189999999999996e-22 1.138e-21 0.0 158.5 0.0
S391953 204.7102 102.8761 3.7919999999999997e-22 8.449999999999999e-22 3.288e-21 0.0 161.88 0.0
S391954 204.7511 102.8143 9.507e-24 2.974e-23 2.2589999999999996e-22 0.0 155.78 0.0
S391955 204.7232 102.6835 3.594e-19 4.154e-19 4.055e-19 0.0 158.27 0.0
S391956 204.8814 102.7919 7.74e-20 1.056e-19 1.406e-19 0.0 155.69 0.0
S391957 204.6966 102.9299 2.6669999999999995e-22 5.823999999999999e-22 2.18e-21 0.0 159.69 0.0
S391958 204.7391 102.7128 2.263e-20 3.4270000000000004e-20 5.686e-20 0.0 159.94 0.0
S391959 204.7591 102.9931 2.077e-23 6.105e-23 4.1439999999999994e-22 0.0 157.22 0.0
S391960 204.7202 102.9411 4.325e-24 1.488e-23 1.415e-22 0.0 161.5 0.0
S391961 204.8158 102.7617 9.173999999999999e-23 2.4239999999999997e-22 1.313e-21 0.0 158.82 0.0
S391962 204.7235 102.9108 1.276e-21 9.05e-22 3.2799999999999998e-22 0.0 157.37 0.0
S391963 204.7964 102.9978 3.83e-20 5.683e-20 9.145e-20 0.0 159.7 0.0
S391964 204.882 102.8987 1.289e-21 9.221999999999999e-22 3.31e-22 0.0 156.03 0.0
S391965 204.9012 102.8764 1.857e-19 2.266e-19 2.487e-19 0.0 160.84 0.0
S391966 204.8751 102.8909 2.0900000000000002e-20 3.251e-20 5.805e-20 0.0 159.22 0.0
S391967 204.732 102.7612 9.186e-19 1.031e-18 9.656e-19 0.0 156.02 0.0
S391968 204.6731 102.8408 1.6309999999999998e-22 4.1959999999999994e-22 2.184e-21 0.0 156.15 0.0
S391969 204.7915 102.8262 2.5989999999999998e-23 7.196e-23 4.2269999999999995e-22 0.0 158.05 0.0
S391970 204.7994 102.7501 8.081e-18 7.699e-18 4.941e-18 0.0 159.2 0.0
S391971 204.7604 102.8484 8.479e-24 2.3909999999999998e-23 1.448e-22 0.0 161.26 0.0
S391972 204.7445 102.8097 1.694e-20 2.767e-20 5.634e-20 0.0 158.96 0.0
S391973 204.8263 102.9632 4.775e-21 8.705e-21 2.146e-20 0.0 159.49 0.0
S391974 204.8836 102.9179 6.035e-21 1.0740000000000001e-20 2.605e-20 0.0 156.91 0.0
S391975 204.7177 102.8064 1.7e-21 3.179e-21 8.456e-21 0.0 155.79 0.0
S391976 204.5972 102.9147 1.295e-22 3.0189999999999997e-22 1.228e-21 0.0 161.27 0.0
S391977 204.7533 102.9145 2.821e-20 4.603e-20 8.893e-20 0.0 155.84 0.0
S391978 204.8848 102.8346 5.513e-19 6.298e-19 5.986e-19 0.0 157.4 0.0
S391979 204.8057 102.8099 2.32e-21 4.38e-21 1.211e-20 0.0 156.17 0.0
S391980 204.7553 103.0041 6.700999999999999e-23 1.7179999999999999e-22 8.602999999999999e-22 0.0 156.9 0.0
S391981 204.7444 102.9255 3.366e-19 4.055e-19 4.295e-19 0.0 161.31 0.0
S391982 204.9361 102.7759 1.2189999999999998e-22 3.11e-22 1.554e-21 0.0 161.82 0.0
S391983 204.7211 102.795 3.49e-21 6.08e-21 1.325e-20 0.0 156.05 0.0
S391984 204.8402 102.8753 2.7769999999999997e-23 7.396e-23 4.237999999999999e-22 0.0 161.56 0.0
S391985 204.7814 102.9471 4.772e-17 1.034e-16 3.736e-16 0.0 159.66 1.0
S391986 204.8747 102.7775 7.003e-23 1.455e-22 4.885e-22 0.0 160.86 0.0
S391987 204.7286 102.6899 2.219e-20 3.3370000000000004e-20 5.58e-20 0.0 157.37 0.0
S391988 204.858 103.0036 2.048e-19 2.61e-19 3.033e-19 0.0 158.53 0.0
S391989 204.7977 102.8741 1.5930000000000002e-20 2.4690000000000002e-20 4.528e-20 0.0 160.89 0.0
S391990 204.7102 102.8702 2.408e-19 3.004e-19 3.394e-19 0.0 160.05 0.0
S391991 204.7731 102.8513 4.447e-21 7.968e-21 1.957e-20 0.0 158.18 0.0
S391992 204.8309 102.9633 1.306e-24 4.745e-24 5.147e-23 0.0 157.78 0.0
S391993 204.7818 102.8423 2.499e-19 2.99e-19 3.058e-19 0.0 157.37 0.0
S391994 204.7783 102.8736 2.361e-25 1.049e-24 1.6709999999999998e-23 0.0 158.77 0.0
S391995 204.9519 102.9256 5.2360000000000004e-20 7.503e-20 1.094e-19 0.0 157.2 0.0
S391996 204.7844 102.9243 5.855e-24 1.836e-23 1.4299999999999998e-22 0.0 158.14 0.0
S391997 204.7866 102.7862 1.334e-19 1.889e-19 2.883e-19 0.0 156.06 0.0
S391998 204.7005 102.872 1.628e-23 4.819e-23 3.2e-22 0.0 159.78 0.0
S391999 204.829 102.8351 2.391e-21 4.608e-21 1.299e-20 0.0 156.11 0.0
S392000 204.9321 102.8197 4.249e-19 5.149e-19 5.598e-19 0.0 161.36 0.0
S392001 204.7313 102.9096 2.578e-24 9.119999999999999e-24 9.401999999999999e-23 0.0 157.9 0.0
S392002 204.8869 102.7537 2.744e-19 3.4e-19 3.84e-19 0.0 160.65 0.0
S392003 204.7063 102.7213 7.513000000000001e-26 3.7940000000000003e-25 7.931e-24 0.0 157.0 0.0
S392004 204.7476 103.0016 1.461e-25 7.13e-25 1.384e-23 0.0 160.28 0.0
S392005 204.8757 102.9061 6.115e-21 1.0840000000000001e-20 2.5040000000000002e-20 0.0 155.99 0.0
S392006 204.8431 102.7025 1.635e-23 4.583e-23 2.822e-22 0.0 159.69 0.0
S392007 204.7991 102.8828 1.191e-24 4.665e-24 5.649e-23 0.0 159.47 0.0
S392008 204.789 102.8497 2.658e-19 3.162e-19 3.323e-19 0.0 156.97 0.0
S392009 204.7998 102.6842 4.1790000000000004e-20 6.422000000000001e-20 1.164e-19 0.0 159.84 0.0
S392010 204.7997 102.8398 4.490999999999999e-22 9.911e-22 3.704e-21 0.0 156.78 0.0
S392011 204.733 102.8774 1.542e-21 3.132e-21 9.443e-21 0.0 156.47 0.0
S392012 204.7109 102.9493 2.255e-21 4.418e-21 1.3290000000000002e-20 0.0 158.23 0.0
S392013 204.9547 103.0224 7.959e-23 2.016e-22 9.872999999999999e-22 0.0 156.98 0.0
S392014 204.7411 102.9583 2.404e-22 5.529999999999999e-22 2.312e-21 0.0 161.55 0.0
S392015 204.8096 102.8616 5.658e-22 1.205e-21 4.178e-21 0.0 158.48 0.0
S392016 204.8501 102.8801 1.895e-21 3.832e-21 1.211e-20 0.0 158.62 0.0
S392017 204.6265 102.9164 2.316e-18 2.455e-18 1.991e-18 0.0 162.05 0.0
S392018 204.8343 102.7845 1.323e-19 1.785e-19 2.335e-19 0.0 156.78 0.0
S392019 204.8414 102.9879 4.307e-18 4.189e-18 2.96e-18 0.0 160.64 0.0
S392020 204.7609 102.8666 1.066e-20 1.683e-20 3.2050000000000005e-20 0.0 161.07 0.0
S392021 204.8025 103.0617 4.226e-19 4.888e-19 4.795e-19 0.0 159.85 0.0
S392022 204.6852 102.7774 5.31e-21 9.467e-21 2.2350000000000002e-20 0.0 160.28 0.0
S392023 204.822 102.7576 2.05e-24 7.456e-24 8.029e-23 0.0 155.73 0.0
S392024 204.7636 102.8801 2.0689999999999998e-22 5.075e-22 2.366e-21 0.0 156.28 0.0
S392025 204.8046 102.8854 1.5350000000000001e-21 3.149e-21 9.807e-21 0.0 158.61 0.0
S392026 204.7928 102.7844 4.994e-18 4.674e-18 2.991e-18 0.0 161.51 0.0
S392027 204.7093 102.8633 4.8400000000000006e-20 7.310000000000001e-20 1.196e-19 0.0 157.94 0.0
S392028 204.866 102.8729 2.501e-22 5.969e-22 2.641e-21 0.0 158.34 0.0
S392029 204.8466 102.8086 1.9230000000000002e-21 3.653e-21 1.0000000000000001e-20 0.0 158.98 0.0
S392030 204.8357 102.8105 3.5589999999999996e-22 7.989e-22 3.075e-21 0.0 161.02 0.0
S392031 204.8624 102.9035 5.732999999999999e-23 1.574e-22 9.481999999999998e-22 0.001 155.46 0.0
S392032 204.8904 103.0171 2.715e-21 4.8e-21 1.166e-20 0.0 155.32 0.0
S392033 204.7569 102.7989 2.183e-21 4.049e-21 1.0340000000000001e-20 0.0 156.72 0.0
S392034 204.7466 102.8175 7.176e-25 2.78e-24 3.425e-23 0.0 156.21 0.0
S392035 204.9397 102.8058 3.431e-23 9.006999999999999e-23 4.935999999999999e-22 0.0 155.93 0.0
S392036 204.734 102.8234 5.417e-23 1.291e-22 5.858999999999999e-22 0.0 160.83 0.0
S392037 204.9067 102.8315 1.154e-21 2.306e-21 6.894e-21 0.0 159.37 0.0
S392038 204.8021 102.9235 3.052e-18 3.133e-18 2.331e-18 0.0 161.47 0.0
S392039 204.8195 102.8159 7.853e-22 1.692e-21 5.833e-21 0.0 159.11 0.0
S392040 204.7952 102.9442 4.9190000000000003e-20 6.885000000000001e-20 1.017e-19 0.0 161.59 0.0
S392041 204.7242 102.8394 1.298e-18 1.407e-18 1.17e-18 0.0 158.6 0.0
S392042 204.8331 102.7358 7.791e-17 6.217e-17 2.818e-17 0.0 160.98 0.0
S392043 204.7234 102.83 1.436e-19 1.769e-19 2.016e-19 0.0 157.3 0.0
S392044 204.7727 102.7476 2.1430000000000002e-21 4.056e-21 1.0930000000000001e-20 0.0 157.53 0.0
S392045 204.833 102.9406 1.409e-17 2.273e-17 4.266e-17 0.0 159.61 0.0
S392046 204.8521 102.9803 8.617e-20 1.203e-19 1.734e-19 0.0 159.47 0.0
S392047 204.8298 102.842 1.947e-19 2.515e-19 3.032e-19 0.0 158.17 0.0
S392048 204.7558 102.8344 9.066e-19 1.035e-18 9.457e-19 0.0 159.19 0.0
S392049 204.8149 103.0257 6.325e-20 8.539e-20 1.118e-19 0.0 155.5 0.0
S392050 204.8464 102.9254 2.1970000000000002e-20 3.594e-20 7.228000000000001e-20 0.0 161.05 0.0
S392051 204.8747 103.008 4.4410000000000005e-20 6.560000000000001e-20 1.037e-19 0.0 155.44 0.0
S392052 204.7706 102.6915 6.212e-19 7.214e-19 7.003e-19 0.0 156.19 0.0
S392053 204.8477 102.9598 4.784e-21 8.428000000000001e-21 1.887e-20 0.0 159.21 0.0
S392054 204.9372 102.9154 4.834e-19 5.761e-19 6.089e-19 0.0 161.06 0.0
S392055 204.6697 102.8751 1.169e-18 1.267e-18 1.118e-18 0.0 160.11 0.0
S392056 204.7627 102.7916 3.198e-18 3.197e-18 2.364e-18 0.0 159.69 0.0
S392057 204.7009 102.9559 4.64e-21 8.025e-21 1.784e-20 0.0 158.6 0.0
S392058 204.8089 102.7711 7.455e-17 1.175e-16 2.137e-16 0.0 156.25 0.0
S392059 204.9291 102.8757 3.894e-17 5.83e-17 9.622e-17 0.0 159.32 0.0
S392060 204.9423 102.8999 1.602e-21 1.093e-21 3.839e-22 0.0 156.62 0.0
S392061 204.9443 102.8228 3e-20 4.666e-20 8.616000000000001e-20 0.0 157.67 0.0
S392062 204.79 102.8694 5.487999999999999e-22 1.1220000000000001e-21 3.586e-21 0.0 159.91 0.0
S392063 204.8846 102.8888 5.518e-18 9.491e-18 2.115e-17 0.0 157.88 0.0
S392064 204.8069 102.8246 1.688e-24 5.9939999999999996e-24 6.29e-23 0.0 161.03 0.0
S392065 204.7984 102.7736 1.231e-21 2.725e-21 1.0080000000000002e-20 0.0 155.65 0.0
S392066 204.7809 102.9304 3.199e-25 1.303e-24 1.7409999999999998e-23 0.0 159.34 0.0
S392067 204.854 102.8504 5.604e-19 6.652e-19 6.828e-19 0.0 159.26 0.0
S392068 204.8402 102.9309 1.2319999999999999e-23 3.5729999999999996e-23 2.3559999999999996e-22 0.0 158.27 0.0
S392069 204.6896 102.8516 8.616e-22 1.712e-21 5.2130000000000004e-21 0.0 156.45 0.0
S392070 204.6802 102.9037 2.498e-18 2.578e-18 1.947e-18 0.0 158.4 0.0
S392071 204.9724 103.0309 9.985999999999999e-23 2.674e-22 1.539e-21 0.0 159.76 0.0
S392072 204.8011 102.7297 2.068e-19 2.423e-19 2.452e-19 0.0 157.72 0.0
S392073 204.7598 102.7478 3.0820000000000002e-21 5.63e-21 1.3860000000000002e-20 0.0 157.3 0.0
S392074 204.6986 102.9085 7.248e-23 1.6789999999999998e-22 6.987999999999999e-22 0.0 158.98 0.0
S392075 204.8051 102.8028 5.908e-20 8.355e-20 1.266e-19 0.0 156.41 0.0
S392076 204.7572 102.9661 2.406e-18 2.392e-18 1.736e-18 0.0 157.83 0.0
S392077 204.8602 102.7771 3.8479999999999995e-22 7.790999999999999e-22 2.451e-21 0.0 161.5 0.0
S392078 204.8142 102.9096 2.839e-18 2.938e-18 2.34e-18 0.0 156.62 0.0
S392079 204.746 102.9248 8.027e-19 9.291e-19 9.252e-19 0.0 161.45 0.0
S392080 204.9621 103.0265 1.2170000000000001e-21 2.217e-21 5.536e-21 0.0 156.88 0.0
S392081 204.7424 102.8324 2.181e-24 7.393e-24 6.634e-23 0.0 159.62 0.0
S392082 204.9905 102.9234 1.0809999999999999e-23 3.0819999999999996e-23 1.9469999999999998e-22 0.0 158.86 0.0
S392083 204.6804 102.7142 1.648e-23 4.829e-23 3.275e-22 0.0 159.32 0.0
S392084 204.8053 102.8082 3.8109999999999995e-22 7.7779999999999995e-22 2.578e-21 0.0 159.76 0.0
S392085 204.6907 102.6564 3.2720000000000002e-21 6.266e-21 1.698e-20 0.0 161.41 0.0
S392086 204.854 102.9132 2.7e-25 1.284e-24 2.4089999999999998e-23 0.0 156.17 0.0
S392087 204.857 102.8053 9.073e-24 2.669e-23 1.841e-22 0.0 161.58 0.0
S392088 204.9644 102.8506 4.237e-23 1.161e-22 6.978e-22 0.0 156.85 0.0
S392089 204.7503 102.9857 1.137e-20 1.9590000000000002e-20 4.486e-20 0.0 160.31 0.0
S392090 204.9119 102.9559 6.917e-21 1.1580000000000002e-20 2.4470000000000003e-20 0.0 160.94 0.0
S392091 204.9971 102.8145 1.404e-21 3.093e-21 1.1360000000000001e-20 0.0 161.37 0.0
S392092 204.846 102.9691 8.734e-20 1.227e-19 1.784e-19 0.0 156.64 0.0
S392093 204.806 102.8648 2.199e-19 2.973e-19 3.923e-19 0.0 160.66 0.0
S392094 204.8216 102.7684 1.043e-24 3.725e-24 3.705e-23 0.0 161.28 0.0
S392095 204.7123 102.7478 3.5229999999999996e-22 7.637999999999999e-22 2.787e-21 0.0 155.7 0.0
S392096 204.9096 102.9971 8.522e-22 1.605e-21 4.377e-21 0.0 161.35 0.0
S392097 204.6542 102.7814 1.721e-20 2.755e-20 5.0470000000000006e-20 0.0 155.71 0.0
S392098 204.735 103.0159 5.766e-25 2.344e-24 3.055e-23 0.0 161.32 0.0
S392099 204.8508 102.9151 6.927e-23 1.7839999999999998e-22 9.054e-22 0.0 158.1 0.0
S392100 204.8165 102.9852 3.669e-23 9.705999999999999e-23 5.376e-22 0.0 161.69 0.0
S392101 204.6552 102.794 7.058e-24 2.3389999999999998e-23 2.144e-22 0.0 158.24 0.0
S392102 204.736 102.9136 1.637e-24 5.51e-24 4.9379999999999996e-23 0.0 157.5 0.0
S392103 204.9027 102.9363 2.37e-18 2.455e-18 1.926e-18 0.0 160.61 0.0
S392104 204.878 102.7715 6.615e-17 5.341e-17 2.525e-17 0.0 161.75 0.0
S392105 204.8276 102.833 2.0410000000000002e-20 3.1640000000000004e-20 5.942000000000001e-20 0.0 156.95 0.0
S392106 204.8311 102.9884 1.4799999999999999e-22 3.5589999999999996e-22 1.573e-21 0.0 158.9 0.0
S392107 204.8426 102.9452 7.789e-21 1.3540000000000001e-20 3.016e-20 0.0 160.96 0.0
S392108 204.8475 102.7563 1.77e-21 3.393e-21 9.778e-21 0.0 161.66 0.0
S392109 204.7327 102.6147 2.15e-20 3.072e-20 4.6220000000000003e-20 0.0 160.89 0.0
S392110 204.7598 103.0125 3.905e-18 3.997e-18 3.009e-18 0.0 155.55 0.0
S392111 204.7922 102.9756 6.315e-18 6.05e-18 3.964e-18 0.0 157.91 0.0
S392112 204.8918 102.8354 8.113000000000001e-20 1.14e-19 1.686e-19 0.0 160.38 0.0
S392113 204.7391 102.6322 9.912e-23 2.5059999999999997e-22 1.2200000000000001e-21 0.0 159.31 0.0
S392114 204.7236 102.8364 1.1290000000000001e-20 1.833e-20 3.597e-20 0.0 161.36 0.0
S392115 204.7856 102.8809 2.1649999999999998e-23 5.591999999999999e-23 3.022e-22 0.0 160.82 0.0
S392116 204.7031 102.7032 5.661e-26 2.8230000000000003e-25 5.656e-24 0.0 158.31 0.0
S392117 204.8522 102.9802 1.5909999999999998e-22 3.8949999999999997e-22 1.8e-21 0.0 156.59 0.0
S392118 204.8608 102.9858 3.0400000000000004e-20 4.437e-20 7.282000000000001e-20 0.0 158.34 0.0
S392119 204.7723 102.8627 3.496e-17 2.838e-17 1.292e-17 0.0 157.12 0.0
S392120 204.7257 102.9059 4.878e-21 8.887e-21 2.212e-20 0.0 159.68 0.0
S392121 204.9351 102.7713 1.335e-17 2.385e-17 5.501e-17 0.0 161.64 0.0
S392122 204.99 102.8149 5.339e-21 8.983e-21 1.8720000000000002e-20 0.0 160.12 0.0
S392123 204.7904 102.7896 8.872e-23 2.1579999999999998e-22 9.471e-22 0.0 159.34 0.0
S392124 204.8312 102.6987 1.994e-17 2.957e-17 4.815e-17 0.0 155.41 0.0
S392125 204.652 102.7785 8.66e-13 7.352e-13 3.881e-13 0.0 155.49 1.0
S392126 204.8716 102.8132 3.5330000000000006e-26 1.9000000000000001e-25 4.458e-24 0.0 161.49 0.0
S392127 204.893 102.946 2.516e-19 3.14e-19 3.38e-19 0.0 157.62 0.0
S392128 204.885 102.9339 1.08e-21 2.266e-21 7.49e-21 0.0 158.43 0.0
S392129 204.7408 102.8233 1.276e-19 1.727e-19 2.225e-19 0.0 157.21 0.0
S392130 204.9097 102.8959 3.4120000000000005e-20 4.9290000000000006e-20 7.454e-20 0.0 161.64 0.0
S392131 204.6853 102.8351 1.34e-22 3.133e-22 1.326e-21 0.0 161.55 0.0
S392132 204.6962 102.859 1.826e-21 3.595e-21 1.054e-20 0.0 161.66 0.0
S392133 204.7533 102.7816 7.737e-23 1.8979999999999998e-22 9.186999999999998e-22 0.0 161.76 0.0
S392134 204.6584 102.6381 1.307e-22 3.6869999999999997e-22 2.217e-21 0.0 161.84 0.0
S392135 204.6691 102.7506 5.509e-21 9.782e-21 2.367e-20 0.0 158.17 0.0
S392136 204.9467 102.941 1.535e-19 1.94e-19 2.309e-19 0.0 156.1 0.0
S392137 204.7597 102.968 1.388e-24 5.346e-24 6.63e-23 0.0 159.49 0.0
S392138 204.7357 102.8009 2.128e-21 4.258e-21 1.282e-20 0.0 161.42 0.0
S392139 204.711 102.7376 1.577e-24 5.471e-24 5.174e-23 0.0 158.89 0.0
S392140 204.8674 102.9532 6.729e-13 5.008e-13 2.024e-13 0.0 157.8 0.0
S392141 205.046 102.9402 8.160999999999999e-22 1.793e-21 6.4500000000000005e-21 0.0 156.75 0.0
S392142 204.8165 103.0372 4.681e-19 5.458e-19 5.283e-19 0.0 161.55 0.0
S392143 204.7607 102.8791 7.237e-18 1.099e-17 1.89e-17 0.0 158.57 0.0
S392144 204.6691 102.9679 5.89e-23 1.541e-22 8.147999999999999e-22 0.0 155.29 0.0
S392145 204.7453 102.8086 1.908e-19 2.49e-19 3.079e-19 0.0 161.74 0.0
S392146 204.8031 103.021 3.201e-17 2.616e-17 1.252e-17 0.0 159.42 0.0
S392147 204.8381 102.871 7.857e-18 1.459e-17 3.655e-17 0.0 159.73 0.0
S392148 204.7111 102.9701 1.137e-17 2.135e-17 5.528e-17 0.0 159.71 0.0
S392149 204.9297 102.8022 5.762e-25 2.255e-24 2.7899999999999997e-23 0.0 159.61 0.0
S392150 204.8221 102.8385 2.133e-18 2.148e-18 1.591e-18 0.0 159.87 0.0
S392151 204.7252 102.7898 2.3490000000000002e-20 3.4480000000000004e-20 5.521000000000001e-20 0.0 156.62 0.0
S392152 204.818 103.0514 6.355e-22 1.413e-21 5.3440000000000004e-21 0.001 155.87 0.0
S392153 204.8466 102.8911 6.034e-19 7.19e-19 7.316e-19 0.0 158.0 0.0
S392154 204.7852 102.7852 2.979e-19 3.553e-19 3.775e-19 0.0 159.4 0.0
S392155 204.7199 102.9153 1.0849999999999998e-22 2.7049999999999996e-22 1.343e-21 0.0 158.44 1.0
S392156 204.8563 102.7947 1.9659999999999998e-22 5.146999999999999e-22 2.629e-21 0.0 156.88 0.0
S392157 204.8416 102.8486 2.472e-17 2.186e-17 1.198e-17 0.0 160.89 0.0
S392158 204.8802 102.9547 5.1949999999999997e-23 1.5419999999999998e-22 1.068e-21 0.0 159.12 0.0
S392159 204.6687 102.9132 5.645e-22 1.127e-21 3.436e-21 0.0 161.16 0.0
S392160 204.8135 102.8 1.2669999999999999e-23 4.066e-23 3.3439999999999996e-22 0.0 161.28 0.0
S392161 204.8866 102.8396 1.022e-19 1.316e-19 1.585e-19 0.0 161.57 0.0
S392162 204.7092 102.7878 1.994e-19 2.54e-19 2.943e-19 0.0 157.65 0.0
S392163 204.8307 102.7362 8.352e-18 7.406e-18 4.138e-18 0.0 161.62 0.0
S392164 204.8472 102.7809 1.517e-23 4.344e-23 2.746e-22 0.0 159.01 0.0
S392165 204.8349 102.788 4.195e-20 6.270000000000001e-20 1.04e-19 0.0 156.69 0.0
S392166 204.9382 102.9064 2.725e-17 2.273e-17 1.131e-17 0.0 160.22 0.0
S392167 204.8411 102.9024 1.46e-21 2.833e-21 7.814e-21 0.0 157.1 0.0
S392168 204.838 102.9864 5.041e-24 1.5069999999999998e-23 1.076e-22 0.0 156.53 0.0
S392169 204.9244 102.977 7.82e-25 2.864e-24 3.078e-23 0.0 161.12 0.0
S392170 204.997 102.8736 5.151e-24 1.844e-23 1.8699999999999999e-22 0.0 160.37 0.0
S392171 204.7199 102.7989 4.1639999999999998e-22 8.643e-22 2.836e-21 0.0 158.84 0.0
S392172 204.9673 102.9045 4.3169999999999996e-23 1.0439999999999999e-22 4.825e-22 0.0 156.59 0.0
S392173 204.7469 102.9138 7.064999999999999e-23 1.915e-22 1.097e-21 0.0 156.23 0.0
S392174 204.9178 102.9292 1.634e-18 1.691e-18 1.351e-18 0.0 161.19 0.0
S392175 204.8266 102.8305 1.291e-22 3.3839999999999998e-22 1.876e-21 0.0 159.98 0.0
S392176 204.8752 102.8501 3.494e-23 9.603e-23 5.546999999999999e-22 0.0 160.85 0.0
S392177 204.8115 102.9364 8.458e-21 1.4710000000000003e-20 3.34e-20 0.0 161.67 0.0
S392178 204.9715 102.9218 2.9879999999999996e-22 6.224999999999999e-22 2.062e-21 0.0 156.48 0.0
S392179 204.6797 102.9781 2.988e-21 5.229e-21 1.1980000000000001e-20 0.0 161.88 0.0
S392180 204.7732 102.9015 2.993e-23 7.084999999999999e-23 3.1519999999999997e-22 0.0 161.38 0.0
S392181 204.9034 102.7886 6.587000000000001e-25 2.77e-24 4.144e-23 0.0 156.04 0.0
S392182 204.7216 102.9619 7.226999999999999e-22 1.512e-21 5.257e-21 0.0 159.77 0.0
S392183 204.8163 102.9632 4.9390000000000004e-21 9.026e-21 2.202e-20 0.0 158.17 0.0
S392184 204.7016 102.8543 2.395e-23 5.805e-23 2.7279999999999996e-22 0.0 161.08 0.0
S392185 204.7329 102.853 1.768e-21 3.497e-21 1.0720000000000001e-20 0.0 158.71 0.0
S392186 204.8511 102.8042 7.769e-23 1.8129999999999998e-22 7.556e-22 0.0 159.52 0.0
S392187 204.7467 102.8562 7.592999999999999e-22 1.57e-21 5.136e-21 0.0 156.18 0.0
S392188 204.9073 102.966 4.396e-25 1.7559999999999998e-24 2.283e-23 0.0 157.79 0.0
S392189 204.781 102.8318 6.431e-23 1.5939999999999998e-22 7.559999999999999e-22 0.0 160.12 0.0
S392190 204.7934 102.8691 9.322000000000001e-20 1.268e-19 1.659e-19 0.0 161.48 0.0
S392191 204.7978 102.8285 8.123e-23 2.362e-22 1.5440000000000001e-21 0.0 161.37 0.0
S392192 204.816 102.8987 2.851e-22 6.586999999999999e-22 2.606e-21 0.0 160.61 0.0
S392193 204.8418 102.799 1.774e-21 3.2070000000000002e-21 7.983e-21 0.0 155.6 0.0
S392194 204.8254 102.7634 1.355e-19 1.699e-19 1.963e-19 0.0 158.54 0.0
S392195 204.7667 102.9026 9.533e-23 2.2749999999999996e-22 1.022e-21 0.0 156.95 0.0
S392196 204.7892 102.9404 2.9540000000000004e-26 1.7280000000000002e-25 5.097e-24 0.0 156.91 0.0
S392197 204.7382 102.8954 9.703e-21 1.4020000000000003e-20 2.198e-20 0.0 157.72 0.0
S392198 204.8302 102.7943 5.384e-19 5.965e-19 5.275e-19 0.0 161.63 0.0
S392199 204.6787 102.8901 3.784e-18 3.577e-18 2.297e-18 0.0 158.32 0.0
S392200 204.9707 102.9078 1.6350000000000002e-26 9.588000000000001e-26 2.742e-24 0.0 158.26 0.0
S392201 204.883 102.9287 4.456e-18 8.204e-18 2.121e-17 0.0 155.68 0.0
S392202 204.6986 102.9744 2.219e-18 2.316e-18 1.89e-18 0.0 155.55 0.0
S392203 204.8159 102.8877 1.581e-19 2.012e-19 2.339e-19 0.0 159.03 0.0
S392204 204.7984 102.9951 3.876e-22 8.382999999999999e-22 3.036e-21 0.0 156.31 0.0
S392205 204.7273 102.8291 1.375e-19 1.841e-19 2.433e-19 0.0 159.28 0.0
S392206 204.7354 102.8792 1.536e-21 2.953e-21 8.358000000000001e-21 0.0 161.46 0.0
S392207 204.7378 102.7339 2.754e-22 6.491999999999999e-22 2.798e-21 0.0 161.18 0.0
S392208 204.8862 102.8121 2.353e-23 6.445e-23 3.6109999999999996e-22 0.0 157.43 0.0
S392209 204.8062 102.781 1.6279999999999998e-22 4.368e-22 2.408e-21 0.0 158.09 0.0
S392210 204.8477 102.7271 8.728e-23 2.338e-22 1.322e-21 0.0 155.67 0.0
S392211 204.7718 102.8858 4.7749999999999995e-23 1.218e-22 6.297e-22 0.0 160.42 0.0
S392212 204.8095 102.956 3.7029999999999997e-22 7.869e-22 2.736e-21 0.0 161.83 0.0
S392213 204.7618 102.9237 2.414e-22 4.992999999999999e-22 1.644e-21 0.0 160.75 0.0
S392214 204.9853 102.9731 3.573e-21 6.506e-21 1.6340000000000002e-20 0.0 157.2 0.0
S392215 204.7582 102.7754 1.285e-24 4.38e-24 3.952e-23 0.0 158.34 0.0
S392216 204.7473 102.9153 3.883e-23 9.828e-23 4.972e-22 0.0 161.03 0.0
S392217 204.7746 102.9129 2.2140000000000002e-20 3.4000000000000003e-20 5.853000000000001e-20 0.0 156.03 0.0
S392218 204.7278 102.8811 6.824e-19 7.811e-19 7.211e-19 0.0 161.81 0.0
S392219 204.9321 102.9072 2.679e-19 3.226e-19 3.415e-19 0.0 157.48 0.0
S392220 204.6965 102.941 1.473e-20 2.339e-20 4.278e-20 0.0 159.0 0.0
S392221 204.9237 102.9189 8.108e-18 1.297e-17 2.578e-17 0.0 157.16 0.0
S392222 204.8523 102.7529 4.364e-24 1.3719999999999998e-23 1.0469999999999998e-22 0.0 160.28 0.0
S392223 204.7629 102.9302 1.429e-20 2.2720000000000003e-20 4.1990000000000005e-20 0.0 158.51 0.0
S392224 204.7182 102.7009 1.253e-17 1.18e-17 7.479e-18 0.0 159.58 0.0
S392225 204.8435 102.8886 1.0849999999999999e-23 3.252e-23 2.266e-22 0.0 160.03 0.0
S392226 204.7416 102.7895 4.6320000000000004e-26 2.595e-25 6.709e-24 0.0 155.83 0.0
S392227 204.8896 102.8209 4.834e-24 1.5069999999999998e-23 1.1049999999999999e-22 0.0 157.53 0.0
S392228 204.9212 102.9195 9.956999999999999e-23 2.5139999999999997e-22 1.216e-21 0.0 161.55 0.0
S392229 204.7528 102.9493 7.301e-21 1.1840000000000002e-20 2.3160000000000003e-20 0.0 155.78 0.0
S392230 204.8252 102.7894 2.0669999999999999e-22 4.580999999999999e-22 1.738e-21 0.0 159.65 0.0
S392231 204.7853 102.7721 9.905999999999999e-22 7.14e-22 2.7789999999999996e-22 0.0 158.49 0.0
S392232 204.8179 102.8725 5.94e-18 1.161e-17 3.328e-17 0.0 156.81 0.0
S392233 204.8995 102.8579 6.092e-23 1.4859999999999998e-22 6.888e-22 0.0 161.62 0.0
S392234 204.7187 102.6972 2.8409999999999997e-22 6.985999999999999e-22 3.307e-21 0.0 159.74 0.0
S392235 204.9374 102.8389 5.46e-25 2.311e-24 3.393e-23 0.0 156.32 0.0
S392236 204.745 102.764 8.866e-21 1.3850000000000002e-20 2.5700000000000002e-20 0.0 161.76 0.0
S392237 204.9388 102.9576 2.632e-18 2.644e-18 1.992e-18 0.0 155.88 0.0
S392238 204.7627 102.8748 1.1149999999999998e-22 2.948e-22 1.661e-21 0.0 156.74 0.0
S392239 204.7248 102.8323 1.9569999999999997e-22 4.492999999999999e-22 1.7980000000000002e-21 0.0 161.12 0.0
S392240 204.814 102.7953 5e-22 1.189e-21 4.985e-21 0.0 159.98 0.0
S392241 204.9093 102.7863 3.058e-23 8.000999999999999e-23 4.382e-22 0.0 157.56 0.0
S392242 204.7105 102.838 1.1189999999999998e-22 2.591e-22 1.105e-21 0.0 157.77 0.0
S392243 204.7105 102.9021 4.882e-18 4.722e-18 3.176e-18 0.0 161.34 0.0
S392244 204.7195 102.7727 1.499e-21 2.745e-21 7.101e-21 0.0 158.64 0.0
S392245 204.7289 102.9638 1.429e-17 1.347e-17 8.662e-18 0.0 157.9 0.0
S392246 204.9157 102.8959 3.295e-23 9.029e-23 5.376e-22 0.0 159.99 0.0
S392247 204.8454 102.9502 4.4469999999999996e-23 1.07e-22 4.815999999999999e-22 0.0 159.1 0.0
S392248 204.6438 102.7232 2.028e-17 3.198e-17 5.801e-17 0.0 161.3 0.0
S392249 204.8098 102.8614 2.703e-24 8.687e-24 7.070999999999999e-23 0.0 155.71 0.0
S392250 204.6697 102.7762 4.078e-21 7.188e-21 1.6860000000000002e-20 0.0 157.02 0.0
S392251 204.8796 102.7499 5.516e-23 1.344e-22 6.034999999999999e-22 0.001 155.63 0.0
S392252 204.8158 102.9976 3.571e-22 8.673e-22 3.8460000000000004e-21 0.0 160.1 0.0
S392253 204.8844 102.8862 4.487e-19 5.351e-19 5.585e-19 0.0 157.94 0.0
S392254 204.8935 102.8393 7.803999999999999e-24 2.3569999999999998e-23 1.644e-22 0.0 158.37 0.0
S392255 204.908 102.7346 1.746e-17 3.788e-17 1.374e-16 0.0 160.58 0.0
S392256 204.6813 102.8866 5.486e-23 1.395e-22 6.716999999999999e-22 0.0 159.62 0.0
S392257 204.8628 102.9843 3.57e-18 6.967e-18 1.949e-17 0.0 161.54 0.0
S392258 204.7753 102.9711 3.584e-23 9.187999999999999e-23 4.828e-22 0.0 155.58 0.0
S392259 204.8937 102.8312 8.269e-19 8.813e-19 7.345e-19 0.0 159.05 0.0
S392260 204.8968 102.9484 8.251000000000001e-20 1.136e-19 1.533e-19 0.0 156.03 0.0
S392261 204.6803 102.7848 3.334e-17 2.886e-17 1.55e-17 0.0 157.61 0.0
S392262 204.8419 102.7921 3.6830000000000003e-20 5.2270000000000006e-20 7.858000000000001e-20 0.0 159.79 0.0
S392263 204.8915 102.9606 5.46e-18 5.19e-18 3.47e-18 0.0 157.92 0.0
S392264 204.9146 102.9281 9.911e-25 3.989e-24 5.226e-23 0.0 161.55 0.0
S392265 204.8553 102.8854 8.196e-21 1.3650000000000002e-20 2.8050000000000004e-20 0.0 159.98 0.0
S392266 204.8223 102.7074 4.561e-22 9.786999999999999e-22 3.633e-21 0.0 155.47 0.0
S392267 204.845 102.8626 1.62e-18 1.728e-18 1.437e-18 0.0 158.07 0.0
S392268 204.6943 102.7952 6.0930000000000004e-21 1.0650000000000001e-20 2.4070000000000002e-20 0.0 161.72 1.0
S392269 204.822 103.0348 7.714e-19 9.003e-19 8.665e-19 0.0 157.9 0.0
S392270 204.8876 102.7866 3.62e-19 4.411e-19 4.718e-19 0.0 156.96 0.0
S392271 204.8967 102.8707 3.789e-24 1.2019999999999999e-23 9.178e-23 0.0 158.58 0.0
S392272 204.7763 102.8349 7.285e-27 5.0900000000000005e-26 2.134e-24 0.0 159.64 0.0
S392273 204.8591 102.8222 6.725e-22 1.282e-21 3.5720000000000004e-21 0.0 160.89 0.0
S392274 204.868 103.0143 1.562e-23 4.637e-23 3.0829999999999995e-22 0.0 156.77 0.0
S392275 204.9046 102.9206 4.232e-21 7.266e-21 1.632e-20 0.0 157.46 0.0
S392276 204.8009 102.7476 6.314000000000001e-20 9.435e-20 1.58e-19 0.0 161.51 0.0
S392277 204.9639 102.9114 8.1049999999999995e-22 1.629e-21 5.056e-21 0.0 155.38 0.0
S392278 204.8926 102.8296 1.8220000000000002e-21 1.243e-21 4.2219999999999997e-22 0.0 156.63 0.0
S392279 204.7396 102.9416 3.9050000000000004e-21 7.277e-21 1.8780000000000003e-20 0.0 157.17 0.0
S392280 204.7083 102.8779 1.4459999999999998e-22 3.253e-22 1.234e-21 0.0 158.52 0.0
S392281 204.7028 102.796 3.928e-22 9.562e-22 4.462e-21 0.0 161.94 0.0
S392282 204.6838 102.8254 2.767e-17 5.57e-17 1.642e-16 0.0 159.12 0.0
S392283 204.9263 103.0143 8.736e-22 1.771e-21 5.599e-21 0.0 161.35 0.0
S392284 204.8692 102.8663 1.135e-21 2.287e-21 6.897e-21 0.0 157.62 0.0
S392285 204.7436 102.8187 2.0369999999999999e-22 4.5539999999999995e-22 1.7210000000000002e-21 0.0 156.2 0.0
S392286 204.8359 102.7879 5.046e-14 3.332e-14 1.018e-14 0.0 159.6 0.0
S392287 204.6454 102.8641 4.347e-18 4.362e-18 3.036e-18 0.0 155.43 0.0
S392288 204.8319 102.8579 8.253000000000001e-20 1.243e-19 2.125e-19 0.0 160.6 0.0
S392289 204.7948 102.9831 5.717e-19 6.383e-19 5.999e-19 0.0 160.34 0.0
S392290 204.8397 102.8774 4.245e-20 6.067e-20 8.82e-20 0.0 157.62 0.0
S392291 204.8462 102.871 8.402e-21 1.429e-20 3.18e-20 0.0 156.75 0.0
S392292 204.9174 102.8781 1.249e-18 1.378e-18 1.228e-18 0.0 156.97 0.0
S392293 204.8119 102.8049 6.437e-23 1.8609999999999998e-22 1.2e-21 0.0 156.44 0.0
S392294 204.7603 102.8392 2.7949999999999996e-22 6.266e-22 2.362e-21 0.0 157.38 0.0
S392295 204.8331 102.9379 1.407e-17 1.297e-17 7.525e-18 0.0 155.87 0.0
S392296 204.9816 102.8829 1.296e-23 4.277e-23 3.6109999999999996e-22 0.0 161.04 0.0
S392297 204.9062 102.8759 2.568e-22 5.497999999999999e-22 1.984e-21 0.0 157.82 0.0
S392298 204.7643 102.9645 3.904e-24 1.3109999999999999e-23 1.158e-22 0.0 157.84 0.0
S392299 204.824 102.8586 6.732999999999999e-23 1.8499999999999998e-22 1.07e-21 0.0 156.73 0.0
S392300 204.804 102.7992 9.593e-22 2.014e-21 6.54e-21 0.0 159.79 0.0
S392301 204.9066 102.9123 5.008e-17 1.04e-16 3.456e-16 0.0 160.05 1.0
S392302 204.8367 102.7811 3.609e-18 3.654e-18 2.611e-18 0.0 158.98 0.0
S392303 204.9409 102.8954 1.291e-21 9.265e-22 3.475e-22 0.0 160.68 0.0
S392304 204.9098 102.9379 7.166e-18 1.165e-17 2.234e-17 0.0 161.56 0.0
S392305 204.8368 102.9037 3.3150000000000003e-25 1.431e-24 2.1409999999999999e-23 0.0 157.57 0.0
S392306 204.7273 102.7922 4.247e-22 8.236999999999999e-22 2.407e-21 0.0 157.96 0.0
S392307 204.8528 102.8033 1.8e-21 3.423e-21 9.355e-21 0.0 157.94 0.0
S392308 204.7542 102.9296 2.772e-23 7.197999999999999e-23 3.7009999999999996e-22 0.0 159.64 0.0
S392309 204.9079 102.7792 2.5280000000000002e-20 3.8760000000000004e-20 6.899000000000001e-20 0.0 160.64 0.0
S392310 204.9041 102.896 5.167e-23 1.218e-22 5.268e-22 0.0 160.47 0.0
S392311 204.841 102.9173 9.63e-18 2.118e-17 7.774e-17 0.0 155.76 0.0
S392312 204.9387 102.9604 2.823e-18 2.81e-18 1.978e-18 0.0 155.61 0.0
S392313 204.8132 102.7955 4.61e-20 6.355e-20 8.722e-20 0.0 156.25 0.0
S392314 204.7684 102.8474 1.788e-21 3.635e-21 1.1310000000000001e-20 0.0 157.31 0.0
S392315 204.8769 102.8144 5.766e-21 9.703e-21 2.1060000000000003e-20 0.0 156.18 0.0
S392316 204.7775 102.8924 4.105e-18 3.954e-18 2.583e-18 0.0 156.71 0.0
S392317 204.7321 102.7821 8.073e-21 1.4020000000000003e-20 3.321e-20 0.0 158.46 0.0
S392318 204.8708 102.9819 1.558e-21 1.077e-21 3.7879999999999995e-22 0.0 159.05 0.0
S392319 204.8124 102.9281 5.812e-21 1.073e-20 2.886e-20 0.0 157.61 0.0
S392320 204.8545 102.8438 2.5700000000000002e-20 3.8600000000000005e-20 6.733000000000001e-20 0.0 160.96 0.0
S392321 204.927 103.0009 5.871e-21 1.0700000000000002e-20 2.6270000000000003e-20 0.0 157.99 0.0
S392322 204.9149 102.8965 1.196e-21 8.628999999999999e-22 3.214e-22 0.0 155.77 0.0
S392323 204.8753 102.9087 5.595e-22 1.272e-21 5.008e-21 0.0 161.8 0.0
S392324 204.7062 102.8751 9.557e-23 2.174e-22 8.405999999999999e-22 0.0 160.59 0.0
S392325 204.8376 103.0098 7.833e-21 1.3750000000000002e-20 3.23e-20 0.0 155.83 0.0
S392326 204.8676 102.8953 8.124e-21 1.3610000000000002e-20 2.739e-20 0.0 156.69 0.0
S392327 204.9565 102.7531 3.444e-22 8.136e-22 3.497e-21 0.0 161.58 0.0
S392328 204.84 102.9209 1.135e-22 2.762e-22 1.299e-21 0.0 160.47 0.0
S392329 204.8941 102.8669 7.616e-19 8.863e-19 8.817e-19 0.0 161.69 0.0
S392330 204.748 102.7675 1.4709999999999998e-22 3.6099999999999995e-22 1.6300000000000001e-21 0.0 159.55 0.0
S392331 204.9674 102.8722 5.684e-22 1.1310000000000001e-21 3.441e-21 0.0 160.02 0.0
S392332 204.9352 102.9508 4.6129999999999995e-22 1.041e-21 4.022e-21 0.0 160.52 0.0
S392333 204.8358 102.8493 5.693e-24 1.665e-23 1.1669999999999998e-22 0.0 156.8 0.0
S392334 204.8825 102.8797 1.07e-18 1.146e-18 9.44e-19 0.0 159.52 0.0
S392335 204.6934 102.7724 1.195e-23 3.445e-23 2.3049999999999997e-22 0.0 159.11 0.0
S392336 204.9049 102.8557 1.724e-21 1.174e-21 4.0329999999999995e-22 0.0 160.67 0.0
S392337 204.8178 102.9004 3.351e-23 9.823999999999999e-23 6.571999999999999e-22 0.0 161.58 0.0
S392338 204.7397 102.7095 1.376e-18 1.445e-18 1.182e-18 0.0 161.5 0.0
S392339 205.022 103.0215 1.542e-21 3.253e-21 1.1270000000000002e-20 0.0 160.16 0.0
S392340 204.9413 103.0545 5.844999999999999e-22 1.343e-21 5.533e-21 0.0 161.95 0.0
S392341 204.7484 102.77 1.0570000000000001e-20 1.8380000000000002e-20 4.045e-20 0.0 160.61 0.0
S392342 204.8444 102.9847 3.544e-19 4.059e-19 4.042e-19 0.0 155.93 0.0
S392343 204.735 102.9235 1.086e-23 3.7839999999999996e-23 3.7329999999999998e-22 0.0 160.56 0.0
S392344 204.8116 102.8827 3.6179999999999995e-22 8.913e-22 4.189e-21 0.0 155.71 0.0
S392345 204.7723 102.8176 1.338e-24 4.837e-24 5.1269999999999997e-23 0.0 155.89 0.0
S392346 204.6932 102.874 1.1969999999999998e-22 3.1209999999999996e-22 1.656e-21 0.0 161.46 0.0
S392347 204.6785 102.8073 1.077e-18 1.222e-18 1.104e-18 0.0 155.47 0.0
S392348 204.8709 102.9921 2.1579999999999998e-22 5.313e-22 2.475e-21 0.0 157.33 0.0
S392349 204.6585 102.9404 3.6420000000000004e-26 1.9700000000000002e-25 4.832e-24 0.0 155.44 0.0
S392350 204.8376 102.8687 5.168e-22 1.13e-21 4.228e-21 0.0 158.78 0.0
S392351 204.7749 102.7761 7.647e-21 1.3470000000000001e-20 3.195e-20 0.0 161.72 0.0
S392352 204.6968 102.7403 3.099e-18 3.015e-18 2.036e-18 0.0 155.85 0.0
S392353 204.7798 102.8674 1.219e-17 2.132e-17 4.946e-17 0.0 158.68 0.0
S392354 204.9143 102.8981 2.488e-22 6.509999999999999e-22 3.4890000000000004e-21 0.0 158.49 0.0
S392355 204.6871 102.7992 3.583e-21 6.931e-21 1.9890000000000002e-20 0.0 156.75 0.0
S392356 204.9003 102.8288 1.405e-19 1.769e-19 2.08e-19 0.0 160.61 0.0
S392357 204.7819 102.8164 1.582e-21 1.1040000000000001e-21 3.7619999999999997e-22 0.0 158.81 0.0
S392358 204.8321 102.9174 3.184e-21 5.91e-21 1.564e-20 0.0 160.91 0.0
S392359 204.7934 102.7871 7.811e-24 2.76e-23 2.768e-22 0.0 161.09 0.0
S392360 204.8943 102.9184 4.311e-18 4.052e-18 2.645e-18 0.0 155.87 0.0
S392361 204.7385 102.7702 5.358e-22 1.092e-21 3.401e-21 0.0 160.95 0.0
S392362 204.7573 102.7835 8.939e-23 2.307e-22 1.179e-21 0.0 160.45 0.0
S392363 204.7331 102.9443 1.763e-22 4.369999999999999e-22 2.16e-21 0.0 159.96 0.0
S392364 204.7956 102.8145 1.9369999999999999e-22 4.558e-22 1.996e-21 0.0 161.16 0.0
S392365 204.8712 102.8585 7.856e-21 1.369e-20 3.195e-20 0.0 159.15 0.0
S392366 204.7947 102.919 1.753e-21 1.191e-21 4.1179999999999997e-22 0.0 161.28 0.0
S392367 204.7559 102.8975 5.303e-21 9.215e-21 1.9830000000000002e-20 0.0 159.09 1.0
S392368 204.8839 102.7971 8.539e-19 9.672e-19 8.881e-19 0.0 161.83 0.0
S392369 204.8244 102.873 1.796e-21 3.51e-21 1.0080000000000002e-20 0.0 156.9 0.0
S392370 204.7339 102.9006 2.367e-21 4.5000000000000004e-21 1.2240000000000001e-20 0.0 159.68 0.0
S392371 204.9169 102.8837 4.455e-22 8.798999999999998e-22 2.616e-21 0.0 156.7 0.0
S392372 204.7704 102.9539 2.7630000000000005e-20 4.2130000000000005e-20 7.169e-20 0.0 161.7 0.0
S392373 204.782 102.9667 2.9160000000000002e-21 5.453e-21 1.4990000000000002e-20 0.0 157.68 0.0
S392374 204.8781 102.9049 4.8209999999999996e-23 1.2189999999999998e-22 6.251e-22 0.0 160.59 0.0
S392375 204.7422 102.895 2.4470000000000003e-20 3.8530000000000006e-20 6.874e-20 0.0 156.72 0.0
S392376 204.8303 102.8517 5.4050000000000007e-20 7.680000000000001e-20 1.173e-19 0.0 160.57 0.0
S392377 204.8062 102.7185 5.348999999999999e-23 1.306e-22 5.813999999999999e-22 0.0 155.63 0.0
S392378 204.9261 103.0066 1.9049999999999998e-23 5.426999999999999e-23 3.4129999999999997e-22 0.0 159.15 0.0
S392379 204.9242 102.8306 8.624e-23 1.901e-22 7.077999999999999e-22 0.0 159.96 0.0
S392380 204.7523 102.8384 7.317e-13 5.261e-13 2.061e-13 0.0 156.97 0.0
S392381 204.931 102.7968 2.124e-17 1.935e-17 1.143e-17 0.0 158.41 0.0
S392382 204.8312 102.8251 1.095e-17 2.446e-17 9.561e-17 0.0 160.95 0.0
S392383 204.8116 102.9 2.919e-22 6.3959999999999995e-22 2.439e-21 0.0 156.11 0.0
S392384 204.9038 102.9881 4.809e-20 7.154000000000001e-20 1.17e-19 0.0 158.87 0.0
S392385 204.7968 102.8184 1.433e-23 3.785e-23 2.1259999999999996e-22 0.0 160.0 0.0
S392386 204.8985 102.7833 6.758e-25 2.627e-24 3.307e-23 0.0 157.18 0.0
S392387 204.7723 102.8927 8.834e-24 3.0239999999999997e-23 2.842e-22 0.0 157.87 0.0
S392388 204.7992 102.9381 1.534e-21 2.994e-21 8.474e-21 0.0 155.51 0.0
S392389 204.898 102.7615 1.3100000000000002e-20 2.17e-20 4.396e-20 0.0 156.1 0.0
S392390 205.0141 102.987 2.203e-18 2.313e-18 1.841e-18 0.0 158.3 1.0
S392391 204.873 102.7691 6.221e-20 9.101e-20 1.409e-19 0.0 156.24 0.0
S392392 204.7987 102.8927 1.555e-21 3.342e-21 1.1550000000000001e-20 0.0 160.95 0.0
S392393 204.9438 102.8621 1.7150000000000002e-21 3.291e-21 9.25e-21 0.0 156.94 0.0
S392394 204.8448 102.8187 1.247e-22 2.925e-22 1.234e-21 0.0 161.45 0.0
S392395 204.8173 102.9968 6.228e-20 8.2e-20 1.037e-19 0.0 160.05 0.0
S392396 204.7934 102.7701 9.804e-21 1.6340000000000002e-20 3.258e-20 0.0 161.55 0.0
S392397 204.7968 102.7733 6.983e-23 1.8359999999999998e-22 9.783999999999999e-22 0.0 157.33 0.0
S392398 204.7473 102.7319 1.05e-19 1.432e-19 1.899e-19 0.0 158.97 0.0
S392399 204.8266 102.8001 1.261e-17 2.952e-17 1.209e-16 0.001 156.9 0.0
S392400 204.8091 102.8876 2.0219999999999998e-23 5.562999999999999e-23 3.273e-22 0.0 158.65 0.0
S392401 204.8221 102.7522 5.495e-22 1.13e-21 3.686e-21 0.0 158.09 0.0
S392402 204.6611 102.7098 1.896e-19 2.332e-19 2.618e-19 0.0 157.21 0.0
S392403 204.8034 102.8505 8.284e-22 1.661e-21 5.2010000000000004e-21 0.0 156.52 0.0
S392404 204.8167 102.7912 1.4429999999999999e-22 3.518e-22 1.628e-21 0.0 159.78 0.0
S392405 204.6855 102.7987 2.411e-22 5.686e-22 2.479e-21 0.0 160.2 0.0
S392406 204.9426 102.8004 6.841e-19 7.742e-19 7.196e-19 0.0 156.46 0.0
S392407 204.792 102.787 4.734e-21 8.432e-21 2.001e-20 0.0 158.31 0.0
S392408 204.8294 102.9518 1.781e-17 1.532e-17 8.173e-18 0.0 156.18 0.0
S392409 204.9033 102.8978 5.071999999999999e-22 9.721999999999998e-22 2.614e-21 0.0 156.3 0.0
S392410 204.8781 102.9943 2.195e-19 2.609e-19 2.785e-19 0.0 161.52 0.0
S392411 204.6915 102.7991 5.325e-21 9.179000000000001e-21 2.0510000000000003e-20 0.0 161.27 0.0
S392412 204.768 102.7067 3.2089999999999995e-22 7.165999999999999e-22 2.718e-21 0.0 161.68 0.0
S392413 204.7643 102.8509 8.350999999999999e-23 1.8059999999999998e-22 6.71e-22 0.0 161.4 0.0
S392414 204.923 102.7838 1.519e-18 1.555e-18 1.176e-18 0.0 156.15 0.0
S392415 204.6532 102.844 7.240000000000001e-21 1.156e-20 2.2450000000000002e-20 0.0 155.4 0.0
S392416 204.6269 102.8395 4.661e-24 1.4239999999999998e-23 1.069e-22 0.0 158.49 0.0
S392417 204.8415 102.9247 4.389e-24 1.414e-23 1.148e-22 0.0 159.08 0.0
S392418 204.97 102.9063 4.354e-20 6.676000000000001e-20 1.135e-19 0.0 155.6 0.0
S392419 204.7147 102.7411 7.158e-19 8.352e-19 8.316e-19 0.0 158.31 0.0
S392420 204.807 102.8261 6.379e-18 1.08e-17 2.384e-17 0.0 155.98 0.0
S392421 204.7853 102.8347 4.273e-19 5.049e-19 5.185e-19 0.0 157.76 0.0
S392422 204.8234 102.9342 1.0240000000000001e-20 1.649e-20 3.107e-20 0.0 159.14 0.0
S392423 204.7606 102.8629 1.255e-18 1.424e-18 1.332e-18 0.0 159.44 0.0
S392424 204.817 102.9338 8.757e-24 2.852e-23 2.34e-22 0.0 161.14 0.0
S392425 204.6889 102.8335 1.422e-20 2.339e-20 4.844e-20 0.0 159.53 0.0
S392426 204.8773 102.8302 1.231e-21 2.491e-21 7.997e-21 0.0 156.93 0.0
S392427 204.7643 102.8999 7.663e-19 9.033e-19 9.387e-19 0.0 157.65 0.0
S392428 204.8147 102.731 4.4180000000000007e-20 6.391000000000001e-20 1.016e-19 0.0 161.14 0.0
S392429 204.8205 102.8715 5.361e-18 5.174e-18 3.431e-18 0.0 160.58 0.0
S392430 204.6851 102.9095 1.121e-21 2.251e-21 7.034e-21 0.0 157.27 0.0
S392431 204.7487 102.8529 8.774999999999999e-23 1.938e-22 7.333e-22 0.0 157.35 0.0
S392432 204.8592 102.941 1.994e-25 8.417000000000001e-25 1.2709999999999999e-23 0.0 159.89 0.0
S392433 204.8976 102.7841 2.873e-22 5.45e-22 1.504e-21 0.0 155.46 0.0
S392434 204.7656 102.9633 2.5499999999999996e-22 5.290999999999999e-22 1.73e-21 0.0 160.97 0.0
S392435 204.7192 102.8377 5.664e-21 9.853e-21 2.1780000000000003e-20 0.0 156.96 0.0
S392436 204.739 102.7302 3.49e-21 6.017e-21 1.3790000000000002e-20 0.0 159.21 0.0
S392437 204.8061 102.8724 1.141e-17 2.107e-17 5.546e-17 0.0 160.97 0.0
S392438 204.815 102.9578 2.918e-20 4.5430000000000006e-20 8.137e-20 0.0 159.29 0.0
S392439 204.9698 102.8019 1.6200000000000002e-20 2.6660000000000002e-20 5.2690000000000005e-20 0.0 160.75 0.0
S392440 204.8206 102.8812 9.747000000000001e-20 1.303e-19 1.748e-19 0.0 157.62 0.0
S392441 204.9253 102.9614 4.797e-22 1.087e-21 4.338e-21 0.0 158.3 0.0
S392442 204.7783 102.6969 5.154e-18 1.028e-17 3.126e-17 0.0 155.79 0.0
S392443 204.8191 102.8989 6.751000000000001e-20 9.206e-20 1.298e-19 0.0 161.79 0.0
S392444 204.746 102.8669 1.359e-22 3.5439999999999995e-22 1.881e-21 0.0 155.91 0.0
S392445 204.7766 102.9471 6.515000000000001e-20 9.529e-20 1.505e-19 0.0 155.69 0.0
S392446 204.8289 102.7671 6.639e-24 2.314e-23 2.257e-22 0.0 158.45 0.0
S392447 204.7408 102.9282 1.3480000000000001e-21 2.75e-21 8.409e-21 0.0 158.65 0.0
S392448 204.7897 102.7316 2.879e-23 7.635e-23 4.075e-22 0.0 157.58 0.0
S392449 204.8048 102.7489 1.4049999999999998e-22 3.37e-22 1.5320000000000001e-21 0.0 155.39 0.0
S392450 204.767 102.9513 4.147e-20 6.396000000000001e-20 1.096e-19 0.0 160.18 0.0
S392451 204.8404 102.8283 1.37e-22 3.4539999999999995e-22 1.757e-21 0.0 157.76 0.0
S392452 204.7838 102.9732 1.104e-23 3.319e-23 2.345e-22 0.0 161.34 0.0
S392453 204.9221 102.8458 1.4419999999999998e-23 4.501e-23 3.489e-22 0.0 157.44 0.0
S392454 204.6874 102.8922 2.439e-24 9.45e-24 1.159e-22 0.0 158.44 0.0
S392455 204.7833 102.8595 1.023e-19 1.438e-19 2.146e-19 0.0 158.41 0.0
S392456 204.8387 102.998 1.1519999999999998e-22 2.7589999999999997e-22 1.2140000000000001e-21 0.0 156.98 0.0
S392457 204.8106 102.9389 1.726e-19 2.261e-19 2.81e-19 0.0 161.18 0.0
S392458 204.9249 102.8396 3.885e-20 6.050000000000001e-20 1.09e-19 0.0 159.47 0.0
S392459 204.7576 102.9368 4.884e-19 6.225e-19 7.26e-19 0.0 155.89 0.0
S392460 204.7684 102.7404 6.91e-19 7.673e-19 6.903e-19 0.0 158.09 0.0
S392461 204.8348 102.9924 8.941e-23 2.213e-22 1.027e-21 0.0 160.95 0.0
S392462 204.8043 102.9837 6.456e-19 7.12e-19 6.23e-19 0.0 156.07 0.0
S392463 204.7475 102.8664 1.041e-17 9.772e-18 6.227e-18 0.0 159.09 0.0
S392464 204.7991 102.8129 2.626e-25 1.2e-24 2.051e-23 0.0 159.31 0.0
S392465 204.7371 102.885 1.312e-24 4.451e-24 4.0669999999999996e-23 0.0 159.99 0.0
S392466 204.8587 102.9308 1.771e-21 1.2350000000000001e-21 4.1839999999999996e-22 0.0 161.52 0.0
S392467 204.7193 102.7975 1.56e-21 2.923e-21 7.696e-21 0.0 158.63 0.0
S392468 204.6303 102.7299 7.178e-24 2.028e-23 1.2519999999999998e-22 0.0 158.21 0.0
S392469 204.9041 102.82 2.503e-21 1.62e-21 5.123e-22 0.0 160.54 0.0
S392470 204.6194 102.7394 6.428e-22 1.395e-21 5.182e-21 0.0 158.73 0.0
S392471 204.8942 102.8466 2.067e-23 5.871e-23 3.7149999999999996e-22 0.0 161.23 0.0
S392472 204.7533 102.8396 2.1820000000000003e-20 3.3790000000000004e-20 6.066000000000001e-20 0.0 159.08 0.0
S392473 204.6588 102.8049 1.934e-22 4.527e-22 1.931e-21 0.0 155.76 0.0
S392474 204.7554 102.865 4.126e-20 5.940000000000001e-20 9.15e-20 0.0 158.98 0.0
S392475 204.8325 102.8894 5.3730000000000005e-20 7.459e-20 1.046e-19 0.0 160.78 0.0
S392476 204.7221 102.8898 6.391999999999999e-23 1.8419999999999997e-22 1.207e-21 0.0 159.91 0.0
S392477 204.8513 102.8898 6.108999999999999e-23 1.541e-22 7.270999999999999e-22 0.0 160.41 0.0
S392478 204.8115 102.8024 8.182e-18 7.516e-18 4.596e-18 0.0 157.0 0.0
S392479 204.9046 102.9512 1.2970000000000001e-20 2.1650000000000003e-20 4.4350000000000004e-20 0.0 156.0 0.0
S392480 204.924 102.8776 1.395e-22 3.191e-22 1.29e-21 0.0 158.66 0.0
S392481 204.9017 102.7734 1.5239999999999998e-22 3.8369999999999998e-22 1.859e-21 0.0 155.69 1.0
S392482 204.941 102.8874 4.737e-19 5.262e-19 4.72e-19 0.0 160.67 0.0
S392483 204.6401 102.6409 3.574e-23 1.066e-22 7.307999999999999e-22 0.0 155.6 0.0
S392484 204.8654 102.9981 1.46e-20 2.3470000000000003e-20 4.4270000000000005e-20 0.0 158.05 0.0
S392485 204.9284 102.9653 4.202e-18 4.108e-18 2.778e-18 0.0 160.13 0.0
S392486 204.9119 102.9086 8.631999999999999e-22 1.873e-21 6.881e-21 0.0 156.91 0.0
S392487 204.8645 102.7668 3.986e-17 3.438e-17 1.9e-17 0.0 155.98 0.0
S392488 204.8317 102.8071 7.834e-26 3.9690000000000002e-25 8.445999999999999e-24 0.0 156.49 0.0
S392489 204.7905 102.8547 1.202e-17 1.887e-17 3.544e-17 0.0 161.04 0.0
S392490 204.8165 102.8825 2.255e-17 1.888e-17 9.378e-18 0.0 161.36 0.0
S392491 204.7917 102.7297 1.226e-18 1.347e-18 1.191e-18 0.0 157.28 0.0
S392492 204.8404 102.9794 3.791e-19 4.478e-19 4.558e-19 0.0 161.85 0.0
S392493 204.6381 102.7734 5.432e-21 9.854e-21 2.4790000000000003e-20 0.0 159.98 0.0
S392494 204.8929 103.0402 7.953999999999999e-22 1.65e-21 5.366e-21 0.0 155.39 0.0
S392495 204.7027 102.9379 9.239e-21 1.574e-20 3.3300000000000004e-20 0.0 161.08 0.0
S392496 204.8938 103.0118 2.366e-18 2.372e-18 1.755e-18 0.0 156.76 0.0
S392497 204.7367 102.9247 1.6649999999999998e-22 3.831e-22 1.582e-21 0.0 158.3 0.0
S392498 204.735 102.7906 2.654e-19 3.327e-19 3.825e-19 0.0 158.0 0.0
S392499 204.8311 102.8684 2.063e-20 3.1500000000000005e-20 5.485e-20 0.0 159.14 0.0
S392500 204.8402 102.9651 6.97e-21 1.242e-20 2.8940000000000005e-20 0.0 158.66 0.0
S392501 204.8533 102.8456 3.11e-19 3.843e-19 4.201e-19 0.0 155.74 0.0
S392502 204.7801 102.9529 3.7589999999999995e-22 7.236999999999999e-22 2.127e-21 0.0 156.82 0.0
S392503 204.8496 103.002 8.923e-20 1.194e-19 1.607e-19 0.0 156.84 0.0
S392504 204.8861 102.8145 6.08e-19 6.713e-19 5.877e-19 0.001 155.92 0.0
S392505 204.6897 102.8624 2.2379999999999996e-22 5.403e-22 2.393e-21 0.0 161.64 0.0
S392506 204.8635 102.9316 1.397e-23 3.961e-23 2.517e-22 0.0 160.1 0.0
S392507 204.7402 103.0014 1.659e-18 1.701e-18 1.344e-18 0.001 161.85 0.0
S392508 204.7863 102.7857 1.076e-22 2.827e-22 1.465e-21 0.0 155.66 0.0
S392509 204.8886 102.7774 1.011e-21 1.914e-21 5.331e-21 0.0 160.96 0.0
S392510 204.8447 102.8992 4.063e-21 7.365e-21 1.764e-20 0.0 157.78 0.0
S392511 204.788 102.8554 1.2449999999999999e-23 3.6509999999999996e-23 2.509e-22 0.001 158.36 0.0
S392512 204.8334 102.8694 3.8050000000000005e-20 5.460000000000001e-20 8.033000000000001e-20 0.0 157.59 0.0
S392513 204.9134 102.8524 1.203e-21 2.3390000000000002e-21 6.833e-21 0.0 158.4 0.0
S392514 204.8424 102.7991 1.948e-24 6.249e-24 5.265e-23 0.0 159.62 0.0
S392515 204.8763 102.9294 6.315999999999999e-22 1.3390000000000001e-21 4.478e-21 0.0 161.72 0.0
S392516 204.8146 102.8062 1.7019999999999998e-23 4.364e-23 2.324e-22 0.0 161.17 0.0
S392517 204.7988 102.951 6.51e-23 1.7389999999999998e-22 9.738e-22 0.0 158.65 0.0
S392518 204.8513 102.8668 3.814e-17 6.548e-17 1.504e-16 0.0 158.67 0.0
S392519 204.8124 102.7959 1.127e-19 1.667e-19 2.678e-19 0.0 158.94 0.0
S392520 204.8377 102.6799 6.619e-21 1.1810000000000001e-20 2.8250000000000005e-20 0.0 159.98 0.0
S392521 204.745 102.8061 8.702999999999999e-23 1.8499999999999998e-22 6.382e-22 0.0 160.88 0.0
S392522 204.8095 102.8264 4.353e-21 8.061000000000001e-21 2.0790000000000002e-20 0.0 158.32 0.0
S392523 204.8755 103.0196 7.335e-23 1.9069999999999999e-22 9.900999999999998e-22 0.0 158.41 0.0
S392524 204.7322 102.8166 7.077e-21 1.1840000000000002e-20 2.526e-20 0.0 156.26 0.0
S392525 204.8127 102.8111 4.719e-23 1.3459999999999998e-22 8.201999999999999e-22 0.0 160.29 0.0
S392526 204.8868 102.9548 1.7499999999999998e-22 4.250999999999999e-22 1.843e-21 0.0 158.43 0.0
S392527 204.7615 102.9379 8.422e-18 1.635e-17 4.831e-17 0.0 159.28 0.0
S392528 204.8357 102.8634 6.19e-19 7.265e-19 7.554e-19 0.0 157.36 0.0
S392529 204.7382 102.7689 3.6089999999999997e-23 8.927e-23 4.238999999999999e-22 0.0 161.98 0.0
