Name Equatorial Polar BlueF GreenF RedF Parallax RadialVelocity Variable?
S004141 224.1266 72.5524 2.052e-19 2.71e-19 3.435e-19 0.001 104.89 0.0
S004142 224.1482 72.5751 4.355e-17 6.113e-17 8.957e-17 0.0 104.23 0.0
S004143 224.1384 72.5417 4.495e-17 3.994e-17 2.378e-17 0.0 105.22 0.0
S004144 224.096 72.5592 1.675e-16 1.365e-16 6.495e-17 0.0 106.47 0.0
S004145 224.1278 72.5377 3.133e-21 2.204e-21 7.913e-22 0.0 108.21 0.0
S004146 224.1295 72.5904 4.4070000000000004e-20 7.224000000000001e-20 1.438e-19 0.0 105.96 0.0
S004147 224.1325 72.5617 6.550000000000001e-20 1.035e-19 1.986e-19 0.0 107.83 0.0
S004148 224.1483 72.5767 1.181e-21 2.549e-21 9.312e-21 0.0 106.46 0.0
S004149 224.0908 72.5429 7.382000000000001e-21 1.3460000000000002e-20 3.3930000000000003e-20 0.0 106.34 0.0
S004150 224.1047 72.5598 1.547e-19 2.304e-19 3.862e-19 0.0 104.58 0.0
S004151 224.1138 72.5186 8.286e-18 7.807e-18 5.024e-18 0.0 107.45 0.0
S004152 224.1464 72.5687 3.991e-17 3.51e-17 2.003e-17 0.0 106.18 0.0
S004153 224.1119 72.5454 1.795e-21 1.396e-21 5.843999999999999e-22 0.0 106.35 0.0
S004154 224.1231 72.5516 2.6210000000000002e-20 4.3780000000000005e-20 9.199e-20 0.0 107.26 0.0
S004155 224.1214 72.5269 1.316e-17 2.07e-17 3.706e-17 0.0 106.36 0.0
S004156 224.1116 72.5518 1.079e-18 1.233e-18 1.135e-18 0.001 104.71 0.0
S004157 224.1005 72.576 2.613e-21 5.133e-21 1.566e-20 0.0 108.47 0.0
S004158 224.1053 72.5636 6.204e-21 1.1000000000000001e-20 2.6520000000000002e-20 0.0 106.57 0.0
S004159 224.1292 72.5333 1.575e-18 1.725e-18 1.462e-18 0.0 108.83 0.0
S004160 224.1115 72.5351 8.008e-23 2.0769999999999998e-22 1.115e-21 0.0 105.97 0.0
S004161 224.1075 72.559 8.058e-17 1.258e-16 2.265e-16 0.0 104.82 0.0
S004162 224.0665 72.5648 3.282e-21 2.316e-21 8.123999999999999e-22 0.0 106.32 0.0
S004163 224.1 72.57 1.127e-16 9.196e-17 4.492e-17 0.0 106.47 0.0
S004164 224.1172 72.5837 4.27e-18 4.168e-18 2.847e-18 0.0 107.82 0.0
S004165 224.1538 72.5372 4.01e-19 5.153e-19 6.462e-19 0.0 105.83 0.0
S004166 224.1038 72.5536 3.152e-19 4.102e-19 5.22e-19 0.0 106.07 0.0
S004167 224.0954 72.5517 6.476e-17 5.288e-17 2.589e-17 0.0 108.7 0.0
S004168 224.0961 72.5946 6.361e-17 5.536e-17 2.942e-17 0.0 108.32 0.0
S004169 224.0868 72.5692 8.022e-18 7.948e-18 5.645e-18 0.0 108.42 0.0
S004170 224.1293 72.5453 6.507e-21 1.194e-20 3.0270000000000003e-20 0.0 107.2 0.0
S004171 224.1151 72.534 1.35e-25 7.03e-25 1.532e-23 0.0 107.13 0.0
S004172 224.1244 72.5629 2.18e-20 3.7790000000000004e-20 8.591e-20 0.0 104.89 0.0
S004173 224.0815 72.5562 1.8609999999999998e-22 4.928e-22 2.711e-21 0.0 104.14 0.0
S004174 224.0986 72.5609 2.46e-21 4.801e-21 1.4020000000000003e-20 0.0 106.18 0.0
S004175 224.0805 72.5875 3.031e-21 5.627e-21 1.504e-20 0.0 104.49 0.0
S004176 224.1255 72.5506 4.465e-17 1.051e-16 4.468e-16 0.0 107.84 1.0
S004177 224.1025 72.5286 1.219e-21 2.647e-21 9.823e-21 0.0 106.04 0.0
S004178 224.137 72.551 1.786e-16 1.491e-16 7.387e-17 0.0 106.84 0.0
S004179 224.1203 72.5444 2.784e-18 3.014e-18 2.532e-18 0.0 108.79 0.0
S004180 224.1392 72.5569 3.836e-19 5.002e-19 5.935e-19 0.0 108.77 0.0
S004181 224.1327 72.5534 2.412e-20 4.1490000000000006e-20 9.151000000000001e-20 0.0 106.62 0.0
S004182 224.0962 72.5726 5.879e-22 1.243e-21 4.216e-21 0.0 104.71 0.0
S004183 224.1 72.5672 1.27e-19 1.804e-19 2.648e-19 0.0 104.92 0.0
S004184 224.103 72.5532 4.169e-23 1.1309999999999999e-22 6.546e-22 0.0 106.21 0.0
S004185 224.1069 72.5098 1.041e-19 1.497e-19 2.212e-19 0.0 108.18 0.0
S004186 224.1396 72.5821 1.751e-17 1.653e-17 1.086e-17 0.0 104.21 0.0
S004187 224.1247 72.5754 1.26e-18 1.436e-18 1.369e-18 0.0 107.2 0.0
S004188 224.1236 72.5608 2.638e-19 3.414e-19 4.055e-19 0.0 104.89 0.0
S004189 224.092 72.561 4.902e-18 5.013e-18 3.741e-18 0.0 106.07 0.0
S004190 224.1028 72.591 1.753e-16 1.348e-16 5.678e-17 0.0 105.12 1.0
S004191 224.12 72.5776 7.212e-24 2.189e-23 1.578e-22 0.0 107.93 0.0
S004192 224.1129 72.5894 2.312e-20 3.8060000000000004e-20 7.863e-20 0.0 105.35 0.0
S004193 224.1189 72.5091 1.091e-17 1.062e-17 7.416e-18 0.0 105.15 0.0
S004194 224.1016 72.5323 3.3440000000000002e-21 6.264e-21 1.629e-20 0.0 106.58 0.0
S004195 224.1195 72.5612 4.331e-17 3.635e-17 1.827e-17 0.0 108.59 0.0
S004196 224.1013 72.5393 1.237e-22 3.5919999999999998e-22 2.4580000000000002e-21 0.0 107.48 0.0
S004197 224.1153 72.5503 5.515999999999999e-22 1.328e-21 5.9980000000000004e-21 0.0 104.5 0.0
S004198 224.0834 72.5334 2.5770000000000002e-21 5.134e-21 1.591e-20 0.0 105.57 0.0
S004199 224.1074 72.568 2.387e-19 3.124e-19 3.934e-19 0.0 105.57 0.0
S004200 224.073 72.5328 3.0469999999999996e-22 7.3619999999999995e-22 3.25e-21 0.001 106.41 0.0
S004201 224.0879 72.573 3.1809999999999996e-22 8.501999999999998e-22 4.626e-21 0.001 108.44 0.0
S004202 224.0913 72.569 6.705e-17 1.405e-16 4.751e-16 0.0 107.66 1.0
S004203 224.1542 72.581 6.143e-18 6.397e-18 4.995e-18 0.0 107.49 0.0
S004204 224.1298 72.557 6.107e-19 7.709e-19 8.784e-19 0.0 104.86 0.0
S004205 224.0972 72.5537 7.241e-18 7.306e-18 5.213e-18 0.0 108.8 0.0
S004206 224.1381 72.5646 9.123e-23 2.523e-22 1.456e-21 0.0 108.05 0.0
S004207 224.117 72.5233 2.026e-17 1.77e-17 9.714e-18 0.0 108.68 0.0
S004208 224.1057 72.5651 5.04e-17 1.31e-16 6.708e-16 0.0 108.16 1.0
S004209 224.1429 72.5588 4.596e-23 1.136e-22 5.382999999999999e-22 0.0 107.82 0.0
S004210 224.1334 72.5924 2.796e-17 2.468e-17 1.4e-17 0.0 106.73 0.0
S004211 224.1218 72.5624 5.117e-17 4.334e-17 2.181e-17 0.0 107.71 0.0
S004212 224.1406 72.5749 5.793e-22 1.263e-21 4.558e-21 0.0 108.44 0.0
S004213 224.1305 72.5328 9.199e-19 1.011e-18 8.92e-19 0.0 106.15 0.0
S004214 224.1431 72.5597 4.413e-23 1.2309999999999999e-22 7.829999999999999e-22 0.0 105.06 0.0
S004215 224.0924 72.5735 3.043e-21 2.15e-21 7.845999999999999e-22 0.0 106.49 0.0
S004216 224.0872 72.5584 4.505e-20 7.079000000000001e-20 1.299e-19 0.0 105.87 0.0
S004217 224.1346 72.5586 3.207e-17 2.822e-17 1.584e-17 0.0 106.11 0.0
S004218 224.1219 72.5797 1.456e-16 1.142e-16 4.928e-17 0.0 108.56 0.0
S004219 224.1122 72.5944 2.739e-20 4.2670000000000006e-20 7.796e-20 0.0 104.93 0.0
S004220 224.1329 72.5624 1.208e-17 2.423e-17 7.352e-17 0.0 104.71 0.0
S004221 224.1178 72.5437 3.208e-21 6.903e-21 2.4350000000000002e-20 0.0 104.73 0.0
S004222 224.0776 72.5447 2.943e-17 4.803e-17 9.58e-17 0.0 108.92 0.0
S004223 224.1192 72.521 2.794e-13 1.911e-13 6.252e-14 0.0 106.96 0.0
S004224 224.1334 72.6158 6.009e-23 1.54e-22 7.719e-22 0.0 109.23 0.0
S004225 224.1093 72.6012 6.883e-21 1.268e-20 3.154e-20 0.0 106.25 0.0
S004226 224.1217 72.5456 3.3209999999999995e-22 7.190999999999999e-22 2.56e-21 0.0 104.82 0.0
S004227 224.0886 72.5417 7.22e-17 6.102e-17 3.188e-17 0.0 105.96 0.0
S004228 224.1356 72.5439 7.812e-19 9.935e-19 1.192e-18 0.0 106.06 0.0
S004229 224.1623 72.5504 1.7429999999999998e-22 4.321e-22 2.058e-21 0.0 108.52 0.0
S004230 224.1002 72.5538 2.3959999999999998e-23 6.719e-23 4.236999999999999e-22 0.0 107.45 0.0
S004231 224.1021 72.5557 7.611e-17 6.074e-17 2.889e-17 0.0 104.35 0.0
S004232 224.1234 72.5969 1.25e-22 2.8539999999999996e-22 1.094e-21 0.0 107.56 0.0
S004233 224.0929 72.5518 8.836e-17 7.23e-17 3.461e-17 0.0 106.42 0.0
S004234 224.1226 72.5834 1.483e-16 1.233e-16 5.944e-17 0.0 104.83 0.0
S004235 224.1337 72.5566 9.747e-19 1.148e-18 1.172e-18 0.0 105.18 0.0
S004236 224.0849 72.5371 9.993e-19 1.229e-18 1.378e-18 0.0 104.58 0.0
S004237 224.1476 72.5803 3.699e-20 6.051e-20 1.175e-19 0.0 106.16 1.0
S004238 224.1086 72.6004 1.632e-18 1.707e-18 1.361e-18 0.0 107.21 0.0
S004239 224.1149 72.5408 2.489e-23 7.395e-23 5.151e-22 0.0 106.9 0.0
S004240 224.0815 72.5524 5.682000000000001e-20 8.523e-20 1.403e-19 0.0 104.92 0.0
S004241 224.1286 72.5655 2.729e-19 3.443e-19 4.1e-19 0.0 105.08 0.0
S004242 224.1128 72.5879 3.1789999999999995e-22 8.439999999999999e-22 4.6300000000000004e-21 0.0 104.48 0.0
S004243 224.0962 72.5801 4.193e-18 4.54e-18 3.749e-18 0.0 105.13 0.0
S004244 224.0885 72.5688 1.797e-17 2.988e-17 6.054e-17 0.0 108.43 0.0
S004245 224.1494 72.5478 1.281e-12 9.913e-13 4.442e-13 0.0 108.21 1.0
S004246 224.0982 72.5528 1.492e-17 2.464e-17 5.014e-17 0.0 106.29 0.0
S004247 224.1333 72.567 8.815e-19 1.049e-18 1.089e-18 0.0 108.3 0.0
S004248 224.0716 72.577 6.724e-17 5.349e-17 2.499e-17 0.0 108.79 0.0
S004249 224.0803 72.5222 1.331e-17 1.277e-17 8.856e-18 0.0 107.59 0.0
S004250 224.1555 72.5509 7.809e-22 1.661e-21 5.78e-21 0.0 104.73 0.0
S004251 224.0973 72.5839 3.967e-21 2.738e-21 9.473e-22 0.0 107.06 0.0
S004252 224.1149 72.5814 9.97e-24 3.006e-23 2.129e-22 0.0 104.78 0.0
S004253 224.1182 72.5173 1.343e-22 3.578e-22 1.967e-21 0.0 105.47 0.0
S004254 224.1253 72.5655 8.752e-17 7.069e-17 3.284e-17 0.001 107.42 1.0
S004255 224.1374 72.5404 1.6429999999999998e-22 4.1119999999999998e-22 1.939e-21 0.0 106.78 0.0
S004256 224.1267 72.5693 1.543e-20 2.4780000000000004e-20 4.768e-20 0.0 107.53 0.0
S004257 224.0786 72.5488 1.102e-17 1.01e-17 6.278e-18 0.0 104.57 0.0
S004258 224.1467 72.557 6.357e-17 5.305e-17 2.688e-17 0.0 105.17 0.0
S004259 224.0704 72.566 9.268e-25 4.299e-24 7.71e-23 0.0 106.77 0.0
S004260 224.1079 72.5763 2.869e-17 4.585e-17 8.959e-17 0.0 105.44 0.0
S004261 224.1277 72.5233 3.59e-24 1.1979999999999999e-23 1.065e-22 0.0 104.18 0.0
S004262 224.1049 72.5405 2.716e-17 2.453e-17 1.459e-17 0.0 105.57 0.0
S004263 224.075 72.5323 8.907999999999999e-23 2.576e-22 1.681e-21 0.0 106.82 0.0
S004264 224.1097 72.577 3.41e-21 6.7710000000000005e-21 2.0440000000000003e-20 0.0 107.33 0.0
S004265 224.1322 72.5626 2.903e-16 2.181e-16 8.923e-17 0.0 108.03 1.0
S004266 224.1079 72.5668 1.253e-16 1.033e-16 5.194e-17 0.0 106.11 0.0
S004267 224.1415 72.5544 6.454000000000001e-20 9.238000000000001e-20 1.354e-19 0.0 108.38 0.0
S004268 224.082 72.5719 5.631e-18 1.148e-17 3.591e-17 0.0 106.18 0.0
S004269 224.1121 72.5219 3.378e-18 3.668e-18 3.136e-18 0.0 106.11 0.0
S004270 224.1246 72.5848 2.372e-17 3.8e-17 7.107e-17 0.0 106.0 0.0
S004271 224.0972 72.5634 6.046999999999999e-22 1.4340000000000001e-21 6.351e-21 0.0 105.35 0.0
S004272 224.1282 72.5441 6.549e-19 7.629e-19 7.789e-19 0.0 107.68 0.0
S004273 224.0942 72.5439 1.244e-18 1.487e-18 1.559e-18 0.0 107.55 0.0
S004274 224.1267 72.5869 3.147e-22 7.706e-22 3.7150000000000004e-21 0.0 104.78 0.0
S004275 224.1421 72.572 7.626e-13 5.275e-13 1.879e-13 0.0 105.84 0.0
S004276 224.1242 72.5349 2.821e-17 3.953e-17 5.842e-17 0.0 108.17 0.0
S004277 224.1148 72.523 1.552e-20 2.5800000000000002e-20 5.4010000000000004e-20 0.0 108.89 0.0
S004278 224.126 72.5384 2.447e-18 2.743e-18 2.507e-18 0.0 104.84 0.0
S004279 224.1084 72.5686 1.4679999999999998e-23 4.4149999999999997e-23 3.141e-22 0.0 104.95 0.0
S004280 224.1013 72.5271 6.403e-19 7.851e-19 8.821e-19 0.0 105.47 0.0
S004281 224.0966 72.5795 1.268e-16 3.004e-16 1.3e-15 0.0 105.12 1.0
S004282 224.1154 72.58 6.516e-21 1.173e-20 2.981e-20 0.0 107.91 0.0
S004283 224.0932 72.559 4.428e-18 4.65e-18 3.711e-18 0.0 105.68 0.0
S004284 224.1252 72.5546 1.388e-13 9.298e-14 2.945e-14 0.0 105.93 0.0
S004285 224.1458 72.5558 4.922e-24 1.556e-23 1.2719999999999999e-22 0.0 107.55 0.0
S004286 224.1034 72.5673 5.108e-19 5.968e-19 6.181e-19 0.001 105.63 0.0
S004287 224.1153 72.5632 3.114e-21 2.173e-21 7.770999999999999e-22 0.0 107.85 0.0
S004288 224.0851 72.5497 8.534999999999999e-22 1.794e-21 6.113e-21 0.0 107.28 0.0
S004289 224.0673 72.5704 4.547e-19 5.752e-19 6.823e-19 0.0 108.09 0.0
S004290 224.1176 72.5393 2.131e-17 1.944e-17 1.161e-17 0.0 104.53 0.0
S004291 224.116 72.5699 1.105e-17 1.035e-17 6.502e-18 0.0 106.16 0.0
S004292 224.0889 72.5662 9.405e-21 1.6160000000000003e-20 3.638e-20 0.0 107.31 0.0
S004293 224.1298 72.5624 6.36e-19 7.828e-19 8.853e-19 0.0 105.05 0.0
S004294 224.1423 72.5773 4.2260000000000005e-20 6.523e-20 1.157e-19 0.0 105.76 0.0
S004295 224.1148 72.5769 7.813e-17 1.547e-16 4.59e-16 0.0 105.78 0.0
S004296 224.1412 72.5927 6.918e-13 4.861e-13 1.761e-13 0.0 106.16 0.0
S004297 224.0972 72.5674 1.829e-17 3.852e-17 1.3e-16 0.0 107.61 0.0
S004298 224.1193 72.5598 9.472e-17 1.691e-16 4.188e-16 0.0 108.41 0.0
S004299 224.0744 72.5431 6.821e-23 1.8729999999999998e-22 1.106e-21 0.0 108.38 0.0
S004300 224.0763 72.5461 1.654e-23 4.916e-23 3.4909999999999995e-22 0.0 108.2 0.0
S004301 224.1176 72.521 3.879e-17 3.432e-17 1.971e-17 0.0 104.7 0.0
S004302 224.1163 72.5712 4.03e-20 6.578000000000001e-20 1.313e-19 0.001 107.16 0.0
S004303 224.1121 72.5451 5.968000000000001e-20 1e-19 2.119e-19 0.0 108.35 0.0
S004304 224.0814 72.5919 4.44e-13 2.996e-13 9.678e-14 0.0 104.99 0.0
S004305 224.0827 72.5743 5.203e-17 8.054e-17 1.429e-16 0.0 107.49 0.0
S004306 224.1257 72.5247 2.218e-22 5.167e-22 2.239e-21 0.0 108.18 0.0
S004307 224.0725 72.5511 5.812e-20 8.800000000000001e-20 1.545e-19 0.0 105.91 0.0
S004308 224.1037 72.5721 3.244e-17 4.562e-17 6.945e-17 0.0 106.34 0.0
S004309 224.1137 72.5534 2.483e-19 3.294e-19 4.381e-19 0.0 106.0 0.0
S004310 224.0935 72.6027 6.579e-18 1.189e-17 2.888e-17 0.0 106.33 0.0
S004311 224.1021 72.5338 4.585e-17 3.987e-17 2.118e-17 0.0 107.6 0.0
S004312 224.1164 72.5756 4.402e-21 3.012e-21 1.005e-21 0.0 108.47 0.0
S004313 224.1294 72.5264 2.014e-17 3.275e-17 6.271e-17 0.0 106.73 0.0
S004314 224.1046 72.5614 2.297e-24 9.748e-24 1.4419999999999998e-22 0.0 104.67 0.0
S004315 224.1216 72.528 1.3339999999999998e-22 3.5359999999999995e-22 2.014e-21 0.0 108.41 0.0
S004316 224.1124 72.5621 3.278e-18 3.681e-18 3.453e-18 0.0 105.66 0.0
S004317 224.1125 72.5401 2.513e-17 2.213e-17 1.238e-17 0.0 104.97 0.0
S004318 224.1309 72.5829 2.143e-24 8.16e-24 9.692e-23 0.0 104.33 0.0
S004319 224.0907 72.5675 5.991999999999999e-22 1.296e-21 4.79e-21 0.0 105.02 0.0
S004320 224.1041 72.5711 9.228e-24 3.153e-23 2.88e-22 0.0 105.34 0.0
S004321 224.0945 72.5912 3.001e-17 4.961e-17 1.025e-16 0.0 108.98 0.0
S004322 224.0851 72.5386 1.575e-19 2.298e-19 3.584e-19 0.0 107.19 0.0
S004323 224.1602 72.5307 3.414e-17 3.062e-17 1.776e-17 0.0 108.59 0.0
S004324 224.0927 72.5474 1.461e-23 4.65e-23 3.7239999999999997e-22 0.0 107.26 0.0
S004325 224.0782 72.572 4.3810000000000004e-21 8.853e-21 2.7430000000000004e-20 0.0 105.2 0.0
S004326 224.1207 72.5727 2.86e-24 1.0279999999999999e-23 1.058e-22 0.0 105.9 0.0
S004327 224.095 72.5316 1.113e-12 7.965e-13 3.011e-13 0.0 107.37 0.0
S004328 224.0855 72.578 8.175e-19 9.92e-19 1.029e-18 0.0 107.18 0.0
S004329 224.1165 72.5593 7.952e-18 7.926e-18 5.849e-18 0.0 106.3 0.0
S004330 224.118 72.575 1.363e-20 2.4070000000000002e-20 5.668000000000001e-20 0.0 105.46 0.0
S004331 224.1053 72.5707 6.126e-16 4.759e-16 2.011e-16 0.0 106.81 1.0
S004332 224.1187 72.5624 6.164e-19 7.23e-19 7.255e-19 0.0 107.18 0.0
S004333 224.1396 72.5454 4.135e-21 8.437e-21 2.6340000000000003e-20 0.0 105.27 0.0
S004334 224.0821 72.5032 4.444e-20 7.162e-20 1.428e-19 0.0 104.76 0.0
S004335 224.1071 72.5308 7.09e-21 1.2030000000000002e-20 2.622e-20 0.0 108.43 0.0
S004336 224.0991 72.5315 3.258e-26 2.072e-25 7.187e-24 0.0 106.27 0.0
S004337 224.1313 72.5422 1.99e-17 3.983e-17 1.228e-16 0.0 104.47 0.0
S004338 224.0842 72.5548 7.982e-17 6.75e-17 3.5e-17 0.0 107.76 0.0
S004339 224.1245 72.5947 1.409e-17 2.496e-17 5.714e-17 0.0 105.4 0.0
S004340 224.1077 72.5316 1.17e-12 9.017e-13 3.846e-13 0.0 104.69 1.0
S004341 224.109 72.5602 3.758e-19 4.926e-19 6.32e-19 0.0 108.91 0.0
S004342 224.1236 72.5584 4.572e-18 4.591e-18 3.332e-18 0.0 106.21 0.0
S004343 224.1352 72.5614 7.843999999999999e-22 1.7090000000000002e-21 6.294e-21 0.0 106.02 0.0
S004344 224.092 72.5483 8.168000000000001e-21 1.436e-20 3.251e-20 0.0 104.94 0.0
S004345 224.1092 72.5387 1.551e-19 2.125e-19 2.97e-19 0.0 105.16 0.0
S004346 224.0989 72.5853 7.294000000000001e-20 1.054e-19 1.63e-19 0.0 107.48 0.0
S004347 224.1351 72.5693 1.627e-16 1.345e-16 6.548e-17 0.0 106.97 0.0
S004348 224.1003 72.5657 8.033e-17 6.499e-17 3.093e-17 0.0 107.08 0.0
S004349 224.1335 72.5684 1.6019999999999998e-22 3.9239999999999996e-22 1.796e-21 0.0 108.6 0.0
S004350 224.1259 72.586 1.689e-16 1.378e-16 6.683e-17 0.0 106.12 0.0
S004351 224.1075 72.5271 1.163e-13 7.71e-14 2.473e-14 0.0 104.2 0.0
S004352 224.1003 72.5646 1.43e-13 2.062e-13 3.179e-13 0.0 105.13 0.0
S004353 224.1039 72.5469 2.779e-19 3.592e-19 4.345e-19 0.0 107.92 0.0
S004354 224.1458 72.5699 2.8860000000000002e-21 2.045e-21 7.543e-22 0.0 108.54 0.0
S004355 224.1054 72.5148 2.7990000000000003e-25 1.469e-24 3.359e-23 0.0 106.58 0.0
S004356 224.118 72.5494 1.232e-17 1.197e-17 8.154e-18 0.0 106.73 0.0
S004357 224.127 72.5417 2.715e-21 5.626e-21 1.898e-20 0.0 107.69 0.0
S004358 224.1295 72.577 3.336e-18 3.542e-18 2.904e-18 0.0 105.46 0.0
S004359 224.1112 72.5587 3.623e-16 2.64e-16 1.044e-16 0.0 97.56 0.0
S004360 224.1112 72.5587 2.037e-16 1.579e-16 7.041e-17 0.0 100.04 0.0
S004361 224.1113 72.5583 2.781e-21 5.781e-21 1.849e-20 0.0 102.32 0.0
S004362 224.1114 72.5587 2.313e-16 1.884e-16 8.871e-17 0.0 106.53 0.0
S004363 224.1114 72.5585 9.099e-18 8.677e-18 5.647e-18 0.0 113.09 0.0
S004364 224.1113 72.5587 5.167e-15 3.559e-15 1.203e-15 0.0 99.66 0.0
S004365 224.1112 72.5586 1.177e-12 8.498e-13 3.166e-13 0.0 109.27 0.0
S004366 224.1114 72.5585 4.38e-17 3.838e-17 2.132e-17 0.0 115.8 0.0
S004367 224.1115 72.5587 1.993e-17 1.93e-17 1.312e-17 0.0 99.76 0.0
S004368 224.1113 72.5585 3.508e-21 2.451e-21 8.552e-22 0.0 114.67 0.0
S004369 224.1115 72.5584 3.604e-15 2.525e-15 9.135e-16 0.0 104.49 0.0
S004370 224.1113 72.5585 4.066e-18 4.132e-18 3.249e-18 0.0 109.65 0.0
S004371 224.1116 72.5585 2.834e-15 2.02e-15 7.348e-16 0.0 108.36 0.0
S004372 224.1113 72.5586 1.148e-15 8.412e-16 3.193e-16 0.0 115.33 0.0
S004373 224.1115 72.5585 4.701e-15 1.559e-14 1.433e-13 0.0 101.59 0.0
S004374 224.1114 72.5586 1.28e-17 1.257e-17 8.68e-18 0.0 115.4 0.0
S004375 224.1115 72.5585 1.553e-17 3.212e-17 1.033e-16 0.0 105.46 0.0
S004376 224.1114 72.5587 5.636e-15 3.81e-15 1.267e-15 0.0 100.37 0.0
S004377 224.1114 72.5587 2.939e-21 2.09e-21 7.422e-22 0.0 97.99 0.0
S004378 224.2681 72.5585 8.115000000000001e-26 4.718e-25 1.3009999999999999e-23 0.0 108.86 0.0
S004379 224.0622 72.4961 1.641e-17 3.209e-17 9.251e-17 0.0 106.42 0.0
S004380 224.0607 72.4935 3.578e-21 2.509e-21 8.739e-22 0.0 103.12 0.0
S004381 224.1954 72.7481 2.076e-21 4.319e-21 1.38e-20 0.0 106.9 0.0
S004382 224.1365 72.5474 6.502e-18 6.592e-18 4.865e-18 0.0 104.87 0.0
S004383 224.0109 72.5182 1.822e-23 5.497e-23 3.9909999999999996e-22 0.0 108.02 0.0
S004384 224.2066 72.5356 9.742e-22 2.035e-21 6.798e-21 0.0 104.97 0.0
S004385 223.8701 72.7629 5.966999999999999e-23 1.6789999999999998e-22 9.988999999999998e-22 0.0 108.63 0.0
S004386 223.9647 72.5611 5.336e-21 1.0150000000000001e-20 2.691e-20 0.0 105.49 0.0
S004387 224.0279 72.6743 1.002e-19 1.408e-19 2.103e-19 0.0 105.5 0.0
S004388 224.1462 72.7911 6.875e-23 1.7129999999999998e-22 8.236999999999999e-22 0.0 102.98 0.0
S004389 224.1132 72.2434 2.8940000000000005e-20 4.5500000000000006e-20 8.285e-20 0.0 106.82 0.0
S004391 224.0572 72.7796 4.34e-19 5.438e-19 6.246e-19 0.0 109.64 0.0
S004392 224.1978 72.4841 3.39e-21 2.372e-21 8.395999999999999e-22 0.0 104.25 0.0
S004393 223.8833 72.3621 7.838e-18 7.59e-18 5.046e-18 0.0 110.3 0.0
S004394 224.0793 72.5968 2.671e-22 6.231999999999999e-22 2.609e-21 0.0 105.19 0.0
S004395 224.1993 72.5836 8.262000000000001e-20 1.297e-19 2.409e-19 0.0 103.24 0.0
S004396 224.2388 72.5773 3.982e-21 2.752e-21 9.596e-22 0.0 106.4 0.0
S004397 224.1623 72.6315 2.666e-18 2.821e-18 2.314e-18 0.0 104.83 0.0
S004398 223.9329 72.3941 2.274e-18 2.492e-18 2.23e-18 0.0 107.79 0.0
S004399 224.0715 72.528 4.515e-18 4.548e-18 3.406e-18 0.0 106.15 0.0
S004400 224.0707 72.604 1.767e-18 1.98e-18 1.786e-18 0.0 110.11 0.0
S004401 223.7744 72.7064 4.603e-20 7.382e-20 1.406e-19 0.0 108.3 0.0
S004402 223.9456 72.6008 1.1380000000000001e-20 1.963e-20 4.404e-20 0.0 108.86 0.0
S004403 224.0357 72.7237 6.186999999999999e-23 1.644e-22 9.329e-22 0.0 108.17 0.0
S004404 223.7734 72.5506 1.9519999999999999e-22 4.936999999999999e-22 2.567e-21 0.0 106.35 0.0
S004405 224.33 72.7174 5.803e-21 1.085e-20 2.862e-20 0.0 109.79 0.0
S004406 224.041 72.666 4.557e-19 5.619e-19 6.242e-19 0.0 105.29 0.0
S004407 224.0695 72.7583 1.4460000000000001e-21 3.15e-21 1.092e-20 0.0 104.39 0.0
S004408 224.3921 72.4197 1.454e-24 5.545e-24 6.362e-23 0.0 109.4 0.0
S004409 224.3797 72.6289 8.422999999999999e-23 2.2539999999999997e-22 1.2230000000000001e-21 0.001 109.72 0.0
S004410 224.1717 72.6184 3.5279999999999995e-22 9.185999999999998e-22 4.881e-21 0.0 103.38 0.0
S004411 224.2817 72.2544 1.268e-12 8.98e-13 3.184e-13 0.0 108.49 0.0
S004412 223.9894 72.6903 1.7270000000000002e-25 8.281e-25 1.526e-23 0.0 103.14 0.0
S004413 224.164 72.6904 6.198e-21 1.173e-20 3.1920000000000004e-20 0.0 109.84 0.0
S004414 223.9387 72.6619 7.203999999999999e-22 1.567e-21 5.719e-21 0.0 108.84 0.0
S004415 224.0815 72.5871 3.674e-18 3.858e-18 3.06e-18 0.0 103.49 0.0
S004416 224.2255 72.6473 8.36e-22 1.994e-21 8.841e-21 0.0 105.91 0.0
S004417 224.2399 72.5799 3.027e-19 3.836e-19 4.616e-19 0.0 108.1 0.0
S004418 224.0313 72.5261 4.073e-21 8.192000000000001e-21 2.5310000000000002e-20 0.0 105.91 0.0
S004420 224.1156 72.5937 4.5460000000000003e-20 6.957000000000001e-20 1.203e-19 0.0 108.51 0.0
S004421 224.3134 72.4374 9.185e-17 7.48e-17 3.58e-17 0.0 106.11 0.0
S004422 224.1924 72.5681 5.228e-19 6.488e-19 7.132e-19 0.0 109.23 0.0
S004423 224.2221 72.565 3.3459999999999997e-22 7.616e-22 2.996e-21 0.0 107.48 0.0
S004424 223.949 72.5145 1.342e-18 1.542e-18 1.558e-18 0.0 106.05 0.0
S004425 223.8632 72.6703 1.183e-19 1.81e-19 3.059e-19 0.0 103.32 0.0
S004426 224.081 72.5042 2.005e-18 2.264e-18 2.124e-18 0.0 108.28 0.0
S004427 223.8955 72.4787 1.066e-13 7.115e-14 2.247e-14 0.0 106.71 0.0
S004428 224.1564 72.382 2.1099999999999998e-23 7.070999999999999e-23 6.106999999999999e-22 0.0 109.57 0.0
S004429 223.9953 72.5315 3.024e-21 2.134e-21 7.767e-22 0.0 104.21 0.0
S004430 224.1402 72.3986 9.593000000000001e-20 1.401e-19 2.178e-19 0.0 108.46 0.0
S004431 224.1896 72.4551 5.292e-24 1.829e-23 1.6749999999999997e-22 0.0 105.4 0.0
S004432 223.8881 72.7833 4.645e-19 5.853e-19 6.717e-19 0.0 107.14 0.0
S004433 224.2521 72.449 1.2449999999999998e-22 3.2699999999999996e-22 1.698e-21 0.0 107.69 0.0
S004434 224.2724 72.6207 8.375e-19 1.072e-18 1.286e-18 0.0 108.21 0.0
S004435 224.3632 72.6236 1.3389999999999999e-22 3.4249999999999995e-22 1.73e-21 0.0 106.59 0.0
S004436 223.901 72.4577 7.106e-18 7.069e-18 4.91e-18 0.0 107.15 0.0
S004437 223.9906 72.5356 6.166e-25 2.533e-24 3.447e-23 0.0 106.23 0.0
S004438 223.9096 72.4046 2.416e-24 9.345e-24 1.117e-22 0.0 106.83 0.0
S004439 224.1464 72.724 1.2100000000000001e-20 2.2070000000000002e-20 5.463000000000001e-20 0.0 106.4 0.0
S004440 224.1791 72.6053 3.855e-23 1.103e-22 7.207999999999999e-22 0.0 103.87 0.0
S004441 223.9664 72.6249 8.169000000000001e-20 1.16e-19 1.74e-19 0.0 103.47 0.0
S004442 223.8223 72.828 1.146e-22 2.873e-22 1.394e-21 0.0 103.75 0.0
S004443 224.0147 72.6169 4.681e-22 1.124e-21 4.8680000000000004e-21 0.0 103.38 1.0
S004444 224.1391 72.7117 2.834e-17 5.451e-17 1.505e-16 0.0 107.37 0.0
S004445 224.1486 72.7806 1.0629999999999998e-22 2.7139999999999997e-22 1.408e-21 0.0 104.74 0.0
S004446 223.9957 72.5602 1.7359999999999998e-23 5.998999999999999e-23 5.745e-22 0.0 105.34 0.0
S004447 224.191 72.3872 3.969e-19 5.082e-19 5.843e-19 0.0 105.34 0.0
S004448 224.0608 72.3841 1.944e-18 2.124e-18 1.846e-18 0.0 108.73 0.0
S004449 224.2221 72.5605 2.491e-21 5.437e-21 2.011e-20 0.0 103.63 0.0
S004450 224.2789 72.3713 8.480000000000001e-20 1.303e-19 2.217e-19 0.0 108.72 0.0
S004451 224.2519 72.5037 1.012e-18 1.217e-18 1.279e-18 0.0 108.06 0.0
S004452 224.2789 72.6368 1.003e-19 1.451e-19 2.176e-19 0.0 104.0 0.0
S004453 224.4208 72.405 4.4000000000000004e-20 6.791000000000001e-20 1.189e-19 0.0 105.73 0.0
S004454 224.102 72.6039 9.715e-22 2.311e-21 1.0010000000000002e-20 0.0 105.7 0.0
S004455 224.1407 72.5453 2.681e-21 5.503e-21 1.767e-20 0.0 109.29 0.0
S004456 224.1798 72.6643 8.845e-19 1.079e-18 1.162e-18 0.0 108.48 0.0
S004457 224.1129 72.6293 2.011e-20 3.4040000000000006e-20 7.483000000000001e-20 0.0 107.56 0.0
S004458 223.9918 72.5423 3.205e-14 2.121e-14 6.859e-15 0.0 105.31 0.0
S004459 224.0802 72.683 6.286999999999999e-22 1.441e-21 6.0220000000000005e-21 0.0 105.48 0.0
S004460 224.3059 72.4315 4.062e-18 4.131e-18 2.938e-18 0.0 110.48 0.0
S004461 224.1678 72.7192 1.685e-21 3.321e-21 9.737e-21 0.0 104.48 0.0
S004462 223.9633 72.6598 4.582e-24 1.714e-23 1.934e-22 0.0 108.31 0.0
S004463 224.1434 72.2558 1.378e-21 3.007e-21 1.1020000000000001e-20 0.0 105.58 0.0
S004464 224.3075 72.6863 2.083e-23 6.033999999999999e-23 3.7979999999999996e-22 0.0 104.47 0.0
S004465 223.9376 72.7203 8.212e-22 1.996e-21 8.77e-21 0.0 105.15 0.0
S004466 224.0705 72.4868 5.554e-21 1.0380000000000001e-20 2.787e-20 0.001 109.8 0.0
S004467 224.2191 72.3174 3.9159999999999996e-22 7.668999999999999e-22 2.19e-21 0.0 104.69 0.0
S004468 224.2515 72.6908 9.354e-23 2.2669999999999996e-22 1.0150000000000001e-21 0.0 106.22 0.0
S004469 224.2892 72.6339 1.15e-17 1.104e-17 7.351e-18 0.0 109.37 0.0
S004470 224.0214 72.556 2.3380000000000002e-20 3.863e-20 7.688e-20 0.0 107.66 0.0
S004471 224.1073 72.7533 1.1999999999999998e-22 3.3289999999999996e-22 2.002e-21 0.0 103.03 0.0
S004472 224.1255 72.3736 3.255e-21 6.3430000000000005e-21 1.752e-20 0.0 105.08 0.0
S004473 224.1881 72.7369 1.47e-18 1.623e-18 1.389e-18 0.0 107.0 0.0
S004474 223.828 72.443 1.2200000000000001e-21 2.637e-21 9.699e-21 0.0 106.27 0.0
S004475 224.1541 72.6496 4.426e-18 4.569e-18 3.577e-18 0.0 106.98 0.0
S004476 224.1487 72.796 4.426e-22 1.056e-21 4.586e-21 0.0 104.56 0.0
S004477 224.3439 72.5373 3.601e-24 1.614e-23 2.7269999999999996e-22 0.0 107.58 0.0
S004478 224.3502 72.4434 1.3569999999999998e-22 3.3909999999999997e-22 1.718e-21 0.0 105.01 0.0
S004479 223.9594 72.3716 2.866e-23 8.479e-23 5.947999999999999e-22 0.0 102.76 0.0
S004480 224.0183 72.7372 2.5470000000000002e-21 5.192e-21 1.611e-20 0.0 107.0 0.0
S004481 224.3878 72.445 5.0400000000000006e-20 7.640000000000001e-20 1.315e-19 0.0 104.72 0.0
S004482 224.1128 72.6098 4.7440000000000005e-20 7.752000000000001e-20 1.509e-19 0.0 105.78 0.0
S004483 224.1316 72.5236 3.076e-17 6.121e-17 1.894e-16 0.0 104.86 0.0
S004484 224.0541 72.7022 7.814999999999999e-22 1.805e-21 7.439e-21 0.001 107.09 0.0
S004485 224.2595 72.7696 1.613e-17 1.445e-17 8.573e-18 0.0 106.78 0.0
S004486 223.9869 72.3959 4.982999999999999e-22 1.18e-21 4.91e-21 0.0 109.29 0.0
S004488 224.105 72.8209 2.519e-19 3.204e-19 3.884e-19 0.0 102.55 0.0
S004489 224.1137 72.5513 4.851e-20 7.219000000000001e-20 1.164e-19 0.0 107.85 0.0
S004490 224.3016 72.5376 2.8419999999999997e-23 8.623e-23 6.215999999999999e-22 0.0 104.74 0.0
S004491 224.2539 72.718 3.296e-17 5.363e-17 1.083e-16 0.0 109.58 0.0
S004492 223.7735 72.7545 3.35e-21 2.3750000000000002e-21 8.349999999999999e-22 0.0 108.26 0.0
S004493 224.1783 72.5834 5.293e-23 1.3789999999999998e-22 7.171e-22 0.0 103.74 0.0
S004494 223.9903 72.2989 1.417e-12 1.081e-12 4.524e-13 0.0 110.37 1.0
S004495 224.0676 72.5866 2.5650000000000002e-21 1.827e-21 7.013999999999999e-22 0.0 109.39 0.0
S004496 223.961 72.4969 2.191e-21 4.6780000000000004e-21 1.614e-20 0.0 104.57 0.0
S004497 223.8528 72.4913 9.459e-23 2.362e-22 1.163e-21 0.0 109.0 0.0
S004498 224.246 72.4512 1.002e-20 1.8100000000000002e-20 4.52e-20 0.0 103.49 0.0
S004499 223.9068 72.6299 1.767e-19 2.392e-19 3.281e-19 0.0 108.78 0.0
S004500 224.0849 72.5923 3.328e-23 9.227e-23 5.782999999999999e-22 0.0 106.13 0.0
S004501 224.0446 72.3412 4.877e-21 9.614e-21 2.9370000000000004e-20 0.0 103.64 0.0
S004502 223.9735 72.585 2.229e-20 3.6140000000000003e-20 7.251e-20 0.0 105.45 0.0
S004503 224.0999 72.387 7.887e-19 9.454e-19 9.958e-19 0.0 103.22 0.0
S004504 224.1038 72.3127 3.2740000000000005e-20 5.521000000000001e-20 1.156e-19 0.0 109.25 0.0
S004505 224.0344 72.6706 1.848e-21 3.934e-21 1.369e-20 0.0 102.77 0.0
S004506 224.1952 72.523 2.9859999999999995e-22 7.999999999999999e-22 4.415e-21 0.0 104.4 0.0
S004507 224.1602 72.6868 1.993e-22 5.049e-22 2.539e-21 0.0 109.81 0.0
S004508 224.1044 72.7718 2.657e-22 5.774e-22 2.0480000000000002e-21 0.0 102.77 0.0
S004509 224.3487 72.4804 3.699e-21 2.593e-21 8.853e-22 0.0 106.68 0.0
S004510 223.9731 72.7638 1.8479999999999999e-22 4.425e-22 1.915e-21 0.0 104.18 0.0
S004511 224.1409 72.5643 3.269e-21 2.314e-21 8.323999999999999e-22 0.0 103.2 0.0
S004512 223.9803 72.6577 5.693e-20 8.712000000000001e-20 1.561e-19 0.0 107.68 0.0
S004513 224.1105 72.5189 4.371e-21 8.164e-21 2.2200000000000003e-20 0.0 106.59 0.0
S004514 224.2397 72.4844 2.197e-22 5.437999999999999e-22 2.599e-21 0.0 107.01 0.0
S004515 224.0081 72.6536 2.239e-20 3.658e-20 7.336000000000001e-20 0.0 109.88 0.0
S004516 223.9775 72.7375 2.053e-22 4.705e-22 1.932e-21 0.0 104.16 0.0
S004517 224.0477 72.7694 9.004e-24 2.864e-23 2.287e-22 0.0 105.27 0.0
S004518 224.4249 72.5405 2.859e-20 4.823e-20 1.02e-19 0.0 109.27 0.0
S004519 224.1138 72.3657 1.993e-19 2.643e-19 3.4e-19 0.0 107.63 0.0
S004520 224.0883 72.6981 1.382e-17 2.674e-17 7.628e-17 0.0 110.01 0.0
S004521 224.2204 72.5485 3.7069999999999995e-22 9.273e-22 4.486e-21 0.0 107.2 0.0
S004522 224.0694 72.4593 3.8909999999999995e-23 1.195e-22 9.109e-22 0.0 105.9 0.0
S004523 224.0026 72.5205 5.898e-17 9.615e-17 1.874e-16 0.0 104.73 0.0
S004524 224.095 72.702 3.904e-21 2.617e-21 8.897999999999999e-22 0.0 104.16 0.0
S004525 224.3097 72.4772 3.292e-21 6.215e-21 1.656e-20 0.0 107.28 0.0
S004526 223.8457 72.4824 2.3509999999999997e-22 5.8459999999999995e-22 2.799e-21 0.0 102.68 0.0
S004527 224.2361 72.5467 6.813999999999999e-23 1.9469999999999998e-22 1.286e-21 0.0 107.4 0.0
S004528 224.2794 72.526 2.1170000000000002e-20 3.6600000000000005e-20 7.815000000000001e-20 0.0 103.71 0.0
S004529 224.1702 72.4778 4.1439999999999994e-22 9.927999999999998e-22 4.302e-21 0.0 104.87 0.0
S004530 224.0526 72.5135 1.082e-21 2.542e-21 1.101e-20 0.0 104.75 0.0
S004531 224.0471 72.6681 2.8259999999999997e-22 6.654e-22 2.833e-21 0.0 107.82 0.0
S004532 224.1266 72.4874 1.907e-18 2.227e-18 2.137e-18 0.0 109.05 0.0
S004533 224.0011 72.4904 3.484e-23 9.812999999999999e-23 5.941e-22 0.001 107.48 0.0
S004534 224.1333 72.3905 6.08e-24 2.135e-23 2.1039999999999999e-22 0.0 107.32 0.0
S004535 224.286 72.5597 2.627e-21 5.069e-21 1.442e-20 0.0 103.26 0.0
S004536 224.314 72.4888 2.371e-20 3.7720000000000004e-20 7.345000000000001e-20 0.0 104.24 0.0
S004537 223.9073 72.4561 3.281e-18 3.538e-18 2.98e-18 0.0 107.4 0.0
S004538 224.1118 72.6394 5.189e-23 1.2889999999999998e-22 6.049999999999999e-22 0.0 104.97 0.0
S004539 223.9476 72.5233 4.018e-19 5.368e-19 7.308e-19 0.0 107.14 0.0
S004540 224.1201 72.9007 6.162e-22 1.391e-21 5.242e-21 0.0 107.39 0.0
S004541 224.0034 72.4847 8.121e-18 8.381e-18 6.586e-18 0.0 105.53 0.0
S004542 223.9553 72.6042 4.8140000000000004e-20 7.045e-20 1.105e-19 0.0 106.61 0.0
S004543 224.3328 72.4768 1.037e-21 2.362e-21 8.971e-21 0.0 109.9 0.0
S004544 224.154 72.4409 3.417e-19 4.231e-19 4.834e-19 0.0 106.74 0.0
S004545 224.0972 72.5692 1.197e-18 1.375e-18 1.332e-18 0.0 108.81 0.0
S004546 224.1505 72.6902 7.016000000000001e-20 1.087e-19 1.863e-19 0.0 105.92 0.0
S004547 224.1286 72.3423 2.409e-24 8.331999999999999e-24 8.032e-23 0.0 109.47 0.0
S004548 224.1875 72.2763 1.227e-25 6.341e-25 1.431e-23 0.0 109.26 0.0
S004549 224.0797 72.7827 3.082e-17 2.734e-17 1.562e-17 0.0 109.44 0.0
S004551 224.2919 72.4707 2.0769999999999998e-22 5.9499999999999995e-22 3.718e-21 0.0 103.65 0.0
S004552 224.0863 72.559 3.981e-24 1.428e-23 1.5059999999999999e-22 0.0 109.74 0.0
S004553 223.9629 72.5333 2.192e-21 4.532e-21 1.4510000000000002e-20 0.0 107.44 0.0
S004554 224.0287 72.7144 4.616e-18 4.961e-18 4.216e-18 0.0 103.43 0.0
S004555 224.1802 72.6403 3.912e-27 2.94e-26 1.419e-24 0.0 103.92 0.0
S004556 223.9469 72.6054 1.127e-16 2.615e-16 1.074e-15 0.0 106.22 1.0
S004557 224.0202 72.5151 1.281e-16 1.009e-16 4.465e-17 0.0 104.81 0.0
S004558 223.9115 72.6476 6.189e-23 1.6099999999999999e-22 8.882e-22 0.0 102.64 0.0
S004559 224.005 72.6289 5.8e-24 1.888e-23 1.6319999999999998e-22 0.0 109.01 0.0
S004560 224.2545 72.4606 4.403e-18 4.618e-18 3.673e-18 0.0 109.6 0.0
S004561 224.0011 72.4671 5.309e-19 6.622e-19 7.482e-19 0.0 104.91 0.0
S004562 224.0638 72.6735 4.105e-18 4.435e-18 3.638e-18 0.0 105.77 0.0
S004563 223.9875 72.6237 1.9990000000000003e-20 3.553e-20 8.454000000000001e-20 0.0 107.89 0.0
S004564 224.1322 72.6214 3.714e-21 7.562e-21 2.357e-20 0.0 110.04 0.0
S004565 224.2684 72.6691 3.2389999999999995e-22 7.04e-22 2.601e-21 0.0 102.78 0.0
S004566 223.9223 72.5153 1.83e-24 6.639e-24 7.141e-23 0.0 105.66 0.0
S004567 224.0616 72.7688 1.269e-18 1.419e-18 1.324e-18 0.0 105.2 0.0
S004568 224.1716 72.3015 2.791e-23 7.447e-23 4.1859999999999997e-22 0.0 110.42 0.0
S004569 224.0193 72.7504 3.005e-19 4.241e-19 6.3e-19 0.0 107.97 0.0
S004570 223.9205 72.4946 4.699999999999999e-22 1.153e-21 5.262e-21 0.0 109.6 0.0
S004571 224.1057 72.7763 8.573000000000001e-26 4.638000000000001e-25 1.143e-23 0.0 104.61 0.0
S004572 223.9222 72.8511 7.98e-18 7.915e-18 5.551e-18 0.0 105.16 0.0
S004573 224.1831 72.4935 4.996999999999999e-22 1.1250000000000001e-21 4.277e-21 0.0 102.91 0.0
S004574 223.955 72.5618 1.986e-22 5.405e-22 3.033e-21 0.0 108.11 0.0
S004575 223.9792 72.5132 1.423e-18 1.616e-18 1.45e-18 0.0 109.87 0.0
S004576 224.1217 72.5713 1.504e-17 2.372e-17 4.451e-17 0.0 106.53 0.0
S004577 223.8292 72.7226 3.238e-21 6.363e-21 1.8750000000000003e-20 0.0 107.34 0.0
S004578 223.907 72.6402 1.992e-19 2.674e-19 3.491e-19 0.0 108.75 0.0
S004579 224.1511 72.3306 1.5489999999999998e-22 3.8479999999999995e-22 1.825e-21 0.0 105.36 0.0
S004580 224.045 72.5368 1.2140000000000001e-20 2.0620000000000002e-20 4.5580000000000005e-20 0.0 108.84 0.0
S004581 223.942 72.3668 1.514e-22 4.272e-22 2.651e-21 0.0 109.56 0.0
S004582 224.1712 72.6827 1.904e-23 5.776e-23 4.1809999999999994e-22 0.0 107.4 0.0
S004583 223.8864 72.3527 9.575e-23 2.731e-22 1.8280000000000002e-21 0.0 104.91 0.0
S004584 224.1689 72.7864 6.203e-21 1.185e-20 3.2890000000000004e-20 0.0 108.44 0.0
S004585 224.2555 72.6174 1.618e-24 5.9289999999999996e-24 6.269e-23 0.0 109.35 0.0
S004586 223.8941 72.6503 2.8270000000000003e-20 4.5770000000000006e-20 8.902e-20 0.0 106.87 0.0
S004587 223.8606 72.5037 1.796e-18 1.979e-18 1.699e-18 0.0 106.57 0.0
S004588 224.0006 72.7467 1.521e-17 1.504e-17 1.08e-17 0.001 102.67 0.0
S004589 224.1116 72.875 2.946e-19 4.053e-19 5.387e-19 0.0 108.81 0.0
S004590 224.1791 72.6528 3.0580000000000002e-21 5.6890000000000005e-21 1.522e-20 0.0 103.16 0.0
S004591 224.1148 72.528 7.534e-21 1.3410000000000002e-20 3.146e-20 0.0 104.72 0.0
S004592 224.1172 72.5741 1.367e-17 1.305e-17 8.682e-18 0.0 107.13 0.0
S004593 224.314 72.3689 2.522e-20 4.2490000000000003e-20 8.873000000000001e-20 0.0 104.84 0.0
S004594 223.9923 72.7814 2.952e-18 3.166e-18 2.618e-18 0.0 108.47 0.0
S004596 224.1636 72.4667 2.787e-21 2.001e-21 7.4809999999999995e-22 0.0 104.1 0.0
S004598 224.3116 72.5702 8.589e-21 1.6130000000000002e-20 4.279e-20 0.0 107.55 0.0
S004599 224.0939 72.3972 2.216e-21 4.752e-21 1.5930000000000002e-20 0.0 108.45 0.0
S004600 224.1418 72.7165 2.6960000000000002e-21 5.4030000000000004e-21 1.635e-20 0.0 105.88 0.0
S004601 224.0177 72.6725 5.255e-22 1.251e-21 5.45e-21 0.0 109.97 0.0
S004602 224.1589 72.6717 3.659e-21 2.514e-21 8.650999999999998e-22 0.0 109.37 0.0
S004603 223.9352 72.4307 2.437e-21 4.6660000000000004e-21 1.282e-20 0.0 108.69 0.0
S004604 224.1554 72.7178 6.301999999999999e-22 1.429e-21 5.841e-21 0.0 103.71 0.0
S004605 223.8458 72.5529 1.1e-23 3.853e-23 3.8059999999999997e-22 0.0 106.62 0.0
S004606 224.0384 72.6924 6.752e-17 5.717e-17 2.878e-17 0.0 109.8 0.0
S004607 224.2808 72.5186 6.989e-24 2.224e-23 1.733e-22 0.0 103.56 0.0
S004608 224.1172 72.6972 1.876e-16 4.839e-16 2.56e-15 0.0 103.95 1.0
S004609 224.263 72.3619 2.221e-18 2.604e-18 2.495e-18 0.0 107.82 0.0
S004611 224.1792 72.4823 6.954e-23 1.7359999999999998e-22 8.505999999999999e-22 0.0 109.72 0.0
S004612 224.1737 72.6077 6.185000000000001e-20 9.333000000000001e-20 1.543e-19 0.0 107.66 0.0
S004613 223.8803 72.6249 1.534e-16 2.361e-16 4.09e-16 0.0 102.99 0.0
S004614 224.3343 72.6137 5.86e-19 7.305e-19 8.302e-19 0.0 109.65 0.0
S004615 224.0418 72.329 4.86e-19 6.479e-19 8.471e-19 0.0 108.08 0.0
S004616 224.2997 72.4309 2.835e-19 3.778e-19 4.993e-19 0.0 106.75 0.0
S004617 224.1882 72.4602 9.003e-17 7.313e-17 3.442e-17 0.0 106.41 0.0
S004618 224.1458 72.7135 5.172e-13 3.567e-13 1.21e-13 0.0 109.7 0.0
S004619 224.1254 72.4056 3.3889999999999996e-22 8.523e-22 4.103e-21 0.0 103.18 0.0
S004620 224.1756 72.5956 6.515e-23 1.6469999999999999e-22 8.293999999999999e-22 0.0 105.63 0.0
S004621 224.0782 72.8173 2.473e-18 2.683e-18 2.368e-18 0.0 105.92 0.0
S004622 223.9486 72.473 7.686e-24 2.384e-23 1.8439999999999999e-22 0.0 108.58 0.0
S004623 224.2724 72.4498 3.063e-21 2.141e-21 7.924999999999999e-22 0.0 107.34 0.0
S004624 223.8615 72.3296 8.781e-13 6.102e-13 2.15e-13 0.0 104.89 0.0
S004625 223.9859 72.4751 3.08e-18 3.414e-18 3.081e-18 0.0 104.21 0.0
S004626 223.8978 72.6401 5.168e-20 8.129000000000001e-20 1.489e-19 0.0 109.03 0.0
S004627 224.1457 72.6526 4.295e-18 4.573e-18 3.609e-18 0.0 107.85 0.0
S004628 223.9018 72.6154 6.627e-17 5.663e-17 2.925e-17 0.0 105.99 0.0
S004629 224.1298 72.4276 1.949e-21 4.324e-21 1.642e-20 0.0 109.84 0.0
S004630 224.1565 72.5299 7.296000000000001e-20 1.02e-19 1.471e-19 0.0 106.88 0.0
S004631 223.9878 72.6688 1.067e-18 1.3e-18 1.347e-18 0.0 110.38 0.0
S004632 224.1989 72.3791 6.758999999999999e-22 1.469e-21 5.517e-21 0.0 110.39 0.0
S004633 224.0899 72.6379 1.029e-24 4.128e-24 5.325e-23 0.0 108.54 0.0
S004634 223.9643 72.5144 1.3569999999999998e-22 3.8269999999999996e-22 2.358e-21 0.0 103.07 0.0
S004635 224.2167 72.8324 4.55e-25 1.942e-24 2.94e-23 0.0 109.8 0.0
S004636 223.9341 72.6772 1.886e-23 5.365e-23 3.4059999999999997e-22 0.0 109.27 0.0
S004637 224.3089 72.4524 8.453e-19 9.957e-19 1.011e-18 0.0 109.13 0.0
S004638 224.0833 72.8012 1.587e-21 3.0520000000000002e-21 8.321000000000001e-21 0.0 103.76 0.0
S004639 224.0581 72.6102 1.465e-21 3.002e-21 9.781e-21 0.001 108.01 0.0
S004640 224.2096 72.676 1.551e-18 1.743e-18 1.648e-18 0.0 110.07 0.0
S004641 224.2601 72.4265 1.5939999999999999e-24 6.285e-24 7.703e-23 0.0 107.95 0.0
S004642 224.0093 72.7655 2.4790000000000003e-20 3.939e-20 7.501e-20 0.0 107.28 0.0
S004643 224.2266 72.5813 1.8009999999999998e-23 5.361e-23 3.8839999999999994e-22 0.0 103.31 0.0
S004644 224.2456 72.5138 2.719e-17 2.37e-17 1.282e-17 0.0 104.53 0.0
S004645 223.8243 72.6199 1.172e-18 1.339e-18 1.277e-18 0.0 102.77 0.0
S004646 224.2507 72.7319 1.0479999999999999e-22 2.552e-22 1.172e-21 0.0 107.29 0.0
S004647 224.0637 72.7225 1.027e-18 1.196e-18 1.152e-18 0.0 105.15 0.0
S004648 224.0927 72.6143 2.233e-22 5.6829999999999995e-22 2.8800000000000002e-21 0.0 107.45 0.0
S004649 224.0643 72.2832 4.4120000000000006e-20 6.737000000000001e-20 1.166e-19 0.0 104.03 0.0
S004650 224.2499 72.5576 3.119e-29 4.266e-28 7.372000000000001e-26 0.0 106.1 0.0
S004651 224.2328 72.4474 1.241e-18 1.347e-18 1.141e-18 0.001 103.29 0.0
S004652 224.3069 72.5353 2.467e-17 4.091e-17 8.217e-17 0.0 104.43 0.0
S004653 223.9506 72.501 9.241e-22 1.992e-21 6.941e-21 0.0 109.89 0.0
S004654 224.2834 72.3536 5.639e-21 1.049e-20 2.6690000000000003e-20 0.0 107.58 0.0
S004655 224.2166 72.3078 3.461e-17 3.316e-17 2.093e-17 0.0 105.46 0.0
S004656 223.9757 72.4815 1.7040000000000001e-28 1.965e-27 2.298e-25 0.0 109.58 0.0
S004657 224.1853 72.2751 5.691e-20 8.765000000000001e-20 1.538e-19 0.0 106.18 0.0
S004658 224.2652 72.4941 3.412e-19 4.456e-19 5.623e-19 0.0 104.31 0.0
S004659 224.4175 72.4944 7.117e-13 4.893e-13 1.653e-13 0.0 105.4 0.0
S004660 224.2147 72.3585 8.315e-21 1.4930000000000002e-20 3.652e-20 0.0 102.51 0.0
S004661 224.2176 72.4859 1.9999999999999999e-22 5.15e-22 2.605e-21 0.0 106.97 0.0
S004662 224.1756 72.2976 2.975e-20 4.9860000000000005e-20 1.057e-19 0.0 108.04 0.0
S004663 223.8863 72.4232 2.7560000000000005e-20 4.499e-20 9.163000000000001e-20 0.0 102.57 0.0
S004664 223.9556 72.4045 6.474e-20 9.324000000000001e-20 1.419e-19 0.0 109.78 0.0
S004665 224.0343 72.7192 8.691e-21 1.704e-20 4.8210000000000004e-20 0.0 108.2 0.0
S004666 223.9518 72.3947 1.2159999999999998e-22 3.035e-22 1.426e-21 0.0 107.28 0.0
S004667 224.0009 72.6147 2.4459999999999996e-22 5.818e-22 2.466e-21 0.0 109.48 0.0
S004668 224.2333 72.4747 1.457e-18 1.728e-18 1.792e-18 0.0 109.76 0.0
S004670 224.0517 72.3852 4.897e-19 6.571e-19 8.634e-19 0.001 107.1 0.0
S004671 224.2507 72.5024 2.404e-19 3.017e-19 3.33e-19 0.0 106.86 0.0
S004672 224.13 72.5832 1.473e-22 3.741e-22 1.855e-21 0.0 104.81 0.0
S004673 224.1355 72.5724 9.97e-23 2.3339999999999996e-22 9.923e-22 0.0 104.28 0.0
S004674 223.7802 72.5682 5.190999999999999e-22 1.314e-21 6.739e-21 0.0 104.39 0.0
S004675 223.9335 72.6889 1.627e-19 2.237e-19 3.136e-19 0.0 105.82 0.0
S004676 224.1442 72.4641 8.144e-19 9.755e-19 1.005e-18 0.0 105.4 0.0
S004677 224.0453 72.5604 3.461e-23 9.675e-23 5.913999999999999e-22 0.0 106.08 0.0
S004678 224.033 72.5833 1.818e-24 6.418e-24 6.457e-23 0.0 108.46 0.0
S004680 224.3913 72.7214 3.3020000000000002e-21 6.71e-21 2.0510000000000003e-20 0.0 107.13 0.0
S004681 224.1545 72.685 4.134e-23 1.251e-22 9.128999999999998e-22 0.0 104.07 0.0
S004682 224.2974 72.3895 2.7949999999999996e-22 6.958999999999999e-22 3.462e-21 0.0 107.23 0.0
S004683 224.0288 72.3825 5.045e-19 6.323e-19 7.127e-19 0.0 106.74 0.0
S004684 224.1021 72.4108 3.6989999999999996e-24 1.34e-23 1.4049999999999998e-22 0.0 108.47 0.0
S004685 224.1147 72.7247 2.795e-18 3.02e-18 2.491e-18 0.0 106.02 0.0
S004686 224.1142 72.6158 9.294e-23 2.755e-22 1.896e-21 0.0 106.21 0.0
S004687 223.8773 72.3927 9.810999999999998e-22 2.165e-21 8.091e-21 0.0 103.33 0.0
S004688 224.0054 72.5884 1.695e-18 1.973e-18 1.915e-18 0.0 104.1 0.0
S004689 224.1855 72.5329 6.004999999999999e-23 1.5729999999999999e-22 8.789e-22 0.0 109.1 0.0
S004690 223.95 72.5308 2.886e-18 3.256e-18 3.077e-18 0.0 102.77 0.0
S004691 224.1261 72.274 5.709e-23 1.455e-22 7.084e-22 0.0 110.23 0.0
S004692 223.9157 72.4583 5.907e-18 6.121e-18 4.647e-18 0.0 103.74 0.0
S004693 224.0873 72.8427 6.114e-21 1.1270000000000002e-20 3.0110000000000005e-20 0.0 102.78 0.0
S004694 224.0815 72.3413 3.209e-20 5.0400000000000006e-20 9.332e-20 0.0 105.24 0.0
S004695 224.2896 72.6395 1.998e-23 5.73e-23 3.801e-22 0.0 107.44 0.0
S004696 224.0442 72.6098 4.407e-21 8.459e-21 2.3240000000000002e-20 0.0 106.23 0.0
S004697 224.0217 72.8244 1.503e-21 3.59e-21 1.5100000000000002e-20 0.0 109.44 0.0
S004698 224.3196 72.5145 1.516e-18 1.7e-18 1.543e-18 0.0 102.43 0.0
S004699 223.9814 72.4903 1.7749999999999998e-23 5.145e-23 3.4249999999999995e-22 0.0 105.5 0.0
S004700 224.2242 72.2778 3.2e-18 3.487e-18 2.968e-18 0.0 106.07 0.0
S004701 224.2264 72.4456 3.0099999999999996e-22 7.142e-22 3.103e-21 0.0 106.34 0.0
S004702 224.0684 72.4633 4.275e-22 9.318e-22 3.396e-21 0.0 104.69 0.0
S004704 224.253 72.4769 2.108e-19 2.922e-19 4.163e-19 0.0 109.33 0.0
S004705 224.1077 72.5763 1.602e-24 6.1649999999999996e-24 7.161e-23 0.0 104.86 0.0
S004706 224.0811 72.4822 7.94e-19 9.688e-19 1.019e-18 0.0 104.98 0.0
S004707 224.0133 72.3708 2.159e-19 2.856e-19 3.53e-19 0.0 104.43 0.0
S004708 223.8983 72.683 3.1979999999999997e-22 8.661999999999999e-22 4.8800000000000004e-21 0.0 109.25 0.0
S004709 224.4051 72.3784 3.959e-17 8.215e-17 2.597e-16 0.0 104.45 0.0
S004710 224.2751 72.6645 1.3070000000000001e-20 2.1300000000000003e-20 4.3440000000000005e-20 0.0 102.81 0.0
S004711 223.8552 72.532 2.454e-24 8.699e-24 8.613e-23 0.0 110.43 0.0
S004712 224.0674 72.5121 4.457e-22 9.533e-22 3.319e-21 0.0 104.64 0.0
S004713 224.2688 72.427 1.202e-22 3.176e-22 1.761e-21 0.0 106.02 0.0
S004714 224.1238 72.6834 2.5909999999999998e-23 7.269999999999999e-23 4.54e-22 0.0 108.36 0.0
S004715 223.9146 72.7347 1.02e-19 1.449e-19 2.132e-19 0.0 106.19 0.0
S004716 224.3558 72.7237 1.104e-20 1.974e-20 4.81e-20 0.0 103.02 0.0
S004717 224.1333 72.5119 3.701e-18 3.927e-18 3.36e-18 0.0 108.14 0.0
S004718 224.3123 72.5983 1.1880000000000001e-20 2.122e-20 5.259e-20 0.0 108.89 0.0
S004719 224.1592 72.4447 7.994e-23 2.019e-22 9.699999999999999e-22 0.0 103.89 0.0
S004720 224.1369 72.6031 2.277e-13 1.506e-13 4.825e-14 0.0 108.26 0.0
S004721 224.128 72.8279 1.263e-20 2.246e-20 5.2020000000000003e-20 0.0 107.97 0.0
S004722 223.9761 72.63 6.904e-18 6.981e-18 5.056e-18 0.0 110.14 0.0
S004723 224.2143 72.455 1.413e-21 3.024e-21 1.049e-20 0.0 108.13 0.0
S004724 224.0879 72.5838 6.09e-20 1.002e-19 2.02e-19 0.0 106.71 0.0
S004725 224.2937 72.4836 1.967e-21 4.61e-21 2.0100000000000002e-20 0.0 103.49 0.0
S004726 224.1919 72.2982 1.911e-18 2.178e-18 1.975e-18 0.0 103.07 0.0
S004727 223.8015 72.5537 6.035e-17 8.541e-17 1.233e-16 0.0 108.47 0.0
S004728 223.9379 72.4707 9.387999999999999e-23 2.6179999999999997e-22 1.554e-21 0.0 105.12 0.0
S004729 224.087 72.5015 1.292e-25 6.287000000000001e-25 1.244e-23 0.0 108.2 0.0
S004730 224.255 72.6528 4.514e-23 1.14e-22 5.481e-22 0.0 106.36 0.0
S004731 223.948 72.4388 2.336e-21 1.699e-21 6.6489999999999995e-22 0.001 109.31 0.0
S004732 224.1076 72.6889 1.788e-19 2.38e-19 3.131e-19 0.0 107.82 0.0
S004733 224.3269 72.6184 1.141e-18 1.278e-18 1.18e-18 0.0 106.47 0.0
S004734 223.9649 72.4518 6.503e-13 4.52e-13 1.585e-13 0.0 109.6 0.0
S004735 223.8897 72.6172 4.348e-24 1.638e-23 1.8849999999999999e-22 0.0 104.13 0.0
S004736 224.2293 72.2584 5.508e-22 1.295e-21 5.512e-21 0.0 109.45 0.0
S004737 224.0129 72.5242 2.0520000000000002e-20 3.463e-20 7.567e-20 0.0 105.3 0.0
S004738 224.1862 72.2717 6.436e-18 6.465e-18 4.565e-18 0.0 102.61 0.0
S004739 224.0344 72.275 1.777e-23 5.0639999999999995e-23 3.2539999999999995e-22 0.0 106.95 0.0
S004741 224.1417 72.6311 9.103999999999999e-22 2.032e-21 7.784e-21 0.0 103.54 0.0
S004742 223.9666 72.5133 1.9029999999999998e-22 5.125e-22 2.8500000000000002e-21 0.0 106.8 0.0
S004743 224.1287 72.3931 9.819e-19 1.15e-18 1.15e-18 0.0 106.58 0.0
S004744 224.1567 72.6904 2.001e-19 2.627e-19 3.329e-19 0.0 109.57 0.0
S004745 223.9997 72.5686 2.75e-21 1.978e-21 7.4209999999999995e-22 0.0 110.13 0.0
S004746 224.2207 72.5108 1.0129999999999999e-22 2.8859999999999997e-22 1.812e-21 0.0 106.15 0.0
S004747 224.3507 72.6271 4.618e-17 9.245e-17 2.7e-16 0.0 105.84 0.0
S004748 224.3148 72.4244 5.468e-23 1.57e-22 9.884e-22 0.0 103.14 0.0
S004749 224.1705 72.4658 3.594e-22 8.548e-22 3.595e-21 0.0 104.91 0.0
S004750 224.3052 72.5343 7.933000000000001e-20 1.148e-19 1.809e-19 0.0 104.67 0.0
S004751 223.9436 72.3681 3.906e-21 7.748e-21 2.2490000000000002e-20 0.0 108.57 0.0
S004752 223.7952 72.5391 2.615e-13 1.765e-13 5.801e-14 0.0 103.12 0.0
S004753 224.3344 72.4624 3.761e-20 5.954000000000001e-20 1.109e-19 0.0 110.06 0.0
S004755 223.9737 72.4807 1.5110000000000002e-26 9.793000000000001e-26 3.546e-24 0.0 108.33 0.0
S004756 224.2242 72.364 1.873e-19 2.508e-19 3.355e-19 0.0 106.76 0.0
S004757 224.149 72.6864 1.321e-22 3.4539999999999995e-22 1.82e-21 0.001 102.91 0.0
S004758 223.7976 72.7115 4.134e-21 2.804e-21 9.42e-22 0.0 110.5 0.0
S004759 224.0576 72.6247 4.388e-21 2.979e-21 9.850999999999999e-22 0.0 108.49 0.0
S004760 224.1054 72.525 9.244e-18 8.865e-18 5.901e-18 0.0 103.71 0.0
S004761 224.3464 72.7284 2.579e-19 3.55e-19 5.051e-19 0.0 109.78 0.0
S004762 224.1911 72.4612 1.2049999999999999e-22 3.3579999999999995e-22 2.062e-21 0.0 104.55 0.0
S004763 223.8392 72.6968 1.7469999999999998e-22 4.1819999999999995e-22 1.851e-21 0.0 109.62 0.0
S004764 223.9949 72.456 4.569e-17 9.42e-17 2.92e-16 0.0 105.25 0.0
S004765 224.1887 72.378 3.504e-21 2.431e-21 8.464999999999999e-22 0.0 103.16 0.0
S004766 224.0891 72.508 5.2069999999999995e-22 1.15e-21 4.396e-21 0.0 106.6 0.0
S004767 224.1185 72.6864 7.712999999999999e-22 1.7270000000000002e-21 6.531e-21 0.0 109.91 0.0
S004768 224.202 72.5057 5.408e-24 1.854e-23 1.8279999999999998e-22 0.0 107.77 0.0
S004769 224.268 72.5462 2.0069999999999998e-22 5.079e-22 2.605e-21 0.0 107.18 0.0
S004770 223.8555 72.4613 3.482e-21 6.365e-21 1.626e-20 0.0 107.09 0.0
S004771 224.2334 72.5 2.3800000000000002e-20 4.01e-20 8.718000000000001e-20 0.0 108.72 0.0
S004772 223.8191 72.7451 3.947e-17 3.529e-17 2.086e-17 0.0 109.49 0.0
S004773 223.9261 72.5363 3.4469999999999995e-22 7.215e-22 2.382e-21 0.0 105.0 0.0
S004774 224.0679 72.4333 1.007e-18 1.227e-18 1.291e-18 0.0 109.57 0.0
S004775 224.2351 72.5974 9.563e-22 2.156e-21 8.656e-21 0.0 109.56 0.0
S004776 224.1384 72.4588 3.098e-18 3.27e-18 2.734e-18 0.0 108.98 0.0
S004777 224.1432 72.715 2.1489999999999997e-22 5.456999999999999e-22 2.752e-21 0.0 103.37 0.0
S004778 223.8849 72.4748 8.023e-21 1.48e-20 3.797e-20 0.0 110.33 0.0
S004779 224.1808 72.5705 2.282e-24 8.98e-24 1.1489999999999998e-22 0.0 108.38 0.0
S004780 224.2656 72.6609 3.334e-22 7.797999999999999e-22 3.36e-21 0.0 105.19 0.0
S004781 223.9609 72.4565 6.859e-19 8.44e-19 9.325e-19 0.0 105.59 0.0
S004782 223.759 72.629 4.1159999999999995e-22 9.992999999999999e-22 4.61e-21 0.0 104.34 0.0
S004783 224.2819 72.2739 5.516e-18 5.784e-18 4.601e-18 0.0 107.31 0.0
S004784 224.3577 72.4125 1.204e-23 3.736e-23 2.7859999999999995e-22 0.0 108.02 1.0
S004785 223.9036 72.6506 1.422e-22 3.7739999999999995e-22 1.996e-21 0.0 109.97 0.0
S004786 223.9121 72.4002 8.636e-24 3.052e-23 2.9569999999999995e-22 0.0 106.38 0.0
S004787 224.0643 72.5654 5.891e-18 1.03e-17 2.325e-17 0.0 104.58 0.0
S004788 224.2658 72.3973 2.368e-19 3.15e-19 4.036e-19 0.0 106.32 0.0
S004789 224.1067 72.5213 4.052e-20 6.2e-20 1.054e-19 0.0 106.24 0.0
S004790 224.0914 72.4538 3.6039999999999996e-22 9.224999999999999e-22 4.8210000000000004e-21 0.0 105.53 0.0
S004791 224.1836 72.4587 9.84e-30 1.53e-28 3.4180000000000003e-26 0.0 105.83 0.0
S004792 224.0566 72.466 2.726e-24 9.696999999999999e-24 9.572999999999999e-23 0.0 103.52 0.0
S004793 223.9245 72.5696 2.942e-17 6.009e-17 1.899e-16 0.0 102.99 0.0
S004794 223.928 72.5465 1.764e-23 5.755e-23 4.874999999999999e-22 0.0 109.18 0.0
S004795 224.3327 72.3769 1.667e-17 1.538e-17 9.746e-18 0.0 103.92 0.0
S004796 223.8567 72.5321 3.51e-17 3.067e-17 1.642e-17 0.0 102.67 0.0
S004797 224.1241 72.5027 1.462e-23 4.0959999999999996e-23 2.5119999999999996e-22 0.0 106.47 0.0
S004798 224.3603 72.3905 2.836e-17 4.469e-17 8.067e-17 0.0 105.87 0.0
S004799 224.1922 72.7462 8.222999999999999e-22 1.986e-21 9.009e-21 0.0 104.16 0.0
S004800 224.0718 72.8776 9.008999999999999e-23 2.4699999999999998e-22 1.436e-21 0.0 109.54 0.0
S004801 223.9707 72.558 8.093e-20 1.208e-19 2.009e-19 0.0 109.59 0.0
S004802 224.239 72.4791 1.979e-19 2.634e-19 3.421e-19 0.0 108.26 0.0
S004803 224.2204 72.7816 3.59e-21 6.586e-21 1.615e-20 0.0 106.0 0.0
S004804 224.2237 72.7565 3.862e-21 7.507e-21 2.1650000000000003e-20 0.0 103.99 0.0
S004805 224.0972 72.6718 1.227e-18 1.459e-18 1.489e-18 0.0 106.91 0.0
S004806 224.3639 72.4799 4.205e-21 8.608e-21 2.7100000000000003e-20 0.0 103.28 0.0
S004808 224.1385 72.5239 1.571e-23 4.855e-23 3.809e-22 0.0 106.83 0.0
S004809 224.3054 72.2511 7.157e-19 9.667e-19 1.245e-18 0.0 107.75 0.0
S004810 223.9633 72.475 7.794e-22 1.824e-21 7.859e-21 0.0 103.15 0.0
S004811 224.1631 72.5389 3.574e-21 2.491e-21 8.679e-22 0.0 107.25 0.0
S004812 224.0331 72.3927 5.12e-20 8.367000000000001e-20 1.63e-19 0.0 105.97 0.0
S004813 224.1486 72.3505 2.461e-25 1.176e-24 2.229e-23 0.0 104.34 0.0
S004814 223.9668 72.4948 1.083e-22 2.732e-22 1.376e-21 0.0 108.85 0.0
S004815 224.106 72.5657 7.943e-22 1.79e-21 7.194e-21 0.0 104.22 0.0
S004816 224.1208 72.3408 3.096e-21 2.169e-21 7.963999999999999e-22 0.0 105.31 0.0
S004817 224.3429 72.3379 1.395e-21 3.063e-21 1.1460000000000002e-20 0.0 106.57 0.0
S004818 224.0008 72.7288 3.358e-19 4.393e-19 5.426e-19 0.0 110.5 0.0
S004819 224.2624 72.6243 3.363e-21 6.647e-21 1.988e-20 0.0 103.88 0.0
S004820 224.0072 72.447 4.664e-17 8.539e-17 2.197e-16 0.0 103.91 0.0
S004821 223.7794 72.639 2.664e-20 4.603e-20 1.019e-19 0.0 106.43 0.0
S004822 224.2445 72.3627 4.561e-20 7.444000000000001e-20 1.467e-19 0.0 103.92 0.0
S004824 224.1696 72.5796 6.293000000000001e-20 9.250000000000001e-20 1.5e-19 0.0 106.37 0.0
S004825 224.1559 72.5848 6.196999999999999e-22 1.394e-21 5.493e-21 0.0 106.7 0.0
S004826 224.1446 72.5396 3e-18 3.167e-18 2.502e-18 0.0 107.74 0.0
S004827 223.9219 72.6105 6.004e-21 1.1200000000000002e-20 2.898e-20 0.0 105.97 0.0
S004828 224.2922 72.7003 5.089e-21 9.873e-21 2.748e-20 0.0 108.87 0.0
S004829 223.9549 72.8528 8.891e-18 8.872e-18 6.443e-18 0.0 108.11 0.0
S004830 224.1324 72.7965 2.687e-21 5.191e-21 1.4990000000000002e-20 0.0 109.06 0.0
S004831 223.9725 72.6228 1.4089999999999998e-22 3.482e-22 1.6510000000000001e-21 0.0 107.09 1.0
S004832 224.2494 72.5802 4.016e-21 8.06e-21 2.4620000000000002e-20 0.001 106.45 0.0
S004833 224.0661 72.6597 2.162e-22 5.034e-22 2.121e-21 0.0 103.24 0.0
S004834 224.0988 72.3763 2.1660000000000002e-20 3.6350000000000003e-20 7.715000000000001e-20 0.0 108.51 0.0
S004835 224.0743 72.738 3.19e-19 4.175e-19 5.155e-19 0.0 103.24 0.0
S004836 224.0994 72.7531 2.922e-17 5.83e-17 1.734e-16 0.0 102.85 0.0
S004837 223.8877 72.2907 7.633000000000001e-20 1.126e-19 1.75e-19 0.0 105.34 0.0
S004838 224.1256 72.4502 5.268e-22 1.175e-21 4.675e-21 0.0 109.06 0.0
S004839 224.0261 72.6462 7.454e-22 1.808e-21 8.377e-21 0.0 109.2 0.0
S004840 224.1369 72.5428 9.119e-17 7.377e-17 3.309e-17 0.0 106.97 0.0
S004841 224.1876 72.6415 1.059e-20 1.857e-20 4.3990000000000005e-20 0.0 104.82 0.0
S004842 223.9473 72.6773 1.441e-21 3.203e-21 1.216e-20 0.0 109.35 0.0
S004843 223.933 72.7261 1.045e-21 2.158e-21 7.001e-21 0.0 103.45 0.0
S004845 224.1346 72.4202 5.184e-23 1.296e-22 6.3659999999999995e-22 0.0 107.1 0.0
S004846 224.1246 72.5783 9.549999999999999e-23 2.562e-22 1.43e-21 0.0 107.49 0.0
S004847 223.9712 72.8031 2.711e-21 5.186e-21 1.4650000000000002e-20 0.0 107.43 0.0
S004848 223.8562 72.7339 9.663e-18 9.921e-18 7.574e-18 0.0 107.51 0.0
S004849 224.288 72.4995 3.3e-20 5.435e-20 1.13e-19 0.0 108.08 0.0
S004850 223.9829 72.3788 1.395e-20 2.457e-20 5.661000000000001e-20 0.0 103.94 0.0
S004851 224.09 72.6362 3.001e-21 5.74e-21 1.6000000000000002e-20 0.0 105.05 0.0
S004852 224.2951 72.4287 4.56e-23 1.384e-22 1.02e-21 0.0 103.55 0.0
S004853 223.8676 72.5397 1.515e-18 1.693e-18 1.55e-18 0.0 109.12 0.0
S004854 224.3795 72.6713 1.4310000000000001e-21 2.695e-21 7.431e-21 0.0 107.63 0.0
S004855 224.0046 72.5427 1.183e-23 3.442e-23 2.2539999999999997e-22 0.0 106.43 0.0
S004856 224.2531 72.3186 4.709e-21 8.417000000000001e-21 2.0170000000000002e-20 0.0 108.34 0.0
S004857 224.1114 72.8048 1.497e-21 3.238e-21 1.156e-20 0.0 102.61 0.0
S004858 224.1878 72.51 5.195e-24 1.822e-23 1.8349999999999998e-22 0.0 102.92 0.0
S004859 224.0157 72.5058 2.092e-19 2.786e-19 3.742e-19 0.0 106.98 0.0
S004860 223.9247 72.8453 1.653e-19 2.216e-19 2.893e-19 0.0 106.29 0.0
S004861 223.9364 72.4417 2.321e-19 3.306e-19 4.897e-19 0.0 106.66 0.0
S004862 223.926 72.5786 2.041e-19 2.758e-19 3.684e-19 0.0 103.92 0.0
S004863 224.2571 72.6238 1.9799999999999998e-22 4.793e-22 2.167e-21 0.0 107.13 0.0
S004864 224.352 72.4948 1.478e-18 1.665e-18 1.568e-18 0.0 108.0 0.0
S004865 223.9808 72.6022 1.432e-21 2.77e-21 7.829e-21 0.0 103.46 1.0
S004866 223.9182 72.735 4.952999999999999e-22 1.207e-21 5.54e-21 0.0 109.65 0.0
S004867 224.1884 72.4492 2.762e-21 1.9350000000000002e-21 7.058999999999999e-22 0.0 107.91 0.0
S004868 224.0998 72.552 3.093e-18 3.082e-18 2.207e-18 0.0 106.18 0.0
S004869 224.4088 72.6408 2.785e-24 9.745e-24 9.837e-23 0.0 108.61 0.0
S004870 224.1655 72.5667 7.184000000000001e-20 1.069e-19 1.776e-19 0.0 108.92 0.0
S004871 224.1609 72.6771 9.293e-25 3.789e-24 5.255e-23 0.0 107.18 0.0
S004872 224.0769 72.5105 7.001999999999999e-22 1.499e-21 5.318e-21 0.0 108.44 0.0
S004873 223.9173 72.5938 1.949e-17 1.863e-17 1.205e-17 0.0 106.18 0.0
S004874 223.7814 72.6891 8.906e-22 1.987e-21 7.666e-21 0.0 108.31 0.0
S004875 224.0734 72.5783 1.703e-19 2.35e-19 3.313e-19 0.0 103.46 0.0
S004876 224.4132 72.4404 2.9729999999999996e-22 7.996999999999999e-22 4.729e-21 0.0 108.83 0.0
S004877 224.2041 72.5662 2.189e-21 4.563e-21 1.546e-20 0.0 109.86 0.0
S004878 224.2113 72.734 2.415e-20 4.0050000000000005e-20 8.410000000000001e-20 0.0 105.7 0.0
S004879 223.9827 72.4522 9.387e-22 2.196e-21 9.252e-21 0.0 104.83 0.0
S004880 224.0966 72.3346 1.765e-21 1.354e-21 5.6979999999999995e-22 0.0 108.31 0.0
S004881 224.1731 72.7045 3.107e-19 4.12e-19 5.27e-19 0.0 107.47 0.0
S004882 224.1867 72.4006 2.4839999999999997e-22 5.561999999999999e-22 2.219e-21 0.0 106.16 0.0
S004883 224.1988 72.4534 1.317e-22 3.1599999999999997e-22 1.377e-21 0.0 107.78 0.0
S004884 223.7836 72.5097 3.7439999999999995e-22 9.504e-22 4.601e-21 0.0 108.93 0.0
S004885 224.1568 72.4673 1.123e-21 2.502e-21 9.675e-21 0.0 108.74 0.0
S004886 224.0957 72.7156 5.39e-24 1.903e-23 1.9429999999999998e-22 0.0 103.32 0.0
S004888 224.1004 72.4329 2.028e-17 3.502e-17 8.05e-17 0.0 105.88 0.0
S004889 223.9904 72.8291 1.475e-21 3.1060000000000002e-21 1.035e-20 0.0 107.81 0.0
S004890 223.9407 72.4482 2.2650000000000003e-20 3.9040000000000003e-20 8.497e-20 0.0 105.25 0.0
S004891 224.001 72.4464 2.457e-17 2.224e-17 1.332e-17 0.0 108.33 0.0
S004892 223.8949 72.4142 1.16e-21 2.539e-21 9.048000000000001e-21 0.0 106.9 0.0
S004893 224.06 72.6199 2.881e-17 2.66e-17 1.643e-17 0.0 108.69 1.0
S004894 223.9428 72.5891 8.834999999999999e-22 1.831e-21 5.961e-21 0.0 106.92 0.0
S004895 224.0106 72.6316 2.2389999999999997e-22 5.141e-22 2.078e-21 0.0 102.97 0.0
S004896 223.935 72.6133 1.2240000000000001e-20 2.2090000000000003e-20 5.23e-20 0.0 102.8 0.0
S004897 223.8426 72.4562 3.1509999999999996e-22 8.261999999999999e-22 4.359e-21 0.0 105.3 0.0
S004898 224.3652 72.3784 7.260000000000001e-25 3.1249999999999998e-24 4.774e-23 0.0 104.47 0.0
S004899 223.8203 72.6708 3.411e-23 9.273e-23 5.246999999999999e-22 0.0 106.86 0.0
S004900 224.0548 72.5072 1.121e-18 1.293e-18 1.246e-18 0.0 105.54 0.0
S004901 224.2089 72.499 3.482e-21 2.392e-21 8.358e-22 0.0 106.71 0.0
S004902 224.063 72.7044 6.184e-19 7.468e-19 7.862e-19 0.001 109.59 0.0
S004903 224.2536 72.4315 3.1879999999999996e-22 8.600999999999999e-22 4.906e-21 0.0 104.26 0.0
S004904 224.1096 72.5043 7.734e-19 9.291e-19 9.662e-19 0.0 107.35 0.0
S004905 224.1931 72.5982 7.597e-20 1.125e-19 1.785e-19 0.0 103.71 0.0
S004906 223.9821 72.5337 2.26e-23 7.067e-23 5.361e-22 0.0 107.83 0.0
S004907 224.4465 72.5285 9.711e-22 1.8930000000000002e-21 5.404e-21 0.0 103.51 0.0
S004908 223.9168 72.6894 8.861e-19 1.028e-18 1.021e-18 0.0 104.86 0.0
S004909 224.3702 72.582 1.292e-22 3.4399999999999995e-22 1.864e-21 0.0 107.39 0.0
S004910 224.0001 72.7341 5.839e-24 2.1989999999999998e-23 2.4019999999999997e-22 0.0 108.98 0.0
S004911 223.9951 72.3084 3.8390000000000006e-20 6.236e-20 1.265e-19 0.0 106.24 0.0
S004912 223.989 72.6791 3.44e-18 3.793e-18 3.211e-18 0.0 107.24 0.0
S004913 224.1211 72.5887 5.2150000000000004e-20 8.086e-20 1.478e-19 0.0 104.22 0.0
S004914 224.0544 72.3788 2.13e-19 3.03e-19 4.64e-19 0.0 106.63 0.0
S004915 223.9794 72.4524 1.095e-19 1.556e-19 2.266e-19 0.0 103.48 0.0
S004916 224.242 72.5931 6.079e-23 1.6719999999999998e-22 9.772e-22 0.0 104.94 0.0
S004917 224.1092 72.7617 4.657e-19 5.866e-19 7.016e-19 0.0 105.47 0.0
S004918 224.0365 72.5567 2.748e-17 5.203e-17 1.42e-16 0.0 106.52 0.0
S004919 224.3178 72.3459 1.045e-18 1.348e-18 1.614e-18 0.0 109.64 0.0
S004920 224.007 72.4632 1.3020000000000001e-20 2.195e-20 4.8050000000000006e-20 0.0 103.09 0.0
S004921 224.2159 72.6086 3.507e-17 6.055e-17 1.34e-16 0.0 106.66 0.0
S004922 224.2945 72.4204 1.854e-23 5.965e-23 4.689e-22 0.0 106.13 0.0
S004923 223.7821 72.7101 2.627e-18 2.738e-18 2.203e-18 0.0 108.66 0.0
S004924 223.8004 72.7698 2.694e-17 2.276e-17 1.189e-17 0.0 109.89 0.0
S004925 224.2216 72.695 4.0449999999999998e-22 9.535e-22 3.97e-21 0.001 104.39 0.0
S004926 224.0931 72.7269 5.287e-19 6.704e-19 7.78e-19 0.0 107.32 0.0
S004927 224.3157 72.6347 2.439e-23 7.219e-23 5.108e-22 0.0 110.1 0.0
S004928 223.8977 72.3044 3.429e-21 2.374e-21 8.353999999999999e-22 0.0 108.33 0.0
S004929 224.2952 72.3259 1.159e-21 2.499e-21 8.534e-21 0.0 106.2 0.0
S004930 224.3495 72.5228 4.9449999999999997e-23 1.4529999999999998e-22 9.8e-22 0.0 108.67 0.0
S004931 223.9826 72.6608 7.697e-23 2.2969999999999996e-22 1.563e-21 0.0 106.73 0.0
S004932 224.3288 72.5341 1.557e-18 1.863e-18 1.944e-18 0.0 103.55 0.0
S004933 224.4121 72.341 1.742e-23 5.452999999999999e-23 4.2119999999999995e-22 0.0 103.54 0.0
S004934 224.3761 72.5577 8.304e-21 1.612e-20 4.4560000000000004e-20 0.0 106.22 0.0
S004935 224.3621 72.6593 3.689e-19 4.881e-19 6.264e-19 0.0 103.44 0.0
S004936 224.2687 72.559 1.0309999999999999e-22 2.516e-22 1.1280000000000001e-21 0.0 107.88 0.0
S004937 223.8521 72.6903 3.505e-21 2.389e-21 8.276999999999999e-22 0.0 105.6 0.0
S004938 223.8769 72.7241 5.879e-17 9.859e-17 2.047e-16 0.0 105.21 0.0
S004939 223.9652 72.7639 1.474e-18 1.707e-18 1.707e-18 0.0 109.63 0.0
S004940 223.9028 72.7122 1.2489999999999999e-23 3.985e-23 3.2689999999999995e-22 0.0 107.34 0.0
S004941 224.1451 72.5763 6.393e-18 6.623e-18 5.25e-18 0.0 107.97 0.0
S004942 223.8022 72.5104 5.751e-23 1.6169999999999998e-22 9.784999999999999e-22 0.0 107.26 0.0
S004943 224.04 72.6058 1.598e-12 1.19e-12 4.829e-13 0.0 105.66 0.0
S004944 224.1333 72.5936 1.449e-20 2.4400000000000004e-20 5.1050000000000004e-20 0.0 106.41 0.0
S004945 224.2469 72.4027 5.347e-17 9.017e-17 1.954e-16 0.0 106.15 0.0
S004946 224.0619 72.5465 2.4780000000000004e-20 4.369e-20 1.005e-19 0.0 104.24 0.0
S004947 224.2743 72.5525 1.045e-12 9.695e-13 6.085e-13 0.0 103.01 1.0
S004948 223.9565 72.5849 5.895e-21 1.1310000000000001e-20 3.1490000000000005e-20 0.0 108.51 0.0
S004949 224.1632 72.3947 1.897e-18 2.22e-18 2.173e-18 0.0 106.65 0.0
S004950 223.9875 72.4148 1.1080000000000002e-20 1.96e-20 4.555e-20 0.0 110.36 0.0
S004951 224.1694 72.4933 3.146e-18 3.442e-18 2.842e-18 0.0 104.14 0.0
S004952 224.0923 72.4459 4.999e-19 6.468e-19 8.082e-19 0.0 104.51 0.0
S004953 223.9778 72.4947 4.697e-18 5.054e-18 4.446e-18 0.0 109.19 0.0
S004954 224.0234 72.713 2.243e-22 5.686e-22 2.851e-21 0.0 104.28 0.0
S004955 224.3889 72.5551 6.351e-25 2.718e-24 3.9109999999999996e-23 0.0 109.53 0.0
S004956 224.2395 72.555 1.098e-16 8.759e-17 4.075e-17 0.0 107.24 0.0
S004957 224.0059 72.5986 6.27e-19 7.749e-19 8.955e-19 0.0 105.54 0.0
S004958 224.1404 72.7331 3.8119999999999996e-22 8.2239999999999995e-22 2.952e-21 0.0 105.8 0.0
S004959 224.1422 72.6903 4.5479999999999996e-23 1.2489999999999998e-22 7.576999999999999e-22 0.001 104.69 0.0
S004960 223.9861 72.6011 1.811e-18 1.99e-18 1.77e-18 0.0 104.22 0.0
S004961 224.2161 72.6365 3.0009999999999995e-22 7.102999999999999e-22 3.084e-21 0.0 107.63 0.0
S004962 224.2357 72.5992 1.364e-21 3.016e-21 1.1200000000000002e-20 0.0 104.0 0.0
S004963 224.3481 72.4267 1.805e-18 1.913e-18 1.581e-18 0.0 105.47 0.0
S004964 224.2099 72.7158 2.581e-18 2.657e-18 1.951e-18 0.0 107.2 0.0
S004965 224.1679 72.5383 6.879999999999999e-22 1.621e-21 6.829e-21 0.0 106.28 0.0
S004966 224.1269 72.5241 8.318e-23 2.2469999999999997e-22 1.314e-21 0.0 104.98 0.0
S004967 224.164 72.4977 3.2330000000000004e-20 5.0410000000000005e-20 8.984e-20 0.0 107.17 0.0
S004968 224.2287 72.4549 7.766e-23 2.0799999999999998e-22 1.174e-21 0.0 106.39 0.0
S004969 224.2821 72.503 2.1149999999999999e-23 6.293999999999999e-23 4.306e-22 0.0 110.2 0.0
S004970 224.2725 72.4106 7.661e-19 9.159e-19 9.381e-19 0.0 110.32 0.0
S004971 223.995 72.6076 2.0879999999999998e-22 4.77e-22 1.927e-21 0.0 104.23 0.0
S004972 224.1329 72.7697 4.237e-20 6.732e-20 1.282e-19 0.0 103.89 0.0
S004973 224.1417 72.6412 5.516999999999999e-22 1.227e-21 4.71e-21 0.0 107.84 0.0
S004974 223.7938 72.6627 3.059e-21 2.168e-21 7.607999999999999e-22 0.0 109.44 0.0
S004975 223.8137 72.2667 3.949e-17 6.39e-17 1.233e-16 0.0 109.08 0.0
S004976 224.0044 72.5545 1.52e-16 2.266e-16 3.656e-16 0.0 104.45 0.0
S004977 224.2203 72.32 1.56e-19 2.074e-19 2.655e-19 0.0 104.2 0.0
S004978 224.1695 72.5391 2.701e-18 2.858e-18 2.358e-18 0.0 108.43 0.0
S004979 224.1235 72.4626 1.107e-18 1.325e-18 1.338e-18 0.0 105.3 0.0
S004980 224.328 72.5425 4.044e-20 6.221e-20 1.051e-19 0.0 103.68 0.0
S004981 223.8918 72.51 6.031e-25 2.793e-24 4.8049999999999997e-23 0.0 108.01 0.0
S004982 224.1762 72.4813 4.161e-21 2.837e-21 9.228e-22 0.001 108.86 0.0
S004983 224.291 72.6234 1.374e-22 3.9819999999999995e-22 2.64e-21 0.0 106.31 0.0
S004984 224.2074 72.7202 3.334e-24 1.149e-23 1.0739999999999998e-22 0.0 106.36 0.0
S004985 224.0957 72.6323 2.2169999999999997e-22 5.7269999999999995e-22 2.901e-21 0.0 104.11 0.0
S004986 224.0174 72.6296 4.522e-19 5.735e-19 6.716e-19 0.0 103.32 0.0
S004987 224.2091 72.439 2.4640000000000002e-21 4.662e-21 1.2500000000000001e-20 0.0 108.95 0.0
S004988 224.0052 72.6081 1.1159999999999999e-23 3.4069999999999996e-23 2.457e-22 0.0 109.49 0.0
S004989 223.9911 72.7613 6.464999999999999e-22 1.515e-21 6.346e-21 0.0 105.24 0.0
S004990 223.9214 72.7024 1.6380000000000002e-20 2.731e-20 5.648e-20 0.0 107.4 0.0
S004991 224.0423 72.415 1.829e-23 4.9859999999999995e-23 2.985e-22 0.0 109.74 0.0
S004992 224.1824 72.7071 9.055e-22 1.722e-21 4.807e-21 0.0 102.92 0.0
S004993 223.9962 72.6946 6.799e-19 8.373e-19 9.023e-19 0.0 103.44 0.0
S004994 223.9388 72.6677 4.348e-22 1.097e-21 5.385e-21 0.0 108.09 0.0
S004995 223.7636 72.5631 1.03e-23 3.189e-23 2.3799999999999997e-22 0.0 109.82 0.0
S004996 224.1188 72.7371 9.785999999999999e-22 2.146e-21 7.855e-21 0.0 108.98 0.0
S004997 223.9341 72.5698 1.109e-16 1.853e-16 3.848e-16 0.001 105.67 0.0
S004998 223.7943 72.6643 5.168e-24 1.665e-23 1.3389999999999999e-22 0.0 110.28 0.0
S004999 223.8792 72.4503 2.808e-18 3.141e-18 2.849e-18 0.0 106.37 0.0
S005000 223.9821 72.757 1.2310000000000001e-20 2.1580000000000003e-20 4.949000000000001e-20 0.0 108.21 0.0
S005001 224.2095 72.6193 1.209e-17 1.177e-17 7.857e-18 0.0 108.25 0.0
S005003 224.2075 72.4435 6.097e-19 7.709e-19 8.696e-19 0.0 104.63 0.0
S005004 224.1112 72.4586 1.605e-18 1.746e-18 1.516e-18 0.0 107.34 0.0
S005005 224.2377 72.6577 3.8390000000000006e-20 6.067e-20 1.09e-19 0.0 110.01 0.0
S005006 224.1315 72.5552 4.093e-17 8.743e-17 2.989e-16 0.0 110.12 0.0
S005007 224.1057 72.5107 9.801000000000001e-20 1.326e-19 1.833e-19 0.0 104.54 0.0
S005008 223.9552 72.5404 1.104e-23 3.633e-23 3.2319999999999995e-22 0.001 102.88 0.0
S005009 224.1218 72.797 9.671000000000001e-20 1.502e-19 2.715e-19 0.0 110.31 0.0
S005010 223.906 72.3781 2.0249999999999998e-22 5.075e-22 2.401e-21 0.0 104.17 0.0
S005011 224.2318 72.7453 1.7610000000000003e-20 3.009e-20 6.366e-20 0.0 105.6 0.0
S005012 224.0951 72.5703 2.638e-19 3.569e-19 4.678e-19 0.0 105.95 0.0
S005013 223.9997 72.7276 6.050999999999999e-22 1.316e-21 4.8570000000000005e-21 0.0 105.43 0.0
S005014 223.9208 72.4747 1.042e-21 2.3e-21 8.47e-21 0.0 105.31 0.0
S005015 224.2359 72.5812 2.617e-25 1.343e-24 2.9229999999999996e-23 0.0 103.2 0.0
S005016 224.2179 72.6944 3.384e-21 2.366e-21 8.225e-22 0.0 102.93 0.0
S005017 224.2912 72.489 3.6919999999999995e-22 8.792e-22 3.931e-21 0.0 108.42 0.0
S005018 224.0779 72.6058 1.813e-21 3.74e-21 1.2260000000000001e-20 0.0 104.22 0.0
S005019 223.9585 72.4484 8.197e-19 1.085e-18 1.349e-18 0.0 107.35 0.0
S005020 224.3717 72.5668 4.8220000000000003e-20 7.571e-20 1.393e-19 0.0 105.53 0.0
S005021 223.9231 72.3353 2.743e-19 3.472e-19 4.062e-19 0.0 102.95 0.0
S005022 224.0295 72.7385 3.2479999999999996e-22 7.232e-22 2.7850000000000002e-21 0.0 106.22 0.0
S005023 224.3546 72.256 1.087e-21 2.282e-21 7.943e-21 0.0 108.25 0.0
S005024 224.2479 72.7497 2.246e-23 5.969e-23 3.2779999999999996e-22 0.0 107.29 0.0
S005025 223.9756 72.716 9.014e-19 1.06e-18 1.068e-18 0.0 105.59 0.0
S005026 224.1479 72.5561 3.7649999999999994e-22 8.538999999999999e-22 3.342e-21 0.0 106.74 0.0
S005027 224.2045 72.6315 2.196e-22 5.332e-22 2.385e-21 0.0 109.7 0.0
S005028 224.2639 72.5215 1.541e-22 3.8579999999999997e-22 1.843e-21 0.0 105.23 0.0
S005029 224.0897 72.7435 2.1339999999999998e-23 6.072e-23 3.7469999999999997e-22 0.0 105.72 0.0
S005030 224.1786 72.4789 1.053e-17 1.015e-17 6.774e-18 0.0 107.51 0.0
S005031 224.4433 72.645 6.344e-23 1.8679999999999997e-22 1.307e-21 0.0 104.85 0.0
S005032 224.1041 72.6518 4.872e-19 6.199e-19 7.378e-19 0.0 110.44 0.0
S005033 224.02 72.482 4.371e-23 1.1789999999999999e-22 6.716999999999999e-22 0.0 108.35 0.0
S005034 224.0295 72.3904 2.917e-20 4.5870000000000004e-20 8.235e-20 0.0 105.67 0.0
S005035 223.8159 72.6737 8.484e-18 8.602e-18 6.456e-18 0.0 107.67 0.0
S005036 224.0707 72.5472 9.853e-17 7.898e-17 3.695e-17 0.0 106.69 0.0
S005037 223.93 72.462 4.472e-21 3.033e-21 1.0150000000000001e-21 0.0 103.47 0.0
S005038 224.1751 72.3474 2.085e-16 1.661e-16 7.603e-17 0.0 110.28 0.0
S005039 223.8759 72.6555 2.56e-17 2.306e-17 1.372e-17 0.0 105.28 0.0
S005040 224.2264 72.3118 3.358e-18 3.511e-18 2.753e-18 0.0 109.63 0.0
S005041 224.1579 72.6146 4.771e-24 1.7799999999999998e-23 1.9769999999999998e-22 0.0 109.72 0.0
S005042 224.0077 72.4564 1.932e-19 2.897e-19 4.675e-19 0.0 103.17 0.0
S005043 224.3091 72.4052 5.2760000000000005e-20 8.152000000000001e-20 1.445e-19 0.0 103.18 0.0
S005044 224.0264 72.416 1.8179999999999999e-22 4.21e-22 1.747e-21 0.0 108.8 0.0
S005045 224.101 72.5609 3.256e-21 6.614e-21 2.119e-20 0.0 107.48 0.0
S005046 224.1616 72.7112 9.016e-19 1.081e-18 1.117e-18 0.0 106.74 0.0
S005047 223.9694 72.3417 2.588e-21 5.2130000000000004e-21 1.5780000000000003e-20 0.0 104.47 0.0
S005048 224.0034 72.573 3.087e-21 6.101e-21 1.8410000000000002e-20 0.001 105.32 0.0
S005049 224.1459 72.7173 1.49e-21 3.028e-21 9.425e-21 0.0 106.82 0.0
S005050 224.4352 72.4158 9.32e-23 2.4909999999999997e-22 1.444e-21 0.0 103.87 0.0
S005051 224.1029 72.6845 1.3639999999999998e-23 4.066e-23 2.8559999999999997e-22 0.0 109.91 0.0
S005052 223.876 72.4444 4.562999999999999e-22 1.101e-21 5.03e-21 0.001 110.5 0.0
S005053 223.825 72.5756 3.237e-22 7.796e-22 3.499e-21 0.0 105.05 0.0
S005054 224.0598 72.5134 5.1390000000000005e-26 2.872e-25 7.337e-24 0.0 109.63 0.0
S005055 224.1187 72.6477 2.6089999999999998e-23 7.492999999999999e-23 4.802999999999999e-22 0.0 108.68 0.0
S005056 224.1635 72.3426 1.18e-22 3.5369999999999996e-22 2.459e-21 0.0 108.36 0.0
S005057 224.1657 72.7003 5.061e-21 9.182e-21 2.329e-20 0.0 107.38 0.0
S005058 224.2205 72.3899 8.878999999999999e-23 2.3799999999999997e-22 1.36e-21 0.0 106.11 1.0
S005059 224.065 72.3864 3.653e-18 3.927e-18 3.202e-18 0.0 105.2 0.0
S005060 223.9762 72.7257 7.977e-17 6.584e-17 3.253e-17 0.0 102.87 0.0
S005061 224.1181 72.7959 8.785e-19 9.807e-19 8.696e-19 0.0 102.61 0.0
S005062 224.1331 72.2809 1.563e-20 2.897e-20 7.441000000000001e-20 0.0 106.35 0.0
S005063 223.9459 72.5386 2.358e-23 7.206999999999999e-23 5.423999999999999e-22 0.0 102.9 0.0
S005064 224.068 72.3256 1.835e-20 2.8680000000000004e-20 5.0970000000000004e-20 0.0 106.61 0.0
S005065 224.0561 72.6086 7.261000000000001e-20 1.061e-19 1.679e-19 0.0 107.02 0.0
S005066 223.8405 72.5056 2.46e-19 3.319e-19 4.342e-19 0.0 105.55 0.0
S005067 224.0407 72.4407 4.888999999999999e-22 1.127e-21 4.623e-21 0.0 107.3 0.0
S005068 224.0977 72.3738 1.049e-17 9.953e-18 6.39e-18 0.0 105.79 0.0
S005069 224.0594 72.8336 1.0850000000000001e-25 5.907e-25 1.492e-23 0.0 107.7 0.0
S005070 224.2195 72.5555 1.1270000000000002e-20 2.1060000000000003e-20 5.370000000000001e-20 0.0 108.91 0.0
S005071 223.9645 72.6514 1.549e-21 3.261e-21 1.0840000000000001e-20 0.0 103.29 0.0
S005072 223.9308 72.6772 2.814e-19 3.723e-19 4.623e-19 0.0 104.88 0.0
S005073 224.1068 72.6701 2.164e-19 2.962e-19 4.108e-19 0.0 108.25 0.0
S005074 223.8741 72.4 4.301e-24 1.3769999999999998e-23 1.1419999999999999e-22 0.0 103.79 0.0
S005075 223.921 72.3907 2.594e-19 3.295e-19 3.906e-19 0.0 104.74 0.0
S005076 224.1651 72.5855 2.9329999999999997e-23 7.882999999999999e-23 4.505999999999999e-22 0.0 108.05 0.0
S005077 224.0233 72.7386 9.898e-19 1.107e-18 1.013e-18 0.0 107.23 0.0
S005078 224.2436 72.5175 2.36e-27 1.973e-26 1.206e-24 0.0 105.22 0.0
S005079 224.1679 72.7281 7.951000000000001e-20 1.145e-19 1.777e-19 0.001 104.49 0.0
S005080 224.0886 72.4879 2.78e-17 2.631e-17 1.671e-17 0.0 109.87 0.0
S005081 223.8492 72.7408 4.215e-19 5.505e-19 6.836e-19 0.001 109.58 0.0
S005082 223.9896 72.5403 1.201e-17 2.33e-17 6.805e-17 0.001 103.21 0.0
S005083 224.1906 72.4669 3.082e-19 3.835e-19 4.371e-19 0.0 109.95 0.0
S005084 224.1167 72.6506 3.05e-18 3.184e-18 2.537e-18 0.0 106.8 0.0
S005085 223.9593 72.4504 1.976e-19 2.696e-19 3.631e-19 0.0 105.83 0.0
S005086 224.0467 72.5683 4.514e-24 1.657e-23 1.8549999999999999e-22 0.001 109.66 0.0
S005087 224.145 72.5282 4.07e-20 6.637000000000001e-20 1.345e-19 0.0 108.92 0.0
S005088 223.9519 72.5362 2.5639999999999996e-22 5.732e-22 2.217e-21 0.0 103.79 0.0
S005089 224.0181 72.6417 3.5930000000000004e-20 5.654000000000001e-20 1.069e-19 0.0 103.63 0.0
S005090 224.3839 72.6036 1.881e-23 6.313e-23 5.889999999999999e-22 0.0 104.21 0.0
S005091 224.2506 72.7474 1.173e-18 1.332e-18 1.237e-18 0.0 107.94 0.0
S005092 224.1987 72.3347 8.706e-21 1.4720000000000002e-20 3.242e-20 0.0 104.94 0.0
S005093 223.9528 72.6258 2.0620000000000002e-20 3.781e-20 9.531e-20 0.0 109.39 0.0
S005094 224.0726 72.4202 4.985e-24 1.7069999999999998e-23 1.578e-22 0.0 103.18 0.0
S005095 224.2056 72.4686 1.381e-20 2.284e-20 4.7920000000000006e-20 0.0 108.61 0.0
S005096 224.2806 72.3138 2.0619999999999998e-22 5.293999999999999e-22 2.644e-21 0.0 107.46 0.0
S005097 224.0168 72.7262 3.1589999999999996e-22 7.770999999999999e-22 3.675e-21 0.0 108.97 0.0
S005098 223.9513 72.7214 5.315e-24 1.9539999999999998e-23 2.0509999999999998e-22 0.0 110.23 0.0
S005099 224.0563 72.7244 2.1559999999999996e-22 5.293999999999999e-22 2.425e-21 0.0 102.91 0.0
S005100 224.3303 72.69 2.853e-18 3.167e-18 2.876e-18 0.0 105.0 0.0
S005101 223.8446 72.6035 1.35e-17 2.789e-17 9.226e-17 0.0 103.01 0.0
S005102 224.0988 72.3666 8.636e-21 1.58e-20 4.045e-20 0.0 109.77 0.0
S005103 224.1127 72.656 3.174e-20 5.0640000000000003e-20 9.443000000000001e-20 0.0 110.03 0.0
S005104 224.241 72.3371 4.6130000000000005e-20 7.372e-20 1.357e-19 0.001 103.75 0.0
S005105 223.9925 72.4461 7.983e-20 1.171e-19 1.816e-19 0.0 109.8 0.0
S005106 223.9488 72.5359 1.662e-12 1.394e-12 7.123e-13 0.0 105.09 1.0
S005107 224.0553 72.4977 8.093e-22 1.951e-21 9.101e-21 0.0 107.7 0.0
S005108 224.1479 72.6242 8.556e-20 1.25e-19 2.049e-19 0.0 106.93 0.0
S005109 224.0868 72.4679 1.124e-22 3.273e-22 2.236e-21 0.0 107.01 0.0
S005110 223.9397 72.5432 1.3149999999999999e-23 4.006e-23 2.813e-22 0.0 109.44 0.0
S005111 223.9853 72.4919 3.748e-20 6.029000000000001e-20 1.131e-19 0.0 104.33 0.0
S005112 224.1929 72.3105 3.571e-19 4.508e-19 5.378e-19 0.0 104.14 0.0
S005113 224.3609 72.6683 1.313e-21 2.8680000000000002e-21 1.0430000000000001e-20 0.0 104.33 0.0
S005114 224.2647 72.4694 4.841e-19 6.301e-19 7.602e-19 0.0 108.33 0.0
S005115 224.3334 72.6253 1.391e-12 1.341e-12 9.041e-13 0.0 109.9 1.0
S005116 224.3118 72.7026 1.317e-21 2.9630000000000002e-21 1.1260000000000001e-20 0.0 107.29 0.0
S005117 224.2044 72.7533 2.993e-17 5.133e-17 1.112e-16 0.0 106.77 0.0
S005118 224.1698 72.548 4.8550000000000005e-20 7.74e-20 1.514e-19 0.0 104.13 0.0
S005119 224.062 72.5061 1.335e-21 2.665e-21 7.906000000000001e-21 0.0 104.63 0.0
S005120 224.2109 72.2392 4.176e-21 8.015e-21 2.1590000000000002e-20 0.0 108.14 0.0
S005121 223.9771 72.7829 2.016e-21 4.315e-21 1.4780000000000003e-20 0.0 108.0 0.0
S005122 224.1304 72.5232 6.699e-22 1.594e-21 6.861e-21 0.0 107.3 0.0
S005123 223.8251 72.6554 1.476e-21 3.392e-21 1.3650000000000002e-20 0.0 108.76 0.0
S005124 224.1642 72.3525 1.068e-22 2.882e-22 1.612e-21 0.001 104.57 0.0
S005125 224.278 72.4777 1.04e-21 2.407e-21 1.009e-20 0.0 104.33 0.0
S005126 224.3168 72.3478 2.803e-18 3.046e-18 2.715e-18 0.0 109.26 0.0
S005127 224.1488 72.4173 1.206e-22 3.147e-22 1.615e-21 0.0 103.44 0.0
S005128 224.0173 72.4611 3.5169999999999997e-22 8.709e-22 4.092e-21 0.0 106.73 0.0
S005129 224.2315 72.5193 4.424e-21 2.99e-21 1.0180000000000001e-21 0.0 104.33 0.0
S005130 224.0802 72.4562 1.566e-21 3.1890000000000002e-21 9.760000000000001e-21 0.0 103.91 0.0
S005131 224.0656 72.7088 8.649e-19 1.095e-18 1.26e-18 0.0 105.73 0.0
S005132 224.2304 72.5004 1.458e-23 5.001e-23 4.891999999999999e-22 0.0 103.58 0.0
S005133 223.9969 72.7116 5.663e-18 6.104e-18 5.161e-18 0.0 110.16 0.0
S005134 224.0135 72.5438 2.118e-12 1.631e-12 6.995e-13 0.0 109.48 1.0
S005135 224.2582 72.543 7.896999999999999e-23 2.271e-22 1.4490000000000001e-21 0.0 105.52 0.0
S005136 224.0343 72.6147 1.1580000000000002e-20 2.2650000000000003e-20 6.381e-20 0.0 107.92 0.0
S005137 224.1209 72.3006 1.058e-23 3.522e-23 3.095e-22 0.0 108.49 0.0
S005138 223.9219 72.7274 2.495e-19 3.382e-19 4.566e-19 0.0 105.94 0.0
S005139 224.2993 72.4356 1.198e-22 3.1289999999999996e-22 1.739e-21 0.0 105.52 0.0
S005140 224.0397 72.6365 2.827e-22 7.779e-22 4.553e-21 0.0 107.6 0.0
S005141 223.9324 72.504 2.257e-22 6.003999999999999e-22 3.2780000000000002e-21 0.0 107.81 0.0
S005142 224.1881 72.6883 2.4e-19 3.254e-19 4.454e-19 0.0 107.08 0.0
S005143 223.9021 72.5081 2.5389999999999998e-23 8.234999999999999e-23 6.763999999999999e-22 0.0 104.42 0.0
S005144 224.0463 72.4477 6.839e-21 1.292e-20 3.5860000000000004e-20 0.0 108.93 0.0
S005145 224.1264 72.4753 2.959e-21 6.004e-21 1.8820000000000002e-20 0.0 103.63 0.0
S005146 224.2976 72.5179 4.635e-19 5.942e-19 7.165e-19 0.0 104.72 0.0
S005147 223.9598 72.3748 1.475e-19 2.136e-19 3.154e-19 0.0 104.87 0.0
S005148 224.3185 72.7766 5.796999999999999e-23 1.6489999999999997e-22 1.054e-21 0.0 102.62 0.0
S005149 224.3592 72.6055 8.156e-20 1.259e-19 2.219e-19 0.0 105.87 0.0
S005150 223.9944 72.684 3.9e-21 2.703e-21 9.367999999999999e-22 0.0 110.14 0.0
S005151 223.983 72.6661 2.2930000000000002e-20 3.706e-20 6.871000000000001e-20 0.0 108.21 0.0
S005152 223.9176 72.5934 7.431e-21 1.387e-20 3.59e-20 0.0 108.12 0.0
S005153 223.9527 72.8528 1.82e-21 3.726e-21 1.1880000000000001e-20 0.0 109.07 0.0
S005154 223.9529 72.5241 3.176e-19 4.296e-19 5.816e-19 0.0 106.93 0.0
S005155 224.0277 72.5571 2.374e-17 2.12e-17 1.234e-17 0.0 106.08 0.0
S005156 223.8595 72.4994 9.329e-19 1.127e-18 1.166e-18 0.0 103.5 0.0
S005157 224.2496 72.6563 8.579e-20 1.239e-19 1.907e-19 0.0 107.22 0.0
S005158 224.3072 72.5114 1.561e-21 3.182e-21 1.0120000000000001e-20 0.0 104.74 0.0
S005159 224.3508 72.4657 1.4449999999999998e-22 3.141e-22 1.176e-21 0.0 105.53 0.0
S005160 223.9139 72.538 7.317e-19 8.702e-19 8.871e-19 0.0 107.78 0.0
S005161 224.0105 72.651 2.955e-25 1.409e-24 2.683e-23 0.0 107.55 0.0
S005162 224.0956 72.7714 1.9849999999999999e-22 4.378e-22 1.676e-21 0.0 105.35 0.0
S005163 224.1256 72.4262 2.807e-22 6.893999999999999e-22 3.215e-21 0.0 107.84 0.0
S005164 224.1567 72.5878 8.797e-22 1.942e-21 7.598e-21 0.0 103.75 0.0
S005165 224.1302 72.6716 2.5540000000000003e-20 4.376e-20 9.567000000000001e-20 0.0 109.45 0.0
S005166 224.2619 72.2642 4.908e-25 2.108e-24 3.192e-23 0.0 103.92 0.0
S005167 224.2062 72.391 8.046999999999999e-23 2.132e-22 1.1280000000000001e-21 0.0 110.24 0.0
S005168 224.2359 72.5326 5.983e-19 6.974e-19 6.765e-19 0.0 109.28 0.0
S005169 224.0356 72.6092 3.008e-22 7.549999999999999e-22 3.8100000000000004e-21 0.0 105.31 0.0
S005170 224.2604 72.7397 9.938e-24 3.158e-23 2.5269999999999996e-22 0.0 103.33 0.0
S005171 224.2411 72.5551 2.455e-23 7.136999999999999e-23 4.7619999999999995e-22 0.0 109.01 0.0
S005172 224.0469 72.643 6.971e-18 7.048e-18 5.05e-18 0.0 102.8 0.0
S005173 224.1172 72.4952 3.973e-21 2.691e-21 9.298e-22 0.0 104.42 0.0
S005174 223.7926 72.4431 4.914e-22 1.207e-21 5.533e-21 0.0 105.42 0.0
S005175 224.2231 72.7 7.564e-21 1.431e-20 3.844e-20 0.0 106.97 0.0
S005176 224.0461 72.7686 2.299e-23 6.460999999999999e-23 4.001e-22 0.0 103.07 0.0
S005177 223.9601 72.6892 6.016e-22 1.252e-21 4.032e-21 0.0 106.75 0.0
S005178 224.3221 72.6137 8.881e-22 2.075e-21 8.753e-21 0.0 107.4 0.0
S005179 224.3143 72.5961 1.231e-21 2.8680000000000002e-21 1.1640000000000001e-20 0.0 104.69 0.0
S005180 224.2669 72.6727 3.6760000000000003e-20 6.148000000000001e-20 1.263e-19 0.0 103.65 0.0
S005181 223.8375 72.5147 1.954e-24 7.239e-24 7.911999999999999e-23 0.0 104.7 1.0
S005182 224.2637 72.5808 6.264e-23 1.9889999999999999e-22 1.601e-21 0.0 108.5 0.0
S005183 224.1418 72.706 6.603e-20 9.461e-20 1.463e-19 0.0 106.23 0.0
S005184 224.231 72.4254 1.618e-22 3.7659999999999995e-22 1.512e-21 0.0 105.6 0.0
S005185 224.0443 72.3682 1.279e-19 1.759e-19 2.523e-19 0.0 108.06 0.0
S005186 224.086 72.61 8.952e-19 1.021e-18 9.798e-19 0.0 105.32 0.0
S005187 224.0953 72.6593 8.011e-18 7.967e-18 5.797e-18 0.0 109.42 0.0
S005188 224.1829 72.3937 3.422e-25 1.517e-24 2.3489999999999999e-23 0.0 103.32 0.0
S005189 224.0732 72.8624 5.814e-21 1.147e-20 3.285e-20 0.0 105.9 0.0
S005190 224.0958 72.2281 5.790000000000001e-20 8.653000000000001e-20 1.397e-19 0.0 105.85 0.0
S005191 224.14 72.4909 2.038e-23 6.055e-23 4.2139999999999996e-22 0.0 106.43 0.0
S005192 224.2162 72.4515 6.544999999999999e-23 1.7209999999999998e-22 9.128999999999998e-22 0.0 104.44 0.0
S005193 224.0396 72.4602 8.666e-19 9.825e-19 9.174e-19 0.0 109.96 0.0
S005194 223.9454 72.5599 1.344e-12 9.89e-13 3.765e-13 0.0 109.48 0.0
S005195 224.3079 72.4386 1.36e-21 2.8980000000000002e-21 1.0120000000000001e-20 0.0 102.85 0.0
S005196 224.2393 72.6156 5.382999999999999e-22 1.286e-21 5.815e-21 0.0 109.02 0.0
S005197 224.3156 72.6623 1.959e-17 3.659e-17 9.391e-17 0.0 104.08 0.0
S005198 224.1253 72.47 1.185e-22 2.976e-22 1.432e-21 0.0 110.18 0.0
S005199 223.9866 72.81 8.652e-21 1.6440000000000002e-20 4.3360000000000006e-20 0.0 102.72 0.0
S005200 224.2738 72.5396 1.0270000000000001e-20 1.7750000000000002e-20 3.8940000000000006e-20 0.0 104.86 0.0
S005201 224.0034 72.5257 1.439e-18 1.704e-18 1.716e-18 0.0 103.91 0.0
S005202 224.132 72.7343 3.279e-21 6.399e-21 1.929e-20 0.0 103.91 0.0
S005203 224.1787 72.4086 1.5e-20 2.636e-20 6.075000000000001e-20 0.0 103.2 0.0
S005204 223.9511 72.5989 6.015e-22 1.353e-21 5.076e-21 0.0 104.15 0.0
S005205 224.1323 72.7572 2.0149999999999999e-22 4.886e-22 2.21e-21 0.0 109.77 0.0
S005206 224.2858 72.7639 3.4649999999999997e-22 8.086999999999999e-22 3.46e-21 0.001 110.37 0.0
S005207 224.2344 72.4138 4.76e-21 8.676e-21 2.1140000000000002e-20 0.0 107.25 0.0
S005208 223.8874 72.5301 5.09e-19 6.243e-19 6.643e-19 0.0 106.23 0.0
S005209 223.9656 72.5748 4.799e-17 4.182e-17 2.357e-17 0.0 107.23 0.0
S005210 224.2619 72.6894 9.306000000000001e-20 1.367e-19 2.092e-19 0.0 104.13 0.0
S005211 224.0203 72.7304 6.896999999999999e-22 1.606e-21 6.456e-21 0.0 108.48 0.0
S005212 224.2695 72.6629 5.096999999999999e-22 1.189e-21 4.8920000000000004e-21 0.0 110.4 0.0
S005213 223.9258 72.391 1.645e-19 2.389e-19 3.642e-19 0.001 102.64 0.0
S005214 224.289 72.4999 5.123e-21 9.858e-21 2.724e-20 0.001 105.13 0.0
S005215 224.1532 72.5991 2.064e-19 2.577e-19 2.93e-19 0.0 105.21 0.0
S005216 224.0717 72.6543 1.044e-18 1.331e-18 1.567e-18 0.0 106.49 0.0
S005217 224.1876 72.7579 2.743e-19 3.622e-19 4.586e-19 0.0 105.66 0.0
S005218 224.0726 72.553 3.76e-21 7.567e-21 2.3170000000000002e-20 0.0 106.35 0.0
S005219 224.0807 72.6437 2.1279999999999997e-22 4.606999999999999e-22 1.723e-21 0.0 106.72 0.0
S005220 223.8498 72.8376 3.913e-18 3.916e-18 2.942e-18 0.0 106.8 0.0
S005221 224.2517 72.5074 3.293e-21 2.304e-21 8.116999999999999e-22 0.0 106.62 0.0
S005222 224.1333 72.4389 5.998e-19 6.982e-19 6.809e-19 0.0 107.95 0.0
S005223 224.0639 72.4658 1.346e-18 1.561e-18 1.497e-18 0.0 104.39 0.0
S005224 224.089 72.5193 1.734e-19 2.445e-19 3.486e-19 0.0 103.92 0.0
S005225 224.2161 72.5729 1.2059999999999999e-23 3.812e-23 2.984e-22 0.0 107.42 0.0
S005226 224.3221 72.6941 1.314e-18 1.568e-18 1.614e-18 0.0 109.77 0.0
S005227 224.068 72.8633 7.584e-18 7.757e-18 5.822e-18 0.0 108.81 0.0
S005228 224.291 72.5391 2.435e-22 5.882999999999999e-22 2.651e-21 0.0 108.46 0.0
S005229 224.1643 72.5026 8.627e-13 6.006e-13 2.015e-13 0.0 105.04 0.0
S005230 224.0226 72.6083 2.365e-18 2.608e-18 2.264e-18 0.0 103.75 1.0
S005231 224.0695 72.4794 1.462e-20 2.5960000000000003e-20 6.172e-20 0.0 106.77 0.0
S005232 224.0183 72.5832 1.519e-20 2.6460000000000002e-20 5.978e-20 0.0 105.31 0.0
S005233 223.9216 72.6276 1.755e-23 5.597e-23 4.47e-22 0.0 109.05 0.0
S005234 224.1468 72.3868 9.242000000000001e-20 1.38e-19 2.278e-19 0.0 105.19 0.0
S005235 224.0045 72.3696 6.627000000000001e-20 1.011e-19 1.718e-19 0.0 103.91 0.0
S005236 224.3178 72.4437 1.481e-19 2.037e-19 2.785e-19 0.0 102.7 0.0
S005237 223.9525 72.7461 1.422e-17 1.341e-17 8.661e-18 0.0 106.17 0.0
S005238 224.0437 72.5607 2.368e-21 5.083e-21 1.8270000000000002e-20 0.0 102.59 0.0
S005239 224.0029 72.5339 1.059e-17 1.019e-17 7.011e-18 0.0 104.73 0.0
S005240 223.8144 72.4209 4.708e-21 8.471e-21 2.1380000000000002e-20 0.0 102.92 0.0
S005241 224.1042 72.535 1.056e-21 2.311e-21 8.545e-21 0.0 105.06 0.0
S005242 223.893 72.4372 1.1e-17 1.09e-17 7.556e-18 0.0 110.03 0.0
S005243 223.7883 72.5527 2.788e-18 3.112e-18 2.851e-18 0.0 105.88 0.0
S005244 223.9307 72.6533 8.891999999999999e-22 1.879e-21 6.5e-21 0.0 107.3 0.0
S005245 224.1568 72.3742 6.621e-17 1.188e-16 2.943e-16 0.001 103.42 0.0
S005246 224.0779 72.5846 1.588e-21 3.0880000000000002e-21 8.948e-21 0.0 106.23 0.0
S005247 224.2148 72.481 1.453e-21 2.929e-21 9.053e-21 0.0 106.03 0.0
S005248 223.9389 72.7377 8.556e-27 6.008e-26 2.52e-24 0.0 104.26 0.0
S005249 224.357 72.7036 1.7499999999999998e-22 4.507999999999999e-22 2.318e-21 0.0 105.76 0.0
S005250 224.0118 72.6551 2.5789999999999996e-22 6.52e-22 3.138e-21 0.0 108.34 0.0
S005251 224.2989 72.6297 7.375e-23 1.9659999999999998e-22 1.1100000000000001e-21 0.0 105.71 0.0
S005252 224.2849 72.5853 1.048e-21 2.405e-21 9.429e-21 0.0 106.87 0.0
