Name Equatorial Polar BlueF GreenF RedF Parallax RadialVelocity Variable?
S214671 226.9388 151.6983 1.6750000000000002e-20 2.7060000000000003e-20 5.3240000000000005e-20 0.0 108.45 0.0
S214672 226.9143 151.7 2.287e-21 4.698e-21 1.5090000000000003e-20 0.0 107.93 0.0
S214673 227.061 151.7007 7.72e-19 9.067e-19 9.082e-19 0.0 105.81 0.0
S214674 227.0142 151.7109 1.7589999999999998e-23 5.396e-23 4.0049999999999996e-22 0.001 106.14 0.0
S214675 226.9684 151.7098 3.5840000000000004e-21 6.805e-21 1.908e-20 0.0 106.3 0.0
S214676 226.9416 151.7112 8.191e-23 2.0019999999999998e-22 9.237e-22 0.0 107.97 0.0
S214677 226.9685 151.7055 1.407e-18 1.617e-18 1.56e-18 0.0 105.96 0.0
S214678 227.0234 151.7175 9.486e-19 1.068e-18 1.005e-18 0.0 106.51 0.0
S214679 226.9618 151.6995 8.178e-19 9.686e-19 9.903e-19 0.0 107.45 0.0
S214680 226.9779 151.7027 2.235e-17 4.313e-17 1.16e-16 0.0 106.14 0.0
S214681 226.9887 151.7084 1.668e-19 2.316e-19 3.268e-19 0.0 106.55 0.0
S214682 226.9815 151.7168 6.534e-27 4.8700000000000006e-26 2.239e-24 0.0 106.83 0.0
S214683 227.1592 151.7236 4.961e-20 7.742e-20 1.399e-19 0.0 105.61 0.0
S214684 226.9217 151.713 3.6070000000000003e-20 5.598000000000001e-20 1.022e-19 0.0 108.6 0.0
S214685 226.9338 151.6998 7.55e-20 1.122e-19 1.799e-19 0.0 108.57 0.0
S214686 227.0816 151.7011 1.083e-18 1.224e-18 1.139e-18 0.0 105.56 0.0
S214687 226.961 151.7033 2.732e-18 2.972e-18 2.54e-18 0.0 107.47 0.0
S214688 226.9996 151.7066 3.7589999999999995e-22 8.492e-22 3.375e-21 0.0 105.9 0.0
S214689 226.9432 151.7004 2.8030000000000002e-21 1.937e-21 6.906999999999999e-22 0.0 108.21 0.0
S214690 226.9155 151.7034 1.201e-17 2.157e-17 5.357e-17 0.0 108.28 0.0
S214691 226.7502 151.697 1.731e-21 3.33e-21 9.258e-21 0.0 109.41 0.0
S214692 227.0121 151.7244 1.1070000000000001e-21 2.218e-21 6.854e-21 0.0 106.74 0.0
S214693 227.0682 151.7014 2.7010000000000002e-20 4.3170000000000004e-20 8.605e-20 0.0 105.38 0.0
S214694 227.1605 151.7135 6.575e-13 4.895e-13 1.964e-13 0.0 105.36 0.0
S214695 226.9859 151.6953 3.381e-17 2.931e-17 1.511e-17 0.0 106.61 0.0
S214696 226.9799 151.7115 2.481e-22 6.295e-22 3.144e-21 0.0 106.71 0.0
S214697 227.0011 151.7063 6.39e-18 1.12e-17 2.658e-17 0.0 105.83 0.0
S214698 226.9377 151.6966 3.4789999999999997e-23 1.0049999999999999e-22 6.483999999999999e-22 0.0 108.23 0.0
S214699 226.9675 151.7053 1.1e-18 1.282e-18 1.246e-18 0.0 107.16 0.0
S214700 226.8434 151.7047 4.773e-25 2.042e-24 3.022e-23 0.0 108.91 0.0
S214701 226.9411 151.6949 4.508e-23 1.1489999999999998e-22 5.754999999999999e-22 0.0 108.47 0.0
S214702 226.9321 151.7111 4.949e-21 9.318e-21 2.5030000000000003e-20 0.001 108.6 0.0
S214703 227.056 151.7033 2.4169999999999998e-23 6.917e-23 4.44e-22 0.0 105.58 0.0
S214704 226.9829 151.6989 1.426e-18 1.625e-18 1.528e-18 0.0 106.93 0.0
S214705 227.0252 151.703 9.647e-24 3.331e-23 3.118e-22 0.0 105.43 0.0
S214706 226.9847 151.7023 6.11e-21 1.0890000000000002e-20 2.602e-20 0.0 105.98 0.0
S214707 226.9823 151.7062 1.3349999999999999e-24 5.597e-24 8e-23 0.0 106.7 0.0
S214708 226.9707 151.7011 7.171e-18 7.451e-18 6.011e-18 0.0 106.04 0.0
S214709 226.9862 151.7172 6.971e-17 1.044e-16 1.787e-16 0.0 106.04 0.0
S214710 227.0157 151.7063 9.688e-25 3.729e-24 4.5539999999999995e-23 0.0 105.65 0.0
S214711 226.957 151.7031 5.856000000000001e-20 9.063e-20 1.627e-19 0.0 107.74 0.0
S214712 227.0304 151.7082 1.352e-12 1.097e-12 5.243e-13 0.0 105.43 1.0
S214713 226.9507 151.7195 9.978e-20 1.41e-19 2.095e-19 0.0 107.63 0.0
S214714 226.9417 151.7129 2.139e-22 5.399999999999999e-22 2.635e-21 0.0 107.64 0.0
S214715 226.969 151.7021 1.774e-17 1.606e-17 9.308e-18 0.0 106.36 0.0
S214716 226.9396 151.7006 3.4400000000000004e-20 5.411e-20 9.761000000000001e-20 0.0 108.4 0.0
S214717 226.8908 151.7195 6.413e-22 1.418e-21 5.404e-21 0.0 108.18 0.0
S214718 227.0777 151.703 6.917e-21 1.1980000000000001e-20 2.727e-20 0.0 105.23 0.0
S214719 226.9527 151.7 3.804e-21 2.607e-21 8.598999999999999e-22 0.0 107.79 0.0
S214720 226.8198 151.6949 8.921e-17 1.177e-16 1.528e-16 0.0 108.49 0.0
S214721 226.9137 151.7063 2.8999999999999997e-22 7.067e-22 3.126e-21 0.0 108.76 1.0
S214722 226.9767 151.6747 2.706e-23 7.526999999999999e-23 4.429999999999999e-22 0.0 107.19 0.0
S214723 226.8499 151.7064 3.097e-21 2.168e-21 7.479999999999999e-22 0.0 109.08 0.0
S214724 227.0 151.6998 1.086e-21 2.505e-21 1.023e-20 0.0 106.0 0.0
S214725 226.9398 151.7068 3.105e-20 4.955e-20 9.637000000000001e-20 0.0 108.57 0.0
S214726 226.9632 151.7075 4.054e-22 1.0060000000000001e-21 4.862e-21 0.0 107.02 0.0
S214727 226.9319 151.7053 1.382e-17 1.297e-17 8.223e-18 0.0 108.6 0.0
S214728 226.9706 151.7045 7.66e-22 1.5e-21 4.442e-21 0.0 106.2 0.0
S214729 227.0072 151.704 4.157e-21 7.996e-21 2.284e-20 0.0 106.2 0.0
S214730 226.5503 151.6968 1.318e-16 1.065e-16 5.167e-17 0.0 109.65 0.0
S214731 226.9822 151.7042 6.840000000000001e-20 9.926000000000001e-20 1.553e-19 0.0 106.39 0.0
S214732 226.9099 151.7116 1.9539999999999998e-22 4.692e-22 2.086e-21 0.0 108.76 0.0
S214733 227.0376 151.7003 9.779e-24 3.1729999999999996e-23 2.65e-22 0.0 105.79 0.0
S214734 226.9799 151.7143 1.6939999999999998e-22 4.697999999999999e-22 2.84e-21 0.0 106.93 0.0
S214735 226.9699 151.7135 2.145e-21 4.485e-21 1.4540000000000002e-20 0.0 106.79 0.0
S214736 226.8674 151.69 2.346e-22 5.877e-22 2.794e-21 0.001 108.87 0.0
S214737 226.9404 151.6986 8.545e-22 1.931e-21 7.306e-21 0.0 107.99 0.0
S214738 226.6953 151.7072 3.481e-21 6.78e-21 1.981e-20 0.0 109.4 0.0
S214739 226.9881 151.6916 1.5149999999999998e-23 5.005e-23 4.127e-22 0.0 106.9 0.0
S214740 226.9553 151.7017 2.108e-21 1.5350000000000001e-21 5.688e-22 0.0 107.62 0.0
S214741 226.9813 151.701 1.495e-21 3.0110000000000002e-21 9.62e-21 0.0 106.76 0.0
S214742 226.8447 151.7004 1.21e-17 1.18e-17 8.055e-18 0.0 109.18 0.0
S214743 227.0273 151.7152 3.216e-23 9.245e-23 6.104e-22 0.0 105.37 0.0
S214744 226.9275 151.7012 3.362e-22 8.397999999999999e-22 3.895e-21 0.0 108.37 0.0
S214745 227.0032 151.6957 1.186e-21 2.521e-21 8.887e-21 0.0 106.14 0.0
S214746 226.981 151.709 1.368e-19 1.852e-19 2.483e-19 0.0 106.19 0.0
S214747 226.9642 151.7008 5.301e-18 5.146e-18 3.393e-18 0.0 107.16 0.0
S214748 226.9467 151.7011 2.094e-24 8.411e-24 1.1259999999999998e-22 0.0 108.08 0.0
S214749 226.9576 151.7061 1.171e-21 2.496e-21 8.677e-21 0.0 108.52 0.0
S214750 227.2488 151.7223 1.942e-17 3.62e-17 9.213e-17 0.0 105.31 0.0
S214751 226.9419 151.7066 3.099e-20 4.956000000000001e-20 9.063e-20 0.0 108.28 0.0
S214752 227.1212 151.6868 4.0810000000000005e-20 6.488e-20 1.203e-19 0.0 106.01 0.0
S214753 226.9301 151.7106 1.37e-23 3.962e-23 2.532e-22 0.0 108.07 0.0
S214754 226.9219 151.6983 6.471e-22 1.475e-21 6.097e-21 0.0 107.85 0.0
S214755 226.9629 151.713 1.646e-18 1.855e-18 1.762e-18 0.0 107.24 0.0
S214756 226.9873 151.7124 5.777e-23 1.5679999999999998e-22 9.115e-22 0.0 105.99 0.0
S214757 227.0808 151.6916 1.986e-23 6.342e-23 5.122e-22 0.0 105.51 1.0
S214758 227.0011 151.7092 1.007e-21 2.091e-21 6.884000000000001e-21 0.0 105.81 0.0
S214759 227.0319 151.7062 4.312e-19 5.505e-19 6.614e-19 0.0 105.85 0.0
S214760 227.0672 151.6822 2.571e-19 3.322e-19 4.049e-19 0.0 106.68 0.0
S214761 226.9559 151.706 8.953999999999999e-22 1.713e-21 4.7020000000000004e-21 0.0 107.65 0.0
S214762 226.7461 151.7092 1.332e-23 4.03e-23 2.999e-22 0.0 109.44 0.0
S214763 227.0068 151.7097 2.501e-22 6.246999999999999e-22 3.024e-21 0.0 105.83 0.0
S214764 226.9647 151.7212 2.698e-17 2.484e-17 1.524e-17 0.0 107.19 0.0
S214765 226.9561 151.7052 2.63e-18 2.767e-18 2.277e-18 0.0 108.59 0.0
S214766 226.9653 151.7004 1.458e-22 3.683e-22 1.87e-21 0.0 106.55 0.0
S214767 226.9361 151.7099 1.718e-20 2.7280000000000005e-20 5.2010000000000004e-20 0.0 108.55 0.0
S214768 226.9372 151.7038 6.9590000000000005e-25 2.877e-24 3.9269999999999996e-23 0.0 108.19 0.0
S214769 226.753 151.7029 2.473e-16 1.95e-16 8.449e-17 0.0 109.55 1.0
S214770 227.0318 151.7134 2.5210000000000002e-20 4.0950000000000005e-20 8.252e-20 0.0 105.6 0.0
S214771 226.8757 151.7019 1.093e-18 1.207e-18 1.075e-18 0.0 109.19 0.0
S214772 226.6978 151.7098 3.896e-23 1.0859999999999998e-22 6.810999999999999e-22 0.0 109.26 0.0
S214773 226.9504 151.702 3.5979999999999997e-22 8.094999999999999e-22 3.115e-21 0.0 107.92 0.0
S214774 226.9701 151.7056 2.981e-19 4.026e-19 5.442e-19 0.0 106.92 0.0
S214775 226.9138 151.7292 1.792e-18 2.079e-18 1.987e-18 0.0 107.64 0.0
S214776 226.9039 151.7203 1.599e-19 2.105e-19 2.652e-19 0.0 107.81 0.0
S214777 226.9786 151.7018 9.426e-24 3.059e-23 2.5359999999999997e-22 0.0 106.25 0.0
S214778 226.8646 151.7021 5.979e-21 1.092e-20 2.8680000000000004e-20 0.0 109.29 0.0
S214779 226.9671 151.7162 1.9779999999999999e-22 4.96e-22 2.433e-21 0.0 107.04 0.0
S214780 226.8924 151.7022 5.0749999999999997e-23 1.373e-22 7.775999999999999e-22 0.0 108.68 0.0
S214781 227.0719 151.6992 1.2859999999999998e-22 3.0779999999999997e-22 1.331e-21 0.0 105.45 0.0
S214782 226.6523 151.6914 1.19e-21 2.56e-21 8.897e-21 0.0 109.46 0.0
S214783 226.8193 151.709 1.1690000000000001e-20 2.0300000000000003e-20 4.6900000000000004e-20 0.0 109.36 0.0
S214784 227.147 151.695 1.914e-19 2.386e-19 2.821e-19 0.001 105.84 0.0
S214785 227.0236 151.7147 6.582e-20 9.917e-20 1.746e-19 0.0 105.79 0.0
S214786 226.9895 151.7102 2.198e-20 3.4750000000000004e-20 6.521e-20 0.0 105.88 0.0
S214787 226.8205 151.6889 8.23e-18 7.76e-18 5.103e-18 0.0 108.9 0.0
S214788 226.89 151.7008 7.762000000000001e-20 1.141e-19 1.838e-19 0.0 109.12 0.0
S214789 226.8624 151.7199 1.787e-20 3.063e-20 6.896000000000001e-20 0.0 108.82 0.0
S214790 226.9474 151.7062 8.891999999999999e-22 1.809e-21 5.56e-21 0.0 107.82 0.0
S214791 227.1211 151.704 2.966e-18 3.15e-18 2.496e-18 0.0 105.01 0.0
S214792 226.9576 151.7049 3.1829999999999997e-22 7.665999999999999e-22 3.343e-21 0.0 108.34 0.0
S214793 226.9582 151.7016 1.218e-19 1.71e-19 2.49e-19 0.0 107.56 0.0
S214794 226.9949 151.7109 2.7850000000000002e-21 5.06e-21 1.2390000000000002e-20 0.0 106.37 0.0
S214795 227.1004 151.7176 1.8219999999999999e-22 4.0359999999999997e-22 1.551e-21 0.0 105.69 0.0
S214796 227.0087 151.6987 9.841e-18 9.822e-18 7.05e-18 0.0 105.69 0.0
S214797 226.9359 151.7107 1.507e-22 3.415e-22 1.314e-21 0.0 108.5 0.0
S214798 226.9629 151.6979 2.06e-23 6.001999999999999e-23 3.9249999999999997e-22 0.0 107.27 0.0
S214799 226.9752 151.7155 4.697999999999999e-22 9.83e-22 3.246e-21 0.0 107.01 0.0
S214800 227.1737 151.7031 7.515e-19 9.291e-19 1.036e-18 0.0 105.13 0.0
S214801 227.4704 151.6967 3.009e-21 5.805e-21 1.701e-20 0.0 104.96 0.0
S214802 227.1392 151.7081 2.989e-21 2.09e-21 7.141e-22 0.0 105.02 0.0
S214803 226.9518 151.7008 2.0129999999999997e-22 5.304e-22 2.9e-21 0.0 108.13 0.0
S214804 226.9837 151.7222 8.711e-17 1.305e-16 2.273e-16 0.0 107.03 0.0
S214805 226.8634 151.6918 6.936e-19 8.534e-19 9.541e-19 0.0 108.14 0.0
S214806 226.931 151.6892 1.708e-18 1.932e-18 1.754e-18 0.0 107.6 0.0
S214807 226.9076 151.6956 3.74e-19 4.858e-19 6.064e-19 0.0 107.9 0.0
S214808 227.1005 151.7001 2.608e-21 1.8340000000000002e-21 6.505e-22 0.0 105.13 0.0
S214809 226.9584 151.7031 1.196e-21 2.495e-21 8.327e-21 0.0 107.41 0.0
S214810 227.1508 151.6997 1.752e-23 5.75e-23 4.942e-22 0.0 104.95 0.0
S214811 226.9294 151.7044 1.5370000000000002e-20 2.64e-20 5.529e-20 0.0 108.24 1.0
S214812 227.0061 151.698 2.819e-21 5.102e-21 1.2390000000000002e-20 0.0 106.67 0.0
S214813 227.03 151.7037 2.5409999999999995e-22 5.219999999999999e-22 1.756e-21 0.0 105.55 0.0
S214814 226.9557 151.6975 1.834e-18 1.984e-18 1.656e-18 0.0 108.0 0.0
S214815 226.9691 151.7019 1.205e-19 1.729e-19 2.579e-19 0.0 106.0 0.0
S214816 226.9714 151.7042 1.251e-19 1.706e-19 2.28e-19 0.0 105.98 0.0
S214817 227.0325 151.6957 9.071e-23 2.4979999999999996e-22 1.5230000000000001e-21 0.0 106.2 0.0
S214818 226.964 151.7018 1.194e-21 2.716e-21 1.099e-20 0.0 106.88 0.0
S214819 227.0189 151.7093 5.825e-21 1.0030000000000001e-20 2.1790000000000002e-20 0.0 105.71 0.0
S214820 226.9851 151.7138 2.333e-17 1.99e-17 1.041e-17 0.0 106.88 1.0
S214821 226.8619 151.6939 2.3300000000000003e-20 3.6830000000000003e-20 6.697e-20 0.0 108.73 0.0
S214822 226.9265 151.6997 2.8040000000000005e-20 4.617e-20 9.567000000000001e-20 0.0 108.24 0.0
S214823 226.9083 151.7202 3.911e-17 3.565e-17 2.064e-17 0.0 107.76 0.0
S214824 227.0021 151.7066 8.877e-19 1.052e-18 1.097e-18 0.0 106.0 0.0
S214825 226.7558 151.6966 4.478e-20 6.756000000000001e-20 1.137e-19 0.0 109.46 0.0
S214826 226.9646 151.7141 2.246e-18 2.516e-18 2.21e-18 0.0 107.1 0.0
S214827 227.1562 151.6999 9.253e-19 1.116e-18 1.146e-18 0.0 105.58 0.0
S214828 226.874 151.6971 3.56e-19 4.408e-19 5.002e-19 0.0 108.67 0.0
S214829 226.838 151.6899 2.071e-22 4.962e-22 2.094e-21 0.0 108.91 0.0
S214830 226.9304 151.7009 5.866e-18 5.896e-18 4.303e-18 0.0 108.6 0.0
S214831 226.9559 151.7012 1.0379999999999999e-23 3.2999999999999996e-23 2.607e-22 0.0 107.8 0.0
S214832 226.917 151.697 7.740000000000001e-21 1.4200000000000002e-20 3.4890000000000004e-20 0.0 108.68 0.0
S214833 227.0058 151.6977 9.203000000000001e-20 1.307e-19 1.983e-19 0.0 106.01 0.0
S214834 226.7067 151.7154 4.108e-21 7.971e-21 2.267e-20 0.0 109.14 0.0
S214835 227.222 151.7101 3.365e-18 3.425e-18 2.564e-18 0.0 104.9 0.0
S214836 227.0867 151.707 5.713e-17 5.02e-17 2.73e-17 0.0 105.27 0.0
S214837 226.9632 151.7004 3.282e-22 6.6779999999999995e-22 2.059e-21 0.0 107.26 0.0
S214838 227.003 151.7054 1.6339999999999997e-22 4.587e-22 2.843e-21 0.0 105.78 0.0
S214839 227.2314 151.6972 5.235e-21 1.004e-20 2.83e-20 0.0 104.94 0.0
S214840 227.0981 151.7278 2.934e-20 5.0330000000000006e-20 1.107e-19 0.0 106.42 0.0
S214841 226.8902 151.7109 1.7850000000000003e-20 3.017e-20 6.419000000000001e-20 0.0 108.7 0.0
S214842 226.9666 151.7046 3.507e-23 1.0529999999999999e-22 7.245e-22 0.0 106.23 0.0
S214843 227.1835 151.7078 2.689e-21 5.3790000000000004e-21 1.611e-20 0.0 105.01 0.0
S214844 227.0599 151.7212 7.413000000000001e-20 1.105e-19 1.764e-19 0.0 106.13 0.0
S214845 227.0667 151.7014 3.124e-23 7.982e-23 4.0179999999999995e-22 0.0 105.25 0.0
S214846 227.2772 151.7128 1.04e-18 1.132e-18 9.819e-19 0.0 104.94 0.0
S214847 227.2774 151.7393 1.415e-21 2.938e-21 9.747e-21 0.0 105.56 0.0
S214848 226.856 151.6954 8.558999999999999e-23 2.25e-22 1.206e-21 0.0 109.26 0.0
S214849 226.9655 151.7009 4.335000000000001e-25 1.765e-24 2.463e-23 0.0 106.28 0.0
S214850 226.8168 151.7279 1.53e-22 4.0919999999999994e-22 2.24e-21 0.0 108.38 0.0
S214851 226.8904 151.7101 4.143e-17 6.7e-17 1.329e-16 0.0 109.16 0.0
S214852 227.0696 151.7091 5.1479999999999995e-22 1.136e-21 4.086e-21 0.0 105.32 0.0
S214853 226.8476 151.7041 6.224999999999999e-22 1.385e-21 5.2610000000000004e-21 0.0 109.01 0.0
S214854 227.0003 151.6974 7.344999999999999e-23 2.4169999999999997e-22 2.1190000000000002e-21 0.0 106.39 0.0
S214855 226.9451 151.7179 2.788e-20 4.562e-20 9.186000000000001e-20 0.0 108.07 0.0
S214856 227.1573 151.7217 5.5639999999999995e-22 1.337e-21 5.841e-21 0.0 105.36 0.0
S214857 226.8556 151.7082 1.171e-17 1.11e-17 7.191e-18 0.0 109.29 0.0
S214858 226.9077 151.7184 1.741e-21 3.548e-21 1.0620000000000001e-20 0.0 107.94 0.0
S214859 227.1102 151.7029 6.662e-18 6.589e-18 4.718e-18 0.0 105.33 0.0
S214860 226.9578 151.7125 6.024e-21 1.1580000000000002e-20 3.265e-20 0.0 108.1 0.0
S214861 226.9079 151.7049 7.743999999999999e-23 2.0249999999999998e-22 1.075e-21 0.0 108.77 0.0
S214862 226.9721 151.7098 2.27e-23 6.65e-23 4.488999999999999e-22 0.0 106.04 0.0
S214863 227.0516 151.7036 2.39e-18 2.686e-18 2.477e-18 0.0 105.37 0.0
S214864 227.0285 151.7127 1.469e-20 2.543e-20 5.823000000000001e-20 0.0 105.53 0.0
S214865 226.8471 151.7089 1.2350000000000001e-21 2.784e-21 1.0720000000000001e-20 0.0 109.38 0.0
S214866 226.9634 151.6948 1.086e-21 2.386e-21 8.686e-21 0.0 107.24 0.0
S214867 226.8469 151.7048 1.572e-24 5.903e-24 6.968e-23 0.0 109.3 0.0
S214868 227.1098 151.698 3.574e-19 4.445e-19 5.113e-19 0.0 105.79 0.0
S214869 227.0394 151.6929 6.014e-18 5.964e-18 4.162e-18 0.0 106.37 0.0
S214870 226.9402 151.7071 2.48e-24 9.064e-24 9.852e-23 0.0 107.92 0.0
S214871 227.0171 151.6984 2.191e-24 7.5e-24 6.94e-23 0.0 106.18 0.0
S214872 226.8161 151.7021 4.172e-22 8.82e-22 3.055e-21 0.0 109.43 0.0
S214873 227.0283 151.6829 1.078e-18 1.27e-18 1.287e-18 0.0 106.68 0.0
S214874 226.99 151.7021 1.6729999999999999e-22 4.458999999999999e-22 2.4400000000000002e-21 0.0 106.05 0.0
S214875 227.0603 151.7097 4.942e-19 5.835e-19 5.822e-19 0.0 105.15 0.0
S214876 226.8834 151.7072 3.495e-17 7.766e-17 2.888e-16 0.0 108.77 0.0
S214877 226.886 151.7044 1.623e-19 2.189e-19 2.947e-19 0.0 109.08 0.0
S214878 227.0417 151.7115 2.418e-23 7.009e-23 4.606999999999999e-22 0.0 105.95 0.0
S214879 226.956 151.6854 1.166e-22 3.124e-22 1.725e-21 0.0 107.31 0.0
S214880 226.943 151.7082 1.965e-17 1.851e-17 1.221e-17 0.0 108.47 0.0
S214881 226.8969 151.7077 3.692e-20 5.948e-20 1.163e-19 0.0 108.81 0.0
S214882 226.941 151.7063 5.2620000000000005e-20 7.942000000000001e-20 1.324e-19 0.0 108.08 0.0
S214883 226.9652 151.7133 1.086e-19 1.55e-19 2.324e-19 0.0 107.1 0.0
S214884 226.9405 151.7007 5.256e-22 1.132e-21 3.894e-21 0.0 108.54 0.0
S214885 226.9637 151.7109 9.02e-18 8.72e-18 5.659e-18 0.0 107.18 0.0
S214886 226.9847 151.7002 3.899e-21 7.641e-21 2.2450000000000002e-20 0.001 106.82 0.0
S214887 226.9413 151.7078 2.469e-17 3.856e-17 6.847e-17 0.0 107.9 0.0
S214888 227.121 151.7057 4.901e-19 5.891e-19 6.13e-19 0.0 105.01 0.0
S214889 226.3945 151.6853 5.18e-17 1.034e-16 3.051e-16 0.001 109.62 0.0
S214890 226.9623 151.7061 1.759e-20 3.017e-20 6.724e-20 0.0 107.28 0.0
S214891 226.8299 151.7231 8.087e-24 3.254e-23 4.485e-22 0.0 108.13 0.0
S214892 226.9801 151.704 1.237e-21 2.537e-21 8.381e-21 0.0 106.49 0.0
S214893 226.9523 151.7094 1.6419999999999998e-23 4.833e-23 3.1579999999999996e-22 0.0 107.46 0.0
S214894 227.0197 151.7104 6.031e-25 2.476e-24 3.292e-23 0.0 105.53 0.0
S214895 226.9391 151.7061 2.352e-19 3.069e-19 3.947e-19 0.0 108.46 0.0
S214896 226.9566 151.7019 5.082e-25 2.159e-24 3.211e-23 0.0 108.36 0.0
S214897 226.9984 151.7116 4.73e-19 5.935e-19 6.969e-19 0.0 106.02 0.0
S214898 227.0324 151.7076 5.66e-22 1.301e-21 5.174e-21 0.0 106.26 0.0
S214899 226.8325 151.6991 7.569e-23 2.075e-22 1.26e-21 0.0 109.36 0.0
S214900 226.9011 151.7095 3.336e-18 3.434e-18 2.643e-18 0.0 108.6 0.0
S214901 226.4513 151.6797 9.871e-18 1.684e-17 3.77e-17 0.001 109.42 0.0
S214902 226.9044 151.6962 2.863e-23 8.308e-23 5.488999999999999e-22 0.0 108.57 0.0
S214903 226.9629 151.7066 7.961e-18 7.441e-18 4.518e-18 0.0 106.62 0.0
S214904 227.0041 151.7085 1.158e-12 8.492e-13 3.235e-13 0.0 106.28 0.0
S214905 226.962 151.7034 1.037e-20 1.7930000000000002e-20 3.8490000000000003e-20 0.0 107.32 0.0
S214906 226.9331 151.6953 3.1369999999999996e-22 7.8969999999999995e-22 3.975e-21 0.0 108.31 0.0
S214907 226.9539 151.6976 4.228e-19 5.169e-19 5.887e-19 0.0 107.59 0.0
S214908 226.8855 151.7069 3.657e-18 3.713e-18 2.858e-18 0.0 108.87 0.0
S214909 226.9952 151.7119 5.4e-25 2.523e-24 4.637e-23 0.0 106.49 0.0
S214910 226.9568 151.7133 2.37e-18 2.589e-18 2.255e-18 0.0 108.57 0.0
S214911 227.0117 151.7142 1.1160000000000001e-21 2.539e-21 9.814e-21 0.0 105.92 0.0
S214912 227.1524 151.7124 4.198e-24 1.438e-23 1.3349999999999999e-22 0.0 105.27 0.0
S214913 226.862 151.6944 3.241e-21 6.572e-21 2.0790000000000002e-20 0.0 109.24 0.0
S214914 226.9315 151.6978 1.426e-20 2.3820000000000003e-20 4.927e-20 0.0 108.66 0.0
S214915 226.7786 151.6935 2.3e-21 4.49e-21 1.3190000000000001e-20 0.0 109.01 0.0
S214916 226.9401 151.7127 1.131e-19 1.629e-19 2.462e-19 0.0 108.14 0.0
S214917 226.6688 151.695 2.379e-21 1.6630000000000001e-21 6.033999999999999e-22 0.0 109.61 0.0
S214918 226.9941 151.7108 8.261e-21 1.557e-20 4.1450000000000004e-20 0.0 106.01 0.0
S214919 226.9216 151.706 3.425e-18 3.648e-18 2.915e-18 0.0 108.44 0.0
S214920 227.0337 151.7038 7.417e-21 1.3040000000000001e-20 3.097e-20 0.0 105.37 0.0
S214921 227.0297 151.6957 3.627e-23 1.0019999999999999e-22 6.088e-22 0.0 105.63 0.0
S214922 226.8796 151.6992 4.775e-24 1.7279999999999998e-23 1.8939999999999997e-22 0.0 108.97 0.0
S214923 226.8396 151.7153 5.279e-19 6.305e-19 6.664e-19 0.0 108.81 0.0
S214924 226.9764 151.7078 1.088e-19 1.554e-19 2.329e-19 0.0 105.99 0.0
S214925 226.9469 151.7058 2.591e-21 1.8e-21 6.508999999999999e-22 0.0 108.55 0.0
S214926 226.8212 151.7068 2.417e-17 3.918e-17 7.584e-17 0.0 109.38 0.0
S214927 226.9682 151.6978 3.959e-21 6.996e-21 1.6820000000000002e-20 0.0 107.09 0.0
S214928 227.7895 151.7221 5.228e-22 1.242e-21 5.352e-21 0.0 105.01 0.0
S214929 226.9844 151.6813 6.209000000000001e-20 8.867e-20 1.338e-19 0.0 107.04 0.0
S214930 226.9053 151.7048 3.5809999999999995e-22 8.709999999999998e-22 3.904e-21 0.0 108.92 0.0
S214931 226.9779 151.7105 2.509e-22 6.075e-22 2.7370000000000002e-21 0.0 106.99 0.0
S214932 226.9436 151.7127 1.763e-19 2.436e-19 3.466e-19 0.0 107.81 0.0
S214933 226.9886 151.7094 4.646e-18 5.053e-18 4.419e-18 0.0 106.17 0.0
S214934 226.974 151.6992 1.8159999999999997e-22 4.388999999999999e-22 1.998e-21 0.0 106.7 0.0
S214935 227.1416 151.7036 8.271e-21 1.466e-20 3.332e-20 0.0 105.46 1.0
S214936 227.1124 151.7015 6.127e-17 5.504e-17 3.158e-17 0.0 105.22 0.0
S214937 226.8889 151.7115 3.4169999999999995e-22 8.511999999999999e-22 4.015e-21 0.0 108.69 0.0
S214938 226.9212 151.7024 1.403e-17 1.303e-17 8.433e-18 0.0 108.52 0.0
S214939 226.9503 151.7079 8.303e-17 1.261e-16 2.191e-16 0.0 108.3 0.0
S214940 227.198 151.7045 9.596e-18 9.485e-18 6.556e-18 0.0 105.09 0.0
S214941 227.1688 151.7095 3.582e-19 4.404e-19 4.767e-19 0.0 105.13 0.0
S214942 226.9686 151.6815 4.887e-22 1.064e-21 4.021e-21 0.0 107.15 0.0
S214943 226.9719 151.7058 1.053e-23 3.0819999999999996e-23 2.027e-22 0.0 106.47 0.0
S214944 226.9819 151.7074 2.575e-21 1.821e-21 6.503e-22 0.0 106.97 0.0
S214945 226.8613 151.6991 4.3850000000000005e-20 6.937e-20 1.277e-19 0.001 109.28 0.0
S214946 226.8027 151.7047 7.778000000000001e-20 1.122e-19 1.658e-19 0.0 109.29 0.0
S214947 226.8315 151.6928 2.894e-19 3.785e-19 4.726e-19 0.0 109.15 0.0
S214948 226.96 151.7083 1.808e-20 3.014e-20 6.353e-20 0.0 107.3 0.0
S214949 226.9372 151.7077 5.112e-13 3.301e-13 9.803e-14 0.0 108.51 1.0
S214950 226.7816 151.6963 2.6420000000000002e-21 1.852e-21 6.594e-22 0.0 109.43 0.0
S214951 227.1788 151.7094 8.759e-19 1.053e-18 1.165e-18 0.0 105.01 0.0
S214952 227.3807 151.7233 1.02e-24 4.33e-24 6.471e-23 0.001 105.3 0.0
S214953 226.9585 151.6956 1.295e-18 1.485e-18 1.407e-18 0.0 107.44 0.0
S214954 226.9635 151.7077 2.803e-24 1.032e-23 1.148e-22 0.0 107.23 0.0
S214955 226.8969 151.702 2.164e-24 7.515e-24 7.153e-23 0.0 108.5 0.0
S214956 226.6318 151.7238 3.033e-19 3.775e-19 4.357e-19 0.0 109.07 0.0
S214957 226.9933 151.7147 6.437e-20 9.041000000000001e-20 1.284e-19 0.0 106.26 0.0
S214958 227.0986 151.7143 2.464e-18 2.709e-18 2.346e-18 0.0 105.59 0.0
S214959 226.9599 151.7053 1.017e-18 1.207e-18 1.241e-18 0.001 108.38 0.0
S214960 226.9454 151.7038 6.672e-19 7.633e-19 7.194e-19 0.0 108.31 0.0
S214961 226.9842 151.711 4.05e-23 1.1229999999999998e-22 6.600999999999999e-22 0.0 106.64 0.0
S214962 226.9497 151.702 4.6209999999999996e-24 1.5799999999999998e-23 1.4429999999999999e-22 0.0 108.49 0.0
S214963 227.0572 151.7093 2.932e-19 3.704e-19 4.142e-19 0.0 105.28 0.0
S214964 226.9693 151.7142 6.741e-20 1.025e-19 1.728e-19 0.0 106.89 0.0
S214965 226.9356 151.7005 3.419e-17 2.948e-17 1.57e-17 0.0 108.48 0.0
S214966 227.0078 151.7115 1.2960000000000002e-20 2.1920000000000003e-20 4.5670000000000003e-20 0.0 106.59 0.0
S214967 226.9572 151.7082 2.1000000000000002e-20 3.5780000000000005e-20 7.996000000000001e-20 0.0 107.49 0.0
S214968 227.4946 151.7176 6.53e-17 1.154e-16 2.663e-16 0.0 104.9 0.0
S214969 226.9235 151.7098 3.347e-21 6.555e-21 1.8710000000000003e-20 0.0 108.28 0.0
S214970 226.9757 151.7077 1.022e-21 2.124e-21 7.017e-21 0.0 106.33 0.0
S214971 226.9768 151.696 5.992e-24 1.831e-23 1.3759999999999999e-22 0.0 107.02 0.0
S214972 227.0018 151.7118 1.018e-20 1.797e-20 4.292e-20 0.0 106.61 0.0
S214973 226.9533 151.7007 1.915e-21 4.0960000000000004e-21 1.46e-20 0.0 108.4 0.0
S214974 226.9283 151.6964 3.635e-24 1.2579999999999999e-23 1.2489999999999998e-22 0.0 108.39 0.0
S214975 226.7419 151.7071 4.002e-19 5.068e-19 6.012e-19 0.0 109.53 0.0
S214976 226.9832 151.7147 3.8569999999999996e-22 7.806999999999999e-22 2.4640000000000002e-21 0.0 106.95 0.0
S214977 226.9226 151.7107 2.231e-23 6.980999999999999e-23 5.2969999999999995e-22 0.0 108.43 0.0
S214978 227.1472 151.7052 1.702e-17 2.789e-17 5.571e-17 0.0 105.29 0.0
S214979 226.7924 151.7011 9.727999999999999e-22 1.827e-21 4.865e-21 0.001 109.17 0.0
S214980 227.0233 151.7104 1.3089999999999999e-22 3.816e-22 2.49e-21 0.001 105.56 0.0
S214981 226.9651 151.7021 1.692e-21 2.943e-21 6.863e-21 0.0 105.95 0.0
S214982 226.8718 151.7136 1.64e-19 2.247e-19 2.986e-19 0.0 108.64 0.0
S214983 226.7983 151.71 4.543e-21 8.308e-21 2.0580000000000003e-20 0.0 109.24 0.0
S214984 227.0657 151.6918 2.327e-18 2.329e-18 1.682e-18 0.0 105.14 0.0
S214985 226.8163 151.7015 5.984000000000001e-20 8.550000000000001e-20 1.295e-19 0.0 109.32 0.0
S214986 227.125 151.6949 2.005e-24 6.934e-24 6.872e-23 0.0 105.15 0.0
S214987 226.9857 151.7052 8.432e-20 1.16e-19 1.639e-19 0.0 106.85 0.0
S214988 227.0466 151.6965 1.883e-18 1.933e-18 1.469e-18 0.0 106.37 0.0
S214989 227.0796 151.6942 7.075e-18 1.298e-17 3.283e-17 0.0 106.07 0.0
S214990 226.9375 151.7057 2.255e-23 6.622e-23 4.6869999999999995e-22 0.0 108.34 0.0
S214991 226.8974 151.7027 3.571e-21 2.424e-21 8.0749999999999995e-22 0.0 108.94 0.0
S214992 226.9236 151.7136 2.861e-19 3.944e-19 5.447e-19 0.0 108.07 0.0
S214993 226.8376 151.7106 5.958e-24 1.935e-23 1.6389999999999998e-22 0.0 109.14 0.0
S214994 226.9629 151.7042 6.111999999999999e-22 1.417e-21 5.955e-21 0.0 105.21 0.0
S214995 226.9247 151.7011 6.126e-18 6.342e-18 4.879e-18 0.0 108.44 0.0
S214996 227.0118 151.7043 3.1579999999999996e-22 7.701999999999999e-22 3.416e-21 0.0 106.05 0.0
S214997 226.7617 151.7053 2.474e-20 3.9180000000000003e-20 7.284e-20 0.0 109.44 0.0
S214998 226.957 151.7043 7.847e-20 1.216e-19 2.142e-19 0.0 107.83 0.0
S214999 226.9718 151.7228 4.72e-21 8.782e-21 2.267e-20 0.0 107.16 0.0
S215000 227.0161 151.7059 3.376e-18 3.37e-18 2.465e-18 0.0 105.66 0.0
S215001 226.8201 151.6817 2.2839999999999997e-22 5.739999999999999e-22 2.871e-21 0.0 108.17 0.0
S215002 226.756 151.7013 4.849999999999999e-22 1.052e-21 3.823e-21 0.0 109.54 0.0
S215003 226.9534 151.6939 2.0399999999999998e-23 5.545e-23 3.1669999999999997e-22 0.0 107.79 0.0
S215004 226.935 151.7058 7.716e-19 9.302e-19 1.006e-18 0.0 108.32 0.0
S215005 227.0538 151.7021 9.059e-18 8.474e-18 5.389e-18 0.0 105.3 0.0
S215006 226.9601 151.7032 3.889e-18 4.255e-18 3.606e-18 0.0 108.77 0.0
S215007 226.9489 151.7114 1.11e-23 3.172e-23 2.0699999999999998e-22 0.0 107.48 0.0
S215008 227.0211 151.7005 8.286999999999999e-22 1.5530000000000001e-21 4.175e-21 0.0 105.55 0.0
S215009 226.9069 151.699 6.437999999999999e-23 1.6279999999999998e-22 8.138e-22 0.0 108.08 0.0
S215010 226.9581 151.71 6.517e-19 7.731e-19 8.125e-19 0.0 107.66 0.0
S215011 226.9258 151.7078 2.565e-18 2.852e-18 2.54e-18 0.0 108.46 0.0
S215012 226.8756 151.701 3.367e-20 5.12e-20 9.015000000000001e-20 0.0 109.19 0.0
S215013 226.9369 151.697 7.968e-21 1.3860000000000002e-20 3.237e-20 0.0 108.47 0.0
S215014 226.9987 151.7035 1.499e-12 1.189e-12 5.363e-13 0.0 105.95 1.0
S215015 226.9128 151.6819 2.623e-24 9.550999999999999e-24 1.0229999999999999e-22 0.0 107.63 0.0
S215016 226.9283 151.6932 6.928e-19 8.144e-19 8.478e-19 0.0 108.16 0.0
S215017 226.9638 151.7066 2.935e-18 3.207e-18 2.817e-18 0.0 107.09 0.0
S215018 226.9688 151.7102 6.804e-23 2.097e-22 1.583e-21 0.0 106.41 0.0
S215019 226.9534 151.7104 1.7959999999999999e-22 4.753e-22 2.572e-21 0.0 107.53 0.0
S215020 226.8117 151.72 1.031e-23 3.252e-23 2.494e-22 0.001 108.7 0.0
S215021 227.0281 151.7132 4.861999999999999e-22 1.0210000000000001e-21 3.368e-21 0.0 106.53 0.0
S215022 226.9884 151.699 1.7209999999999998e-22 4.314999999999999e-22 2.133e-21 0.0 106.38 0.0
S215023 226.7972 151.676 1.121e-17 1.045e-17 6.434e-18 0.0 108.38 0.0
S215024 227.0633 151.7088 4.051e-21 7.757e-21 2.167e-20 0.0 105.68 0.0
S215025 227.0531 151.7022 3.696e-23 9.392e-23 4.782e-22 0.0 105.2 0.0
S215026 226.8216 151.7024 2.227e-17 1.889e-17 1.005e-17 0.0 109.43 0.0
S215027 227.0004 151.6953 9.355e-24 3.256e-23 3.1949999999999996e-22 0.0 106.88 0.0
S215028 226.9697 151.7005 3.152e-21 6.192e-21 1.7580000000000002e-20 0.0 107.06 0.0
S215029 226.9689 151.7061 1.8759999999999998e-22 4.639999999999999e-22 2.251e-21 0.0 106.36 0.0
S215030 226.8559 151.6951 1.946e-19 2.742e-19 3.894e-19 0.0 109.27 0.0
S215031 226.9891 151.707 3.4609999999999995e-22 8.602999999999999e-22 4.154e-21 0.0 106.25 0.0
S215032 226.7793 151.7218 9.797000000000001e-20 1.399e-19 2.062e-19 0.0 108.85 0.0
S215033 226.8805 151.7193 4.666e-22 9.429999999999999e-22 3.0170000000000002e-21 0.001 107.86 0.0
S215034 226.8157 151.6805 2.2059999999999999e-23 7.384e-23 6.408999999999999e-22 0.0 108.37 0.0
S215035 226.9592 151.7049 8.057000000000001e-20 1.246e-19 2.186e-19 0.0 107.4 0.0
S215036 226.9826 151.698 2.615e-24 8.869e-24 7.861e-23 0.0 106.68 0.0
S215037 226.7519 151.7052 1.5909999999999999e-24 6.511e-24 9.060999999999999e-23 0.0 109.34 0.0
S215038 226.9518 151.7072 1.769e-17 2.72e-17 4.691e-17 0.0 108.39 0.0
S215039 226.8157 151.6956 3.3630000000000005e-20 5.1720000000000005e-20 9.062000000000001e-20 0.0 108.68 0.0
S215040 226.9739 151.7014 8.093e-25 3.343e-24 4.4379999999999997e-23 0.0 107.08 0.0
S215041 226.9626 151.7071 4.017e-19 5.26e-19 6.647e-19 0.0 107.28 0.0
S215042 226.5376 151.7177 5.702e-23 1.5159999999999998e-22 8.449e-22 0.0 109.18 1.0
S215043 227.025 151.7039 2.55e-20 3.99e-20 7.238000000000001e-20 0.0 105.61 0.0
S215044 226.9611 151.7059 6.1879999999999995e-22 1.4550000000000001e-21 6.1520000000000004e-21 0.0 107.47 0.0
S215045 227.0496 151.7111 2.199e-19 2.996e-19 3.997e-19 0.0 106.19 0.0
S215046 226.9942 151.7047 1.077e-21 2.381e-21 8.995e-21 0.0 106.3 0.0
S215047 226.9787 151.7191 1.967e-21 3.73e-21 1.009e-20 0.0 107.04 0.0
S215048 227.0359 151.7115 7.439e-24 2.327e-23 1.7959999999999999e-22 0.0 105.46 0.0
S215049 226.875 151.699 3.612e-21 2.48e-21 8.398999999999999e-22 0.0 109.29 0.0
S215050 227.0094 151.7121 3.571e-18 3.784e-18 3.24e-18 0.0 106.52 0.0
S215051 226.9003 151.704 7.457999999999999e-23 2.1719999999999997e-22 1.483e-21 0.0 108.9 0.0
S215052 226.9613 151.6975 4.091e-21 7.666e-21 2.0070000000000002e-20 0.0 107.32 0.0
S215053 227.0158 151.713 1.4520000000000001e-21 3.2780000000000002e-21 1.2460000000000002e-20 0.0 106.14 0.0
S215054 226.8504 151.7123 3.081e-19 3.846e-19 4.325e-19 0.0 108.74 0.0
S215055 227.2487 151.7021 1.293e-17 1.18e-17 6.977e-18 0.0 104.91 0.0
S215056 226.984 151.7015 1.161e-21 2.425e-21 7.858000000000001e-21 0.0 106.56 0.0
S215057 226.8375 151.7096 1.5759999999999998e-22 4.0939999999999996e-22 2.1250000000000002e-21 0.0 109.39 0.0
S215058 226.7891 151.6998 5.057e-24 1.7879999999999998e-23 1.7839999999999998e-22 0.0 109.29 0.0
S215059 227.0616 151.7208 2.84e-24 9.719e-24 9.057e-23 0.0 106.28 0.0
S215060 226.9323 151.7167 1.005e-18 1.201e-18 1.277e-18 0.0 107.78 0.0
S215061 226.9684 151.7094 2.051e-17 3.771e-17 9.668e-17 0.0 106.57 0.0
S215062 226.9605 151.6833 2.832e-21 5.684e-21 1.757e-20 0.0 107.4 0.0
S215063 226.9528 151.7233 7.076e-21 1.2880000000000001e-20 3.167e-20 0.0 107.73 0.0
S215064 226.9652 151.722 3.142e-16 2.511e-16 1.12e-16 0.0 107.12 1.0
S215065 226.8996 151.6833 2.881e-17 2.517e-17 1.366e-17 0.0 108.4 0.0
S215066 226.9252 151.6892 4.915e-17 9.243e-17 2.416e-16 0.0 108.36 0.0
S215067 226.8787 151.6867 4.914e-20 7.416000000000001e-20 1.261e-19 0.0 109.29 0.0
S215068 226.9045 151.7161 5.907e-22 1.447e-21 6.647e-21 0.0 109.08 0.0
S215069 226.914 151.7341 1.2679999999999998e-22 3.2679999999999995e-22 1.6630000000000001e-21 0.0 108.37 0.0
S215070 226.9743 151.6996 9.433e-23 2.31e-22 1.089e-21 0.0 106.92 0.0
S215071 227.0033 151.7237 9.076e-17 7.11e-17 3.072e-17 0.0 105.87 0.0
S215072 226.9323 151.7098 6.005e-21 1.021e-20 2.236e-20 0.0 108.18 0.0
S215073 227.0091 151.7076 4.87e-18 4.882e-18 3.621e-18 0.0 106.05 0.0
S215074 226.8762 151.6703 1.672e-23 5.998999999999999e-23 6.177e-22 0.0 109.32 0.0
S215075 226.8877 151.6971 9.074e-18 9.125e-18 6.459e-18 0.0 109.1 0.0
S215076 227.033 151.721 6.384e-19 7.659e-19 7.805e-19 0.001 105.4 0.0
S215077 226.9772 151.7204 2.174e-19 2.96e-19 4.001e-19 0.0 106.86 0.0
S215078 226.8935 151.7193 4.023e-18 4.213e-18 3.371e-18 0.0 109.18 0.0
S215079 226.9809 151.6824 5.536999999999999e-23 1.4859999999999998e-22 8.146999999999999e-22 0.0 106.25 0.0
S215080 226.9692 151.6844 3.3549999999999996e-23 9.438e-23 5.969e-22 0.0 106.93 0.0
S215081 226.9852 151.7392 1.092e-23 3.7029999999999996e-23 3.3879999999999995e-22 0.0 106.64 0.0
S215082 226.961 151.7267 1.681e-17 1.475e-17 8.002e-18 0.0 107.26 0.0
S215083 226.954 151.6753 9.67e-17 7.807e-17 3.601e-17 0.0 107.63 0.0
S215084 227.0366 151.6914 1.187e-21 2.612e-21 9.817e-21 0.0 105.38 0.0
S215085 226.9768 151.7222 2.185e-18 2.38e-18 2.01e-18 0.0 106.42 0.0
S215086 226.944 151.6983 3.9e-21 2.639e-21 8.718999999999999e-22 0.0 108.09 0.0
S215087 227.0363 151.6823 4.098e-17 3.544e-17 1.927e-17 0.0 105.24 0.0
S215088 227.0337 151.6882 3.325e-17 5.108e-17 9.219e-17 0.0 105.38 0.0
S215089 227.0272 151.7011 1.496e-17 1.423e-17 9.051e-18 0.0 105.65 0.0
S215090 226.9828 151.6832 3.605e-19 4.684e-19 5.839e-19 0.0 106.02 0.0
S215091 226.9558 151.7154 8.167e-18 8.399e-18 6.475e-18 0.0 107.42 0.0
S215092 226.9021 151.6841 3.019e-21 2.087e-21 7.111e-22 0.0 109.16 0.0
S215093 226.9968 151.716 1.142e-20 2.0300000000000003e-20 4.969e-20 0.0 106.2 0.0
S215094 226.9589 151.7331 4.162e-25 1.719e-24 2.413e-23 0.0 107.44 0.0
S215095 226.9901 151.7015 1.359e-17 1.276e-17 7.775e-18 0.0 106.56 0.0
S215096 226.977 151.7116 1.825e-17 1.76e-17 1.218e-17 0.0 106.91 0.0
S215097 226.8803 151.7229 4.7300000000000005e-20 7.219000000000001e-20 1.297e-19 0.0 108.64 0.0
S215098 226.8868 151.7182 4.8430000000000003e-20 7.328e-20 1.276e-19 0.0 108.91 1.0
S215099 226.9858 151.6854 9.174e-22 2.184e-21 9.853e-21 0.0 106.56 0.0
S215100 226.9407 151.7225 3.261e-18 3.494e-18 3.026e-18 0.0 108.45 0.0
S215101 227.0169 151.7183 3.501e-17 5.956e-17 1.276e-16 0.001 106.33 0.0
S215102 226.9294 151.73 3.148e-16 2.301e-16 9.121e-17 0.0 108.19 0.0
S215103 226.883 151.6817 7.066e-19 8.367e-19 8.632e-19 0.0 109.15 0.0
S215104 226.8735 151.6759 1.274e-17 1.154e-17 6.892e-18 0.0 109.28 0.0
S215105 226.9252 151.7066 4.0210000000000004e-20 6.407000000000001e-20 1.218e-19 0.0 108.36 0.0
S215106 226.9778 151.7427 3.645e-17 6.98e-17 1.916e-16 0.0 105.28 0.0
S215107 226.8827 151.7254 1.392e-24 6.15e-24 9.803999999999999e-23 0.0 109.25 0.0
S215108 226.9766 151.6527 1.042e-17 1.782e-17 3.971e-17 0.0 105.92 1.0
S215109 226.9294 151.7051 8.769e-23 1.886e-22 6.932e-22 0.0 108.26 0.0
S215110 226.9862 151.6791 1.921e-21 1.408e-21 5.571999999999999e-22 0.0 106.87 0.0
S215111 226.9755 151.7682 1.205e-21 2.525e-21 8.494e-21 0.0 105.95 0.0
S215112 227.0321 151.7352 6.7230000000000004e-21 1.2450000000000001e-20 3.3080000000000005e-20 0.0 105.66 0.0
S215113 226.9519 151.7226 4.513e-19 5.517e-19 6.096e-19 0.0 108.25 0.0
S215114 226.9634 151.7396 4.709e-17 3.917e-17 1.922e-17 0.0 105.47 0.0
S215115 226.9962 151.7424 1.665e-18 1.863e-18 1.675e-18 0.0 105.29 0.0
S215116 226.9196 151.6707 3.651e-19 4.634e-19 5.355e-19 0.0 109.24 0.0
S215117 226.95 151.6957 1.199e-23 3.5829999999999997e-23 2.4519999999999996e-22 0.0 107.6 0.0
S215118 226.907 151.6995 6.17e-17 5.57e-17 3.376e-17 0.0 108.93 0.0
S215119 226.8873 151.7181 7.545e-17 6.423e-17 3.495e-17 0.0 109.19 0.0
S215120 226.9957 151.7258 1.911e-20 3.181e-20 6.493e-20 0.0 105.58 0.0
S215121 226.8181 151.6804 2.103e-17 3.665e-17 8.524e-17 0.0 109.47 0.0
S215122 226.8823 151.6984 6.099e-17 1.186e-16 3.421e-16 0.0 109.14 0.0
S215123 227.0166 151.7033 2.873e-17 4.487e-17 8.202e-17 0.0 105.67 0.0
S215124 226.9187 151.7417 1.27e-19 1.757e-19 2.454e-19 0.0 108.97 0.0
S215125 226.968 151.6816 1.218e-18 1.486e-18 1.614e-18 0.0 107.18 0.0
S215126 226.9571 151.7288 1.443e-12 1.024e-12 3.756e-13 0.0 107.38 0.0
S215127 227.0522 151.7153 3.006e-19 3.971e-19 4.92e-19 0.0 105.24 1.0
S215128 226.8689 151.7332 3.168e-21 2.174e-21 7.497e-22 0.0 109.15 0.0
S215129 226.9962 151.6687 4.659e-17 1.051e-16 4.008e-16 0.0 105.34 1.0
S215130 226.8691 151.7466 1.48e-17 1.432e-17 9.695e-18 0.0 109.07 0.0
S215131 226.969 151.7313 2.97e-16 2.268e-16 9.77e-17 0.0 106.26 1.0
S215132 226.8997 151.6856 1.916e-21 4.412e-21 1.7370000000000002e-20 0.0 108.84 0.0
S215133 226.8942 151.7362 1.719e-17 3.251e-17 8.865e-17 0.0 108.64 0.0
S215134 227.0114 151.6987 3.917e-18 4.15e-18 3.43e-18 0.0 106.0 0.0
S215135 226.9855 151.716 1.599e-17 1.525e-17 9.669e-18 0.0 106.36 0.0
S215136 227.0696 151.6946 4.406e-13 4.732e-13 4.132e-13 0.0 105.42 0.0
S215137 226.9451 151.7161 4.7570000000000006e-20 7.388000000000001e-20 1.334e-19 0.0 107.81 0.0
S215138 226.9586 151.7234 3.39e-21 6.419e-21 1.718e-20 0.0 107.9 0.0
S215139 226.8593 151.6908 4.122e-18 4.214e-18 3.151e-18 0.0 109.33 0.0
S215140 227.0308 151.7264 1.663e-16 1.288e-16 5.382e-17 0.0 105.39 0.0
S215141 226.9102 151.6742 1.31e-16 1.081e-16 5.447e-17 0.0 109.03 0.0
S215142 226.978 151.6884 1.376e-12 1.079e-12 4.654e-13 0.0 106.68 1.0
S215143 227.0044 151.6949 2.615e-22 6.16e-22 2.621e-21 0.0 105.79 0.0
S215144 226.9243 151.7103 8.813e-26 4.664000000000001e-25 1.075e-23 0.0 108.37 0.0
S215145 227.0244 151.7234 1.623e-18 1.819e-18 1.65e-18 0.0 105.92 0.0
S215146 226.8939 151.6789 9.867999999999998e-22 7.978999999999999e-22 3.705e-22 0.0 108.97 0.0
S215147 226.873 151.6917 2.875e-18 3.171e-18 2.792e-18 0.0 109.13 0.0
S215148 227.0097 151.7218 6.592e-23 1.8309999999999997e-22 1.09e-21 0.0 106.0 0.0
S215149 226.9595 151.7116 3.174e-21 2.176e-21 7.537999999999999e-22 0.0 107.31 0.0
S215150 226.9481 151.6914 5.02e-18 5.029e-18 3.712e-18 0.0 108.06 0.0
S215151 226.9687 151.7131 1.986e-19 2.702e-19 3.596e-19 0.0 107.07 0.0
S215152 226.9007 151.6726 2.919e-21 2.014e-21 6.912999999999999e-22 0.0 109.09 0.0
S215153 227.0199 151.7109 6.891e-24 2.322e-23 2.0779999999999999e-22 0.0 105.74 0.0
S215154 226.9572 151.7013 9.941e-18 9.501e-18 6.421e-18 0.0 107.53 0.0
S215155 226.9305 151.7402 2.483e-21 1.749e-21 6.326e-22 0.0 108.78 0.0
S215156 227.0031 151.738 9.221e-18 8.493e-18 5.356e-18 0.0 105.68 0.0
S215157 226.9695 151.6773 2.191e-13 1.495e-13 5.248e-14 0.0 106.66 0.0
S215158 226.9664 151.706 1.042e-21 2.413e-21 1.002e-20 0.0 106.62 0.0
S215159 226.9577 151.6824 3.0709999999999997e-22 6.969999999999999e-22 2.704e-21 0.0 108.7 0.0
S215160 226.9218 151.665 1.6360000000000001e-21 3.417e-21 1.0840000000000001e-20 0.0 108.88 0.0
S215161 226.8807 151.6976 1.895e-12 1.691e-12 9.768e-13 0.001 109.12 1.0
S215162 226.9856 151.6776 6.777e-13 7.102e-13 5.565e-13 0.0 105.92 1.0
S215163 226.9278 151.7026 4.853e-17 4.026e-17 1.939e-17 0.0 108.65 0.0
S215164 226.9196 151.6799 8e-23 1.9129999999999998e-22 8.411999999999999e-22 0.0 108.48 0.0
S215165 226.9937 151.7317 3.412e-23 1.1039999999999998e-22 8.962e-22 0.0 106.09 0.0
S215166 226.9683 151.7173 3.194e-18 3.417e-18 2.716e-18 0.0 107.11 0.0
S215167 226.8204 151.6781 4.563999999999999e-22 1.1040000000000001e-21 5.186e-21 0.0 109.23 0.0
S215168 226.964 151.7389 2.231e-18 2.404e-18 2.004e-18 0.0 107.04 0.0
S215169 226.8968 151.6816 8.757e-21 1.605e-20 4.1040000000000003e-20 0.0 109.01 0.0
S215170 226.8965 151.7181 3.563e-13 2.735e-13 1.138e-13 0.0 109.01 0.0
S215171 226.9288 151.6842 7.721e-18 7.796e-18 5.514e-18 0.001 108.01 0.0
S215172 226.958 151.6984 2.3390000000000003e-25 1.052e-24 1.685e-23 0.0 107.4 0.0
S215173 227.0004 151.7256 3.595e-21 2.424e-21 8.258999999999999e-22 0.0 105.57 0.0
S215174 226.9071 151.703 5.018e-18 4.961e-18 3.581e-18 0.0 108.91 0.0
S215175 226.8686 151.7058 1.9289999999999998e-22 4.948e-22 2.555e-21 0.0 109.09 0.0
S215176 227.0178 151.7402 2.406e-17 2.099e-17 1.155e-17 0.0 105.69 0.0
S215177 226.9457 151.6563 1.748e-18 1.913e-18 1.609e-18 0.0 107.81 0.0
S215178 226.938 151.7198 2.243e-17 1.984e-17 1.116e-17 0.0 108.55 0.0
S215179 226.969 151.681 1.1629999999999999e-23 3.705e-23 2.9439999999999997e-22 0.0 106.34 0.0
S215180 226.9072 151.6762 7.299e-17 1.076e-16 1.787e-16 0.0 108.88 0.0
S215181 227.0415 151.6989 1.756e-22 4.438e-22 2.259e-21 0.0 105.66 0.0
S215182 227.0278 151.7206 7.203999999999999e-22 1.609e-21 6.291e-21 0.0 105.33 0.0
S215183 226.9175 151.7093 2.882e-22 7.229e-22 3.538e-21 0.0 108.21 0.0
S215184 226.9597 151.6667 8.183e-21 1.488e-20 3.7920000000000005e-20 0.0 108.66 0.0
S215185 226.9747 151.7295 7.142e-24 2.1749999999999998e-23 1.6089999999999998e-22 0.0 106.95 0.0
S215186 226.9854 151.7251 4.018e-18 4.335e-18 3.79e-18 0.0 106.63 0.0
S215187 226.9131 151.6828 5.515e-17 4.831e-17 2.75e-17 0.0 109.0 0.0
S215188 227.0319 151.6738 1.5679999999999998e-22 4.0929999999999995e-22 2.175e-21 0.0 105.18 0.0
S215189 226.9209 151.6975 6.374e-23 1.459e-22 5.763e-22 0.0 108.65 0.0
S215190 226.9536 151.6987 1.059e-18 1.214e-18 1.142e-18 0.0 107.52 0.0
S215191 227.0057 151.6824 8.287e-20 1.183e-19 1.799e-19 0.0 106.25 0.0
S215192 227.0788 151.7117 1.314e-25 6.459e-25 1.248e-23 0.0 105.2 0.0
S215193 226.9724 151.6962 1.295e-22 3.1149999999999997e-22 1.42e-21 0.0 106.59 0.0
S215194 226.9496 151.7158 4.0959999999999996e-23 1.0789999999999999e-22 5.815999999999999e-22 0.0 108.07 0.0
S215195 226.9971 151.7245 2.8829999999999996e-22 7.025e-22 3.205e-21 0.0 105.9 0.0
S215196 226.9748 151.714 5.198e-22 1.138e-21 4.136e-21 0.0 106.85 0.0
S215197 226.9553 151.7156 3.65e-18 3.941e-18 3.305e-18 0.0 107.64 0.0
S215198 226.9166 151.6757 1.058e-22 2.5359999999999997e-22 1.117e-21 0.0 108.62 0.0
S215199 226.9748 151.6794 1.069e-17 1.905e-17 4.76e-17 0.0 105.74 0.0
S215200 226.9577 151.699 3.2180000000000005e-20 5.149000000000001e-20 9.675000000000001e-20 0.0 107.38 0.0
S215201 226.9802 151.6877 2.488e-17 5.274e-17 1.833e-16 0.0 106.62 0.0
S215202 226.9961 151.7477 3.968e-19 4.972e-19 5.59e-19 0.0 105.22 0.0
S215203 226.8894 151.7281 2.5230000000000003e-20 4.126e-20 7.935000000000001e-20 0.0 108.99 0.0
S215204 227.0136 151.7153 3.7030000000000004e-21 7.123e-21 1.933e-20 0.0 105.84 0.0
S215205 226.9072 151.7031 1.785e-19 2.516e-19 3.672e-19 0.0 108.46 0.0
S215206 227.0051 151.6791 3.14e-21 6.027e-21 1.666e-20 0.0 105.54 0.0
S215207 226.9793 151.6942 3.217e-20 5.239000000000001e-20 1.035e-19 0.0 106.66 0.0
S215208 226.8648 151.6537 2.488e-13 1.666e-13 5.342e-14 0.0 109.38 0.0
S215209 226.927 151.707 3.672e-19 4.852e-19 6.135e-19 0.0 108.36 0.0
S215210 226.8907 151.6948 1.516e-17 1.391e-17 8.106e-18 0.0 109.14 0.0
S215211 226.9488 151.7298 1.0310000000000001e-20 1.8550000000000002e-20 4.5530000000000003e-20 0.0 107.56 0.0
S215212 226.9454 151.7308 3.476e-17 3.103e-17 1.765e-17 0.0 108.85 0.0
S215213 226.994 151.7133 8.846e-17 7.189e-17 3.502e-17 0.0 106.53 0.0
S215214 226.9847 151.7043 2.241e-16 1.722e-16 7.379e-17 0.001 106.91 1.0
S215215 227.0102 151.7248 1.0289999999999999e-22 2.4249999999999997e-22 1.0210000000000001e-21 0.0 105.97 0.0
S215216 226.9786 151.7171 3.717e-17 3.303e-17 1.933e-17 0.0 106.69 0.0
S215217 227.0194 151.7156 3.611e-19 4.678e-19 5.593e-19 0.0 105.64 0.0
S215218 226.9131 151.6675 1.913e-16 1.526e-16 7.194e-17 0.0 109.27 0.0
S215219 226.9908 151.7346 1.819e-22 4.274e-22 1.803e-21 0.0 105.57 0.0
S215220 227.0156 151.6882 7.554e-18 7.569e-18 5.422e-18 0.0 105.48 0.0
S215221 226.9234 151.7019 2.514e-19 3.286e-19 4.103e-19 0.0 108.69 0.0
S215222 226.9629 151.6897 9.332000000000001e-21 1.674e-20 3.99e-20 0.0 107.36 0.0
S215223 227.0179 151.7122 3.9039999999999998e-22 9.588e-22 4.493e-21 0.0 106.42 0.0
S215224 226.9421 151.7137 1.51e-19 2.106e-19 2.982e-19 0.0 107.82 0.0
S215225 226.995 151.6921 2.579e-17 4.504e-17 1.041e-16 0.0 105.91 0.0
S215226 227.0037 151.6801 3.542e-19 4.421e-19 5.244e-19 0.0 105.51 0.0
S215227 227.0022 151.6762 2.459e-21 5.295e-21 1.832e-20 0.0 106.13 0.0
S215228 226.9338 151.7049 2.973e-23 8.835999999999999e-23 5.978999999999999e-22 0.0 107.93 0.0
S215229 227.0285 151.6788 4.867e-22 1.179e-21 5.435e-21 0.0 105.55 0.0
S215230 226.9654 151.6927 1.7990000000000003e-20 2.966e-20 6.081e-20 0.0 107.05 0.0
S215231 226.9432 151.7402 1.302e-16 1.009e-16 4.29e-17 0.0 107.9 0.0
S215232 226.917 151.7014 1.4889999999999998e-23 5.167e-23 4.869e-22 0.0 108.58 0.0
S215233 226.8967 151.6978 5.917e-20 8.922000000000001e-20 1.533e-19 0.0 108.46 0.0
S215234 226.8528 151.7054 2.502e-20 4.2180000000000006e-20 8.72e-20 0.0 109.33 0.0
S215235 226.9632 151.7045 2.316e-15 1.629e-15 6.01e-16 0.0 104.68 0.0
S215236 226.9352 151.7067 8.334e-18 8.251e-18 6.03e-18 0.0 108.11 0.0
S215237 226.9928 151.7013 1.511e-17 2.424e-17 4.802e-17 0.0 106.35 0.0
S215238 226.9959 151.703 3.041e-14 5.206e-14 1.128e-13 0.0 106.26 0.0
S215239 226.9272 151.7058 5.409e-17 4.622e-17 2.507e-17 0.0 108.3 0.0
S215240 227.0043 151.7017 1.053e-17 1.986e-17 5.28e-17 0.0 106.04 0.0
S215241 227.009 151.7011 7.015e-15 4.874e-15 1.657e-15 0.0 105.99 0.0
S215242 227.0097 151.7032 7.684e-13 6.103e-13 2.68e-13 0.0 105.96 1.0
S215243 226.9081 151.7074 9.256e-19 1.056e-18 9.834e-19 0.0 108.69 0.0
S215244 227.0204 151.7034 2.494e-15 1.79e-15 6.755e-16 0.0 105.75 0.0
S215245 227.0236 151.7016 9.065e-13 6.575e-13 2.597e-13 0.0 105.71 0.0
S215246 227.0323 151.7023 4.341e-17 3.816e-17 2.217e-17 0.0 105.62 1.0
S215247 226.894 151.7057 4.418e-15 2.937e-15 9.511e-16 0.0 108.91 0.0
S215248 227.0388 151.7034 1.632e-15 1.146e-15 4.092e-16 0.0 105.48 0.0
S215249 226.8806 151.7042 2.656e-16 1.965e-16 8.074e-17 0.0 109.12 0.0
S215250 226.881 151.7091 3.069e-15 2.116e-15 7.486e-16 0.0 109.12 0.0
S215251 227.0485 151.7039 2.149e-16 1.653e-16 6.986e-17 0.0 105.35 1.0
S215252 227.0572 151.7027 2.491e-19 3.225e-19 3.9e-19 0.0 105.26 0.0
S215253 226.872 151.7043 1.988e-16 1.536e-16 6.766e-17 0.0 109.24 1.0
S215254 226.8641 151.7075 2.989e-17 5.516e-17 1.406e-16 0.0 109.26 0.0
S215255 227.0681 151.7057 9.789e-16 7.253e-16 2.84e-16 0.0 105.18 0.0
S215256 226.8459 151.7049 4.389e-16 3.241e-16 1.277e-16 0.0 109.29 0.0
S215257 227.0772 151.7036 1.32e-14 9.009e-15 3.047e-15 0.0 105.15 0.0
S215258 226.8413 151.705 3.39e-17 2.962e-17 1.636e-17 0.0 109.37 0.0
S215259 227.0807 151.708 9.44e-15 6.307e-15 2.116e-15 0.0 105.14 0.0
S215260 226.8383 151.7019 8.109e-13 5.647e-13 1.993e-13 0.0 109.36 0.0
S215261 226.8407 151.7031 1.339e-15 9.958e-16 4.041e-16 0.0 109.35 0.0
S215262 226.8361 151.7016 9.309e-17 7.677e-17 3.766e-17 0.0 109.42 0.0
S215263 227.0896 151.7076 2.124e-17 3.142e-17 5.087e-17 0.0 105.15 0.0
S215264 226.8306 151.7012 1.025e-15 7.09e-16 2.483e-16 0.0 109.4 0.0
S215265 226.8289 151.7017 1.888e-15 1.317e-15 4.708e-16 0.0 109.34 0.0
S215266 227.0998 151.709 3.468e-17 3.169e-17 1.876e-17 0.0 105.13 0.0
S215267 227.0957 151.7105 3.783e-16 2.818e-16 1.145e-16 0.0 105.19 0.0
S215268 227.0953 151.7087 5.608000000000001e-20 8.122000000000001e-20 1.294e-19 0.0 105.21 0.0
S215269 227.0935 151.7091 3.502e-16 2.715e-16 1.238e-16 0.0 105.23 1.0
S215270 226.8291 151.6984 2.234e-17 1.966e-17 1.15e-17 0.0 109.2 0.0
S215271 226.8259 151.6988 3.769e-18 3.743e-18 2.598e-18 0.0 109.24 0.0
S215272 226.8314 151.6968 6.119e-17 5.225e-17 2.766e-17 0.0 109.15 0.0
S215273 227.1014 151.7091 2.838e-16 2.112e-16 8.621e-17 0.0 105.41 0.0
S215274 226.839 151.6975 7.094e-16 5.263e-16 2.048e-16 0.0 109.0 0.0
S215275 227.1018 151.7126 2.765e-15 1.922e-15 7.019e-16 0.0 105.44 0.0
S215276 226.8383 151.6964 3.222e-16 2.445e-16 1.004e-16 0.0 108.89 0.0
S215277 226.8394 151.6937 9.123e-16 6.692e-16 2.645e-16 0.0 108.84 0.0
S215278 226.8416 151.6935 9.26e-13 7.538e-13 3.64e-13 0.0 108.76 1.0
S215279 227.0826 151.7142 3.136e-15 2.177e-15 7.335e-16 0.0 105.75 0.0
S215280 226.8465 151.6939 1.228e-22 3.2849999999999996e-22 1.812e-21 0.0 108.63 0.0
S215281 226.8542 151.6948 1.482e-12 1.368e-12 8.046e-13 0.0 108.63 1.0
S215282 227.0688 151.7149 2.966e-17 2.615e-17 1.484e-17 0.0 106.07 0.0
S215283 226.8654 151.6916 1.503e-17 1.5e-17 1.071e-17 0.0 108.45 0.0
S215284 227.055 151.7181 2.066e-17 1.912e-17 1.227e-17 0.0 106.17 0.0
S215285 226.8805 151.6914 7.765e-18 7.714e-18 5.418e-18 0.0 108.2 0.0
S215286 226.8843 151.6932 5.175e-17 4.35e-17 2.182e-17 0.0 108.21 0.0
S215287 226.8912 151.6941 9.038e-20 1.241e-19 1.79e-19 0.0 108.05 0.0
S215288 227.0284 151.7167 3.095e-15 2.207e-15 7.902e-16 0.0 106.52 0.0
S215289 226.9026 151.6912 2.305e-15 1.711e-15 6.967e-16 0.0 107.9 0.0
S215290 226.9137 151.691 1.726e-15 1.246e-15 4.747e-16 0.0 107.8 0.0
S215291 227.0065 151.7188 1.625e-16 1.231e-16 5.107e-17 0.0 106.84 0.0
S215292 226.995 151.7166 1.543e-12 1.198e-12 5.291e-13 0.0 106.9 1.0
S215293 226.9866 151.7181 9.014e-18 8.77e-18 6.046e-18 0.001 107.01 0.0
S215294 226.9483 151.6922 6.264e-14 4.086e-14 1.273e-14 0.0 107.4 0.0
S215295 226.957 151.6911 1.134e-16 8.938e-17 4.087e-17 0.0 107.33 1.0
S215296 226.9665 151.6904 6.121e-16 4.53e-16 1.794e-16 0.0 107.25 0.0
S215297 226.9423 151.7191 2.165e-15 1.494e-15 5.279e-16 0.0 107.47 0.0
S215298 226.9334 151.7192 2.789e-17 2.392e-17 1.298e-17 0.0 107.55 0.0
S215299 226.9279 151.7193 1.638e-12 1.346e-12 6.61e-13 0.0 107.56 1.0
S215300 226.9199 151.7215 1.528e-17 1.469e-17 1.004e-17 0.0 107.65 0.0
S215301 226.8961 151.72 2.789e-16 2.219e-16 9.895e-17 0.0 107.85 1.0
S215302 227.0236 151.6901 1.424e-16 1.141e-16 5.385e-17 0.0 106.73 0.0
S215303 227.054 151.6926 1.255e-17 1.204e-17 7.953e-18 0.0 106.36 0.0
S215304 226.8698 151.719 1.291e-15 9.38e-16 3.674e-16 0.0 108.06 0.0
S215305 226.8522 151.7192 1.595e-17 1.529e-17 1.003e-17 0.0 108.21 0.0
S215306 226.8502 151.718 1.24e-15 9.138e-16 3.417e-16 0.001 108.32 0.0
S215307 227.0915 151.6925 1.084e-12 8.239e-13 3.349e-13 0.0 106.11 0.0
S215308 226.8225 151.718 1.778e-17 1.648e-17 1.019e-17 0.0 108.44 0.0
S215309 227.1167 151.6908 2.985e-16 2.347e-16 1.028e-16 0.0 105.91 1.0
S215310 226.8064 151.7161 1.477e-15 1.065e-15 4.09e-16 0.0 108.58 0.0
S215311 226.7874 151.7154 1.01e-15 7.431e-16 2.942e-16 0.0 108.71 0.0
S215312 226.7848 151.7151 1.002e-15 7.155e-16 2.606e-16 0.0 108.76 0.0
S215313 227.1545 151.6935 6.783e-17 5.888e-17 3.177e-17 0.0 105.68 0.0
S215314 227.1605 151.6944 2.265e-15 1.662e-15 6.495e-16 0.001 105.62 0.0
S215315 226.7493 151.7159 8.802000000000001e-20 1.277e-19 2.02e-19 0.0 109.05 0.0
S215316 227.1979 151.697 3.945e-15 2.749e-15 9.695e-16 0.0 105.38 0.0
S215317 226.7259 151.7112 1.37e-15 1.002e-15 3.812e-16 0.0 109.1 0.0
S215318 226.7335 151.7112 2.258e-16 1.733e-16 7.471e-17 0.0 109.21 1.0
S215319 227.2157 151.697 2.009e-15 1.406e-15 5.151e-16 0.0 105.25 1.0
S215320 227.2184 151.6973 1.007e-15 7.711e-16 3.2e-16 0.001 105.22 0.0
S215321 226.6851 151.709 6.838e-16 5.174e-16 2.196e-16 0.0 109.37 0.0
S215322 226.688 151.7117 7.668000000000001e-21 1.325e-20 3.1150000000000005e-20 0.0 109.41 0.0
S215323 227.2299 151.6986 7.236e-16 5.226e-16 1.902e-16 0.0 105.06 0.0
S215324 226.6561 151.708 2.39e-17 4.107e-17 9.168e-17 0.0 109.5 0.0
S215325 227.2702 151.7017 1.795e-16 1.456e-16 6.618e-17 0.0 104.99 0.0
S215326 227.2898 151.7013 3.359e-16 2.587e-16 1.109e-16 0.0 104.93 1.0
S215327 226.6291 151.7044 6.263e-13 5.173e-13 2.518e-13 0.0 109.57 1.0
S215328 227.2858 151.7022 1.808e-17 1.671e-17 1.015e-17 0.0 104.92 0.0
S215329 226.6475 151.7015 1.98e-18 2.256e-18 2.148e-18 0.0 109.62 0.0
S215330 226.6286 151.7049 3.538e-17 3.133e-17 1.812e-17 0.0 109.67 0.0
S215331 227.2929 151.7073 4.869e-16 3.632e-16 1.415e-16 0.0 104.89 0.0
S215332 226.6399 151.6993 1.995e-16 1.585e-16 7.545e-17 0.0 109.65 0.0
S215333 226.6346 151.6989 2.894e-17 6.813e-17 2.789e-16 0.0 109.63 0.0
S215334 226.5929 151.6988 1.998e-15 1.434e-15 5.428e-16 0.0 109.63 0.0
S215335 226.623 151.6951 2.809e-17 2.497e-17 1.373e-17 0.0 109.63 1.0
S215336 226.6201 151.6963 4.126e-16 3.171e-16 1.357e-16 0.0 109.64 1.0
S215337 227.3135 151.7139 1.094e-14 7.525e-15 2.584e-15 0.0 104.94 0.0
S215338 226.6203 151.6954 2.929e-18 3.177e-18 2.632e-18 0.0 109.56 0.0
S215339 226.6104 151.6934 2.556e-16 1.889e-16 7.532e-17 0.0 109.52 0.0
S215340 226.6182 151.6919 2.462e-16 1.965e-16 8.699e-17 0.0 109.52 1.0
S215341 226.6186 151.6896 4.754e-18 4.971e-18 3.949e-18 0.0 109.46 0.0
S215342 227.2999 151.7202 9.066e-17 7.6e-17 4.024e-17 0.0 105.12 0.0
S215343 227.3065 151.7187 3.789e-16 2.874e-16 1.195e-16 0.0 105.14 1.0
S215344 226.6325 151.6901 2.282e-16 1.776e-16 7.606e-17 0.0 109.3 1.0
S215345 227.3174 151.7201 8.261e-17 6.807e-17 3.401e-17 0.0 105.15 0.0
S215346 226.6543 151.6871 4.192e-17 3.606e-17 1.92e-17 0.0 109.24 0.0
S215347 226.6771 151.6852 1.689e-19 2.33e-19 3.208e-19 0.0 109.08 0.0
S215348 227.2744 151.7239 2.954e-16 2.202e-16 8.744e-17 0.0 105.35 0.0
S215349 227.2476 151.7221 2.734e-16 2.217e-16 1.033e-16 0.0 105.48 0.0
S215350 226.6707 151.6845 8.595e-18 8.827e-18 6.933e-18 0.0 109.05 0.0
S215351 226.6973 151.6833 7.578e-13 5.5e-13 2.13e-13 0.0 108.87 0.0
S215352 227.2081 151.7293 4.807e-15 3.376e-15 1.186e-15 0.0 105.81 0.0
S215353 227.1969 151.7251 3.03e-15 2.098e-15 7.199e-16 0.0 105.79 0.0
S215354 227.1926 151.7298 4.809e-16 3.566e-16 1.445e-16 0.0 105.91 0.0
S215355 226.7603 151.6815 3.538e-16 2.745e-16 1.164e-16 0.0 108.49 1.0
S215356 227.1732 151.7295 3.675e-15 2.645e-15 9.589e-16 0.0 106.03 0.0
S215357 227.1625 151.7282 3.04e-16 2.362e-16 1.017e-16 0.0 106.05 1.0
S215358 227.1497 151.7315 1.144e-16 9.308e-17 4.547e-17 0.0 106.21 0.0
S215359 227.1216 151.7309 6.266e-13 4.283e-13 1.446e-13 0.0 106.35 0.0
S215360 227.1068 151.7313 4.786e-16 3.717e-16 1.579e-16 0.0 106.43 1.0
S215361 226.8318 151.6802 1.51e-15 1.083e-15 3.966e-16 0.0 108.01 0.0
S215362 226.8483 151.6745 6.939e-16 5.182e-16 2.103e-16 0.0 107.84 0.0
S215363 226.8691 151.6776 8.499e-17 7.004e-17 3.32e-17 0.0 107.76 0.0
S215364 227.0359 151.7301 5.647e-16 4.438e-16 1.914e-16 0.0 106.84 1.0
S215365 227.0194 151.7335 1.559e-15 1.078e-15 3.866e-16 0.0 106.93 0.0
S215366 226.9987 151.7028 6.609e-13 4.863e-13 1.992e-13 0.0 106.15 0.0
S215367 226.9222 151.707 6.038e-18 1.168e-17 3.348e-17 0.0 108.48 0.0
S215368 226.9196 151.704 9.134e-19 1.105e-18 1.164e-18 0.0 108.55 0.0
S215369 226.9221 151.7056 1.501e-12 1.204e-12 5.332e-13 0.0 108.46 1.0
S215370 226.9135 151.7046 1.56e-17 2.325e-17 3.746e-17 0.0 108.63 0.0
S215371 226.9176 151.7072 4.654e-23 1.3559999999999998e-22 9.252999999999999e-22 0.0 108.58 0.0
S215372 227.0178 151.7086 1.959e-17 1.908e-17 1.316e-17 0.0 105.75 0.0
S215373 227.0222 151.7019 5.88e-18 5.704e-18 3.931e-18 0.0 105.66 0.0
S215374 226.907 151.7071 2.736e-24 9.661e-24 9.724e-23 0.0 108.78 0.0
S215375 226.9004 151.7081 3.488e-16 2.664e-16 1.125e-16 0.0 108.85 1.0
S215376 227.0299 151.7017 2.26e-17 2.18e-17 1.455e-17 0.0 105.53 0.0
S215377 226.8903 151.7035 1.674e-16 4.129e-16 1.934e-15 0.0 109.04 1.0
S215378 227.0349 151.7027 2.615e-17 2.442e-17 1.539e-17 0.0 105.44 0.0
S215379 226.8864 151.7064 7.475e-16 5.295e-16 1.929e-16 0.0 109.04 0.0
S215380 226.8833 151.7078 8.826e-17 7.519e-17 4.062e-17 0.0 109.09 0.0
S215381 226.8878 151.7075 3.147e-17 2.833e-17 1.613e-17 0.0 109.08 0.0
S215382 227.0412 151.7008 2.67e-21 4.894e-21 1.232e-20 0.0 105.42 0.0
S215383 226.8809 151.7081 7.691e-17 1.293e-16 2.706e-16 0.0 109.22 0.0
S215384 227.0435 151.7045 5.816e-17 4.927e-17 2.47e-17 0.0 105.3 0.0
S215385 226.8684 151.7051 1.461e-17 1.251e-17 6.686e-18 0.0 109.3 0.0
S215386 226.8666 151.7041 1.549e-15 1.107e-15 4.019e-16 0.0 109.29 0.0
S215387 226.8665 151.7061 2.7300000000000004e-20 4.3250000000000003e-20 7.946000000000001e-20 0.0 109.33 0.0
S215388 227.0677 151.705 5.325e-16 4.006e-16 1.653e-16 0.0 105.18 1.0
S215389 226.8571 151.7037 3.318e-17 5.716e-17 1.275e-16 0.0 109.32 0.0
S215390 226.8638 151.7057 6.859e-13 5.447e-13 2.44e-13 0.0 109.39 1.0
S215391 227.0705 151.7075 3.412e-18 3.545e-18 2.902e-18 0.0 105.16 0.0
S215392 226.85 151.6998 1.028e-15 7.57e-16 3.073e-16 0.0 109.37 0.0
S215393 227.0744 151.709 8.252e-17 7.033e-17 3.501e-17 0.0 105.18 0.0
S215394 227.0629 151.7052 3.169e-21 2.173e-21 7.321e-22 0.0 105.2 0.0
S215395 226.8501 151.6992 9.589e-23 2.2389999999999997e-22 9.351e-22 0.0 109.34 0.0
S215396 227.1067 151.7075 2.0999999999999998e-22 4.928e-22 2.1070000000000002e-21 0.0 105.08 0.0
S215397 227.0787 151.7059 2.873e-17 2.668e-17 1.619e-17 0.0 105.17 0.0
S215398 226.827 151.6992 1.709e-19 2.3e-19 3.108e-19 0.0 109.37 0.0
S215399 226.8469 151.7044 1.22e-19 1.674e-19 2.346e-19 0.0 109.31 0.0
S215400 227.0935 151.7129 4.741999999999999e-22 1.054e-21 3.954e-21 0.0 105.14 0.0
S215401 227.0853 151.7094 1.737e-17 2.966e-17 6.275e-17 0.0 105.18 0.0
S215402 226.8376 151.7029 4.424e-18 4.354e-18 3.028e-18 0.0 109.3 0.0
S215403 226.8477 151.6988 5.52e-17 1.405e-16 7.031e-16 0.0 109.18 1.0
S215404 226.8532 151.6993 1.121e-16 8.652e-17 3.741e-17 0.0 109.16 0.0
S215405 226.8375 151.7 3.425e-17 2.952e-17 1.586e-17 0.0 109.23 0.0
S215406 226.8401 151.695 5.366e-17 1.011e-16 2.609e-16 0.0 109.09 0.0
S215407 227.0781 151.713 8.377e-19 9.993e-19 1.067e-18 0.0 105.35 0.0
S215408 226.8313 151.6992 1.424e-16 1.169e-16 5.613e-17 0.0 109.18 0.0
S215409 227.0909 151.7131 5.222e-17 4.505e-17 2.45e-17 0.0 105.33 0.0
S215410 226.8304 151.6969 6.809e-17 5.721e-17 2.928e-17 0.0 109.2 0.0
S215411 226.8537 151.6982 3.315e-16 2.577e-16 1.132e-16 0.0 109.05 1.0
S215412 226.8479 151.6978 6.36e-21 1.154e-20 2.844e-20 0.0 108.98 0.0
S215413 226.8553 151.6977 1.3240000000000001e-21 2.853e-21 1.025e-20 0.0 108.97 0.0
S215414 226.8523 151.695 2.272e-21 1.641e-21 5.961999999999999e-22 0.0 108.93 0.0
S215415 226.8451 151.6973 3.068e-19 3.957e-19 4.678e-19 0.0 108.9 0.0
S215416 226.8474 151.6917 9.511e-18 9.409e-18 6.742e-18 0.0 108.78 0.0
S215417 226.8422 151.696 2.741e-21 1.896e-21 6.733999999999999e-22 0.0 108.81 0.0
S215418 226.8623 151.6939 8.711e-23 2.233e-22 1.124e-21 0.0 108.65 0.0
S215419 227.0483 151.7164 3.052e-17 4.672e-17 8.4e-17 0.001 106.06 0.0
S215420 227.0603 151.7146 1.728e-17 2.68e-17 4.782e-17 0.0 106.05 0.0
S215421 226.8565 151.6958 3.7150000000000004e-21 7.282e-21 2.0300000000000003e-20 0.0 108.55 0.0
S215422 227.0606 151.7169 2.794e-17 2.6e-17 1.652e-17 0.001 105.98 0.0
S215423 226.8716 151.6952 5.899e-18 9.304e-18 1.706e-17 0.001 108.44 0.0
S215424 227.0393 151.7157 3.547e-20 5.356000000000001e-20 9.483000000000001e-20 0.0 106.27 0.0
S215425 227.0416 151.7151 3.6129999999999997e-22 8.619e-22 3.704e-21 0.0 106.34 0.0
S215426 227.0452 151.7166 2.109e-16 1.62e-16 6.998e-17 0.0 106.35 0.0
S215427 226.8982 151.6925 3.244e-16 2.401e-16 9.861e-17 0.0 108.08 0.0
S215428 227.0398 151.7159 1.505e-17 3.354e-17 1.304e-16 0.0 106.38 0.0
S215429 226.898 151.6903 4.148e-17 6.62e-17 1.301e-16 0.0 108.02 0.0
S215430 227.0207 151.7174 3.599e-16 2.747e-16 1.17e-16 0.0 106.55 1.0
S215431 227.0112 151.7146 3.499e-17 7.396e-17 2.481e-16 0.0 106.66 0.0
S215432 226.919 151.6916 1.767e-17 1.591e-17 8.997e-18 0.0 107.82 0.0
S215433 226.917 151.6914 6.002e-17 4.924e-17 2.47e-17 0.0 107.69 0.0
S215434 227.0026 151.7241 3.868e-17 7.654e-17 2.334e-16 0.0 106.9 0.0
S215435 226.9899 151.7208 1.526e-17 2.963e-17 8.303e-17 0.0 106.93 0.0
S215436 226.9389 151.6916 2.481e-22 5.681999999999999e-22 2.336e-21 0.0 107.53 0.0
S215437 226.9492 151.6906 3.883e-17 3.42e-17 1.925e-17 0.0 107.41 0.0
S215438 226.9555 151.6905 1.174e-21 2.624e-21 1.042e-20 0.0 107.32 0.0
S215439 226.9657 151.7241 7.464e-19 8.927e-19 9.301e-19 0.0 107.24 0.0
S215440 226.9671 151.6887 7.907e-19 9.663e-19 1.007e-18 0.0 107.21 0.0
S215441 226.9564 151.7174 8.345e-18 8.024e-18 5.573e-18 0.0 107.31 0.0
S215442 226.9804 151.6897 6.616e-17 8.286e-17 9.489e-17 0.0 107.09 0.0
S215443 226.9391 151.7231 2.586e-17 2.286e-17 1.311e-17 0.0 107.47 0.0
S215444 226.9218 151.7169 3.0460000000000002e-21 5.782e-21 1.58e-20 0.0 107.68 0.0
S215445 226.9259 151.7197 2.976e-20 4.755e-20 9.093000000000001e-20 0.0 107.66 0.0
S215446 227.0142 151.693 1.989e-18 2.211e-18 1.969e-18 0.0 106.79 0.0
S215447 226.9083 151.7174 4.004e-16 2.95e-16 1.181e-16 0.0 107.77 0.0
S215448 227.0385 151.6897 2.551e-24 8.892e-24 8.719e-23 0.0 106.48 0.0
S215449 227.0256 151.6894 4.104e-18 4.118e-18 3.151e-18 0.0 106.64 0.0
S215450 227.0422 151.6918 2.978e-19 3.757e-19 4.586e-19 0.0 106.5 0.0
S215451 226.8619 151.7214 1.2e-17 2.229e-17 5.734e-17 0.0 108.18 0.0
S215452 226.8602 151.7165 1.9690000000000002e-20 3.126e-20 5.925e-20 0.0 108.32 0.0
S215453 227.0628 151.6894 1.237e-17 1.138e-17 7.02e-18 0.0 106.37 0.0
S215454 226.844 151.7185 1.12e-17 1.091e-17 7.417e-18 0.0 108.26 0.0
S215455 226.8406 151.7165 4.406e-17 8.762e-17 2.723e-16 0.0 108.46 0.0
S215456 226.8243 151.7149 3.986e-24 1.374e-23 1.3499999999999999e-22 0.0 108.52 0.0
S215457 227.1101 151.6858 1.992e-16 1.545e-16 7.002e-17 0.0 106.01 1.0
S215458 226.788 151.7165 6.439e-17 1.341e-16 4.37e-16 0.0 108.72 1.0
S215459 226.8285 151.7147 3.761e-17 3.541e-17 2.193e-17 0.0 108.51 0.0
S215460 227.1452 151.694 2.078e-13 1.354e-13 4.356e-14 0.0 105.69 0.0
S215461 226.7745 151.7161 1.599e-19 2.115e-19 2.695e-19 0.0 108.78 0.0
S215462 226.7534 151.716 7.224e-18 7.347e-18 5.569e-18 0.0 108.98 0.0
S215463 227.1482 151.6926 1.386e-15 9.925e-16 3.772e-16 0.0 105.63 0.0
S215464 226.7616 151.7157 4.545e-17 4.16e-17 2.427e-17 0.0 108.95 0.0
S215465 227.1675 151.6946 2.102e-17 3.62e-17 7.846e-17 0.0 105.58 0.0
S215466 226.7543 151.7116 1.818e-16 1.404e-16 6.139e-17 0.0 109.04 1.0
S215467 226.7382 151.7123 1.832e-17 3.219e-17 7.494e-17 0.0 109.12 0.0
S215468 226.7635 151.7147 5.874e-18 5.851e-18 4.211e-18 0.0 109.08 0.0
S215469 227.1784 151.696 1.368e-15 1.026e-15 4.019e-16 0.0 105.41 0.0
S215470 226.6945 151.7166 1.949e-18 2.198e-18 2.109e-18 0.0 109.3 0.0
S215471 226.7536 151.7102 3.162e-21 2.182e-21 7.505999999999999e-22 0.0 109.16 1.0
S215472 227.2249 151.6979 5.016e-24 1.623e-23 1.3129999999999999e-22 0.0 105.14 0.0
S215473 227.2387 151.6963 2.206e-21 4.526e-21 1.466e-20 0.0 105.1 0.0
S215474 227.195 151.6997 2.181e-21 4.111e-21 1.075e-20 0.0 105.19 0.0
S215475 227.2068 151.7013 3.529e-17 5.68e-17 1.124e-16 0.0 105.17 0.0
S215476 227.2654 151.7003 2.836e-21 5.416e-21 1.529e-20 0.0 105.0 0.0
S215477 226.617 151.7072 6.517e-18 6.621e-18 4.896e-18 0.0 109.63 0.0
S215478 227.2529 151.7044 2.69e-16 2.096e-16 8.907e-17 0.0 105.0 1.0
S215479 227.2663 151.703 6.444e-18 6.247e-18 4.283e-18 0.0 104.98 0.0
S215480 226.6686 151.7012 3.636e-21 2.442e-21 8.2529999999999995e-22 0.001 109.59 0.0
S215481 227.2715 151.7033 7.713e-18 7.557e-18 5.45e-18 0.0 104.92 0.0
S215482 226.6792 151.7055 8.878e-13 6.276e-13 2.276e-13 0.0 109.59 0.0
S215483 226.635 151.7009 5.3e-21 1.0550000000000001e-20 3.243e-20 0.0 109.59 0.0
S215484 227.2937 151.7048 7.541e-22 1.656e-21 6.071e-21 0.0 104.87 0.0
S215485 227.281 151.7019 1.668e-21 3.1770000000000002e-21 8.929e-21 0.0 104.9 0.0
S215486 226.6189 151.7004 2.412e-21 4.4280000000000004e-21 1.1380000000000001e-20 0.0 109.67 0.0
S215487 227.2838 151.7062 4.324e-18 4.349e-18 3.082e-18 0.0 104.89 0.0
S215488 226.6553 151.7001 2.107e-17 1.897e-17 1.141e-17 0.0 109.65 0.0
S215489 226.6701 151.6983 1.059e-16 8.892e-17 4.619e-17 0.0 109.58 0.0
S215490 226.5659 151.6994 8.944e-18 8.556e-18 5.733e-18 0.0 109.66 0.0
S215491 226.6616 151.6973 1.325e-19 1.978e-19 3.164e-19 0.0 109.59 0.0
S215492 227.286 151.7089 2.059e-16 1.701e-16 8.131e-17 0.0 104.89 0.0
S215493 227.2921 151.7104 1.861e-16 1.554e-16 7.723e-17 0.0 104.89 0.0
S215494 226.6659 151.6959 2.758e-19 3.458e-19 4.088e-19 0.0 109.58 0.0
S215495 226.6414 151.6938 1.3430000000000001e-20 2.3040000000000002e-20 5.1110000000000004e-20 0.0 109.57 0.0
S215496 226.6038 151.693 4.112e-20 6.772000000000001e-20 1.35e-19 0.0 109.56 0.0
S215497 227.2977 151.7153 1.192e-16 9.613e-17 4.491e-17 0.0 104.99 0.0
S215498 226.6763 151.6982 1.473e-12 1.143e-12 5.017e-13 0.0 109.51 1.0
S215499 226.6404 151.691 7.517e-19 9.12e-19 9.971e-19 0.0 109.44 0.0
S215500 226.642 151.6892 5.663e-17 4.8e-17 2.503e-17 0.0 109.47 0.0
S215501 227.3094 151.7199 5.6530000000000004e-21 1.0270000000000001e-20 2.6090000000000004e-20 0.0 105.03 0.0
S215502 227.3069 151.7145 4.586e-17 3.771e-17 1.805e-17 0.0 105.06 0.0
S215503 226.6958 151.688 7.768e-18 8.244e-18 6.61e-18 0.0 109.21 1.0
S215504 227.3048 151.7205 1.328e-16 2.737e-16 9.051e-16 0.0 105.22 1.0
S215505 226.6532 151.685 7.375e-17 6.177e-17 3.168e-17 0.0 109.27 0.0
S215506 226.6295 151.6909 7.442e-18 1.158e-17 1.996e-17 0.0 109.24 0.0
S215507 227.2127 151.7229 2.112e-18 2.19e-18 1.77e-18 0.0 105.47 0.0
S215508 226.6582 151.6866 9.375e-16 6.741e-16 2.471e-16 0.0 109.1 0.0
S215509 227.2599 151.7239 5.717e-19 7.236e-19 8.698e-19 0.0 105.4 0.0
S215510 227.2166 151.7191 6.255000000000001e-20 8.595000000000001e-20 1.261e-19 0.0 105.51 0.0
S215511 227.2211 151.7269 2.447e-18 2.643e-18 2.259e-18 0.0 105.68 0.0
S215512 227.2115 151.7237 2.43e-17 4.916e-17 1.553e-16 0.001 105.59 0.0
S215513 227.2164 151.7254 5.602e-17 4.864e-17 2.663e-17 0.0 105.62 0.0
S215514 226.6806 151.6873 1.912e-21 1.415e-21 5.591999999999999e-22 0.0 109.09 0.0
S215515 227.2004 151.7257 1.81e-19 2.524e-19 3.524e-19 0.0 105.79 0.0
S215516 227.2177 151.7309 1.438e-17 1.368e-17 8.735e-18 0.0 105.69 0.0
S215517 227.1965 151.7331 6.554e-18 1.122e-17 2.476e-17 0.0 105.9 0.0
S215518 227.1814 151.7261 7.154999999999999e-23 2.0039999999999999e-22 1.244e-21 0.0 105.9 0.0
S215519 226.7639 151.6815 1.125e-15 3.493e-15 2.72e-14 0.0 108.52 1.0
S215520 227.1829 151.731 4.155e-16 3.187e-16 1.344e-16 0.0 105.99 1.0
S215521 227.1364 151.7281 1.175e-17 1.089e-17 6.664e-18 0.0 106.13 0.0
S215522 227.139 151.7295 1.745e-17 1.703e-17 1.181e-17 0.0 106.32 0.0
S215523 227.1148 151.7339 3.776e-17 3.124e-17 1.601e-17 0.0 106.44 0.0
S215524 227.1208 151.7354 2.11e-17 3.991e-17 1.064e-16 0.0 106.44 0.0
S215525 226.7992 151.6751 8.984e-25 3.5159999999999996e-24 4.284e-23 0.0 108.16 0.0
S215526 226.8356 151.6804 6.777e-17 5.814e-17 3.044e-17 0.0 108.1 0.0
S215527 227.0792 151.7281 2.401e-17 4.267e-17 1.018e-16 0.0 106.58 0.0
S215528 227.0673 151.7294 2.487e-17 2.197e-17 1.218e-17 0.0 106.62 0.0
S215529 226.8718 151.6781 1.51e-19 2.137e-19 3.053e-19 0.0 107.81 0.0
S215530 227.0398 151.7252 2.928e-19 3.909e-19 5.041e-19 0.0 106.79 1.0
S215531 226.8959 151.6747 1.247e-16 1.051e-16 5.353e-17 0.0 107.66 0.0
S215532 227.0134 151.7295 1.411e-17 2.279e-17 4.437e-17 0.0 106.92 0.0
S215533 226.9223 151.6768 9.405e-18 8.686e-18 5.538e-18 0.0 107.49 0.0
S215534 226.9329 151.6734 8.952e-17 7.44e-17 3.679e-17 0.0 107.41 0.0
S215535 226.9497 151.6804 1.258e-19 1.673e-19 2.176e-19 0.0 107.36 0.0
S215536 226.9755 151.6832 7.694e-19 8.967e-19 9.228e-19 0.0 107.18 0.0
S215537 226.9391 151.7311 2.863e-17 4.743e-17 9.631e-17 0.0 107.37 0.0
S215538 226.9834 151.6785 3.106e-17 6.883e-17 2.491e-16 0.0 107.14 0.0
