Name Equatorial Polar BlueF GreenF RedF Parallax RadialVelocity Variable?
S261809 235.0273 57.2602 6.165e-23 1.593e-22 8.559e-22 0.0 151.15 0.0
S261810 235.0189 57.219 1.628e-21 2.9510000000000002e-21 7.628e-21 0.0 149.62 0.0
S261811 235.0355 57.2341 1.3e-18 1.377e-18 1.11e-18 0.0 150.34 0.0
S261812 234.9949 57.2267 8.360999999999999e-22 1.58e-21 4.336e-21 0.0 149.42 0.0
S261813 235.0406 57.2273 9.306999999999998e-22 2.009e-21 7.217e-21 0.0 150.89 0.0
S261814 235.0482 57.2445 4.27e-21 7.939e-21 2.1090000000000003e-20 0.0 152.15 0.0
S261815 234.9862 57.2453 3.8359999999999996e-23 1.0409999999999999e-22 6.050999999999999e-22 0.0 150.2 0.0
S261816 235.0544 57.2838 2.536e-18 2.588e-18 1.858e-18 0.0 151.8 0.0
S261817 235.0422 57.237 2.9710000000000004e-20 4.445e-20 7.655e-20 0.0 151.13 0.0
S261818 235.0431 57.2484 2.026e-17 4.247e-17 1.444e-16 0.0 151.49 0.0
S261819 235.0494 57.2312 1.794e-24 6.166e-24 5.966e-23 0.0 151.34 0.0
S261820 235.0383 57.2276 2.589e-17 2.25e-17 1.261e-17 0.0 150.62 0.0
S261821 235.0487 57.2335 3.042e-21 5.506e-21 1.3360000000000001e-20 0.0 151.7 0.0
S261822 235.0357 57.2365 5.851e-24 1.779e-23 1.2779999999999998e-22 0.0 150.21 0.0
S261823 235.0223 57.2152 8.377000000000001e-25 3.307e-24 4.076e-23 0.0 150.4 0.0
S261824 235.1013 57.2588 6.274e-17 1.042e-16 2.22e-16 0.0 153.08 0.0
S261825 234.9239 57.2342 3.4279999999999997e-22 8.131999999999999e-22 3.565e-21 0.0 149.83 0.0
S261826 235.0381 57.2361 7.798e-23 1.9619999999999998e-22 9.727999999999999e-22 0.0 150.19 0.0
S261827 234.9978 57.2301 5.242e-18 5.168e-18 3.783e-18 0.001 149.58 0.0
S261828 235.067 57.2569 5.326e-19 6e-19 5.549e-19 0.0 152.18 0.0
S261829 235.0474 57.2466 5.39e-24 1.829e-23 1.6309999999999998e-22 0.0 151.93 0.0
S261830 234.95 57.2526 4.552999999999999e-22 9.006999999999998e-22 2.658e-21 0.0 150.34 0.0
S261831 235.0334 57.2284 2.094e-25 9.405e-25 1.488e-23 0.0 150.49 0.0
S261832 235.0301 57.2304 3.594e-22 7.920999999999999e-22 2.9e-21 0.0 150.34 0.0
S261833 235.1107 57.2933 1.545e-23 4.3329999999999995e-23 2.688e-22 0.0 152.54 0.0
S261834 235.0428 57.2387 7.061e-20 1.024e-19 1.555e-19 0.0 152.35 0.0
S261835 235.0031 57.2316 6.41e-19 7.173e-19 6.365e-19 0.0 149.45 0.0
S261836 235.0318 57.2307 2.091e-20 3.352e-20 6.257e-20 0.0 150.47 0.0
S261837 235.0399 57.2368 3.505e-20 5.1600000000000004e-20 8.365000000000001e-20 0.0 150.6 0.0
S261838 235.0655 57.2417 1.265e-21 9.148e-22 3.3819999999999996e-22 0.0 152.75 0.0
S261839 235.0254 57.2412 2.5729999999999997e-22 5.755999999999999e-22 2.2e-21 0.0 149.99 0.0
S261840 234.9878 57.2173 4.644e-21 8.235e-21 1.9780000000000003e-20 0.0 149.28 0.0
S261841 235.0462 57.2377 1.126e-17 2.182e-17 6.208e-17 0.0 152.1 0.0
S261842 235.036 57.2518 8.763e-21 1.456e-20 3.042e-20 0.0 151.26 0.0
S261843 235.1005 57.2611 1.2299999999999998e-22 2.9429999999999996e-22 1.281e-21 0.0 153.15 0.0
S261844 235.041 57.2396 5.009e-18 4.887e-18 3.442e-18 0.0 151.17 0.0
S261845 235.0444 57.2365 4.4900000000000004e-20 6.636e-20 1.056e-19 0.0 152.33 0.0
S261846 234.9372 57.1778 2.553e-22 5.854999999999999e-22 2.263e-21 0.0 149.42 0.0
S261847 235.041 57.2398 6.674999999999999e-23 1.7919999999999999e-22 1.0030000000000001e-21 0.0 151.24 0.0
S261848 235.0244 57.2269 2.271e-17 2.028e-17 1.141e-17 0.0 149.75 0.0
S261849 235.0482 57.2408 2.218e-22 5.572999999999999e-22 2.677e-21 0.0 152.38 0.0
S261850 235.0438 57.2352 4.63e-23 1.161e-22 5.758e-22 0.0 152.22 0.0
S261851 234.8395 57.1558 3.702e-17 9.469e-17 5e-16 0.0 149.19 1.0
S261852 235.0444 57.2303 2.654e-17 2.338e-17 1.275e-17 0.0 151.11 0.0
S261853 235.0447 57.2369 1.897e-22 4.384e-22 1.785e-21 0.0 151.81 0.0
S261854 235.063 57.2496 8.322e-18 7.523e-18 4.484e-18 0.0 152.56 0.0
S261855 235.0346 57.2391 2.299e-24 7.938e-24 7.725e-23 0.0 150.56 0.0
S261856 235.0305 57.2275 3.325e-23 9.014999999999999e-23 5.253e-22 0.0 149.79 0.0
S261857 235.1602 57.2706 3.003e-23 8.32e-23 4.756999999999999e-22 0.0 153.28 0.0
S261858 234.9934 57.224 3.753e-23 1.0279999999999999e-22 5.904999999999999e-22 0.0 149.32 0.0
S261859 235.0374 57.2385 9.012e-21 1.5270000000000002e-20 3.313e-20 0.0 150.2 0.0
S261860 235.0273 57.231 5.116e-24 1.61e-23 1.3089999999999999e-22 0.0 149.82 0.0
S261861 235.0523 57.2427 1.604e-21 2.872e-21 6.712e-21 0.0 152.07 0.0
S261862 235.0352 57.2357 1.4719999999999998e-22 3.4019999999999995e-22 1.397e-21 0.0 150.43 0.0
S261863 235.0911 57.2513 3.1419999999999995e-22 7.324999999999999e-22 3.157e-21 0.0 153.07 0.0
S261864 235.0769 57.2429 1.231e-25 6.137e-25 1.268e-23 0.0 152.88 0.0
S261865 235.0653 57.2537 5.338e-21 9.162e-21 2.094e-20 0.0 152.57 0.0
S261866 235.0728 57.2561 4.925e-19 5.447e-19 4.912e-19 0.0 152.65 0.0
S261867 235.0488 57.2284 7.465e-24 2.241e-23 1.604e-22 0.0 151.27 0.0
S261868 235.024 57.231 1.1269999999999999e-22 2.5799999999999997e-22 1.044e-21 0.0 149.87 0.0
S261869 235.0747 57.2529 6.178e-22 1.253e-21 4.112e-21 0.0 152.95 0.0
S261870 235.095 57.2665 3.0319999999999996e-22 6.5299999999999995e-22 2.245e-21 0.0 153.0 0.0
S261871 235.0357 57.2743 4.11e-18 3.921e-18 2.532e-18 0.0 151.41 0.0
S261872 234.9433 57.1815 2.604e-22 5.4299999999999995e-22 1.791e-21 0.0 149.35 0.0
S261873 235.0288 57.27 6.701e-18 1.094e-17 2.175e-17 0.0 151.26 0.0
S261874 235.0924 57.2603 7.411e-22 1.548e-21 5.156e-21 0.0 153.1 0.0
S261875 235.0373 57.2367 1.2110000000000001e-21 2.587e-21 8.542e-21 0.001 150.73 0.0
S261876 235.0983 57.2683 2.5389999999999998e-23 6.686999999999999e-23 3.7469999999999997e-22 0.0 152.9 0.0
S261877 235.0931 57.2467 1.132e-21 2.425e-21 8.13e-21 0.0 153.0 0.0
S261878 235.031 57.2402 1.497e-21 3.035e-21 9.84e-21 0.0 150.62 0.0
S261879 235.0569 57.2378 8.585e-22 1.857e-21 6.745e-21 0.0 152.1 0.0
S261880 235.0343 57.225 4.478e-23 1.109e-22 5.424999999999999e-22 0.0 150.58 0.0
S261881 235.0805 57.3034 1.295e-19 1.599e-19 1.843e-19 0.0 151.92 0.0
S261882 235.0427 57.2346 3.0319999999999996e-22 6.195999999999999e-22 1.966e-21 0.0 150.99 0.0
S261883 235.024 57.2101 3.0950000000000004e-20 4.817e-20 8.382000000000001e-20 0.0 150.4 0.0
S261884 235.1004 57.2737 4.09e-21 7.956e-21 2.1750000000000003e-20 0.0 152.83 0.0
S261885 235.0473 57.2459 1.944e-17 4.645e-17 2.07e-16 0.0 152.15 1.0
S261886 235.0654 57.2673 6.035e-23 1.693e-22 1.001e-21 0.0 152.04 0.0
S261887 235.013 57.2387 5.908e-13 5.218e-13 2.942e-13 0.0 149.95 1.0
S261888 234.96 57.2002 2.554e-22 5.758e-22 2.271e-21 0.0 149.27 0.0
S261889 234.9018 57.2189 2.8679999999999997e-23 7.526999999999999e-23 4.1969999999999995e-22 0.0 149.39 0.0
S261890 235.0639 57.2308 9.244e-19 1.015e-18 8.844e-19 0.0 151.86 0.0
S261891 235.0254 57.2234 8.591e-20 1.156e-19 1.506e-19 0.0 149.98 0.0
S261892 235.1104 57.2823 1.316e-21 2.573e-21 7.042e-21 0.0 152.84 0.0
S261893 235.0145 57.2266 1.027e-18 1.119e-18 9.36e-19 0.0 149.57 0.0
S261894 235.0224 57.2407 1.128e-24 4.138e-24 4.407e-23 0.0 149.95 0.0
S261895 235.0432 57.2532 8.718e-21 1.5780000000000003e-20 3.9110000000000003e-20 0.0 151.56 0.0
S261896 235.1255 57.241 1.199e-25 5.9950000000000005e-25 1.1979999999999999e-23 0.0 152.57 0.0
S261897 235.0617 57.2428 1.714e-21 3.359e-21 9.492e-21 0.0 152.69 0.0
S261898 235.1064 57.2393 2.0240000000000002e-21 3.747e-21 9.996e-21 0.0 152.56 0.0
S261899 234.9728 57.1872 4.918e-21 8.108e-21 1.7030000000000002e-20 0.0 149.57 0.0
S261900 234.951 57.2083 1.163e-21 2.3330000000000002e-21 7.157000000000001e-21 0.0 149.17 0.0
S261901 235.0549 57.2487 2.693e-23 7.281e-23 4.0629999999999995e-22 0.0 152.15 0.0
S261902 235.1604 57.2802 1.767e-21 1.2110000000000001e-21 4.2029999999999994e-22 0.0 153.15 0.0
S261903 235.0375 57.2366 9.263000000000001e-20 1.296e-19 1.856e-19 0.0 150.68 0.0
S261904 235.0412 57.2412 1.636e-20 2.6230000000000004e-20 4.9990000000000006e-20 0.0 151.37 0.0
S261905 234.9882 57.2203 8.858e-21 1.5750000000000002e-20 3.7290000000000005e-20 0.0 149.32 0.0
S261906 235.0496 57.2397 2.98e-19 3.671e-19 4.07e-19 0.0 152.34 0.0
S261907 235.0485 57.2412 3.874e-21 7.66e-21 2.1990000000000003e-20 0.0 152.05 0.0
S261908 234.8924 57.1716 4.641e-21 8.444e-21 2.0820000000000003e-20 0.0 149.18 0.0
S261909 235.0185 57.2312 9.985000000000001e-21 1.653e-20 3.284e-20 0.0 149.78 0.0
S261910 235.0421 57.2366 1.072e-22 2.7649999999999996e-22 1.408e-21 0.0 150.35 0.0
S261911 235.0364 57.2431 1.222e-24 5.162e-24 7.5e-23 0.0 150.96 0.0
S261912 235.0652 57.2882 4.855e-19 5.737e-19 5.759e-19 0.0 151.86 0.0
S261913 235.0421 57.2379 1.222e-17 1.14e-17 7.328e-18 0.0 151.24 0.0
S261914 235.0589 57.2301 8.21e-14 1.115e-13 1.553e-13 0.0 151.68 0.0
S261915 234.9862 57.2151 5.3e-20 7.667e-20 1.187e-19 0.0 149.37 0.0
S261916 234.9246 57.2001 3.4169999999999995e-22 7.2e-22 2.53e-21 0.0 149.14 0.0
S261917 235.0046 57.2309 1.578e-23 4.744e-23 3.3979999999999997e-22 0.0 149.54 0.0
S261918 235.0253 57.2275 4.751e-18 4.549e-18 3.052e-18 0.0 149.74 0.0
S261919 235.0163 57.232 4.218e-17 8.443e-17 2.609e-16 0.0 149.89 1.0
S261920 235.0393 57.226 2.346e-21 4.327e-21 1.1120000000000001e-20 0.0 150.82 0.0
S261921 235.1275 57.259 2.717e-19 3.407e-19 3.966e-19 0.0 153.12 0.0
S261922 235.0436 57.2344 1.24e-24 4.4179999999999996e-24 4.3009999999999996e-23 0.0 151.37 0.0
S261923 234.9783 57.2241 9.681999999999999e-23 2.576e-22 1.438e-21 0.0 149.43 0.0
S261924 235.075 57.2795 1.582e-17 2.869e-17 7.209e-17 0.0 152.11 0.0
S261925 235.0356 57.2268 3.469e-18 3.58e-18 2.71e-18 0.0 150.62 0.0
S261926 235.117 57.2806 1.2709999999999998e-22 2.8629999999999997e-22 1.1250000000000001e-21 0.0 153.01 0.0
S261927 235.0016 57.2326 1.526e-18 1.722e-18 1.554e-18 0.0 149.71 0.0
S261928 235.0402 57.2408 3.382e-23 9.507e-23 5.849e-22 0.0 151.04 0.0
S261929 235.0346 57.2468 1.5789999999999998e-22 3.8289999999999997e-22 1.743e-21 0.0 150.86 0.0
S261930 235.0142 57.2651 1.178e-18 1.274e-18 1.048e-18 0.0 150.95 0.0
S261931 235.0682 57.2532 2.02e-19 2.43e-19 2.548e-19 0.0 152.62 0.0
S261932 234.9341 57.1954 7.797e-19 8.834e-19 8.224e-19 0.0 149.25 1.0
S261933 235.0429 57.2383 3.967e-18 3.892e-18 2.789e-18 0.0 152.26 0.0
S261934 234.9478 57.2185 1.166e-23 3.558e-23 2.6009999999999996e-22 0.0 149.38 0.0
S261935 235.0313 57.2411 6.173e-23 1.656e-22 9.424999999999998e-22 0.0 150.82 0.0
S261936 234.9683 57.1973 2.673e-24 8.837e-24 8.023999999999999e-23 0.0 149.44 0.0
S261937 235.0389 57.2294 5.504e-20 7.557e-20 1.032e-19 0.0 150.63 0.0
S261938 235.0501 57.2601 1.936e-18 2.086e-18 1.741e-18 0.0 151.87 0.0
S261939 235.0406 57.2346 7.8669999999999995e-22 1.686e-21 5.921e-21 0.0 150.25 0.0
S261940 235.1092 57.241 2.241e-17 3.208e-17 4.841e-17 0.0 152.53 0.0
S261941 235.0345 57.2311 2.5490000000000002e-20 3.54e-20 5.225000000000001e-20 0.0 149.99 0.0
S261942 235.062 57.2454 5.972e-21 1.044e-20 2.4660000000000002e-20 0.0 152.54 0.0
S261943 235.0531 57.2376 1.3290000000000002e-20 2.2060000000000003e-20 4.6350000000000004e-20 0.0 152.4 0.0
S261944 234.9817 57.2124 1.892e-19 2.4e-19 2.706e-19 0.0 149.32 0.0
S261945 235.0719 57.256 1.818e-19 2.485e-19 3.469e-19 0.0 153.0 0.0
S261946 235.04 57.2392 8.501e-22 1.665e-21 4.774e-21 0.0 150.78 0.0
S261947 235.0668 57.2422 7.366000000000001e-20 1.01e-19 1.364e-19 0.0 152.73 0.0
S261948 235.0175 57.2009 2.624e-26 1.503e-25 4.278e-24 0.0 150.46 0.0
S261949 235.079 57.2437 3.0629999999999997e-23 8.63e-23 5.514999999999999e-22 0.0 152.77 0.0
S261950 235.0319 57.2309 4.874e-19 5.888e-19 6.339e-19 0.0 149.9 0.0
S261951 235.0785 57.2591 1.292e-18 1.46e-18 1.289e-18 0.0 152.65 0.0
S261952 235.0543 57.2382 6.264e-23 1.593e-22 7.925999999999999e-22 0.0 152.36 0.0
S261953 235.0099 57.2583 1.876e-28 1.924e-27 1.751e-25 0.0 150.77 0.0
S261954 234.9953 57.2193 2.1799999999999997e-22 5.324999999999999e-22 2.445e-21 0.0 149.32 0.0
S261955 235.0466 57.2446 2.9290000000000005e-20 4.478e-20 7.926000000000001e-20 0.0 151.66 1.0
S261956 235.0882 57.2491 1.113e-19 1.426e-19 1.727e-19 0.0 153.06 0.0
S261957 235.0035 57.2422 1.759e-22 4.1259999999999997e-22 1.739e-21 0.0 150.37 0.0
S261958 235.044 57.2374 7.826e-19 9.429e-19 9.732e-19 0.0 152.38 0.0
S261959 235.0679 57.2513 5.526e-22 1.201e-21 4.305e-21 0.0 152.69 0.0
S261960 235.0027 57.2498 1.864e-18 1.969e-18 1.645e-18 0.0 150.21 0.0
S261961 235.0388 57.2426 4.638e-20 7.025000000000001e-20 1.183e-19 0.0 150.69 0.0
S261962 235.0585 57.2544 1.404e-17 1.272e-17 7.341e-18 0.0 152.34 0.0
S261963 235.0504 57.2436 4.696e-19 5.64e-19 5.733e-19 0.0 152.45 0.0
S261964 235.0453 57.239 2.025e-20 2.994e-20 5.0770000000000004e-20 0.0 152.22 0.0
S261965 235.066 57.2445 1.498e-21 1.05e-21 3.7209999999999995e-22 0.0 152.71 0.0
S261966 235.142 57.2381 4.972e-21 9.235e-21 2.3750000000000003e-20 0.0 152.56 0.0
S261967 235.0386 57.2351 2.088e-20 3.347e-20 6.270000000000001e-20 0.0 150.27 0.0
S261968 235.0305 57.2132 5.6530000000000004e-21 1.0240000000000001e-20 2.436e-20 0.0 150.66 0.0
S261969 235.0745 57.1919 1.3009999999999999e-23 4.374e-23 3.9079999999999995e-22 0.0 151.26 0.0
S261970 235.0252 57.2685 1.814e-21 3.77e-21 1.1790000000000001e-20 0.0 151.12 0.0
S261971 235.0891 57.2756 2.517e-24 7.895e-24 6.047999999999999e-23 0.0 152.55 0.0
S261972 235.0693 57.2521 2.704e-19 3.296e-19 3.509e-19 0.0 152.8 0.0
S261973 235.0098 57.2069 2.696e-24 1.0289999999999999e-23 1.184e-22 0.0 150.03 0.0
S261974 235.0417 57.2416 7.292e-19 8.588e-19 8.435e-19 0.0 151.28 0.0
S261975 235.0591 57.2651 2.84e-19 3.488e-19 3.955e-19 0.0 151.89 0.0
S261976 235.0763 57.2402 1.059e-13 7.092e-14 2.326e-14 0.0 152.77 0.0
S261977 235.1528 57.2563 2.9009999999999998e-22 6.759999999999999e-22 2.7550000000000002e-21 0.0 153.04 0.0
S261978 235.0527 57.2417 1.054e-17 9.759e-18 6.005e-18 0.0 152.37 0.0
S261979 235.025 57.2421 2.052e-24 6.677e-24 5.587e-23 0.0 150.46 0.0
S261980 235.0613 57.2594 1.4130000000000002e-20 2.219e-20 4.002e-20 0.0 152.29 0.0
S261981 235.0703 57.2477 1.744e-21 1.224e-21 4.2289999999999996e-22 0.0 152.82 0.0
S261982 235.0172 57.2255 4.964999999999999e-22 1.17e-21 4.966e-21 0.0 149.61 0.0
S261983 235.0263 57.2225 5.547e-19 6.293e-19 5.787e-19 0.0 150.07 0.0
S261984 235.0501 57.2454 1.6879999999999999e-22 4.0799999999999996e-22 1.803e-21 0.0 152.5 0.0
S261985 235.0547 57.2473 2.401e-21 4.7370000000000004e-21 1.395e-20 0.0 152.19 0.0
S261986 235.0488 57.234 5.958e-24 2.1569999999999998e-23 2.2449999999999996e-22 0.0 151.4 0.0
S261987 235.0421 57.2317 6.147e-22 1.164e-21 3.248e-21 0.0 150.86 0.0
S261988 234.9908 57.2072 1.304e-21 9.162999999999999e-22 3.348e-22 0.0 149.4 0.0
S261989 235.0048 57.2273 1.674e-21 3.339e-21 1.0080000000000002e-20 0.0 149.47 0.0
S261990 235.0457 57.2434 3.873e-23 1.032e-22 5.779e-22 0.0 151.81 0.0
S261991 235.0556 57.2476 1.354e-19 1.887e-19 2.636e-19 0.0 152.46 0.0
S261992 234.9802 57.2232 1.825e-17 2.984e-17 5.674e-17 0.0 149.42 0.0
S261993 235.1179 57.2021 1.555e-24 5.698e-24 6.125e-23 0.0 151.8 0.0
S261994 235.041 57.2095 3.944e-18 3.927e-18 2.818e-18 0.0 150.83 0.0
S261995 235.067 57.2588 2.249e-17 1.914e-17 9.73e-18 0.0 152.51 0.0
S261996 235.0497 57.2516 3.887e-23 1.061e-22 6.274999999999999e-22 0.0 152.08 0.0
S261997 235.1044 57.2598 5.413e-19 6.538e-19 7.146e-19 0.0 153.13 0.0
S261998 235.0576 57.2479 3.1530000000000002e-21 5.732e-21 1.376e-20 0.0 152.62 0.0
S261999 235.0133 57.233 9.003999999999999e-23 2.189e-22 9.941e-22 0.001 150.2 0.0
S262000 235.0869 57.2255 1.395e-19 1.778e-19 2.192e-19 0.0 152.0 0.0
S262001 234.8974 57.1814 2.25e-23 6.215999999999999e-23 3.719e-22 0.0 149.12 0.0
S262002 235.0532 57.2225 1.818e-21 1.258e-21 4.353e-22 0.0 151.35 0.0
S262003 235.0646 57.2441 2.773e-20 4.4740000000000006e-20 8.829000000000001e-20 0.0 152.72 0.0
S262004 235.0363 57.2335 1.996e-21 4.087e-21 1.2590000000000001e-20 0.0 150.04 0.0
S262005 235.0782 57.236 6.648999999999999e-23 1.681e-22 8.423999999999999e-22 0.0 152.44 0.0
S262006 235.0437 57.2331 3.8750000000000004e-20 6.09e-20 1.099e-19 0.0 151.15 0.0
S262007 235.0202 57.2276 8.599000000000001e-20 1.178e-19 1.617e-19 0.001 149.69 0.0
S262008 235.0022 57.2207 1.14e-19 1.489e-19 1.907e-19 0.0 149.4 0.0
S262009 234.9894 57.2305 2.1779999999999998e-23 7.251e-23 6.595999999999999e-22 0.0 149.54 0.0
S262010 235.0483 57.242 1.028e-20 1.6690000000000002e-20 3.272e-20 0.0 152.25 0.0
S262011 235.1301 57.2526 2.436e-25 1.11e-24 1.856e-23 0.0 153.0 0.0
S262012 235.0339 57.2366 3.052e-22 7.565999999999999e-22 3.617e-21 0.0 150.09 0.0
S262013 235.0393 57.2419 1.862e-21 3.725e-21 1.1100000000000001e-20 0.0 151.15 0.0
S262014 235.0722 57.2374 3.502e-23 9.069999999999999e-23 4.953999999999999e-22 0.0 152.15 0.0
S262015 235.0251 57.2213 1.3920000000000002e-20 2.3510000000000003e-20 4.8890000000000005e-20 0.0 149.66 0.0
S262016 235.0554 57.2162 2.935e-13 3.397e-13 3.372e-13 0.0 151.21 0.0
S262017 235.0255 57.2384 1.987e-20 3.058e-20 5.355e-20 0.0 150.27 0.0
S262018 234.9965 57.2313 7.853e-21 1.3550000000000001e-20 3.071e-20 0.0 149.61 0.0
S262019 235.0291 57.1878 2.853e-24 1.036e-23 1.1039999999999998e-22 0.0 150.69 0.0
S262020 235.0612 57.251 1.394e-18 1.444e-18 1.139e-18 0.0 152.69 0.0
S262021 235.0439 57.2336 3.4209999999999998e-22 7.889999999999999e-22 3.156e-21 0.0 151.02 0.0
S262022 235.04 57.2394 1.686e-19 2.132e-19 2.473e-19 0.0 150.61 0.0
S262023 235.0547 57.2246 1.278e-21 2.651e-21 8.662e-21 0.0 151.38 0.0
S262024 235.0399 57.2383 1.863e-20 2.7780000000000004e-20 4.499e-20 0.0 150.25 0.0
S262025 235.0325 57.2315 6.407e-19 7.234e-19 6.552e-19 0.0 150.01 0.0
S262026 235.04 57.2367 3.508e-19 4.108e-19 4.144e-19 0.0 150.8 0.0
S262027 235.0214 57.2155 1.3149999999999999e-23 4.066e-23 3.149e-22 0.0 150.17 0.0
S262028 235.0039 57.263 4.452e-24 1.4729999999999998e-23 1.322e-22 0.0 150.69 0.0
S262029 235.0558 57.2359 1.187e-22 2.778e-22 1.196e-21 0.0 152.09 0.0
S262030 235.0449 57.2323 5.303e-24 1.971e-23 2.206e-22 0.0 151.55 0.0
S262031 235.0219 57.2348 2.8549999999999997e-23 9.389e-23 7.755999999999999e-22 0.0 149.72 0.0
S262032 235.0583 57.2484 1.1240000000000001e-20 1.9900000000000002e-20 4.644e-20 0.0 152.46 0.0
S262033 235.0416 57.2374 7.213e-18 6.739e-18 4.224e-18 0.0 151.13 0.0
S262034 235.1373 57.2665 5.6880000000000004e-21 9.49e-21 2.022e-20 0.0 153.21 0.0
S262035 235.0606 57.2464 5.966e-22 1.168e-21 3.227e-21 0.0 152.71 0.0
S262036 235.0646 57.235 4.524e-24 1.365e-23 9.644999999999999e-23 0.0 152.14 0.0
S262037 235.0395 57.217 2.914e-24 1.005e-23 9.239e-23 0.0 150.74 0.0
S262038 235.0283 57.2348 3.817e-18 3.717e-18 2.542e-18 0.0 150.35 0.0
S262039 234.9145 57.1573 1.496e-23 4.507e-23 3.408e-22 0.0 149.51 0.0
S262040 235.0177 57.2339 6.981e-18 1.35e-17 3.846e-17 0.0 150.08 0.0
S262041 235.1208 57.2736 8.301999999999999e-22 1.561e-21 4.268e-21 0.0 153.14 0.0
S262042 235.1137 57.2757 2.5069999999999997e-22 6.252e-22 2.933e-21 0.0 152.95 0.0
S262043 235.1468 57.2593 5.65e-18 9.757e-18 2.229e-17 0.0 153.11 0.0
S262044 235.0401 57.2424 2.382e-21 4.637e-21 1.2890000000000002e-20 0.0 151.26 0.0
S262045 235.0378 57.2404 3.2e-24 1.178e-23 1.269e-22 0.0 150.36 0.0
S262046 234.9889 57.2233 1.449e-23 4.498e-23 3.3839999999999998e-22 0.0 149.28 0.0
S262047 235.0755 57.2571 4.992e-21 9.194e-21 2.274e-20 0.0 152.66 0.0
S262048 235.0422 57.2373 2.3829999999999998e-23 6.749e-23 4.2149999999999997e-22 0.0 152.17 0.0
S262049 235.0552 57.2299 9.759e-23 2.6629999999999997e-22 1.5380000000000001e-21 0.0 151.49 0.0
S262050 234.9878 57.2328 3.933e-19 4.581e-19 4.598e-19 0.0 149.55 0.0
S262051 235.0577 57.249 3.3e-21 6.424e-21 1.857e-20 0.0 152.28 0.0
S262052 235.0369 57.2374 2.759e-21 5.386e-21 1.6200000000000002e-20 0.0 150.03 0.0
S262053 234.9911 57.2286 3.539e-20 5.2430000000000004e-20 8.435000000000001e-20 0.0 149.44 0.0
S262054 235.0347 57.2335 6.0099999999999995e-22 1.281e-21 4.475e-21 0.0 150.15 0.0
S262055 235.0626 57.2399 4.958e-21 8.865e-21 2.133e-20 0.0 152.39 0.0
S262056 235.0614 57.2562 9.339e-21 1.5860000000000002e-20 3.3490000000000006e-20 0.0 152.62 0.0
S262057 235.0598 57.2513 1.142e-25 5.749e-25 1.204e-23 0.0 152.26 0.0
S262058 235.067 57.2384 1.027e-19 1.532e-19 2.44e-19 0.0 152.64 0.0
S262059 235.0704 57.2423 1.429e-18 1.604e-18 1.427e-18 0.0 152.53 0.0
S262060 235.0411 57.231 1.36e-19 1.782e-19 2.239e-19 0.0 150.9 0.0
S262061 235.0431 57.2364 1.103e-19 1.476e-19 2.019e-19 0.0 151.29 0.0
S262062 235.028 57.2342 2.6479999999999997e-22 6.605e-22 3.218e-21 0.0 150.11 0.0
S262063 234.9504 57.2195 1.096e-19 1.371e-19 1.627e-19 0.0 149.44 0.0
S262064 235.0547 57.2364 6.116e-23 1.593e-22 8.666e-22 0.001 152.21 0.0
S262065 235.0319 57.2312 2.809e-17 2.427e-17 1.282e-17 0.0 150.03 0.0
S262066 235.0231 57.2258 4.6760000000000004e-20 6.654e-20 1.014e-19 0.001 149.98 0.0
S262067 235.0143 57.2214 3.524e-18 3.565e-18 2.663e-18 0.0 149.48 0.0
S262068 235.0327 57.2333 5.287e-18 4.892e-18 3.098e-18 0.0 150.0 0.0
S262069 235.1165 57.263 5.685e-19 6.69e-19 6.791e-19 0.0 153.19 0.0
S262070 235.0113 57.2332 1.6e-17 1.407e-17 7.82e-18 0.0 149.54 0.0
S262071 235.0371 57.2404 8.708e-20 1.149e-19 1.445e-19 0.0 150.99 0.0
S262072 235.086 57.2408 1.1710000000000001e-20 1.9160000000000003e-20 3.815e-20 0.0 152.59 0.0
S262073 235.0388 57.2413 1.514e-23 4.341e-23 2.8229999999999995e-22 0.0 151.07 0.0
S262074 235.0388 57.2261 3.203e-24 9.915e-24 7.586e-23 0.0 150.69 0.0
S262075 234.9574 57.2164 4.244e-18 4.232e-18 3.091e-18 0.0 149.33 0.0
S262076 235.0404 57.2409 2.65e-17 4.446e-17 9.416e-17 0.0 151.24 0.0
S262077 235.0425 57.2328 1.429e-19 1.883e-19 2.416e-19 0.0 150.66 0.0
S262078 235.0219 57.2351 1.02e-24 3.626e-24 3.7419999999999996e-23 0.0 149.96 0.0
S262079 235.0199 57.2323 2.6179999999999997e-22 5.124e-22 1.545e-21 0.0 149.62 0.0
S262080 235.044 57.2635 2.324e-17 5.082e-17 1.847e-16 0.0 151.48 0.0
S262081 235.0449 57.2434 1.686e-25 7.146e-25 1.0549999999999999e-23 0.0 152.09 0.0
S262082 235.0629 57.2513 4.358999999999999e-22 9.47e-22 3.456e-21 0.0 152.61 0.0
S262083 235.0325 57.2286 2.1539999999999999e-23 6.766e-23 5.131999999999999e-22 0.0 150.01 0.0
S262084 235.0336 57.2297 1.109e-22 3.058e-22 1.776e-21 0.0 150.22 0.0
S262085 235.0445 57.2434 5.308999999999999e-22 1.118e-21 3.767e-21 0.0 151.88 0.0
S262086 235.0421 57.2379 3.578e-19 3.989e-19 3.605e-19 0.0 151.44 0.0
S262087 235.0513 57.2448 3.1589999999999996e-22 6.818999999999999e-22 2.533e-21 0.0 152.45 0.0
S262088 234.9979 57.2362 2.61e-21 5.048e-21 1.367e-20 0.0 149.94 0.0
S262089 235.039 57.2414 1.3420000000000001e-21 9.641999999999999e-22 3.5949999999999995e-22 0.0 151.08 0.0
S262090 235.0238 57.2453 2.372e-23 6.309e-23 3.4419999999999997e-22 0.0 150.6 0.0
S262091 235.061 57.2742 4.9750000000000004e-21 9.024000000000001e-21 2.2510000000000003e-20 0.0 151.82 0.0
S262092 234.9923 57.2196 1.785e-17 3.271e-17 8.459e-17 0.0 149.38 0.0
S262093 235.0432 57.2402 3.741e-19 4.561e-19 4.844e-19 0.0 151.87 0.0
S262094 235.0351 57.244 1.409e-23 3.7739999999999995e-23 2.0809999999999998e-22 0.0 150.88 0.0
S262095 235.0487 57.2394 1.363e-18 1.45e-18 1.213e-18 0.0 152.33 0.0
S262096 235.0469 57.2466 3.077e-17 5.744e-17 1.484e-16 0.0 151.95 0.0
S262097 235.0833 57.2502 1.866e-21 3.51e-21 9.157e-21 0.0 153.07 0.0
S262098 235.0426 57.2197 1.9999999999999999e-22 5.139e-22 2.637e-21 0.0 150.95 0.0
S262099 235.0651 57.2267 1.424e-20 2.201e-20 3.8670000000000005e-20 0.0 151.88 0.0
S262100 235.0334 57.2384 1.746e-19 2.247e-19 2.718e-19 0.0 150.47 0.0
S262101 234.9854 57.224 5.542000000000001e-20 8.207e-20 1.291e-19 0.0 149.42 0.0
S262102 235.0481 57.2378 8.644e-18 8.019e-18 5.11e-18 0.0 152.33 0.0
S262103 235.0841 57.2479 1.7990000000000003e-20 2.823e-20 5.0960000000000005e-20 0.0 152.87 0.0
S262104 235.0123 57.2225 3.0619999999999996e-22 7.365e-22 3.191e-21 0.0 149.59 0.0
S262105 235.0431 57.2395 2.298e-19 2.984e-19 3.585e-19 0.0 151.6 0.0
S262106 235.0429 57.2365 1.79e-21 1.228e-21 4.319e-22 0.0 151.66 0.0
S262107 235.0493 57.21 9.631e-19 1.082e-18 9.518e-19 0.0 151.08 0.0
S262108 235.0091 57.2371 3.9100000000000004e-20 6.088e-20 1.136e-19 0.0 149.9 0.0
S262109 235.0313 57.2278 1.2789999999999998e-22 3.2759999999999995e-22 1.6720000000000001e-21 0.0 150.19 0.0
S262110 235.0946 57.2194 2.848e-18 3.133e-18 2.675e-18 0.0 151.93 0.0
S262111 235.0445 57.2419 2.428e-22 5.339999999999999e-22 1.913e-21 0.001 151.66 0.0
S262112 235.0612 57.2353 1.197e-18 1.307e-18 1.09e-18 0.0 152.03 0.0
S262113 235.0665 57.2098 8.862e-21 1.6000000000000002e-20 3.852e-20 0.0 151.38 0.0
S262114 235.0819 57.2414 2.621e-22 5.525e-22 1.8340000000000002e-21 0.0 152.9 0.0
S262115 234.94 57.1899 9.719e-18 1.365e-17 1.969e-17 0.0 149.16 0.0
S262116 235.029 57.2322 3.615e-21 6.115e-21 1.3430000000000001e-20 0.0 149.9 0.0
S262117 235.0202 57.2242 6.234e-18 6.419e-18 4.981e-18 0.0 149.96 0.0
S262118 235.0518 57.258 2.785e-18 2.802e-18 2.032e-18 0.0 151.98 0.0
S262119 235.0282 57.2248 4.287e-21 8.002e-21 2.0970000000000002e-20 0.0 150.39 0.0
S262120 235.0198 57.2283 2.079e-18 2.082e-18 1.509e-18 0.0 149.65 0.0
S262121 235.0554 57.2118 4.74e-17 3.93e-17 1.987e-17 0.0 151.26 0.0
S262122 235.0383 57.2317 6.438e-24 2.341e-23 2.4389999999999997e-22 0.0 150.33 0.0
S262123 235.0555 57.253 5.532e-20 8.164000000000001e-20 1.31e-19 0.0 152.13 0.0
S262124 235.0441 57.2325 5.268e-24 1.737e-23 1.5279999999999998e-22 0.0 151.1 0.0
S262125 235.0415 57.2289 3.161e-23 8.491e-23 4.814999999999999e-22 0.0 150.61 0.0
S262126 235.0148 57.2035 2.4909999999999997e-22 5.403e-22 2.032e-21 0.0 150.23 0.0
S262127 235.039 57.2399 5.205999999999999e-22 1.088e-21 3.758e-21 0.0 150.33 0.0
S262128 235.0395 57.2324 2.179e-18 3.838e-18 8.666e-18 0.0 150.68 0.0
S262129 235.0501 57.2349 9.068e-24 2.499e-23 1.4709999999999998e-22 0.0 151.95 0.0
S262130 235.0328 57.2385 1.849e-17 1.603e-17 8.773e-18 0.0 150.13 0.0
S262131 235.0421 57.2399 6.837e-20 9.464000000000001e-20 1.302e-19 0.0 151.56 0.0
S262132 235.0398 57.2379 9.308999999999999e-22 1.942e-21 6.5800000000000004e-21 0.0 150.44 0.0
S262133 235.0425 57.2621 3.48e-18 3.479e-18 2.598e-18 0.0 151.54 0.0
S262134 235.0653 57.2283 1.124e-22 2.9369999999999997e-22 1.586e-21 0.0 151.82 0.0
S262135 235.0398 57.2298 2.0689999999999998e-22 4.942e-22 2.112e-21 0.0 150.39 0.0
S262136 235.065 57.2442 8.743e-25 3.166e-24 3.3619999999999997e-23 0.0 152.73 0.0
S262137 235.02 57.1902 1.341e-21 2.725e-21 8.628e-21 0.0 150.46 0.0
S262138 235.046 57.236 7.663e-19 8.353e-19 7.074e-19 0.0 151.95 0.0
S262139 234.9996 57.2263 2.706e-21 4.945e-21 1.2780000000000001e-20 0.0 149.34 0.0
S262140 234.9866 57.2253 3.7539999999999997e-22 9.094e-22 4.236e-21 0.0 149.48 0.0
S262141 235.0609 57.2542 3.433e-17 3.009e-17 1.662e-17 0.0 152.5 0.0
S262142 235.0306 57.2406 6.391e-17 5.348e-17 2.711e-17 0.0 150.09 0.0
S262143 235.0325 57.2313 4.94e-19 5.696e-19 5.533e-19 0.0 150.16 0.0
S262144 235.033 57.2173 3.875e-21 7.093e-21 1.7330000000000003e-20 0.0 149.72 0.0
S262145 235.0396 57.2254 1.476e-19 1.998e-19 2.646e-19 0.0 150.08 0.0
S262146 235.0259 57.2579 4.884e-17 1.216e-16 5.984e-16 0.0 150.26 1.0
S262147 235.0445 57.2261 2.873e-19 3.591e-19 4.182e-19 0.0 150.07 0.0
S262148 235.0512 57.2566 5.062e-22 1.203e-21 5.407e-21 0.0 151.94 0.0
S262149 235.0302 57.243 1.655e-21 3.301e-21 1.0030000000000001e-20 0.0 150.3 0.0
S262150 235.0394 57.2234 1.336e-18 1.414e-18 1.163e-18 0.0 150.67 0.0
S262151 235.0187 57.2201 6.378e-17 5.309e-17 2.582e-17 0.0 149.92 0.0
S262152 235.0134 57.2659 4.48e-17 3.668e-17 1.732e-17 0.0 150.01 0.0
S262153 235.051 57.2465 1.979e-21 1.372e-21 4.749e-22 0.0 151.75 0.0
S262154 235.051 57.2547 8.935e-18 1.656e-17 4.369e-17 0.0 152.48 0.0
S262155 235.0336 57.2683 3.964e-22 8.656999999999999e-22 3.276e-21 0.0 152.13 0.0
S262156 235.0619 57.2459 2.9020000000000004e-20 4.2460000000000006e-20 6.971000000000001e-20 0.0 152.7 0.0
S262157 235.0581 57.2371 1.819e-17 1.619e-17 9.476e-18 0.0 152.25 0.0
S262158 235.0425 57.2132 4.873e-25 2.024e-24 2.8479999999999996e-23 0.0 149.87 0.0
S262159 235.0539 57.2339 1.946e-17 1.776e-17 1.067e-17 0.0 152.13 0.0
S262160 235.0242 57.2435 1.5119999999999998e-22 3.5359999999999995e-22 1.5320000000000001e-21 0.0 149.66 0.0
S262161 235.0351 57.2467 2.233e-21 4.732e-21 1.622e-20 0.0 150.9 0.0
S262162 235.0036 57.2179 1.07e-24 3.929e-24 4.277e-23 0.0 149.51 0.0
S262163 235.0288 57.2319 1.098e-18 1.164e-18 9.688e-19 0.0 149.91 0.0
S262164 235.0584 57.2301 3.9730000000000003e-20 5.568000000000001e-20 8.024000000000001e-20 0.0 152.14 0.0
S262165 235.0517 57.2316 3.281e-21 5.7720000000000004e-21 1.3530000000000002e-20 0.0 151.54 0.0
S262166 235.0281 57.2218 4.821e-18 4.459e-18 2.715e-18 0.0 150.11 0.0
S262167 235.0006 57.2359 1.677e-20 2.856e-20 6.159e-20 0.0 149.39 0.0
S262168 235.032 57.2562 4.8180000000000007e-20 7.171e-20 1.188e-19 0.0 151.19 0.0
S262169 235.0244 57.2436 4.372e-24 1.384e-23 1.1159999999999999e-22 0.0 149.88 0.0
S262170 235.0605 57.2419 1.589e-24 5.357e-24 4.875e-23 0.0 152.36 0.0
S262171 235.0256 57.2474 1.0849999999999998e-22 2.858e-22 1.542e-21 0.0 150.32 0.0
S262172 235.0368 57.2485 2.818e-19 3.649e-19 4.51e-19 0.0 151.42 0.0
S262173 235.0424 57.2373 6.893e-18 1.08e-17 1.99e-17 0.0 151.24 0.0
S262174 235.032 57.231 2.292e-19 3.049e-19 3.869e-19 0.0 150.28 0.0
S262175 235.0679 57.2421 3.25e-18 3.532e-18 3.023e-18 0.0 152.67 0.0
S262176 235.0516 57.2551 3.08e-17 6.625e-17 2.342e-16 0.0 152.1 1.0
S262177 235.0077 57.2428 4.842e-23 1.144e-22 5.146999999999999e-22 0.0 149.69 0.0
S262178 235.0616 57.2285 2.309e-18 2.33e-18 1.733e-18 0.0 151.76 0.0
S262179 235.0655 57.2543 2.286e-22 4.753e-22 1.527e-21 0.0 152.67 0.0
S262180 235.048 57.2293 3.674e-18 3.574e-18 2.57e-18 0.0 151.63 0.0
S262181 235.0307 57.252 1.195e-17 2.725e-17 1.062e-16 0.0 150.77 0.0
S262182 235.0559 57.2352 1.863e-17 1.661e-17 9.857e-18 0.0 152.22 0.0
S262183 235.0347 57.2454 3.323e-21 6.015e-21 1.4960000000000002e-20 0.0 150.91 0.0
S262184 235.0045 57.2441 8.776e-18 8.452e-18 5.779e-18 0.0 149.31 0.0
S262185 235.0592 57.2353 5.224e-18 5.116e-18 3.507e-18 0.0 152.5 0.0
S262186 235.0413 57.23 1.336e-18 1.452e-18 1.276e-18 0.0 150.91 0.0
S262187 235.0143 57.2556 9.488999999999999e-23 2.5129999999999997e-22 1.36e-21 0.0 150.04 0.0
S262188 235.0506 57.2346 2.15e-23 6.712e-23 5.294999999999999e-22 0.0 152.21 0.0
S262189 235.0159 57.2577 2.407e-22 6.029e-22 3.062e-21 0.0 149.73 0.0
S262190 235.0322 57.248 5.2399999999999996e-23 1.3859999999999998e-22 7.427999999999999e-22 0.0 150.64 0.0
S262191 235.038 57.2297 6.788e-24 1.947e-23 1.3119999999999998e-22 0.0 150.62 0.0
S262192 235.0441 57.2516 7.252999999999999e-22 1.385e-21 3.974e-21 0.0 152.47 0.0
S262193 235.0279 57.2224 2.5499999999999998e-23 7.006999999999999e-23 4.091e-22 0.0 150.14 0.0
S262194 235.03 57.2484 7.686e-18 7.525e-18 5.056e-18 0.0 150.24 0.0
S262195 235.0396 57.2335 1.29e-17 1.194e-17 7.429e-18 0.0 151.0 0.0
S262196 235.0501 57.2196 1.878e-17 3.638e-17 1.015e-16 0.001 151.15 0.0
S262197 235.0246 57.2374 7.111e-17 1.022e-16 1.6e-16 0.0 149.73 0.0
S262198 235.0513 57.2406 1.379e-19 1.831e-19 2.418e-19 0.0 152.3 0.0
S262199 235.0408 57.2253 1.05e-17 9.346e-18 5.472e-18 0.0 150.73 0.0
S262200 235.0529 57.2468 1.121e-21 8.174999999999999e-22 3.1069999999999996e-22 0.0 152.43 0.0
S262201 235.0411 57.2497 5.817e-17 4.799e-17 2.377e-17 0.0 151.7 0.0
S262202 235.0476 57.2467 2.403e-21 4.531e-21 1.2410000000000002e-20 0.0 152.31 0.0
S262203 235.0254 57.2212 8.248e-24 2.773e-23 2.554e-22 0.0 149.7 0.0
S262204 235.0715 57.2445 1.872e-16 1.47e-16 6.207e-17 0.001 152.9 1.0
S262205 235.0255 57.2303 1.161e-18 1.359e-18 1.361e-18 0.0 149.93 0.0
S262206 235.0449 57.219 2.896e-18 2.899e-18 2.167e-18 0.0 150.7 0.0
S262207 235.0153 57.2461 3.156e-23 7.748e-23 3.6569999999999996e-22 0.0 149.54 0.0
S262208 235.0319 57.2294 1.87e-17 1.637e-17 8.96e-18 0.0 150.21 0.0
S262209 235.0241 57.2334 2.04e-13 1.408e-13 4.862e-14 0.0 150.27 0.0
S262210 235.0412 57.2398 1.664e-21 1.145e-21 3.935e-22 0.0 151.2 0.0
S262211 235.0287 57.2246 8.010000000000001e-20 1.077e-19 1.395e-19 0.0 150.26 0.0
S262212 235.0213 57.2223 4.59e-13 3.21e-13 1.143e-13 0.0 149.81 0.0
S262213 235.0468 57.2398 1.048e-21 2.15e-21 6.716e-21 0.0 152.39 0.0
S262214 235.031 57.2197 7.934e-20 1.062e-19 1.41e-19 0.0 149.63 0.0
S262215 235.0546 57.2216 7.722e-13 6.102e-13 2.73e-13 0.0 151.52 1.0
S262216 235.0292 57.2394 8.557e-22 1.696e-21 5.123e-21 0.0 150.66 0.0
S262217 235.0349 57.2285 3.771e-19 4.299e-19 4.053e-19 0.0 150.66 0.0
S262218 235.0416 57.2263 7.38e-18 1.261e-17 2.676e-17 0.0 149.85 0.0
S262219 235.0586 57.2509 6.546e-18 1.106e-17 2.391e-17 0.0 152.33 0.0
S262220 235.0293 57.2517 1.6450000000000001e-21 1.136e-21 3.9999999999999997e-22 0.0 150.92 0.0
S262221 235.0287 57.2132 2.149e-17 1.946e-17 1.132e-17 0.0 149.72 0.0
S262222 235.0589 57.2296 6.104e-19 6.782e-19 6.302e-19 0.0 152.17 0.0
S262223 235.0486 57.226 4.998e-17 4.139e-17 2.125e-17 0.0 151.76 0.0
S262224 235.0541 57.236 4.368e-18 4.237e-18 2.946e-18 0.0 151.88 0.0
S262225 235.0263 57.2316 1.518e-23 4.5119999999999996e-23 3.1149999999999997e-22 0.0 150.24 0.0
S262226 235.0376 57.2401 1.768e-17 3.756e-17 1.307e-16 0.0 150.76 0.0
S262227 235.0113 57.2579 7.039e-13 5.644e-13 2.547e-13 0.0 149.97 1.0
S262228 235.0645 57.2485 2.029e-18 2.046e-18 1.514e-18 0.0 152.68 0.0
S262229 235.057 57.2354 3.173e-19 3.719e-19 3.681e-19 0.0 151.73 0.0
S262230 235.0552 57.2667 4.407e-21 8.043e-21 2.073e-20 0.0 152.7 0.0
S262231 235.0116 57.2485 2.368e-19 2.794e-19 2.874e-19 0.0 149.58 0.0
S262232 235.0505 57.2395 8.948999999999999e-23 1.8789999999999997e-22 6.302999999999999e-22 0.0 152.12 0.0
S262233 235.0343 57.2533 5.205e-17 7.499e-17 1.187e-16 0.0 151.19 0.0
S262234 235.0606 57.2199 2.241e-19 2.699e-19 2.937e-19 0.0 151.89 0.0
S262235 235.0068 57.2359 1.943e-21 3.888e-21 1.1840000000000002e-20 0.0 149.83 0.0
S262236 235.0379 57.2043 2.05e-17 4.237e-17 1.434e-16 0.0 150.31 0.0
S262237 235.0511 57.2243 1.4909999999999999e-22 3.7059999999999995e-22 1.796e-21 0.0 152.32 0.0
S262238 235.0195 57.239 3.546e-17 2.983e-17 1.593e-17 0.0 149.95 0.0
S262239 235.0629 57.2301 2.059e-19 2.605e-19 3.03e-19 0.0 152.16 0.0
S262240 235.0662 57.228 2.901e-17 2.398e-17 1.206e-17 0.0 152.67 0.0
S262241 235.0298 57.229 8.56e-18 7.838e-18 4.575e-18 0.0 149.94 0.0
S262242 235.0285 57.2408 1.7789999999999997e-22 4.399e-22 2.077e-21 0.0 150.62 0.0
S262243 235.0577 57.2442 1.405e-21 9.989999999999998e-22 3.6719999999999997e-22 0.0 152.66 0.0
S262244 235.0415 57.2285 3.083e-23 7.416e-23 3.2169999999999995e-22 0.0 149.97 0.0
S262245 235.0329 57.2619 3.165e-18 3.109e-18 2.226e-18 0.0 151.45 0.0
S262246 235.0337 57.2342 2.7859999999999995e-22 6.274999999999999e-22 2.349e-21 0.0 150.79 0.0
S262247 235.0491 57.2377 2.297e-18 2.355e-18 1.809e-18 0.0 152.17 0.0
S262248 235.0281 57.2361 1.874e-19 2.503e-19 3.108e-19 0.0 150.5 0.0
S262249 235.0625 57.2336 1.89e-18 1.987e-18 1.625e-18 0.0 152.66 0.0
S262250 235.0665 57.2447 5.144e-19 6.025e-19 6.015e-19 0.0 152.59 0.0
S262251 235.0458 57.2383 1.572e-19 2.14e-19 2.921e-19 0.0 151.59 0.0
S262252 235.0218 57.2424 3.253e-18 3.365e-18 2.52e-18 0.0 150.24 0.0
S262253 235.0732 57.2305 4.498e-23 1.258e-22 7.428999999999999e-22 0.0 152.66 0.0
S262254 235.0132 57.2215 7.24e-13 5.363e-13 2.168e-13 0.0 149.61 0.0
S262255 235.0408 57.2538 2.228e-18 2.277e-18 1.767e-18 0.0 152.17 0.0
S262256 235.0557 57.2708 9.219e-19 1.017e-18 9.333e-19 0.0 152.85 0.0
S262257 235.0297 57.2413 2.412e-18 2.509e-18 2.031e-18 0.0 150.62 0.0
S262258 235.0411 57.2139 1.692e-23 5.0349999999999995e-23 3.4129999999999997e-22 0.0 149.96 0.0
S262259 235.0438 57.2354 6.016e-18 9.285e-18 1.585e-17 0.0 151.25 0.0
S262260 235.0449 57.2438 6.866000000000001e-20 9.646e-20 1.399e-19 0.0 152.04 0.0
S262261 235.0199 57.2195 5.254e-18 4.859e-18 3.119e-18 0.0 149.46 0.0
S262262 235.0534 57.2421 8.497e-18 1.366e-17 2.589e-17 0.0 152.45 0.0
S262263 235.0254 57.2375 6.718e-21 1.1260000000000001e-20 2.4210000000000002e-20 0.0 149.79 0.0
S262264 235.052 57.2349 2.31e-19 3.028e-19 3.695e-19 0.0 152.3 0.0
S262265 235.0544 57.2495 2.933e-20 4.505e-20 7.815000000000001e-20 0.0 152.62 0.0
S262266 235.0402 57.238 4.184e-19 4.978e-19 5.279e-19 0.0 151.08 0.0
S262267 235.0434 57.243 7.466e-23 2.0279999999999998e-22 1.162e-21 0.0 151.72 0.0
S262268 235.0467 57.2361 3.784e-17 7.952e-17 2.754e-16 0.0 152.21 1.0
S262269 235.0332 57.2651 6.106999999999999e-22 1.276e-21 4.232e-21 0.0 151.62 0.0
S262270 235.0339 57.2226 5.214e-22 1.157e-21 4.312e-21 0.001 150.02 0.0
S262271 235.0418 57.243 3.629e-17 3.117e-17 1.663e-17 0.0 151.64 0.0
S262272 235.0402 57.2347 1.039e-17 1.891e-17 4.553e-17 0.0 150.88 0.0
S262273 235.0563 57.2585 4.786999999999999e-22 1.014e-21 3.484e-21 0.0 152.82 0.0
S262274 235.0593 57.2345 2.114e-19 2.653e-19 3.072e-19 0.0 152.0 0.0
S262275 235.023 57.2315 3.669e-18 3.669e-18 2.753e-18 0.0 149.76 0.0
S262276 235.0341 57.2397 4.0209999999999996e-22 9.209e-22 3.708e-21 0.0 150.57 0.0
S262277 235.0325 57.2254 7.865e-24 2.169e-23 1.322e-22 0.0 149.75 1.0
S262278 235.0211 57.2515 1.861e-18 1.912e-18 1.454e-18 0.0 149.93 0.0
S262279 235.0629 57.2741 5.019e-21 8.901e-21 2.126e-20 0.0 153.04 0.0
S262280 235.0812 57.2205 1.233e-17 1.121e-17 6.734e-18 0.0 152.9 0.0
S262281 235.046 57.2524 3.962e-17 3.263e-17 1.596e-17 0.0 152.47 0.0
S262282 235.0611 57.2128 2.74e-13 1.932e-13 6.718e-14 0.0 151.57 0.0
S262283 235.0364 57.2467 4.415e-24 1.273e-23 8.526e-23 0.0 151.13 0.0
S262284 235.0665 57.2404 7.661000000000001e-20 1.069e-19 1.587e-19 0.0 152.75 0.0
S262285 235.0621 57.2369 1.295e-21 2.509e-21 7.289e-21 0.0 152.02 0.0
S262286 235.0502 57.2487 1.483e-17 2.426e-17 4.724e-17 0.0 152.25 0.0
S262287 235.0488 57.2153 1.773e-21 3.25e-21 8.201e-21 0.0 151.01 0.0
S262288 235.0396 57.2204 1.152e-21 2.462e-21 8.593e-21 0.0 149.93 0.0
S262289 235.054 57.2458 7.455999999999999e-22 1.652e-21 6.195e-21 0.0 152.29 0.0
S262290 235.0461 57.242 2.803e-17 2.557e-17 1.503e-17 0.0 151.64 0.0
S262291 235.0487 57.2499 3.4550000000000003e-20 4.796e-20 6.916e-20 0.0 152.57 0.0
S262292 235.0316 57.249 3.936e-13 2.749e-13 9.449e-14 0.0 150.4 0.0
S262293 235.0428 57.2386 2.465e-18 2.524e-18 1.844e-18 0.0 151.28 0.0
S262294 235.0259 57.2179 2.098e-17 3.937e-17 1.026e-16 0.0 150.01 0.0
S262295 235.0379 57.2306 1.92e-16 1.497e-16 6.681e-17 0.0 150.06 1.0
S262296 235.0179 57.2138 2.799e-19 3.411e-19 3.701e-19 0.0 149.48 0.0
S262297 235.0492 57.2392 6.369e-19 7.586e-19 8e-19 0.0 151.92 0.0
S262298 235.0399 57.214 8.009e-21 1.391e-20 3.222e-20 0.0 150.21 0.0
S262299 235.067 57.2389 2.408e-17 2.029e-17 1.017e-17 0.0 151.99 0.0
S262300 235.0585 57.2234 9.803e-21 1.6160000000000003e-20 3.249e-20 0.0 151.69 0.0
S262301 235.0128 57.2386 7.744e-21 1.3330000000000001e-20 2.8540000000000004e-20 0.0 149.81 0.0
S262302 235.0566 57.2324 1.4030000000000002e-20 2.4540000000000003e-20 5.720000000000001e-20 0.0 151.98 0.0
S262303 235.0505 57.2291 2.6469999999999997e-23 7.578e-23 4.912e-22 0.0 151.42 0.0
S262304 235.0386 57.2391 1.061e-18 1.169e-18 1.045e-18 0.0 151.03 0.0
S262305 235.0227 57.2349 9.385e-21 1.542e-20 3.2260000000000004e-20 0.0 149.74 0.0
S262306 235.0265 57.2467 1.2950000000000001e-20 2.2610000000000003e-20 5.0330000000000006e-20 0.0 149.77 0.0
S262307 235.0494 57.2363 6.914e-23 1.767e-22 9.228e-22 0.0 151.83 0.0
S262308 235.0105 57.2277 3.17e-17 2.677e-17 1.347e-17 0.0 149.48 0.0
S262309 235.06 57.2411 1.773e-21 3.524e-21 1.0450000000000001e-20 0.0 152.67 0.0
S262310 235.0832 57.2467 7.448e-18 6.952e-18 4.352e-18 0.0 152.88 0.0
S262311 235.0032 57.2259 6.004e-20 8.685000000000001e-20 1.28e-19 0.0 149.38 0.0
S262312 235.0115 57.2331 9.421e-17 6.989e-17 2.8e-17 0.0 149.77 0.0
S262313 235.0305 57.2337 1.1e-19 1.525e-19 2.189e-19 0.0 149.97 0.0
S262314 235.0583 57.241 8.197e-23 2.0429999999999998e-22 1.031e-21 0.0 152.6 0.0
S262315 235.0156 57.2363 6.428e-18 9.225e-18 1.465e-17 0.0 149.72 0.0
S262316 235.0659 57.2459 2.164e-18 2.217e-18 1.635e-18 0.0 152.71 0.0
S262317 235.0566 57.2397 6.725e-23 1.536e-22 6.124999999999999e-22 0.0 152.48 0.0
S262318 234.9987 57.2264 1.151e-19 1.572e-19 2.189e-19 0.0 149.44 0.0
S262319 235.0182 57.2297 1.8040000000000002e-25 8.595e-25 1.6289999999999998e-23 0.0 149.75 0.0
S262320 234.9971 57.2242 1.375e-21 9.803e-22 3.5729999999999995e-22 0.0 149.3 0.0
S262321 235.0165 57.227 3.7479999999999998e-22 8.529e-22 3.337e-21 0.0 149.63 0.0
S262322 235.0694 57.2484 6.908999999999999e-22 1.5320000000000001e-21 5.661e-21 0.0 152.78 0.0
S262323 235.0784 57.2463 6.741e-21 1.1190000000000001e-20 2.222e-20 0.0 152.98 0.0
S262324 235.003 57.2306 1.964e-22 4.282999999999999e-22 1.569e-21 0.001 149.41 0.0
S262325 235.0584 57.2314 4.8220000000000003e-20 7.389e-20 1.289e-19 0.0 152.22 0.0
S262326 235.0168 57.2265 1.743e-17 1.545e-17 8.84e-18 0.0 149.63 0.0
S262327 235.0654 57.2528 1.236e-17 2.438e-17 7.153e-17 0.0 152.78 0.0
S262328 235.0058 57.233 1.118e-17 2.028e-17 5.164e-17 0.0 149.6 0.0
S262329 235.0648 57.2492 1.616e-17 1.333e-17 6.7e-18 0.0 152.82 0.0
S262330 234.9922 57.2239 8.886e-18 1.863e-17 6.284e-17 0.0 149.38 0.0
S262331 235.068 57.2396 2.496e-17 2.214e-17 1.262e-17 0.0 152.76 0.0
S262332 235.0171 57.2291 4.32e-19 5.377e-19 6.002e-19 0.0 149.62 0.0
S262333 235.0321 57.2283 7.96e-13 6.132e-13 2.634e-13 0.0 150.07 1.0
S262334 235.0642 57.2483 1.901e-23 5.923e-23 4.57e-22 0.0 152.72 0.0
S262335 235.0014 57.2302 3.423e-19 4.184e-19 4.578e-19 0.0 149.54 0.0
S262336 235.0796 57.2465 9.019e-20 1.236e-19 1.697e-19 0.0 152.99 0.0
S262337 235.0921 57.254 2.1e-18 2.173e-18 1.618e-18 0.001 153.04 0.0
S262338 235.0006 57.2294 1.665e-21 1.169e-21 4.0789999999999996e-22 0.0 149.4 0.0
S262339 235.0625 57.2404 1.738e-16 5.094e-16 3.59e-15 0.0 152.54 1.0
S262340 235.0034 57.2245 6.633e-19 7.836e-19 7.663e-19 0.0 149.51 0.0
S262341 235.093 57.2502 7.296e-18 6.806e-18 4.38e-18 0.0 153.03 0.0
S262342 235.0715 57.244 2.0790000000000002e-20 3.0260000000000004e-20 4.7870000000000004e-20 0.0 152.73 0.0
S262343 235.0885 57.2485 5.094e-17 3.925e-17 1.682e-17 0.0 152.74 0.0
S262344 235.07 57.2434 1.486e-18 1.54e-18 1.185e-18 0.0 152.62 0.0
S262345 235.0678 57.2433 2.14e-17 3.365e-17 6.286e-17 0.0 152.68 1.0
S262346 235.0077 57.2323 1.101e-17 2.075e-17 5.308e-17 0.0 149.56 0.0
S262347 235.0064 57.233 2.202e-20 3.6530000000000005e-20 7.512000000000001e-20 0.0 149.52 0.0
S262348 235.0093 57.2308 1.038e-24 3.652e-24 3.7579999999999996e-23 0.0 149.52 0.0
S262349 235.0022 57.2358 1.106e-22 3.015e-22 1.789e-21 0.0 149.56 0.0
S262350 234.9988 57.2297 7.787e-18 1.426e-17 3.551e-17 0.0 149.43 0.0
S262351 235.0024 57.2262 3.1369999999999996e-22 6.359999999999999e-22 2.05e-21 0.0 149.38 0.0
S262352 235.0042 57.2377 2.371e-23 6.566e-23 3.9109999999999997e-22 0.0 149.46 0.0
S262353 235.0816 57.2466 3.7089999999999996e-22 8.794e-22 3.82e-21 0.0 152.86 0.0
S262354 235.0672 57.245 3.1229999999999998e-24 9.805e-24 7.82e-23 0.0 152.6 0.0
S262355 235.0688 57.2545 1.154e-17 2.62e-17 1.008e-16 0.0 152.92 0.0
S262356 235.0118 57.2247 4.216e-17 3.421e-17 1.596e-17 0.0 149.62 0.0
S262357 234.9844 57.2291 8.0449999999999995e-22 1.791e-21 6.859e-21 0.0 149.39 0.0
S262358 235.0846 57.2482 5.648e-19 6.644e-19 6.573e-19 0.0 152.96 0.0
S262359 235.0705 57.242 2.33e-21 4.232e-21 1.0290000000000001e-20 0.0 152.76 0.0
S262360 234.9852 57.2308 1.099e-17 1.02e-17 6.415e-18 0.0 149.48 0.0
S262361 235.0942 57.2524 1.174e-18 1.161e-18 8.388e-19 0.0 152.98 0.0
S262362 234.999 57.2217 9.422e-17 7.212e-17 3.06e-17 0.0 149.33 0.0
S262363 235.0085 57.2319 1.542e-21 1.099e-21 3.9149999999999995e-22 0.0 149.65 0.0
S262364 235.0797 57.2491 1.457e-19 1.894e-19 2.413e-19 0.001 152.86 0.0
S262365 234.9858 57.2239 1.8569999999999997e-22 4.543e-22 2.1190000000000002e-21 0.0 149.43 0.0
S262366 235.0643 57.2472 2.269e-19 2.828e-19 3.352e-19 0.0 152.64 0.0
S262367 235.0012 57.2257 5.654e-19 7.11e-19 8.212e-19 0.0 149.43 0.0
S262368 234.9976 57.2191 2.4990000000000003e-20 3.8200000000000004e-20 6.880000000000001e-20 0.0 149.35 0.0
S262369 235.088 57.2496 2.837e-20 4.321e-20 7.653e-20 0.0 152.86 0.0
S262370 235.0799 57.2428 1.883e-19 2.463e-19 3.043e-19 0.0 152.71 0.0
S262371 235.0845 57.2441 2.7339999999999995e-22 6.332999999999999e-22 2.5530000000000002e-21 0.0 152.99 0.0
S262372 235.0005 57.225 8.907e-24 2.852e-23 2.308e-22 0.0 149.31 0.0
S262373 234.988 57.2246 1.102e-18 1.179e-18 1.002e-18 0.0 149.33 0.0
S262374 235.0004 57.2284 4.363e-19 5.314e-19 5.936e-19 0.0 149.5 0.0
S262375 235.0697 57.2506 4.365e-19 5.295e-19 5.958e-19 0.0 152.9 0.0
S262376 234.9884 57.2269 1.051e-19 1.395e-19 1.784e-19 0.0 149.36 0.0
S262377 235.0897 57.2487 2.017e-17 3.806e-17 1.015e-16 0.0 153.08 0.0
S262378 235.0807 57.2456 1.452e-19 1.846e-19 2.259e-19 0.0 152.95 0.0
S262379 235.0637 57.2511 5.682e-18 5.322e-18 3.33e-18 0.0 152.79 0.0
S262380 235.0906 57.2517 1.5320000000000001e-21 1.065e-21 3.7239999999999997e-22 0.0 152.93 0.0
S262381 235.0135 57.2244 2.456e-16 1.882e-16 8.076e-17 0.0 149.56 1.0
S262382 234.9948 57.2186 1.395e-17 1.238e-17 6.874e-18 0.0 149.43 0.0
S262383 234.9975 57.2259 4.823e-24 1.5539999999999998e-23 1.288e-22 0.0 149.33 0.0
S262384 235.0878 57.2478 1.717e-13 1.11e-13 3.349e-14 0.0 153.06 0.0
S262385 234.9939 57.2266 1.021e-17 1.796e-17 4.254e-17 0.0 149.31 0.0
S262386 235.0903 57.2464 3.357e-23 9.444e-23 5.575999999999999e-22 0.0 152.94 0.0
S262387 235.0923 57.2532 3.184e-16 2.289e-16 8.729e-17 0.0 153.05 0.0
S262388 235.0728 57.2423 2.348e-24 9.32e-24 1.172e-22 0.0 152.74 0.0
S262389 235.0909 57.25 9.514000000000001e-20 1.261e-19 1.558e-19 0.0 153.01 0.0
S262390 234.9743 57.2175 5.834e-25 2.472e-24 3.7059999999999996e-23 0.0 149.19 0.0
S262391 235.106 57.2474 1.627e-17 2.966e-17 7.475e-17 0.0 152.97 0.0
S262392 235.0949 57.2568 7.34e-18 6.831e-18 4.167e-18 0.0 153.02 0.0
S262393 234.998 57.2281 1.684e-20 2.787e-20 5.756e-20 0.0 149.57 0.0
S262394 234.9946 57.2255 2.133e-21 4.235e-21 1.2430000000000001e-20 0.0 149.39 0.0
S262395 234.9872 57.2253 9.853e-19 1.129e-18 1.071e-18 0.0 149.48 0.0
S262396 235.0933 57.2551 5.363e-21 9.447e-21 2.243e-20 0.0 153.05 0.0
S262397 234.9953 57.2247 1.057e-21 2.01e-21 5.66e-21 0.0 149.41 0.0
S262398 235.0971 57.2506 1.65e-18 1.663e-18 1.188e-18 0.0 153.03 0.0
S262399 235.0943 57.2524 1.5410000000000001e-21 1.085e-21 3.9139999999999995e-22 0.0 153.01 0.0
S262400 235.0043 57.2258 5.89e-19 6.941e-19 6.773e-19 0.0 149.54 0.0
S262401 234.9822 57.2187 2.331e-13 1.603e-13 5.373e-14 0.0 149.39 0.0
S262402 234.9896 57.2191 5.431e-13 4.042e-13 1.584e-13 0.0 149.32 0.0
S262403 235.0877 57.2423 5.958e-18 5.7e-18 3.845e-18 0.0 152.97 0.0
S262404 234.9931 57.2215 7.436e-20 1.034e-19 1.469e-19 0.0 149.37 0.0
S262405 234.9909 57.2246 1.442e-20 2.3270000000000003e-20 4.4060000000000005e-20 0.0 149.35 0.0
S262406 235.0968 57.248 3.669e-17 2.992e-17 1.486e-17 0.0 152.87 0.0
S262407 235.09 57.2453 1.914e-18 1.954e-18 1.458e-18 0.0 152.93 0.0
S262408 235.0995 57.2476 1.2890000000000002e-20 2.0580000000000003e-20 3.919e-20 0.0 152.85 0.0
S262409 235.0871 57.2468 1.763e-21 1.21e-21 4.2259999999999995e-22 0.0 152.83 0.0
S262410 234.977 57.227 4.666e-19 5.282e-19 5.051e-19 0.0 149.36 0.0
S262411 235.103 57.2521 9.947e-21 1.6860000000000002e-20 3.5430000000000005e-20 0.0 153.01 0.0
S262412 235.0981 57.2484 4.6200000000000005e-20 6.781e-20 1.1e-19 0.0 152.9 0.0
S262413 234.9899 57.2276 1.682e-18 1.812e-18 1.483e-18 0.0 149.4 0.0
S262414 234.9764 57.2227 1.63e-23 4.806e-23 3.386e-22 0.0 149.27 0.0
S262415 235.0912 57.2514 6.054000000000001e-20 8.232000000000001e-20 1.121e-19 0.0 152.99 0.0
S262416 235.0918 57.2482 1.056e-22 2.6779999999999997e-22 1.355e-21 0.0 152.87 0.0
S262417 234.9816 57.2098 1.034e-19 1.434e-19 2.034e-19 0.0 149.32 0.0
S262418 234.9678 57.2172 2.184e-18 2.246e-18 1.735e-18 0.0 149.26 0.0
S262419 234.9809 57.2265 2.062e-24 7.096999999999999e-24 6.648e-23 0.0 149.37 0.0
S262420 235.1121 57.2554 6.75e-20 9.329000000000001e-20 1.334e-19 0.0 152.94 0.0
S262421 235.0995 57.2515 8.401e-23 2.0909999999999997e-22 1.046e-21 0.0 153.15 0.0
S262422 235.1135 57.255 2.264e-16 1.797e-16 8.114e-17 0.0 153.17 1.0
S262423 235.0857 57.2517 1.957e-21 1.35e-21 4.608999999999999e-22 0.0 153.09 0.0
S262424 235.1167 57.2625 1.538e-17 2.62e-17 5.552e-17 0.0 153.07 0.0
S262425 234.9815 57.2253 1.6600000000000001e-21 3.267e-21 9.519e-21 0.0 149.38 0.0
S262426 235.1063 57.2478 1.52e-17 2.233e-17 3.435e-17 0.0 152.98 0.0
S262427 234.9755 57.2198 9.3e-20 1.311e-19 1.89e-19 0.0 149.37 0.0
S262428 235.0932 57.2486 1.86e-18 1.924e-18 1.508e-18 0.0 153.03 0.0
S262429 234.9842 57.2242 9.674e-17 7.72e-17 3.697e-17 0.0 149.44 0.0
S262430 234.9587 57.2185 1.316e-17 1.91e-17 3.051e-17 0.0 149.37 0.0
S262431 234.9763 57.2272 1.341e-19 1.794e-19 2.351e-19 0.0 149.33 0.0
S262432 235.1164 57.2573 1.112e-17 1.916e-17 4.215e-17 0.0 153.13 0.0
S262433 235.1049 57.2544 4.843e-21 8.371e-21 1.9230000000000003e-20 0.0 153.12 0.0
S262434 234.9788 57.2197 1.447e-21 2.913e-21 9.016e-21 0.0 149.31 0.0
S262435 235.0002 57.2261 1.765e-21 1.222e-21 4.2249999999999994e-22 0.0 149.42 0.0
S262436 234.9822 57.2274 8.698e-19 9.421e-19 7.986e-19 0.0 149.34 0.0
S262437 235.0973 57.2492 1.269e-22 3.2239999999999995e-22 1.549e-21 0.0 152.97 0.0
S262438 234.9494 57.2115 2.2e-21 1.475e-21 4.864999999999999e-22 0.0 149.3 0.0
S262439 235.116 57.2531 3.8589999999999997e-22 8.748999999999999e-22 3.455e-21 0.0 153.1 0.0
S262440 234.9778 57.2219 1.395e-21 9.818999999999999e-22 3.5159999999999997e-22 0.0 149.32 0.0
S262441 235.117 57.2545 1.019e-18 1.056e-18 8.376e-19 0.0 153.08 0.0
S262442 235.1147 57.2502 3.061e-18 3.187e-18 2.423e-18 0.0 153.05 0.0
S262443 235.1038 57.2532 5.419e-17 4.51e-17 2.174e-17 0.0 153.07 0.0
S262444 235.1096 57.255 1.021e-17 9.518e-18 6.126e-18 0.0 153.02 0.0
S262445 235.111 57.2523 1.03e-17 2.082e-17 6.206e-17 0.0 153.09 0.0
S262446 235.1037 57.2494 2.5349999999999996e-22 6.023999999999999e-22 2.659e-21 0.0 153.01 0.0
S262447 234.9779 57.2229 6.408e-23 1.7119999999999997e-22 9.124999999999998e-22 0.0 149.42 0.0
S262448 234.9795 57.2271 4.045e-21 7.225e-21 1.708e-20 0.0 149.43 0.0
S262449 234.9668 57.2151 5.344e-16 3.761e-16 1.359e-16 0.0 149.27 0.0
S262450 235.1098 57.2547 1.131e-17 1.03e-17 6.358e-18 0.0 152.97 0.0
S262451 234.9638 57.2152 9.819e-25 3.919e-24 5.0939999999999996e-23 0.0 149.4 0.0
S262452 235.1188 57.2585 5.591e-18 5.496e-18 3.786e-18 0.0 153.07 0.0
S262453 234.9514 57.2147 2.405e-17 4.112e-17 8.956e-17 0.0 149.33 0.0
S262454 235.1301 57.262 9.539e-18 1.623e-17 3.493e-17 0.0 153.11 0.0
S262455 234.9632 57.221 4.59e-19 5.803e-19 7.124e-19 0.0 149.45 0.0
S262456 235.114 57.2533 1.4680000000000002e-20 2.4030000000000003e-20 4.7490000000000007e-20 0.0 153.1 0.0
S262457 234.9617 57.2173 4.589e-14 6.245e-14 8.451e-14 0.0 149.33 0.0
S262458 234.9362 57.206 8.569999999999999e-22 1.726e-21 5.293e-21 0.0 149.22 0.0
S262459 235.1317 57.2649 4.457e-17 3.86e-17 2.115e-17 0.0 153.08 0.0
S262460 234.9711 57.223 5.725000000000001e-20 8.333000000000001e-20 1.335e-19 0.0 149.48 0.0
S262461 235.1231 57.2575 2.078e-18 2.109e-18 1.573e-18 0.0 153.07 0.0
S262462 235.1394 57.2573 1.4370000000000001e-21 9.989999999999998e-22 3.5399999999999998e-22 0.0 153.12 0.0
S262463 234.9494 57.2096 1.464e-21 2.985e-21 9.793e-21 0.0 149.26 0.0
S262464 235.142 57.2547 2.498e-17 2.046e-17 1.012e-17 0.0 153.11 0.0
S262465 234.9791 57.224 3.701e-19 4.244e-19 4.137e-19 0.0 149.33 0.0
S262466 235.1244 57.256 5.392e-18 5.289e-18 3.735e-18 0.0 153.0 0.0
S262467 235.1371 57.2606 3.021e-19 3.526e-19 3.468e-19 0.0 153.07 0.0
S262468 234.9487 57.2221 1.802e-21 1.225e-21 4.2349999999999996e-22 0.0 149.38 0.0
S262469 234.9515 57.2167 1.059e-18 1.079e-18 8.404e-19 0.0 149.32 0.0
S262470 234.9458 57.2143 1.281e-19 1.741e-19 2.38e-19 0.0 149.31 0.0
S262471 234.9502 57.2087 1.018e-19 1.317e-19 1.612e-19 0.0 149.27 1.0
S262472 234.943 57.2139 1.249e-16 9.631e-17 4.121e-17 0.0 149.31 0.0
S262473 234.9465 57.2097 1.476e-17 1.306e-17 7.502e-18 0.0 149.26 0.0
S262474 235.1324 57.263 3.236e-16 2.354e-16 8.764e-17 0.0 153.11 0.0
S262475 235.1421 57.2652 6.211e-17 5.127e-17 2.483e-17 0.0 153.2 0.0
S262476 234.9509 57.2138 4.192e-13 3.15e-13 1.242e-13 0.0 149.25 0.0
S262477 234.9492 57.2129 5.563e-16 4.063e-16 1.551e-16 0.0 149.25 0.0
S262478 234.948 57.2139 5.388e-17 4.439e-17 2.179e-17 0.0 149.22 0.0
S262479 235.1309 57.2603 8.212e-17 6.402e-17 2.812e-17 0.0 153.15 0.0
S262480 235.1293 57.2585 1.462e-15 1.023e-15 3.634e-16 0.0 153.07 0.0
S262481 234.9492 57.2153 1.187e-16 1.865e-16 3.331e-16 0.0 149.35 0.0
S262482 234.9486 57.2158 1.034e-16 8.556e-17 4.235e-17 0.0 149.27 0.0
S262483 235.1292 57.2548 4.219e-16 3.105e-16 1.251e-16 0.0 153.05 0.0
S262484 234.9472 57.2147 1.42e-16 1.113e-16 4.812e-17 0.0 149.3 1.0
S262485 234.9403 57.2157 4.658e-16 3.419e-16 1.361e-16 0.0 149.36 0.0
S262486 234.9469 57.2177 1.561e-15 1.067e-15 3.723e-16 0.001 149.47 0.0
S262487 235.138 57.256 1.748e-16 1.286e-16 5.027e-17 0.0 152.95 0.0
S262488 234.9559 57.2204 1.6e-16 1.235e-16 5.313e-17 0.0 149.4 1.0
S262489 235.1352 57.2553 1.105e-17 1.016e-17 6.398e-18 0.0 153.0 0.0
S262490 234.9539 57.2223 7.219e-18 7.021e-18 4.719e-18 0.0 149.42 0.0
S262491 234.948 57.2221 1.878e-21 1.317e-21 4.533999999999999e-22 0.0 149.45 0.0
S262492 235.1389 57.2529 5.905e-16 4.273e-16 1.667e-16 0.0 152.95 0.0
S262493 234.9515 57.2241 2.4140000000000002e-20 3.864e-20 7.484000000000001e-20 0.0 149.54 0.0
S262494 235.1284 57.2491 1.668e-21 1.144e-21 3.9689999999999996e-22 0.0 152.84 0.0
S262495 234.9479 57.2232 5.552e-13 3.99e-13 1.513e-13 0.0 149.49 1.0
S262496 235.1287 57.249 7.151e-17 5.816e-17 2.833e-17 0.0 152.79 0.0
S262497 234.947 57.2241 5.655e-17 4.59e-17 2.204e-17 0.0 149.51 0.0
S262498 234.9505 57.2271 4.651e-13 3.75e-13 1.805e-13 0.0 149.63 1.0
S262499 235.1301 57.2456 1.023e-15 7.307e-16 2.638e-16 0.0 152.7 0.0
S262500 235.1323 57.2463 4.779e-15 3.222e-15 1.065e-15 0.0 152.74 0.0
S262501 235.1345 57.2457 1.551e-17 1.414e-17 8.447e-18 0.0 152.7 0.0
S262502 234.9542 57.2302 3.768e-13 3.033e-13 1.452e-13 0.0 149.69 1.0
S262503 234.9572 57.2322 7.437e-17 5.873e-17 2.658e-17 0.0 149.79 0.0
S262504 235.1242 57.2407 4.277e-16 3.194e-16 1.275e-16 0.0 152.58 0.0
S262505 234.9603 57.2354 4.252e-13 3.665e-13 1.927e-13 0.0 149.76 1.0
S262506 235.1279 57.2411 3.855e-16 2.833e-16 1.112e-16 0.0 152.58 0.0
S262507 235.1178 57.2368 1.307e-17 1.158e-17 6.692e-18 0.0 152.56 0.0
S262508 234.962 57.2403 1.8e-16 1.382e-16 5.979e-17 0.0 150.0 1.0
S262509 235.1214 57.2352 9.82e-17 7.699e-17 3.464e-17 0.0 152.42 1.0
S262510 234.9613 57.2391 4.041e-16 2.941e-16 1.128e-16 0.0 149.92 0.0
S262511 234.9627 57.2418 2.764e-17 2.459e-17 1.421e-17 0.0 150.02 0.0
S262512 234.973 57.2457 6.126e-16 4.494e-16 1.717e-16 0.0 150.13 0.0
S262513 235.1156 57.2282 2.641e-15 1.926e-15 7.312e-16 0.0 152.18 0.0
S262514 234.9694 57.2443 4.636e-16 3.515e-16 1.468e-16 0.0 150.14 0.0
S262515 234.9738 57.2463 9.132e-17 7.98e-17 4.398e-17 0.0 150.16 0.0
S262516 235.1094 57.2261 1.064e-16 8.635e-17 4.05e-17 0.0 152.19 0.0
S262517 235.1089 57.2254 1.114e-16 8.696e-17 3.747e-17 0.0 152.09 1.0
S262518 235.1012 57.222 1.182e-17 1.11e-17 7.136e-18 0.0 152.06 0.0
S262519 235.0983 57.2238 3.578e-16 2.554e-16 9.65e-17 0.0 152.03 0.0
S262520 235.0993 57.2183 1.419e-17 1.248e-17 7.174e-18 0.0 151.9 0.0
S262521 234.985 57.2556 3.976e-17 3.508e-17 1.942e-17 0.0 150.43 0.0
S262522 235.0994 57.2187 6.468e-18 6.178e-18 4.116e-18 0.0 151.94 0.0
S262523 234.9939 57.2575 2.987e-16 2.21e-16 8.67e-17 0.0 150.55 0.0
S262524 235.092 57.212 4.406e-16 3.19e-16 1.229e-16 0.0 151.69 0.0
S262525 234.9949 57.2638 3.162e-16 2.511e-16 1.155e-16 0.0 150.7 0.0
S262526 235.0861 57.213 6.434e-13 4.899e-13 2.102e-13 0.0 151.65 1.0
S262527 234.9984 57.2632 2.023e-17 5.36e-17 2.894e-16 0.0 150.87 1.0
S262528 235.0795 57.2092 2.152e-16 1.705e-16 7.807e-17 0.0 151.56 1.0
S262529 235.077 57.2086 6.363e-13 5.017e-13 2.192e-13 0.0 151.56 1.0
S262530 235.0107 57.2715 2.744e-17 2.286e-17 1.161e-17 0.0 151.02 0.0
S262531 235.0163 57.2695 1.563e-15 1.067e-15 3.688e-16 0.0 151.1 0.0
S262532 235.0177 57.2712 8.406e-20 1.155e-19 1.581e-19 0.0 151.13 0.0
S262533 235.0219 57.2726 2.759e-16 2.034e-16 8.2e-17 0.0 151.1 0.0
S262534 235.0572 57.1968 7.996e-16 5.629e-16 1.996e-16 0.0 151.15 0.0
S262535 235.0549 57.1985 1.312e-16 1.018e-16 4.422e-17 0.0 151.15 0.0
S262536 235.0473 57.1948 6.876e-13 5.209e-13 2.123e-13 0.0 150.93 0.0
S262537 235.0469 57.1967 1.474e-19 1.952e-19 2.604e-19 0.0 150.94 0.0
S262538 235.0409 57.1912 1.63e-19 2.16e-19 2.813e-19 0.0 150.84 0.0
S262539 235.0475 57.2849 3.267e-13 2.285e-13 7.995e-14 0.0 151.61 0.0
S262540 235.0504 57.2832 5.29e-16 3.973e-16 1.582e-16 0.0 151.63 0.0
S262541 235.0293 57.1917 3.931e-19 5.268e-19 6.899e-19 0.0 150.67 0.0
S262542 235.0231 57.1868 4.619e-17 3.826e-17 1.873e-17 0.0 150.63 0.0
S262543 235.0188 57.1884 1.688e-13 1.141e-13 3.746e-14 0.0 150.55 0.0
S262544 235.0678 57.2866 1.324e-15 9.223e-16 3.247e-16 0.001 151.89 0.0
S262545 235.0104 57.1833 2.043e-15 1.452e-15 5.108e-16 0.0 150.51 0.0
S262546 235.0776 57.2892 2.799e-17 4.429e-17 8.633e-17 0.0 152.04 0.0
S262547 235.0047 57.1851 4.686e-18 4.68e-18 3.253e-18 0.0 150.33 0.0
S262548 234.9912 57.1769 5.729e-18 9.026e-18 1.643e-17 0.0 150.16 0.0
S262549 234.9895 57.1765 2.221e-15 1.522e-15 5.391e-16 0.0 150.13 0.0
S262550 235.0995 57.2962 1.893e-16 1.541e-16 7.422e-17 0.0 152.4 0.0
S262551 234.9824 57.178 3.759e-16 2.831e-16 1.198e-16 0.0 149.98 1.0
S262552 235.1101 57.2999 4.1519999999999995e-22 9.261e-22 3.429e-21 0.0 152.49 0.0
S262553 235.1137 57.3006 8.132e-16 5.625e-16 1.954e-16 0.0 152.53 0.0
S262554 235.1115 57.296 3.055e-16 2.374e-16 1.024e-16 0.0 152.48 1.0
S262555 235.1212 57.3016 1.006e-19 1.277e-19 1.528e-19 0.0 152.64 0.0
S262556 235.1285 57.2559 4.09e-18 4.179e-18 3.179e-18 0.0 153.01 0.0
S262557 234.9658 57.2223 6.735e-18 9.908e-18 1.651e-17 0.0 149.4 0.0
S262558 235.1276 57.2545 5.813e-17 4.682e-17 2.099e-17 0.0 152.96 0.0
S262559 234.9547 57.2197 5.476e-17 4.655e-17 2.347e-17 0.0 149.41 0.0
S262560 235.1137 57.2497 3.475e-17 5.542e-17 1.008e-16 0.0 152.95 0.0
S262561 234.9438 57.2173 1.356e-21 9.775e-22 3.6409999999999996e-22 0.0 149.36 0.0
S262562 234.9647 57.2231 2.423e-17 2.092e-17 1.126e-17 0.0 149.48 0.0
S262563 234.958 57.2217 2.325e-19 2.803e-19 3.061e-19 0.0 149.43 0.0
S262564 235.1394 57.2544 3.1049999999999995e-22 7.422e-22 3.238e-21 0.0 152.94 0.0
S262565 235.1377 57.2534 1.5229999999999998e-22 3.8789999999999996e-22 1.902e-21 0.0 152.92 0.0
S262566 234.9577 57.22 1.634e-18 1.754e-18 1.47e-18 0.0 149.5 0.0
S262567 234.9442 57.2267 1.365e-21 9.74e-22 3.6619999999999995e-22 0.0 149.46 0.0
S262568 235.1192 57.247 3.185e-15 2.314e-15 9.042e-16 0.0 152.72 0.0
S262569 234.9663 57.2294 8.018e-16 5.63e-16 1.951e-16 0.0 149.65 0.0
S262570 234.953 57.2257 2.529e-17 2.214e-17 1.228e-17 0.0 149.53 0.0
S262571 235.1271 57.2482 1.13e-17 2.619e-17 1.048e-16 0.0 152.74 0.0
S262572 235.135 57.2484 3.05e-20 4.5580000000000005e-20 7.482e-20 0.0 152.75 0.0
S262573 235.1219 57.2461 7.834000000000001e-20 1.102e-19 1.561e-19 0.0 152.74 0.0
S262574 235.1251 57.2433 2.264e-21 4.265e-21 1.106e-20 0.0 152.68 0.0
S262575 234.9574 57.2296 4.023e-17 3.415e-17 1.797e-17 0.0 149.78 0.0
S262576 235.1387 57.2446 3.577e-19 4.471e-19 5.226e-19 0.0 152.75 0.0
S262577 234.9596 57.2315 2.062e-17 1.755e-17 9.616e-18 0.0 149.72 0.0
S262578 234.9593 57.2344 1.543e-21 2.846e-21 7.188e-21 0.0 149.83 0.0
S262579 234.9764 57.2416 2.39e-17 2.057e-17 1.13e-17 0.0 149.96 0.0
S262580 235.1145 57.2377 3.062e-17 5.779e-17 1.56e-16 0.0 152.46 0.0
S262581 235.1079 57.2352 2.216e-17 3.216e-17 4.99e-17 0.0 152.41 0.0
S262582 235.1105 57.2364 1.439e-17 1.245e-17 6.745e-18 0.0 152.46 0.0
S262583 235.0978 57.2343 3.282e-22 7.820999999999999e-22 3.54e-21 0.0 152.37 0.0
S262584 235.1179 57.2379 1.102e-15 7.585e-16 2.666e-16 0.0 152.58 0.0
S262585 234.969 57.2378 4.333e-17 3.532e-17 1.682e-17 0.0 149.97 0.0
S262586 235.1128 57.2334 1.421e-17 2.59e-17 6.407e-17 0.0 152.32 0.0
S262587 234.9707 57.2424 4.407e-13 4.111e-13 2.562e-13 0.0 150.09 1.0
S262588 234.9705 57.2465 1.29e-15 9.451e-16 3.551e-16 0.0 150.11 0.0
S262589 235.0981 57.224 2.756e-16 2.082e-16 8.214e-17 0.0 151.96 0.0
S262590 234.9639 57.2431 7.667e-20 1.057e-19 1.486e-19 0.0 150.14 0.0
S262591 234.9827 57.2488 1.48e-17 1.357e-17 8.31e-18 0.0 150.4 0.0
S262592 234.9763 57.2479 1.558e-17 3.081e-17 8.888e-17 0.0 150.29 0.0
S262593 234.9878 57.2469 6.671e-23 1.7009999999999997e-22 8.241e-22 0.0 150.39 0.0
S262594 234.9782 57.2475 7.246e-18 6.708e-18 4.197e-18 0.0 150.34 0.0
S262595 234.9836 57.2544 3.388e-21 6.754e-21 1.9820000000000003e-20 0.001 150.53 0.0
S262596 234.994 57.2538 6.494e-19 7.636e-19 7.457e-19 0.0 150.45 0.0
S262597 235.0906 57.2213 2.11e-21 3.934e-21 1.03e-20 0.0 151.88 0.0
S262598 235.0925 57.2168 9.088e-18 8.884e-18 6.264e-18 0.0 151.85 0.0
S262599 235.0886 57.2187 4.748e-17 3.784e-17 1.777e-17 0.0 151.8 0.0
S262600 234.9978 57.2561 3.71e-18 3.67e-18 2.654e-18 0.0 150.67 0.0
S262601 235.0005 57.2592 1.692e-18 1.687e-18 1.229e-18 0.0 150.77 0.0
S262602 234.9923 57.2624 6.474e-17 1.512e-16 6.274e-16 0.0 150.64 1.0
S262603 235.0776 57.212 4.257e-21 7.779e-21 1.9340000000000002e-20 0.0 151.48 0.0
S262604 235.0721 57.2109 8.956e-21 1.536e-20 3.374e-20 0.0 151.51 0.0
S262605 235.0751 57.2079 5.769e-18 5.65e-18 3.856e-18 0.0 151.43 0.0
S262606 235.067 57.2023 6.286000000000001e-20 9.099000000000001e-20 1.412e-19 0.0 151.32 0.0
S262607 235.0683 57.207 4.406e-13 3.061e-13 1.076e-13 0.0 151.31 0.0
S262608 235.0619 57.206 1.748e-18 1.741e-18 1.259e-18 0.0 151.24 0.0
S262609 235.0219 57.2697 1.39e-21 9.789999999999999e-22 3.586e-22 0.0 151.19 0.0
S262610 235.0226 57.2742 1.9110000000000002e-21 1.285e-21 4.351e-22 0.0 151.23 0.0
S262611 235.028 57.2751 2.811e-21 1.8040000000000002e-21 5.517999999999999e-22 0.0 151.22 0.0
S262612 235.0575 57.2009 3.036e-16 2.279e-16 9.325e-17 0.0 151.09 0.0
S262613 235.0356 57.2766 6.483e-19 7.806e-19 8.336e-19 0.0 151.46 0.0
S262614 235.0422 57.2838 1.382e-15 9.708e-16 3.399e-16 0.0 151.48 0.0
S262615 235.0391 57.1867 7.031e-19 8.144e-19 7.732e-19 0.0 150.89 0.0
S262616 235.051 57.2851 1.27e-17 1.124e-17 6.185e-18 0.0 151.57 0.0
S262617 235.0337 57.1885 3.365e-19 3.967e-19 4.064e-19 0.0 150.79 0.0
S262618 235.0556 57.2869 1.1100000000000001e-21 2.204e-21 6.691e-21 0.0 151.69 0.0
S262619 235.0246 57.1908 3.827e-18 3.915e-18 2.997e-18 0.0 150.6 0.0
S262620 235.0185 57.1891 2.125e-20 3.1640000000000004e-20 5.0130000000000005e-20 0.0 150.56 0.0
S262621 235.0136 57.1842 2.274e-17 1.999e-17 1.081e-17 0.0 150.5 0.0
S262622 235.0074 57.1754 3.155e-21 5.812e-21 1.484e-20 0.0 150.44 0.0
S262623 235.0035 57.182 1.286e-17 1.793e-17 2.636e-17 0.0 150.25 0.0
S262624 235.079 57.2905 1.653e-16 1.257e-16 5.267e-17 0.0 152.1 1.0
S262625 235.0822 57.2863 1.203e-23 4.1549999999999997e-23 3.9479999999999997e-22 0.0 152.14 0.0
S262626 234.9946 57.1872 1.038e-18 1.173e-18 1.123e-18 0.0 150.1 0.0
S262627 235.0989 57.3027 1.16e-23 3.301e-23 2.161e-22 0.0 152.27 0.0
S262628 235.0975 57.2972 5.036e-16 3.644e-16 1.376e-16 0.0 152.3 0.0
S262629 234.9802 57.1781 1.299e-18 1.33e-18 9.912e-19 0.0 149.98 0.0
S262630 235.1055 57.2931 6.373e-19 7.807e-19 8.573e-19 0.0 152.48 0.0
S262631 235.1139 57.3023 4.086e-16 3.122e-16 1.32e-16 0.0 152.48 1.0
S262632 234.9709 57.1799 2.128e-17 1.925e-17 1.144e-17 0.0 149.82 0.0
S262633 235.1172 57.2978 6.168e-17 5.056e-17 2.459e-17 0.0 152.63 0.0
S262634 234.9495 57.1651 2.116e-17 1.905e-17 1.104e-17 0.0 149.75 0.0
S262635 235.1246 57.297 7.721e-13 6.07e-13 2.737e-13 0.0 152.69 1.0
S262636 235.1273 57.2956 1.6390000000000001e-21 3.35e-21 1.0640000000000001e-20 0.0 152.72 0.0
S262637 234.9388 57.1691 7.044e-21 1.1840000000000002e-20 2.4960000000000003e-20 0.0 149.57 0.0
S262638 234.9322 57.1675 2.264e-18 2.219e-18 1.514e-18 0.0 149.49 0.0
