Name Equatorial Polar BlueF GreenF RedF Parallax RadialVelocity Variable?
S258581 239.6021 60.0302 3.504e-22 7.130999999999999e-22 2.312e-21 0.0 147.49 0.0
S258582 239.5127 59.9526 2.781e-21 5.655e-21 1.7100000000000002e-20 0.0 146.66 0.0
S258583 239.5613 59.9238 2.056e-21 3.689e-21 8.949e-21 0.0 145.03 0.0
S258584 239.5383 59.9872 2.773e-18 2.744e-18 1.984e-18 0.0 148.19 0.0
S258585 239.5474 60.0387 8.833e-24 2.574e-23 1.7e-22 0.0 148.37 0.0
S258586 239.5265 59.9967 2.015e-21 4.169e-21 1.3640000000000003e-20 0.0 148.4 0.0
S258587 239.4874 60.0119 3.097e-22 7.296999999999999e-22 3.096e-21 0.0 149.01 0.0
S258588 239.532 59.9838 1.768e-23 5.311e-23 3.615e-22 0.0 148.0 0.0
S258589 239.6497 59.8107 6.225e-23 1.5569999999999998e-22 7.26e-22 0.0 144.79 0.0
S258590 239.5189 59.9782 2.203e-18 2.334e-18 1.922e-18 0.0 147.57 0.0
S258591 239.5364 59.9716 6.74e-18 6.323e-18 4.05e-18 0.0 146.48 0.0
S258592 239.6435 59.919 3.407e-19 4.07e-19 4.238e-19 0.0 145.51 0.0
S258593 239.489 60.0261 1.242e-17 1.885e-17 3.152e-17 0.0 149.46 0.0
S258594 239.5688 59.8974 1.904e-21 3.676e-21 9.988e-21 0.0 145.29 0.0
S258595 239.5217 59.9951 1.169e-23 3.5369999999999996e-23 2.6259999999999998e-22 0.0 148.86 0.0
S258596 239.5532 59.9905 2.507e-19 3.378e-19 4.59e-19 0.0 147.26 0.0
S258597 239.543 59.9714 3.4489999999999996e-22 7.432999999999999e-22 2.55e-21 0.0 145.91 0.0
S258598 239.5244 59.9929 5.645e-21 1.068e-20 2.836e-20 0.0 148.62 0.0
S258599 239.5382 59.9873 1.06e-18 1.152e-18 9.572e-19 0.0 147.45 0.0
S258600 239.5428 59.985 6.051e-18 5.834e-18 4.047e-18 0.0 147.11 0.0
S258601 239.523 59.9833 2.737e-19 3.497e-19 4.152e-19 0.0 148.36 0.0
S258602 239.5291 59.9884 9.124e-22 1.805e-21 5.257e-21 0.0 148.56 0.0
S258603 239.5428 60.0157 4.527e-21 8.083e-21 1.932e-20 0.0 148.26 0.0
S258604 239.5286 59.9765 6.12e-22 1.353e-21 5.135e-21 0.0 146.41 0.0
S258605 239.536 59.9845 2.608e-18 2.729e-18 2.103e-18 0.0 148.04 0.0
S258606 239.5377 59.983 3.433e-19 4.112e-19 4.393e-19 0.0 146.33 0.0
S258607 239.5224 60.0038 5.351999999999999e-22 1.219e-21 4.841e-21 0.0 148.95 0.0
S258608 239.5311 59.9805 1.074e-19 1.401e-19 1.755e-19 0.0 147.07 0.0
S258609 239.545 59.9819 1.722e-22 3.7389999999999997e-22 1.337e-21 0.0 146.05 0.0
S258610 239.4957 60.0148 5.509e-23 1.4969999999999998e-22 8.906e-22 0.0 149.21 0.0
S258611 239.5041 59.9877 1.627e-21 1.126e-21 3.9299999999999995e-22 0.0 148.21 0.0
S258612 239.5392 59.9752 3.622e-19 4.395e-19 4.708e-19 0.0 146.27 0.0
S258613 239.5333 59.9808 3.9429999999999994e-22 8.832999999999999e-22 3.3790000000000002e-21 0.0 146.23 0.0
S258614 239.5662 59.9744 2.748e-23 8.029999999999999e-23 5.536e-22 0.0 146.35 0.0
S258615 239.5084 59.9963 6.806e-19 7.393e-19 6.429e-19 0.0 148.41 0.0
S258616 239.5065 59.9629 4.338e-22 9.174e-22 3.228e-21 0.0 147.2 0.0
S258617 239.564 59.9546 4.245e-25 1.74e-24 2.3729999999999998e-23 0.0 145.37 0.0
S258618 239.5192 60.0106 1.9230000000000002e-21 1.323e-21 4.454e-22 0.0 149.19 0.0
S258619 239.5372 59.9852 3.331e-23 8.832e-23 4.774999999999999e-22 0.0 147.52 1.0
S258620 239.5316 59.9815 2.566e-18 2.602e-18 1.938e-18 0.0 147.51 0.0
S258621 239.6167 59.822 7.051000000000001e-20 1.012e-19 1.506e-19 0.0 144.89 0.0
S258622 239.5287 59.9696 1.15e-18 1.228e-18 1.061e-18 0.0 146.2 0.0
S258623 239.5476 59.9768 8.334000000000001e-21 1.3350000000000001e-20 2.598e-20 0.0 146.48 0.0
S258624 239.5298 59.964 5.525e-20 7.995e-20 1.239e-19 0.0 146.04 0.0
S258625 239.5561 59.9509 1.5650000000000001e-21 1.101e-21 3.9079999999999995e-22 0.0 145.3 0.0
S258626 239.5886 59.9455 1.536e-22 3.475e-22 1.381e-21 0.0 145.47 0.0
S258627 239.5517 59.9915 7.267e-19 8.226e-19 7.645e-19 0.0 147.32 0.0
S258628 239.564 60.015 1.723e-21 3.665e-21 1.2770000000000002e-20 0.0 147.71 0.0
S258629 239.5304 59.9811 1.072e-22 2.5719999999999996e-22 1.1070000000000001e-21 0.0 147.41 0.0
S258630 239.5242 59.9882 1.9529999999999997e-22 4.298999999999999e-22 1.621e-21 0.0 148.15 0.0
S258631 239.5007 60.0078 1.9589999999999999e-22 5.007999999999999e-22 2.572e-21 0.0 149.28 0.0
S258632 239.5374 59.9897 3.161e-19 3.624e-19 3.525e-19 0.0 147.78 0.0
S258633 239.5109 59.9955 5.0630000000000004e-20 7.44e-20 1.15e-19 0.0 148.73 0.0
S258634 239.5233 59.9782 3.648e-17 7.341e-17 2.294e-16 0.0 148.06 0.0
S258635 239.5049 59.9885 9.468e-24 2.5469999999999998e-23 1.4539999999999999e-22 0.0 148.29 0.0
S258636 239.5383 59.9761 2.163e-18 2.199e-18 1.665e-18 0.0 146.15 0.0
S258637 239.414 59.9751 1.588e-18 2.803e-18 6.727e-18 0.0 148.0 0.0
S258638 239.6498 59.8736 1.841e-23 4.862e-23 2.5589999999999997e-22 0.0 145.0 0.0
S258639 239.5382 59.9736 6.38e-23 1.7179999999999999e-22 9.434999999999999e-22 0.0 146.11 0.0
S258640 239.5322 59.9817 3.476e-23 8.012999999999999e-23 3.2339999999999997e-22 0.0 148.75 0.0
S258641 239.4884 59.8973 1.2629999999999999e-23 3.444e-23 1.9659999999999998e-22 0.0 146.63 0.0
S258642 239.5362 59.9793 8.917999999999998e-22 1.7270000000000002e-21 4.989e-21 0.0 146.02 0.0
S258643 239.5812 59.8923 1.395e-25 6.653e-25 1.2719999999999999e-23 0.0 145.11 0.0
S258644 239.5294 59.9937 1.5290000000000001e-21 1.066e-21 3.8689999999999994e-22 0.0 148.61 0.0
S258645 239.5142 60.0148 1.139e-21 2.171e-21 6.002e-21 0.0 149.29 0.0
S258646 239.5354 59.9688 4.051e-19 4.988e-19 5.481e-19 0.0 145.81 0.0
S258647 239.5293 59.9823 2.5859999999999998e-23 6.612e-23 3.222e-22 0.0 147.65 0.0
S258648 239.5254 59.97 1.689e-22 4.236999999999999e-22 2.051e-21 0.0 146.91 0.0
S258649 239.5463 60.0852 5.844000000000001e-20 8.806e-20 1.5e-19 0.0 148.44 0.0
S258650 239.527 59.9921 1.4049999999999998e-22 3.6549999999999995e-22 1.9410000000000002e-21 0.0 148.72 0.0
S258651 239.6202 59.9247 1.191e-17 1.015e-17 5.388e-18 0.0 145.36 0.0
S258652 239.5511 59.9955 4.618e-19 5.549e-19 5.982e-19 0.0 147.41 0.0
S258653 239.6484 59.8541 3.265e-23 7.59e-23 3.2259999999999996e-22 0.0 144.88 0.0
S258654 239.4827 60.0413 1.794e-21 3.515e-21 1.021e-20 0.0 149.45 0.0
S258655 239.4927 60.0487 7.842e-20 1.118e-19 1.699e-19 0.0 149.52 0.0
S258656 239.5464 59.9976 1.201e-17 2.067e-17 4.505e-17 0.0 147.63 0.0
S258657 239.5308 59.9834 2.589e-19 3.201e-19 3.644e-19 0.0 148.78 0.0
S258658 239.5873 59.9034 9.074e-13 6.691e-13 2.635e-13 0.0 144.93 0.0
S258659 239.5597 59.9606 2.86e-24 9.544e-24 8.664e-23 0.0 145.71 0.0
S258660 239.5339 59.9711 1.143e-23 3.711e-23 3.1299999999999997e-22 0.0 145.91 0.0
S258661 239.5308 60.0105 1.966e-17 4.266e-17 1.515e-16 0.0 148.78 0.0
S258662 239.5291 59.9584 9.063e-24 2.45e-23 1.392e-22 0.0 146.22 0.0
S258663 239.538 59.9872 3.3689999999999998e-22 7.256999999999999e-22 2.479e-21 0.0 148.4 0.0
S258664 239.5228 59.9807 1.427e-23 4.442e-23 3.2869999999999997e-22 0.0 147.87 0.0
S258665 239.5364 59.9939 8.889000000000001e-20 1.155e-19 1.427e-19 0.0 147.99 0.0
S258666 239.6036 59.8866 2.5130000000000002e-25 1.232e-24 2.367e-23 0.001 144.84 0.0
S258667 239.5808 59.9416 1.131e-18 1.261e-18 1.141e-18 0.0 145.35 0.0
S258668 239.5526 59.9607 9.235e-19 1.032e-18 9.485e-19 0.0 145.68 0.0
S258669 239.5113 59.9502 3.472e-21 6.6750000000000004e-21 1.8900000000000002e-20 0.0 146.77 0.0
S258670 239.5304 59.985 4.436e-18 8.361e-18 2.338e-17 0.0 147.99 0.0
S258671 239.5076 59.9842 1.773e-21 1.221e-21 4.322e-22 0.0 148.08 0.0
S258672 239.584 59.936 1.088e-22 2.8699999999999997e-22 1.581e-21 0.0 145.21 0.0
S258673 239.5324 59.8762 7.102999999999999e-23 1.6169999999999998e-22 6.607e-22 0.0 145.94 0.0
S258674 239.5349 59.9842 4.778e-22 1.065e-21 4.045e-21 0.0 147.6 0.0
S258675 239.4926 60.0435 1.706e-18 1.805e-18 1.404e-18 0.0 149.59 0.0
S258676 239.5495 59.9717 9.032000000000001e-20 1.292e-19 1.963e-19 0.0 146.1 0.0
S258677 239.5354 59.9842 3.381e-21 6.264e-21 1.6400000000000003e-20 0.0 148.67 0.0
S258678 239.5308 59.9683 2.162e-22 5.242e-22 2.438e-21 0.0 145.96 0.0
S258679 239.5334 60.013 1.745e-21 1.219e-21 4.245e-22 0.0 148.61 0.0
S258680 239.621 59.8709 8.867e-19 1.015e-18 9.715e-19 0.0 144.9 0.0
S258681 239.4814 60.0059 1.5419999999999998e-22 3.5909999999999997e-22 1.552e-21 0.0 148.9 0.0
S258682 239.5249 60.0202 3.7780000000000005e-20 5.765e-20 9.979000000000001e-20 0.0 149.05 0.0
S258683 239.5307 59.9847 1.087e-22 2.8859999999999997e-22 1.604e-21 0.0 148.7 0.0
S258684 239.5332 59.9813 7.803e-25 2.929e-24 3.2579999999999997e-23 0.0 147.14 0.0
S258685 239.4913 59.9688 5.992e-23 1.6649999999999998e-22 9.863e-22 0.0 147.54 0.0
S258686 239.5181 60.008 2.736e-24 9.08e-24 7.681e-23 0.0 149.11 0.0
S258687 239.5341 59.9874 5.803e-18 9.459e-18 1.896e-17 0.0 148.44 0.0
S258688 239.5271 59.9787 1.117e-23 3.075e-23 1.763e-22 0.0 147.12 1.0
S258689 239.5198 60.0012 1.734e-22 4.1539999999999996e-22 1.896e-21 0.0 149.04 0.0
S258690 239.4836 60.0559 3.5359999999999995e-22 7.455e-22 2.43e-21 0.0 149.61 0.0
S258691 239.5369 59.9799 1.89e-21 1.284e-21 4.4499999999999995e-22 0.0 146.17 0.0
S258692 239.5322 59.9784 2.658e-17 4.654e-17 1.074e-16 0.0 146.94 0.0
S258693 239.5713 59.9378 4.126e-21 7.434e-21 1.8270000000000002e-20 0.0 145.14 0.0
S258694 239.5209 59.9745 1.327e-19 1.732e-19 2.163e-19 0.0 147.2 0.0
S258695 239.5595 59.976 6.712e-22 1.408e-21 4.866e-21 0.0 146.2 0.0
S258696 239.5411 59.9868 1.2980000000000001e-20 2.1730000000000002e-20 4.7090000000000006e-20 0.0 147.4 0.0
S258697 239.5054 60.0042 9.043e-21 1.481e-20 3.071e-20 0.0 149.07 0.0
S258698 239.4498 60.0472 1.65e-21 1.139e-21 4.0289999999999997e-22 0.0 149.39 0.0
S258699 239.5208 59.9941 2.427e-21 4.674e-21 1.367e-20 0.0 148.6 0.0
S258700 239.5626 59.9552 5.363e-19 6.534e-19 6.958e-19 0.0 145.68 0.0
S258701 239.5099 59.9675 5.394e-23 1.352e-22 6.5449999999999995e-22 0.0 147.28 0.0
S258702 239.5268 59.9883 5.148e-20 7.549000000000001e-20 1.203e-19 0.0 148.37 0.0
S258703 239.5347 59.9883 2.6e-22 6.105e-22 2.531e-21 0.0 147.91 0.0
S258704 239.566 59.9197 4.997999999999999e-22 1.069e-21 3.723e-21 0.0 145.25 0.0
S258705 239.4726 60.0086 1.264e-21 9.038999999999998e-22 3.3519999999999996e-22 0.0 149.11 0.0
S258706 239.481 60.0582 3.2130000000000002e-21 5.5220000000000004e-21 1.201e-20 0.0 149.48 0.0
S258707 239.5827 59.9273 1.228e-22 2.9589999999999997e-22 1.366e-21 0.0 145.01 0.0
S258708 239.5155 60.0 2.828e-20 4.2830000000000004e-20 7.113e-20 0.0 149.04 0.0
S258709 239.567 59.9322 9.947e-13 7.372e-13 2.831e-13 0.0 145.01 0.0
S258710 239.454 60.0932 1.066e-20 1.8510000000000002e-20 4.1040000000000003e-20 0.0 149.82 0.0
S258711 239.529 59.9606 1.779e-25 7.75e-25 1.23e-23 0.0 146.6 0.0
S258712 239.5897 59.9686 2.301e-21 4.05e-21 9.162e-21 0.0 146.33 0.0
S258713 239.551 59.9891 3.165e-19 3.896e-19 4.426e-19 0.0 147.19 0.0
S258714 239.4958 59.9587 2.421e-21 4.358e-21 1.0380000000000001e-20 0.0 147.21 0.0
S258715 239.5604 59.9744 2.71e-19 3.273e-19 3.463e-19 0.0 146.27 0.0
S258716 239.5356 59.9383 3.9109999999999997e-22 8.55e-22 3.152e-21 0.0 145.66 0.0
S258717 239.5219 59.9948 2.429e-23 7.257e-23 5.269e-22 0.0 148.82 0.0
S258718 239.5534 59.9411 3.2600000000000002e-21 6.362e-21 1.7790000000000002e-20 0.0 145.36 0.0
S258719 239.5315 59.9864 2.4329999999999998e-22 5.592999999999999e-22 2.3150000000000002e-21 0.0 148.01 0.0
S258720 239.5327 59.9854 8.821999999999999e-23 2.105e-22 9.654e-22 0.0 147.96 0.0
S258721 239.5508 59.9182 2.41e-18 2.601e-18 2.159e-18 0.0 145.56 0.0
S258722 239.5361 59.9709 1.904e-23 6.041e-23 4.883e-22 0.0 146.15 0.0
S258723 239.5312 59.9713 2.223e-19 2.926e-19 3.673e-19 0.0 146.12 0.0
S258724 239.5419 59.9686 1.161e-21 8.403e-22 3.2119999999999997e-22 0.0 145.84 0.0
S258725 239.517 59.9575 5.678e-21 1.0050000000000001e-20 2.243e-20 0.0 146.84 0.0
S258726 239.4948 60.0614 1.283e-17 2.8e-17 1.052e-16 0.0 149.51 0.0
S258727 239.5324 59.9889 1.004e-19 1.364e-19 1.888e-19 0.0 148.42 0.0
S258728 239.5393 59.9264 5.387e-25 2.289e-24 3.3939999999999996e-23 0.0 145.59 0.0
S258729 239.5249 59.9955 4.766e-21 9.15e-21 2.484e-20 0.0 148.31 0.0
S258730 239.5122 59.993 3.6539999999999996e-23 1.0309999999999999e-22 6.349999999999999e-22 0.0 148.43 0.0
S258731 239.5685 59.9366 3.627e-23 1.0779999999999998e-22 7.4209999999999995e-22 0.0 145.07 0.0
S258732 239.5772 59.9658 1.083e-18 1.178e-18 1.021e-18 0.0 145.9 0.0
S258733 239.5137 60.0139 4.733e-22 1.056e-21 4.026e-21 0.0 149.26 0.0
S258734 239.529 59.988 1.149e-19 1.527e-19 1.917e-19 0.0 148.47 0.0
S258735 239.5098 60.0369 8.051e-17 6.524e-17 3.17e-17 0.0 149.52 1.0
S258736 239.5767 59.8916 4.003e-21 7.459e-21 1.957e-20 0.0 145.22 0.0
S258737 239.5737 60.003 2.074e-19 2.702e-19 3.322e-19 0.0 147.41 0.0
S258738 239.5714 59.9626 8.489e-25 3.264e-24 3.876e-23 0.0 145.81 0.0
S258739 239.521 59.984 7.531e-18 7.222e-18 4.737e-18 0.0 148.55 0.0
S258740 239.5344 59.9952 4.9180000000000004e-20 7.394000000000001e-20 1.215e-19 0.0 148.15 0.0
S258741 239.5322 59.9622 1.747e-17 3.019e-17 7.008e-17 0.0 146.33 0.0
S258742 239.5015 60.0075 1.6449999999999998e-23 4.5669999999999995e-23 2.76e-22 0.0 149.14 0.0
S258743 239.5774 59.9682 1.791e-19 2.297e-19 2.899e-19 0.0 146.28 0.0
S258744 239.5081 59.9773 9.996e-21 1.659e-20 3.5450000000000003e-20 0.0 147.71 0.0
S258745 239.6111 59.9378 4.1250000000000003e-20 5.781000000000001e-20 8.306e-20 0.0 145.7 0.0
S258746 239.5536 59.9475 2.312e-23 6.353e-23 3.631e-22 0.0 145.26 0.0
S258747 239.5175 60.006 7.64e-19 8.696e-19 8.32e-19 0.0 149.1 0.0
S258748 239.4902 60.0212 1.758e-21 1.201e-21 4.1289999999999994e-22 0.0 149.3 0.0
S258749 239.5316 60.0052 4.881e-17 4.233e-17 2.299e-17 0.0 148.51 0.0
S258750 239.5283 59.9794 1.939e-21 3.927e-21 1.2340000000000002e-20 0.0 146.46 0.0
S258751 239.6097 59.9438 9.925e-22 2.111e-21 7.14e-21 0.0 145.8 0.0
S258752 239.5269 59.9904 3.808e-19 4.591e-19 4.949e-19 0.0 148.71 0.0
S258753 239.5387 59.9814 1.367e-18 1.494e-18 1.336e-18 0.0 146.11 0.0
S258754 239.5283 59.975 4.557e-22 1.08e-21 4.724e-21 0.0 146.7 1.0
S258755 239.5581 59.9901 7.096e-18 6.964e-18 4.72e-18 0.0 147.1 0.0
S258756 239.5238 59.9639 1.413e-21 2.744e-21 7.739e-21 0.0 146.8 0.0
S258757 239.5286 59.9782 4.2199999999999995e-22 9.335999999999998e-22 3.4890000000000004e-21 0.0 147.23 0.0
S258758 239.5388 59.9792 3.349e-24 1.1319999999999999e-23 1.0509999999999999e-22 0.0 146.03 0.0
S258759 239.5142 60.0118 5.2500000000000004e-20 7.429e-20 1.057e-19 0.001 149.09 0.0
S258760 239.5442 59.9684 1.396e-19 1.743e-19 1.971e-19 0.0 145.83 0.0
S258761 239.5362 59.9837 9.539000000000001e-20 1.363e-19 2.053e-19 0.0 146.02 0.0
S258762 239.5281 59.9772 4.9669999999999996e-23 1.1149999999999998e-22 4.5089999999999995e-22 0.0 146.95 0.0
S258763 239.5297 59.9827 8.803999999999999e-23 2.207e-22 1.1e-21 0.0 148.41 0.0
S258764 239.5755 59.9714 3.497e-17 9.258e-17 5.08e-16 0.0 145.87 1.0
S258765 239.5117 60.0059 2.524e-18 2.448e-18 1.697e-18 0.0 149.22 0.0
S258766 239.5345 59.9582 4.339999999999999e-22 8.976e-22 2.927e-21 0.0 146.13 0.0
S258767 239.5208 59.944 3.231e-18 3.454e-18 2.78e-18 0.0 146.6 0.0
S258768 239.529 59.9826 3.097e-19 3.568e-19 3.45e-19 0.0 148.39 0.0
S258769 239.5343 59.9758 9.705e-23 2.3419999999999996e-22 1.087e-21 0.0 146.35 0.0
S258770 239.5266 59.984 5.82e-17 1.184e-16 3.818e-16 0.0 147.87 1.0
S258771 239.57 59.9551 4.624e-13 3.438e-13 1.399e-13 0.0 145.35 0.0
S258772 239.5102 60.0118 8.206e-19 9.42e-19 9.196e-19 0.0 149.33 0.0
S258773 239.5308 59.9772 1.195e-25 5.963000000000001e-25 1.175e-23 0.0 146.81 0.0
S258774 239.5364 59.95 3.548e-22 8.487e-22 3.8460000000000004e-21 0.0 146.06 0.0
S258775 239.4711 59.9924 1.239e-18 1.311e-18 1.086e-18 0.001 148.3 0.0
S258776 239.5487 59.9472 3.094e-23 7.671999999999999e-23 3.7849999999999998e-22 0.0 145.28 0.0
S258777 239.5856 59.9264 3.018e-21 5.679e-21 1.501e-20 0.0 145.06 0.0
S258778 239.538 59.9618 2.028e-23 5.983e-23 4.0849999999999995e-22 0.0 145.93 0.0
S258779 239.5554 59.9714 1.2100000000000001e-20 2.0790000000000002e-20 4.6120000000000006e-20 0.0 146.09 0.0
S258780 239.5289 59.9794 2.904e-23 8.357e-23 5.338999999999999e-22 0.0 146.68 0.0
S258781 239.6284 59.9084 8.75e-24 2.7439999999999996e-23 2.206e-22 0.0 145.18 0.0
S258782 239.5279 59.9816 1.422e-20 2.3790000000000003e-20 4.9120000000000003e-20 0.0 147.92 0.0
S258783 239.5294 59.9646 7.324e-23 1.8589999999999999e-22 9.428999999999999e-22 0.0 146.11 0.0
S258784 239.5254 60.0031 1.205e-18 1.33e-18 1.16e-18 0.0 148.99 0.0
S258785 239.5363 59.9896 4.173e-24 1.2489999999999999e-23 8.734999999999999e-23 0.0 148.59 0.0
S258786 239.5345 59.9778 7.529e-23 1.8579999999999998e-22 9.063e-22 0.0 146.58 0.0
S258787 239.5487 59.9881 2.3750000000000003e-20 3.824e-20 7.326e-20 0.0 147.2 0.0
S258788 239.5311 59.9863 7.764e-22 1.609e-21 5.204e-21 0.0 148.0 0.0
S258789 239.5388 59.9705 9.241e-24 2.86e-23 2.145e-22 0.0 145.88 0.0
S258790 239.4984 60.0084 4.849e-21 8.399e-21 1.795e-20 0.0 149.15 0.0
S258791 239.5478 59.9579 7.154000000000001e-20 1.023e-19 1.56e-19 0.0 145.5 0.0
S258792 239.5458 59.9731 3.654e-18 3.578e-18 2.561e-18 0.0 145.8 0.0
S258793 239.5252 59.9868 5.879e-19 6.884e-19 6.788e-19 0.0 148.59 0.0
S258794 239.5321 59.9817 9.430999999999999e-23 2.3569999999999997e-22 1.115e-21 0.0 147.6 0.0
S258795 239.5121 60.0197 3.0060000000000004e-20 4.4210000000000004e-20 7.387000000000001e-20 0.0 149.34 0.0
S258796 239.5241 59.9725 2.999e-18 3.022e-18 2.194e-18 0.0 146.61 0.0
S258797 239.4832 60.0277 9.754e-25 4.013e-24 5.493e-23 0.0 149.4 0.0
S258798 239.541 59.978 5.768e-24 1.961e-23 1.8439999999999999e-22 0.0 146.77 0.0
S258799 239.5766 60.0208 3.095e-19 3.858e-19 4.41e-19 0.0 147.65 0.0
S258800 239.5539 59.9627 2.4040000000000002e-20 3.5510000000000004e-20 5.973e-20 0.0 145.79 0.0
S258801 239.5072 59.9676 6.489e-19 7.616e-19 7.56e-19 0.0 147.33 0.0
S258802 239.5477 59.9546 3.0270000000000003e-20 4.8600000000000006e-20 9.055000000000001e-20 0.001 145.82 0.0
S258803 239.5353 59.9865 4.1509999999999994e-22 8.375e-22 2.574e-21 0.0 147.77 0.0
S258804 239.5298 59.9774 5.585e-22 1.109e-21 3.249e-21 0.0 147.05 0.0
S258805 239.5181 60.0547 2.6760000000000002e-20 4.2000000000000004e-20 7.675000000000001e-20 0.0 149.22 0.0
S258806 239.5336 59.9838 1.21e-21 2.469e-21 7.718e-21 0.0 148.98 0.0
S258807 239.5438 60.0175 3.41e-21 6.157e-21 1.5060000000000002e-20 0.0 148.27 0.0
S258808 239.5328 59.9814 3.9009999999999996e-23 9.991e-23 5.072999999999999e-22 0.0 147.17 0.0
S258809 239.5158 60.0259 4.015e-19 4.791e-19 4.971e-19 0.0 149.33 0.0
S258810 239.5438 59.983 1.432e-20 2.4690000000000002e-20 5.3810000000000004e-20 0.0 146.98 0.0
S258811 239.4961 60.0015 1.033e-18 1.144e-18 1.051e-18 0.0 148.65 0.0
S258812 239.5911 59.9606 5.196e-20 7.522e-20 1.172e-19 0.0 145.97 0.0
S258813 239.5434 59.9736 1.298e-17 1.216e-17 7.773e-18 0.0 146.15 0.0
S258814 239.5997 59.9959 1.0570000000000001e-20 1.76e-20 3.6200000000000004e-20 0.0 147.0 0.0
S258815 239.5426 59.984 5.729e-22 1.209e-21 4.139e-21 0.0 147.11 0.0
S258816 239.5201 59.9928 9.12e-17 7.35e-17 3.514e-17 0.0 148.76 0.0
S258817 239.5738 59.9604 1.5440000000000002e-20 2.557e-20 5.0500000000000003e-20 0.0 145.88 0.0
S258818 239.5299 60.0347 9.794e-23 2.807e-22 1.827e-21 0.0 148.97 0.0
S258819 239.5308 59.9972 1.1690000000000001e-20 1.953e-20 4.1560000000000006e-20 0.0 148.54 0.0
S258820 239.5202 59.9022 2.001e-25 9.665000000000001e-25 1.817e-23 0.0 146.17 0.0
S258821 239.5511 59.9605 1.15e-18 1.246e-18 1.113e-18 0.0 145.63 0.0
S258822 239.4899 59.9564 2.031e-21 4.076e-21 1.2450000000000001e-20 0.0 147.3 0.0
S258823 239.5412 59.9768 2.103e-18 2.199e-18 1.779e-18 0.0 146.35 0.0
S258824 239.5235 59.9797 6.479e-25 2.399e-24 2.6759999999999996e-23 0.0 147.65 0.0
S258825 239.6401 59.9335 1.737e-21 1.207e-21 4.1189999999999997e-22 0.0 145.88 0.0
S258826 239.5334 59.9805 5.1129999999999995e-23 1.459e-22 9.113e-22 0.0 146.97 0.0
S258827 239.5675 59.9338 5.096e-21 9.388e-21 2.377e-20 0.0 145.05 0.0
S258828 239.5309 59.9807 2.258e-21 4.395e-21 1.273e-20 0.0 147.23 0.0
S258829 239.5333 59.9844 4.7659999999999997e-23 1.291e-22 7.563999999999999e-22 0.0 147.98 0.0
S258830 239.5301 59.9884 2.149e-19 2.844e-19 3.546e-19 0.0 148.54 0.0
S258831 239.5464 60.0011 4.7800000000000004e-20 6.841e-20 1.041e-19 0.0 147.85 0.0
S258832 239.5446 59.9793 3.865e-20 5.671000000000001e-20 8.984e-20 0.0 146.64 0.0
S258833 239.4778 60.0255 3.661e-21 6.754e-21 1.7100000000000002e-20 0.0 149.4 0.0
S258834 239.5091 59.9967 2.855e-19 3.546e-19 3.953e-19 0.0 148.9 1.0
S258835 239.4698 60.0209 3.035e-18 3.096e-18 2.374e-18 0.0 149.07 0.0
S258836 239.5364 59.9709 1.0070000000000001e-20 1.7890000000000002e-20 4.347e-20 0.0 146.34 0.0
S258837 239.6189 59.8846 2.733e-18 2.915e-18 2.48e-18 0.0 144.94 0.0
S258838 239.5341 59.9595 1.15e-19 1.442e-19 1.632e-19 0.0 146.21 0.0
S258839 239.5596 59.9683 1.174e-18 1.316e-18 1.161e-18 0.0 146.04 0.0
S258840 239.55 59.9717 2.749e-19 3.387e-19 3.844e-19 0.0 146.03 0.0
S258841 239.4629 60.0411 2.132e-23 6.425e-23 4.601e-22 0.0 149.38 0.0
S258842 239.5215 60.0145 9.964e-21 1.7030000000000002e-20 3.8730000000000006e-20 0.0 148.83 0.0
S258843 239.5586 59.9954 3.253e-22 6.965e-22 2.404e-21 0.0 147.2 0.0
S258844 239.5204 59.9678 4.8330000000000004e-21 8.43e-21 1.864e-20 0.0 146.9 0.0
S258845 239.5596 59.9627 6.993e-24 2.0139999999999998e-23 1.251e-22 0.0 145.73 0.0
S258846 239.4994 59.9798 6.879e-20 9.204e-20 1.179e-19 0.001 147.92 0.0
S258847 239.5243 59.9731 1.597e-18 1.786e-18 1.579e-18 0.0 146.31 0.0
S258848 239.5357 59.9735 2.0690000000000002e-20 3.138e-20 5.1790000000000005e-20 0.0 146.29 0.0
S258849 239.5391 59.9956 1.426e-17 3.861e-17 2.259e-16 0.0 148.17 1.0
S258850 239.4822 60.0051 1.6419999999999998e-22 3.8549999999999995e-22 1.609e-21 0.0 148.44 0.0
S258851 239.4658 60.0356 1.029e-19 1.426e-19 1.99e-19 0.0 149.45 0.0
S258852 239.5294 59.9955 1.382e-19 1.806e-19 2.174e-19 0.0 148.56 0.0
S258853 239.5236 60.0165 5.135e-20 7.562e-20 1.213e-19 0.0 149.1 0.0
S258854 239.5552 59.9817 3.0800000000000005e-26 1.8040000000000002e-25 5.132e-24 0.0 146.85 0.0
S258855 239.537 59.9878 7.676e-22 1.6570000000000001e-21 6.158e-21 0.0 148.45 0.0
S258856 239.5407 59.9816 2.2060000000000003e-20 3.4620000000000003e-20 6.476e-20 0.0 146.09 0.0
S258857 239.5341 60.0032 1.863e-20 3.0130000000000004e-20 5.997e-20 0.0 148.12 0.0
S258858 239.5801 60.0464 5.326e-13 5.763e-13 4.901e-13 0.0 147.92 0.0
S258859 239.524 59.9449 4.033e-17 3.354e-17 1.638e-17 0.0 146.34 0.0
S258860 239.5258 59.9854 2.0660000000000002e-20 3.148e-20 5.536e-20 0.0 148.32 0.0
S258861 239.5536 59.9716 3.129e-23 8.826999999999999e-23 5.529999999999999e-22 0.0 145.93 0.0
S258862 239.5415 59.9678 5.1819999999999997e-23 1.4499999999999998e-22 8.825e-22 0.0 145.87 0.0
S258863 239.5139 59.9727 4.376e-22 9.294e-22 3.15e-21 0.0 147.33 0.0
S258864 239.543 60.0843 2.583e-18 2.391e-18 1.528e-18 0.0 148.65 0.0
S258865 239.5955 59.9894 4.305e-18 4.324e-18 3.085e-18 0.0 146.77 0.0
S258866 239.5028 60.0003 1.495e-21 2.524e-21 5.46e-21 0.0 148.89 0.0
S258867 239.5572 59.9344 3.08e-21 6.323e-21 2.019e-20 0.0 145.16 0.0
S258868 239.4596 60.0185 1.381e-17 2.573e-17 6.617e-17 0.0 148.9 0.0
S258869 239.5367 59.9735 1.625e-20 2.5350000000000002e-20 4.5520000000000004e-20 0.0 146.57 0.0
S258870 239.541 59.9999 6.104e-20 8.207e-20 1.063e-19 0.0 147.98 0.0
S258871 239.493 60.0144 5.396e-20 7.579000000000001e-20 1.134e-19 0.0 149.38 0.0
S258872 239.5763 59.9664 1.057e-21 2.095e-21 6.017e-21 0.0 145.97 0.0
S258873 239.5466 59.9298 6.370000000000001e-20 9.013000000000001e-20 1.326e-19 0.0 145.56 0.0
S258874 239.5411 59.9814 8.544e-24 2.742e-23 2.2839999999999997e-22 0.0 146.17 0.0
S258875 239.5386 59.9828 3.3089999999999997e-22 7.041999999999999e-22 2.382e-21 0.0 146.66 1.0
S258876 239.5038 60.0277 1.368e-19 1.796e-19 2.254e-19 0.0 149.45 0.0
S258877 239.4796 60.027 4.962e-19 5.612e-19 5.277e-19 0.0 149.51 0.0
S258878 239.5181 60.0253 6.971e-18 1.471e-17 5.145e-17 0.0 149.29 0.0
S258879 239.5623 59.9519 2.011e-21 4.044e-21 1.2670000000000001e-20 0.0 145.2 0.0
S258880 239.5506 59.9774 8.591e-24 2.667e-23 2.0809999999999998e-22 0.0 146.46 0.0
S258881 239.5468 59.9567 1.32e-21 9.471e-22 3.445e-22 0.0 145.56 0.0
S258882 239.6025 59.9006 1.573e-17 3.564e-17 1.385e-16 0.0 144.91 0.0
S258883 239.5478 59.9924 4.618e-22 1.086e-21 4.566e-21 0.0 147.41 0.0
S258884 239.5316 59.9862 1.265e-17 1.096e-17 6.111e-18 0.0 148.6 0.0
S258885 239.6427 60.0433 4.662e-22 9.614e-22 3.048e-21 0.0 147.22 0.0
S258886 239.5336 59.9825 4.172e-19 5.159e-19 5.753e-19 0.0 147.42 0.0
S258887 239.526 59.983 7.275000000000001e-20 9.963000000000001e-20 1.404e-19 0.0 147.65 0.0
S258888 239.5735 59.9686 6.6150000000000004e-21 1.132e-20 2.443e-20 0.0 145.92 0.0
S258889 239.3784 60.1562 2.3939999999999998e-23 6.709999999999999e-23 4.1369999999999995e-22 0.0 149.87 0.0
S258890 239.5483 59.9892 7.817e-21 1.2690000000000001e-20 2.5010000000000002e-20 0.0 147.33 0.0
S258891 239.5412 59.9121 3.7019999999999997e-22 9.104999999999999e-22 4.334e-21 0.0 145.68 0.0
S258892 239.5552 59.9971 7.839e-22 1.6330000000000001e-21 5.353e-21 0.0 147.41 0.0
S258893 239.5383 59.9833 1.9720000000000002e-20 3.118e-20 5.667e-20 0.0 147.09 0.0
S258894 239.5434 59.9817 6.348e-24 2.345e-23 2.5579999999999997e-22 0.0 146.34 0.0
S258895 239.5104 59.9679 6.01e-19 6.835e-19 6.51e-19 0.0 147.25 0.0
S258896 239.5606 59.9364 2e-17 1.787e-17 1.024e-17 0.0 145.26 0.0
S258897 239.5315 59.9826 3.9690000000000002e-25 1.7559999999999998e-24 2.802e-23 0.0 148.63 0.0
S258898 239.5461 59.9527 4.978e-18 4.769e-18 3.104e-18 0.0 145.51 0.0
S258899 239.5695 59.9639 1.232e-22 2.9289999999999996e-22 1.298e-21 0.0 145.92 0.0
S258900 239.4903 59.941 1.529e-19 2.168e-19 3.25e-19 0.0 147.05 0.0
S258901 239.5361 60.1631 2.687e-21 4.922e-21 1.2670000000000001e-20 0.0 148.72 0.0
S258902 239.5403 59.9777 6.895000000000001e-21 1.275e-20 3.1720000000000003e-20 0.0 146.29 0.0
S258903 239.4827 60.0426 1.522e-21 2.873e-21 7.696e-21 0.0 149.61 0.0
S258904 239.5336 60.0081 1.849e-21 1.271e-21 4.436e-22 0.0 148.64 0.0
S258905 239.5411 59.9772 1.2199999999999999e-22 2.8599999999999995e-22 1.236e-21 0.0 146.11 0.0
S258906 239.6226 59.9068 8.521e-13 6.801e-13 3.089e-13 0.0 145.16 1.0
S258907 239.4855 59.9875 3.907e-19 4.532e-19 4.362e-19 0.0 148.27 0.0
S258908 239.5432 59.9787 2.536e-21 4.599e-21 1.137e-20 0.0 146.01 0.0
S258909 239.5369 60.0063 1.252e-21 2.509e-21 7.374e-21 0.0 148.19 0.0
S258910 239.5439 59.9916 4.889999999999999e-22 1.12e-21 4.4e-21 0.0 147.43 0.0
S258911 239.5405 59.9838 1.4430000000000001e-21 1.0180000000000001e-21 3.638e-22 0.0 147.05 0.0
S258912 239.5457 59.9496 9.253e-24 2.554e-23 1.4799999999999999e-22 0.0 145.43 0.0
S258913 239.5391 59.985 7.888000000000001e-20 1.105e-19 1.591e-19 0.0 146.96 0.0
S258914 239.5026 60.0207 2.068e-23 6.205e-23 4.403999999999999e-22 0.0 149.47 0.0
S258915 239.535 59.9592 1.521e-21 2.887e-21 7.825e-21 0.0 145.97 0.0
S258916 239.5022 59.9889 6.5599999999999995e-22 1.483e-21 5.85e-21 0.0 148.34 0.0
S258917 239.5047 60.025 2.834e-19 3.48e-19 3.913e-19 0.0 149.46 0.0
S258918 239.4773 60.0614 1.041e-21 1.846e-21 4.378e-21 0.0 149.7 0.0
S258919 239.502 59.9146 1.4529999999999998e-22 2.889e-22 8.775999999999999e-22 0.0 146.6 0.0
S258920 239.523 59.9998 2.047e-21 4.121e-21 1.251e-20 0.0 148.88 0.0
S258921 239.5611 59.8939 7.345e-24 2.283e-23 1.756e-22 0.0 145.3 0.0
S258922 239.5274 59.9854 1.6729999999999999e-22 3.9379999999999996e-22 1.713e-21 0.0 148.61 0.0
S258923 239.5466 59.9535 5.031e-19 6.153e-19 6.879e-19 0.0 145.82 0.0
S258924 239.4974 60.0886 1.629e-21 1.146e-21 4.053e-22 0.001 149.18 0.0
S258925 239.5246 59.9831 7.053e-18 1.125e-17 2.076e-17 0.0 148.33 0.0
S258926 239.5519 59.9719 3.926e-18 3.8e-18 2.582e-18 0.0 146.41 0.0
S258927 239.5468 60.0868 2.9510000000000002e-21 6.142e-21 1.9760000000000002e-20 0.0 148.39 0.0
S258928 239.4061 60.0839 2.317e-17 5.464e-17 2.325e-16 0.0 149.43 1.0
S258929 239.4212 60.0839 3.55e-17 2.938e-17 1.459e-17 0.0 149.58 0.0
S258930 239.5302 59.9789 1.239e-18 1.346e-18 1.193e-18 0.0 147.06 0.0
S258931 239.5537 59.9853 1.391e-24 5.034e-24 5.405e-23 0.0 146.86 0.0
S258932 239.5245 59.9825 3.7769999999999997e-22 8.741999999999998e-22 3.6440000000000004e-21 0.0 147.87 0.0
S258933 239.5293 59.9768 1.527e-17 1.379e-17 8.293e-18 0.0 146.48 0.0
S258934 239.5182 60.054 9.158999999999999e-22 1.901e-21 6.189e-21 0.0 149.04 0.0
S258935 239.5275 59.9967 8.528e-21 1.4710000000000003e-20 3.319e-20 0.0 148.77 0.0
S258936 239.5212 59.9969 1.491e-17 1.363e-17 8.178e-18 0.0 148.72 0.0
S258937 239.5117 59.9631 8.759e-24 2.674e-23 2.023e-22 0.0 147.13 0.0
S258938 239.5131 59.9914 6.057000000000001e-20 8.438000000000001e-20 1.224e-19 0.0 148.43 0.0
S258939 239.5324 59.9639 3.154e-17 4.301e-17 5.894e-17 0.0 145.82 0.0
S258940 239.5382 59.9504 4.266e-18 4.083e-18 2.65e-18 0.0 145.62 0.0
S258941 239.5714 59.9887 8.739000000000001e-20 1.213e-19 1.68e-19 0.0 146.24 0.0
S258942 239.5199 60.0069 2.062e-21 4.318e-21 1.424e-20 0.0 148.86 0.0
S258943 239.5584 59.9852 4.248e-22 9.711e-22 3.997e-21 0.0 146.18 0.0
S258944 239.5031 59.9683 7.57e-18 7.174e-18 4.75e-18 0.0 147.66 0.0
S258945 239.5358 59.9592 2.356e-18 2.47e-18 1.952e-18 0.0 145.62 0.0
S258946 239.5178 59.9851 4.344e-17 3.752e-17 1.967e-17 0.0 148.09 0.0
S258947 239.5501 60.0025 2.834e-17 6.502e-17 2.636e-16 0.0 148.05 1.0
S258948 239.5408 59.9466 7.018e-19 8.223e-19 7.859e-19 0.0 145.4 0.0
S258949 239.5474 59.9945 4.632e-18 4.662e-18 3.296e-18 0.0 148.07 0.0
S258950 239.5666 59.9816 8.152e-19 9.304e-19 8.815e-19 0.0 145.93 0.0
S258951 239.5448 59.9933 2.652e-19 3.43e-19 4.035e-19 0.0 147.92 0.0
S258952 239.5333 60.0045 4.694e-19 5.887e-19 6.964e-19 0.0 148.28 0.0
S258953 239.5295 59.9673 1.062e-22 2.7299999999999997e-22 1.37e-21 0.0 146.5 0.0
S258954 239.5487 59.9231 9.063e-22 1.889e-21 6.191e-21 0.0 145.08 0.0
S258955 239.5165 59.9841 3.408e-22 7.776999999999999e-22 3.234e-21 0.0 147.94 0.0
S258956 239.5604 59.9448 1.3939999999999998e-22 3.1889999999999996e-22 1.286e-21 0.0 145.25 0.0
S258957 239.5215 60.002 7.822e-24 2.216e-23 1.4089999999999998e-22 0.0 149.05 0.0
S258958 239.5249 59.9914 2.548e-18 2.5e-18 1.803e-18 0.0 148.82 0.0
S258959 239.5261 59.9718 2.628e-21 1.7270000000000002e-21 5.405e-22 0.0 146.11 0.0
S258960 239.5465 60.0015 1.017e-16 7.831e-17 3.43e-17 0.0 147.85 1.0
S258961 239.5279 59.9746 9.02e-23 2.0149999999999999e-22 7.608999999999999e-22 0.0 147.07 0.0
S258962 239.5347 60.0049 2.2610000000000003e-20 3.424e-20 5.656e-20 0.0 147.78 0.0
S258963 239.5544 60.0378 8.474999999999998e-22 1.6510000000000001e-21 4.816e-21 0.0 149.23 0.0
S258964 239.5455 59.9155 4.141e-18 4.312e-18 3.323e-18 0.0 145.3 0.0
S258965 239.5133 60.0007 5.509e-22 1.189e-21 4.265e-21 0.0 148.97 0.0
S258966 239.5222 59.9896 2.0959999999999998e-22 4.670999999999999e-22 1.76e-21 0.0 148.36 0.0
S258967 239.5416 59.9463 4.245e-21 7.733e-21 1.9030000000000002e-20 0.0 145.35 0.0
S258968 239.5443 60.0045 9.609e-17 7.721e-17 3.626e-17 0.0 148.57 0.0
S258969 239.5265 60.0068 6.356e-17 5.271e-17 2.661e-17 0.0 149.21 0.0
S258970 239.5258 59.9938 3.008e-22 6.713999999999999e-22 2.586e-21 0.0 148.39 0.0
S258971 239.5249 60.0025 1.468e-17 2.091e-17 3.17e-17 0.0 148.91 0.0
S258972 239.5411 59.9545 5.379999999999999e-22 1.231e-21 5.045e-21 0.0 145.66 0.0
S258973 239.4747 60.003 3.72e-19 4.553e-19 5.159e-19 0.0 149.03 0.0
S258974 239.5187 59.9725 3.452e-21 6.491e-21 1.7370000000000002e-20 0.0 147.24 0.0
S258975 239.5458 59.965 2.259e-21 1.517e-21 4.923999999999999e-22 0.0 145.64 0.0
S258976 239.5506 59.9942 4.5739999999999996e-23 1.255e-22 7.405999999999999e-22 0.0 147.46 0.0
S258977 239.5363 60.007 4.018e-19 4.865e-19 5.135e-19 0.0 149.09 0.0
S258978 239.5372 60.0199 1.946e-16 1.407e-16 5.201e-17 0.0 149.22 0.0
S258979 239.5021 59.9945 4.204e-18 4.393e-18 3.336e-18 0.0 148.8 0.0
S258980 239.5135 59.9791 3.202e-13 2.178e-13 7.547e-14 0.0 147.74 0.0
S258981 239.5384 59.9958 5.461e-18 5.108e-18 3.313e-18 0.0 147.99 0.0
S258982 239.5705 59.9572 6.592e-16 4.71e-16 1.759e-16 0.0 145.39 0.0
S258983 239.5676 59.959 1.167e-18 1.307e-18 1.146e-18 0.0 145.26 0.0
S258984 239.5261 59.9378 1.608e-17 1.451e-17 8.504e-18 0.0 145.38 0.0
S258985 239.5287 60.008 2.818e-18 2.8e-18 2.056e-18 0.0 148.97 0.0
S258986 239.5466 59.9859 4.9720000000000005e-20 7.016000000000001e-20 9.954000000000001e-20 0.0 146.72 0.0
S258987 239.5832 59.9838 1.804e-20 2.9300000000000004e-20 5.485e-20 0.0 146.01 0.0
S258988 239.5343 59.9855 8.800999999999999e-23 2.406e-22 1.38e-21 0.0 147.62 0.0
S258989 239.4862 60.0042 3.161e-21 5.6880000000000004e-21 1.407e-20 0.0 149.36 0.0
S258990 239.5139 59.9921 1.956e-13 1.347e-13 4.459e-14 0.001 148.57 0.0
S258991 239.5619 59.9807 2.155e-19 2.728e-19 3.264e-19 0.0 145.52 0.0
S258992 239.552 59.9798 4.59e-18 4.383e-18 2.892e-18 0.0 145.7 0.0
S258993 239.5623 59.983 9.72e-13 7.213e-13 2.81e-13 0.0 145.88 0.0
S258994 239.4911 59.9653 1.065e-22 2.6989999999999997e-22 1.335e-21 0.0 148.26 0.0
S258995 239.5836 59.9809 3.0169999999999996e-22 6.518e-22 2.278e-21 0.0 145.39 0.0
S258996 239.5143 60.0047 8.218999999999999e-22 1.7920000000000002e-21 6.51e-21 0.0 149.19 0.0
S258997 239.5375 59.9745 9.8e-22 2.011e-21 6.403e-21 0.0 146.29 0.0
S258998 239.5411 59.9754 1.127e-21 8.142999999999999e-22 3.164e-22 0.0 145.97 0.0
S258999 239.4852 59.9755 1.457e-17 2.434e-17 5.118e-17 0.0 148.04 0.0
S259000 239.5007 59.9943 1.9170000000000002e-20 3.031e-20 5.529e-20 0.0 149.12 0.0
S259001 239.5603 59.9848 9.598e-22 2.035e-21 7.013e-21 0.0 146.15 0.0
S259002 239.5851 59.9562 3.266e-22 7.931999999999999e-22 3.642e-21 0.0 145.14 0.0
S259003 239.5071 59.9841 1.989e-19 2.613e-19 3.294e-19 0.0 148.46 0.0
S259004 239.5341 59.9804 1.565e-17 2.786e-17 6.874e-17 0.0 146.99 0.0
S259005 239.5241 59.9876 8.424e-16 5.894e-16 2.177e-16 0.0 147.74 0.0
S259006 239.5615 59.9632 4.776e-13 3.357e-13 1.239e-13 0.0 145.74 0.0
S259007 239.5162 59.9835 9.737e-21 1.5370000000000002e-20 2.9280000000000005e-20 0.0 148.85 1.0
S259008 239.5222 59.9976 5.43e-13 3.838e-13 1.412e-13 0.0 148.77 0.0
S259009 239.5409 59.9842 4.431e-19 5.257e-19 5.599e-19 0.0 146.93 0.0
S259010 239.5334 59.948 5.702e-18 5.918e-18 4.678e-18 0.0 145.58 0.0
S259011 239.5145 59.9545 6.485e-17 1.735e-16 9.225e-16 0.0 145.67 1.0
S259012 239.5346 59.9786 8.566e-18 7.721e-18 4.59e-18 0.0 147.06 0.0
S259013 239.5647 59.9851 5.496e-18 5.35e-18 3.814e-18 0.0 145.47 0.0
S259014 239.5234 59.9979 1.3859999999999998e-22 2.8759999999999996e-22 9.154999999999998e-22 0.0 148.21 0.0
S259015 239.5479 59.9805 1.551e-17 1.418e-17 8.376e-18 0.0 146.0 0.0
S259016 239.5601 59.9697 2.5339999999999998e-23 7.893999999999999e-23 6.165999999999999e-22 0.0 145.93 0.0
S259017 239.5176 60.0123 4.019e-17 3.441e-17 1.851e-17 0.0 149.35 0.0
S259018 239.539 60.0171 1.853e-17 4.258e-17 1.716e-16 0.0 148.9 0.0
S259019 239.496 60.0046 3.788e-19 4.689e-19 5.405e-19 0.0 149.02 0.0
S259020 239.5639 59.996 4.469e-18 4.385e-18 3.168e-18 0.0 147.02 0.0
S259021 239.5159 60.0125 1.584e-17 2.665e-17 5.503e-17 0.0 149.22 0.0
S259022 239.5525 59.9772 8.227000000000001e-20 1.137e-19 1.688e-19 0.0 145.92 0.0
S259023 239.5219 59.9709 3.923e-18 4.015e-18 3.007e-18 0.0 147.0 0.0
S259024 239.495 59.9695 8.023e-18 7.559e-18 4.988e-18 0.0 148.85 0.0
S259025 239.574 59.9796 2.234e-21 1.516e-21 4.901e-22 0.0 145.82 0.0
S259026 239.4969 59.9915 9.074e-23 2.0939999999999997e-22 8.501e-22 0.0 148.37 0.0
S259027 239.5037 59.987 1.735e-21 3.533e-21 1.132e-20 0.0 148.5 0.0
S259028 239.5916 59.9635 7.306e-13 5.935e-13 2.801e-13 0.0 145.58 1.0
S259029 239.5247 60.0193 1.4480000000000002e-20 2.398e-20 4.9440000000000005e-20 0.0 149.21 0.0
S259030 239.5486 60.0222 4.185e-24 1.4499999999999998e-23 1.4339999999999998e-22 0.0 149.44 0.0
S259031 239.5336 59.9951 4.006e-13 4.049e-13 2.954e-13 0.0 148.45 1.0
S259032 239.5531 59.9745 3.01e-19 3.834e-19 4.574e-19 0.0 146.04 0.0
S259033 239.5348 59.9702 2.229e-21 1.487e-21 4.814999999999999e-22 0.0 146.5 0.0
S259034 239.5427 59.9591 5.711e-18 5.525e-18 3.728e-18 0.0 145.57 0.0
S259035 239.5422 59.976 1.619e-21 1.135e-21 3.882e-22 0.0 146.13 0.0
S259036 239.5515 60.0262 1.341e-21 9.753999999999999e-22 3.6039999999999996e-22 0.0 148.76 0.0
S259037 239.5089 59.9552 7.732e-17 6.286e-17 2.964e-17 0.0 146.64 0.0
S259038 239.533 59.9797 2.31e-17 3.852e-17 7.944e-17 0.0 147.09 0.0
S259039 239.5229 59.9558 1.823e-22 4.252999999999999e-22 1.751e-21 0.0 146.6 0.0
S259040 239.497 60.0108 1.358e-19 1.822e-19 2.454e-19 0.0 149.23 0.0
S259041 239.5313 59.9988 2.678e-17 2.402e-17 1.429e-17 0.0 148.68 0.0
S259042 239.536 59.9334 3.285e-21 6.293e-21 1.704e-20 0.0 145.18 0.0
S259043 239.5602 59.9559 5.653e-13 4.357e-13 1.768e-13 0.0 145.35 1.0
S259044 239.5137 59.9781 7.218999999999999e-22 1.613e-21 5.956e-21 0.0 147.77 0.0
S259045 239.505 59.9979 8.005e-18 7.296e-18 4.559e-18 0.0 149.12 1.0
S259046 239.5447 59.9868 7.386e-20 1.056e-19 1.638e-19 0.0 146.73 0.0
S259047 239.5544 59.9805 8.053e-18 7.778e-18 5.13e-18 0.0 146.71 0.0
S259048 239.5467 60.0131 3.404e-17 2.945e-17 1.624e-17 0.0 149.07 0.0
S259049 239.5736 59.9943 2.025e-19 2.541e-19 2.867e-19 0.0 146.88 0.0
S259050 239.5148 59.9732 6.56e-16 4.789e-16 1.815e-16 0.0 147.45 0.0
S259051 239.5456 59.9535 3.905e-20 5.831e-20 9.534000000000001e-20 0.0 145.45 0.0
S259052 239.5218 60.0383 3.1180000000000002e-21 5.916e-21 1.6780000000000003e-20 0.001 149.36 0.0
S259053 239.5293 60.016 3.114e-16 2.32e-16 9.428e-17 0.0 149.26 0.0
S259054 239.5627 60.0009 3.6799999999999996e-23 9.055999999999999e-23 4.413e-22 0.0 148.12 0.0
S259055 239.5392 59.9916 1.846e-20 2.993e-20 5.903e-20 0.0 147.77 0.0
S259056 239.5172 59.987 2.1660000000000003e-25 1.0749999999999999e-24 2.195e-23 0.001 148.22 0.0
S259057 239.5216 59.9648 6.351e-21 1.1240000000000001e-20 2.713e-20 0.0 146.58 0.0
S259058 239.5543 60.0091 6.855e-13 5.489e-13 2.497e-13 0.0 148.82 1.0
S259059 239.4947 59.9894 1.2200000000000001e-21 8.808999999999999e-22 3.2769999999999996e-22 0.0 148.36 0.0
S259060 239.5837 59.9549 2.495e-18 2.555e-18 1.973e-18 0.0 145.19 0.0
S259061 239.5473 59.9987 3.539e-19 4.331e-19 4.884e-19 0.0 147.83 0.0
S259062 239.5529 60.0036 5.071e-24 1.558e-23 1.166e-22 0.0 148.03 0.0
S259063 239.5416 59.9683 8.389e-23 1.8209999999999998e-22 6.407999999999999e-22 0.0 146.29 0.0
S259064 239.5262 59.9749 7.869e-22 1.713e-21 6.498e-21 0.0 147.07 0.0
S259065 239.5885 59.9808 1.013e-20 1.684e-20 3.369e-20 0.0 145.55 0.0
S259066 239.5185 59.967 2.9160000000000004e-20 4.5710000000000006e-20 8.566000000000001e-20 0.0 145.69 0.0
S259067 239.5168 59.9416 5.771e-18 5.547e-18 3.623e-18 0.0 145.28 0.0
S259068 239.5321 59.9774 1.393e-19 1.941e-19 2.802e-19 0.0 146.87 0.0
S259069 239.5052 59.9925 5.104e-19 6.289e-19 6.684e-19 0.0 149.04 0.0
S259070 239.5062 59.9862 1.05e-21 7.838e-22 3.17e-22 0.0 148.74 0.0
S259071 239.5301 60.0161 8.67e-18 8.12e-18 5.101e-18 0.0 149.27 0.0
S259072 239.5404 60.0135 7.098e-18 1.239e-17 2.894e-17 0.0 148.76 0.0
S259073 239.5369 60.0323 1.8059999999999998e-22 4.575e-22 2.336e-21 0.0 148.98 0.0
S259074 239.5073 59.9816 1.653e-19 2.093e-19 2.555e-19 0.0 148.7 0.0
S259075 239.549 59.9495 1.621e-24 6.753e-24 9.392e-23 0.0 145.49 0.0
S259076 239.5107 59.978 5.779e-21 1.0120000000000001e-20 2.3800000000000002e-20 0.0 147.96 0.0
S259077 239.4833 59.9913 1.795e-20 2.9220000000000005e-20 5.593e-20 0.0 149.44 0.0
S259078 239.5571 60.0044 4.026e-17 3.258e-17 1.538e-17 0.0 147.76 0.0
S259079 239.5151 59.9983 3.831e-25 1.563e-24 2.093e-23 0.0 148.8 0.0
S259080 239.503 59.9678 8.117e-17 6.427e-17 2.939e-17 0.0 147.52 0.0
S259081 239.52 59.9869 7.894e-13 6.159e-13 2.803e-13 0.0 148.71 1.0
S259082 239.5785 59.9553 3.168e-13 2.146e-13 7.228e-14 0.0 145.54 0.0
S259083 239.4829 59.9794 1.09e-17 9.877e-18 5.845e-18 0.0 148.24 1.0
S259084 239.5233 60.0196 1.6510000000000001e-21 1.161e-21 4.0859999999999995e-22 0.0 149.03 0.0
S259085 239.545 59.9881 3.251e-18 3.253e-18 2.349e-18 0.0 147.06 0.0
S259086 239.5331 59.9635 1.251e-16 3.477e-16 2.181e-15 0.0 145.74 1.0
S259087 239.5552 59.9438 1.377e-19 1.801e-19 2.221e-19 0.0 145.52 0.0
S259088 239.5374 59.956 2.079e-17 3.586e-17 7.845e-17 0.0 145.51 0.0
S259089 239.5145 60.0078 2.2899999999999996e-22 4.968999999999999e-22 1.782e-21 0.0 149.25 0.0
S259090 239.5374 59.9521 7.29e-21 1.2500000000000001e-20 2.78e-20 0.0 146.0 0.0
S259091 239.5276 60.0107 2.6900000000000002e-21 4.829e-21 1.1570000000000001e-20 0.0 149.04 0.0
S259092 239.541 59.9772 6.375e-18 6.372e-18 4.359e-18 0.0 146.49 0.0
S259093 239.5061 59.9993 9.490000000000001e-20 1.284e-19 1.662e-19 0.0 149.13 0.0
S259094 239.5561 59.986 4.172e-23 1.0049999999999999e-22 4.475999999999999e-22 0.0 146.52 0.0
S259095 239.5128 59.9235 3.813e-21 7.229000000000001e-21 1.911e-20 0.0 145.35 0.0
S259096 239.5251 59.9755 2.387e-17 4.042e-17 8.979e-17 0.0 147.2 0.0
S259097 239.5592 59.9876 8.394e-18 1.212e-17 1.816e-17 0.0 146.57 0.0
S259098 239.5671 59.9559 3.346e-20 4.783e-20 7.174e-20 0.0 145.53 0.0
S259099 239.5356 59.976 1.878e-19 2.322e-19 2.639e-19 0.0 146.06 0.0
S259100 239.514 59.9557 1.977e-18 2.011e-18 1.558e-18 0.0 146.26 0.0
S259101 239.5118 59.9876 2.579e-23 7.131e-23 4.1969999999999995e-22 0.0 148.13 0.0
S259102 239.5219 59.9912 5.134e-18 9.932e-18 2.773e-17 0.0 148.62 0.0
S259103 239.5393 59.9995 7.393e-25 2.755e-24 3.078e-23 0.001 148.55 0.0
S259104 239.5324 60.0016 1.878e-21 3.534e-21 9.914e-21 0.0 148.84 0.0
S259105 239.5667 59.9927 2.008e-17 1.814e-17 1.069e-17 0.0 146.93 0.0
S259106 239.5603 59.9963 8.879e-19 1.041e-18 1.039e-18 0.0 147.3 0.0
S259107 239.5603 59.9714 6.985e-23 1.8479999999999999e-22 1.005e-21 0.0 145.84 0.0
S259108 239.5582 59.9542 1.638e-14 3.054e-14 8.17e-14 0.0 145.62 0.0
S259109 239.4722 59.9813 1.4489999999999998e-22 3.0239999999999995e-22 1.039e-21 0.0 148.73 0.0
S259110 239.5476 59.936 1.887e-18 1.873e-18 1.38e-18 0.0 145.67 0.0
S259111 239.5679 59.9565 1.878e-17 1.714e-17 1.011e-17 0.0 145.41 0.0
S259112 239.5093 59.9803 2.41e-17 1.936e-17 8.965e-18 0.0 148.81 0.0
S259113 239.55 59.9913 4.781e-23 1.2409999999999998e-22 6.388999999999999e-22 0.0 147.27 0.0
S259114 239.4986 59.9774 7.063e-19 8.608e-19 9.302e-19 0.0 149.02 0.0
S259115 239.5146 59.9758 1.621e-17 1.401e-17 7.67e-18 0.0 148.92 0.0
S259116 239.529 60.0225 1.151e-18 1.27e-18 1.116e-18 0.0 148.91 0.0
S259117 239.5288 59.9461 8.328e-17 1.358e-16 2.584e-16 0.0 145.73 0.0
S259118 239.5411 59.9799 1.183e-17 2.13e-17 4.985e-17 0.0 146.78 0.0
S259119 239.5413 59.9814 7.882e-20 1.078e-19 1.423e-19 0.0 146.83 0.0
S259120 239.5437 59.9778 1.8569999999999997e-22 4.693e-22 2.24e-21 0.0 146.42 0.0
S259121 239.5493 59.9799 5.633e-18 5.723e-18 4.308e-18 0.0 146.58 0.0
S259122 239.5454 59.9815 2.067e-18 2.187e-18 1.681e-18 0.0 146.77 0.0
S259123 239.542 59.9859 1.294e-16 2.354e-16 5.936e-16 0.0 147.24 0.0
S259124 239.5524 59.9803 1.891e-21 1.301e-21 4.291e-22 0.0 146.54 0.0
S259125 239.5194 59.9864 6.69e-13 5.041e-13 2.04e-13 0.0 148.2 0.0
S259126 239.5376 59.979 1.898e-17 1.681e-17 9.865e-18 0.0 146.81 0.0
S259127 239.5531 59.975 6.676e-17 5.462e-17 2.69e-17 0.0 146.09 0.0
S259128 239.5179 59.9845 8.367e-21 1.467e-20 3.32e-20 0.0 148.07 0.0
S259129 239.555 59.9736 4.797e-23 1.4089999999999998e-22 9.472e-22 0.0 146.39 0.0
S259130 239.5128 59.9853 9.561e-18 1.804e-17 5.016e-17 0.0 148.22 0.0
S259131 239.5168 59.9846 7.663e-22 1.602e-21 5.454e-21 0.0 148.13 0.0
S259132 239.5408 59.9786 7.099999999999999e-23 1.797e-22 9.323e-22 0.0 146.78 0.0
S259133 239.5113 59.9837 1.9799999999999998e-23 5.530999999999999e-23 3.43e-22 0.0 147.97 0.0
S259134 239.5397 59.979 6.656999999999999e-22 1.366e-21 4.305e-21 0.0 146.61 0.0
S259135 239.5229 59.9829 1.7e-19 2.306e-19 3.089e-19 0.0 147.97 0.0
S259136 239.5195 59.9881 6.662e-24 1.9959999999999998e-23 1.4459999999999998e-22 0.0 148.43 0.0
S259137 239.5484 59.9756 1.729e-19 2.276e-19 2.994e-19 0.001 146.49 0.0
S259138 239.553 59.9768 1.24e-17 2.317e-17 6.159e-17 0.0 146.25 0.0
S259139 239.5154 59.9857 1.942e-16 1.494e-16 6.198e-17 0.0 148.26 1.0
S259140 239.547 59.9759 1.899e-13 1.279e-13 4.239e-14 0.001 146.32 0.0
S259141 239.5097 59.9902 1.687e-19 2.369e-19 3.412e-19 0.0 148.37 0.0
S259142 239.5101 59.9936 1.213e-22 3.303e-22 1.843e-21 0.0 148.61 0.0
S259143 239.5479 59.9755 6.928e-13 5.404e-13 2.346e-13 0.0 146.38 1.0
S259144 239.5485 59.9767 2.141e-17 3.655e-17 7.98e-17 0.0 146.46 0.0
S259145 239.519 59.9846 2.351e-24 7.522e-24 6.070999999999999e-23 0.0 148.07 0.0
S259146 239.5462 59.9815 7.605e-17 6.312e-17 3.157e-17 0.0 146.74 0.0
S259147 239.5437 59.9795 2.36e-17 4.683e-17 1.402e-16 0.0 146.68 0.0
S259148 239.5177 59.9884 2.781e-21 4.776e-21 1.044e-20 0.0 148.38 0.0
S259149 239.5468 59.9728 1.017e-22 2.4099999999999997e-22 1.017e-21 0.0 146.13 0.0
S259150 239.5537 59.9814 7.4e-19 8.81e-19 9.005e-19 0.0 146.43 0.0
S259151 239.5174 59.9902 2.013e-21 3.835e-21 1.013e-20 0.0 148.37 0.0
S259152 239.505 59.9946 8.495e-21 1.4100000000000002e-20 3e-20 0.0 148.58 0.0
S259153 239.5548 59.972 6.289e-18 1.064e-17 2.234e-17 0.0 146.2 1.0
S259154 239.5248 59.9865 2.313e-18 2.414e-18 1.964e-18 0.0 148.0 0.0
S259155 239.5416 59.9775 2.041e-17 1.819e-17 9.974e-18 0.0 146.46 0.0
S259156 239.5484 59.974 1.7210000000000002e-21 1.2140000000000001e-21 4.337e-22 0.0 146.29 0.0
S259157 239.5196 59.9797 3.526e-22 7.172e-22 2.338e-21 0.0 147.7 0.0
S259158 239.551 59.9762 1.091e-12 8.477e-13 3.77e-13 0.0 146.34 1.0
S259159 239.5543 59.9795 2.966e-21 5.637e-21 1.5240000000000002e-20 0.0 146.53 0.0
S259160 239.5433 59.9774 4.473e-18 4.395e-18 3.026e-18 0.0 146.49 0.0
S259161 239.5474 59.9829 6.068e-19 7.252e-19 7.516e-19 0.0 146.78 0.0
S259162 239.5181 59.9833 6.5e-20 8.978000000000001e-20 1.233e-19 0.0 147.97 0.0
S259163 239.546 59.9794 1.425e-22 3.3209999999999995e-22 1.411e-21 0.0 146.26 0.0
S259164 239.5539 59.9716 4.5360000000000006e-20 6.833000000000001e-20 1.115e-19 0.0 146.21 0.0
S259165 239.5482 59.9704 8.908e-21 1.6020000000000003e-20 3.866e-20 0.0 145.99 0.0
S259166 239.5433 59.9788 1.462e-18 1.598e-18 1.373e-18 0.0 146.61 0.0
S259167 239.5142 59.9944 2.157e-20 3.4890000000000004e-20 6.571000000000001e-20 0.0 148.56 0.0
S259168 239.5469 59.9779 1.533e-17 3.028e-17 9.185e-17 0.0 146.54 0.0
S259169 239.5153 59.9905 4.195e-20 6.079e-20 9.319000000000001e-20 0.0 148.31 0.0
S259170 239.5125 59.9883 2.449e-18 2.5e-18 1.822e-18 0.0 148.44 0.0
S259171 239.5502 59.984 7.501e-21 1.306e-20 2.8940000000000005e-20 0.0 146.79 0.0
S259172 239.5085 59.9865 9.704e-19 1.171e-18 1.204e-18 0.0 148.3 0.0
S259173 239.5212 59.989 1.48e-21 2.87e-21 7.981e-21 0.0 148.33 0.0
S259174 239.5632 59.971 2.175e-17 1.944e-17 1.113e-17 0.0 145.9 0.0
S259175 239.5451 59.9774 5.772e-20 8.045000000000001e-20 1.185e-19 0.0 146.59 0.0
S259176 239.5462 59.9787 3.049e-21 5.295e-21 1.1570000000000001e-20 0.0 146.59 0.0
S259177 239.5484 59.9758 4.394e-13 3.912e-13 2.204e-13 0.0 146.39 1.0
S259178 239.5531 59.9735 4.562e-22 9.707e-22 3.459e-21 0.0 146.11 0.0
S259179 239.5182 59.9849 6.355e-18 1.087e-17 2.325e-17 0.0 148.14 0.0
S259180 239.5161 59.9891 5.942e-21 1.1210000000000001e-20 3.0940000000000005e-20 0.0 148.21 0.0
S259181 239.5093 59.9909 3.4180000000000004e-21 6.388e-21 1.6930000000000002e-20 0.0 148.41 0.0
S259182 239.5494 59.9796 8.214e-18 7.421e-18 4.444e-18 0.0 146.69 0.0
S259183 239.5196 59.9855 5.616e-19 6.639e-19 6.614e-19 0.0 147.99 0.0
S259184 239.5502 59.979 6.878000000000001e-25 2.84e-24 3.9269999999999996e-23 0.0 146.65 0.0
S259185 239.5169 59.9919 1.732e-21 1.205e-21 4.1069999999999994e-22 0.0 148.31 0.0
S259186 239.5137 59.9912 3.33e-24 1.062e-23 8.595e-23 0.0 148.53 0.0
S259187 239.5443 59.9757 6.35e-18 5.979e-18 3.815e-18 0.0 146.53 0.0
S259188 239.5104 59.9907 1.178e-21 2.411e-21 7.593e-21 0.001 148.23 0.0
S259189 239.5081 59.9877 1.404e-21 1.001e-21 3.6269999999999996e-22 0.0 148.32 0.0
S259190 239.5496 59.9832 1.645e-22 4.032e-22 1.954e-21 0.0 146.93 0.0
S259191 239.5518 59.9768 7.107e-18 6.655e-18 4.108e-18 0.0 146.32 0.0
S259192 239.5546 59.9711 1.4549999999999998e-23 3.977e-23 2.3509999999999997e-22 0.0 146.05 0.0
S259193 239.5232 59.9836 2.6969999999999995e-22 6.274999999999999e-22 2.539e-21 0.0 147.85 0.0
S259194 239.556 59.9807 1.671e-21 1.174e-21 4.0359999999999997e-22 0.0 146.66 0.0
S259195 239.557 59.9798 6.93e-17 5.651e-17 2.677e-17 0.0 146.67 0.0
S259196 239.5153 59.9835 3.968e-20 5.885e-20 9.379e-20 0.0 148.03 0.0
S259197 239.5181 59.986 4.396e-18 4.184e-18 2.671e-18 0.0 147.97 0.0
S259198 239.5484 59.9769 8.489e-24 2.758e-23 2.263e-22 0.0 146.52 0.0
S259199 239.5547 59.9744 5.077e-21 9.27e-21 2.367e-20 0.0 146.3 0.0
S259200 239.5066 59.9872 1.397e-17 2.417e-17 5.669e-17 0.0 148.2 0.0
S259201 239.5531 59.9813 1.618e-17 1.449e-17 8.476e-18 0.0 146.6 0.0
S259202 239.5655 59.9722 5.347e-21 9.168e-21 2.0370000000000003e-20 0.0 146.14 0.0
S259203 239.5164 59.9909 2e-18 2.245e-18 2.05e-18 0.0 148.37 0.0
S259204 239.5451 59.971 1.007e-17 9.557e-18 6.252e-18 0.0 146.2 0.0
S259205 239.5147 59.9886 9.277999999999999e-22 2.0300000000000002e-21 7.464e-21 0.0 148.15 0.0
S259206 239.5533 59.9731 1.617e-19 2.146e-19 2.815e-19 0.0 146.15 0.0
S259207 239.5376 59.9787 1.208e-19 1.544e-19 1.832e-19 0.0 146.79 0.0
S259208 239.5139 59.9911 4.3009999999999996e-23 1.225e-22 7.701999999999999e-22 0.0 148.3 0.0
S259209 239.5166 59.9831 1.509e-21 1.058e-21 3.661e-22 0.0 147.86 0.0
S259210 239.5495 59.9734 4.715e-17 7.665e-17 1.511e-16 0.0 146.23 0.0
S259211 239.5591 59.9711 4.721e-18 4.601e-18 3.148e-18 0.0 146.22 0.0
S259212 239.5569 59.9689 6.5680000000000004e-21 1.168e-20 2.739e-20 0.0 146.16 0.0
S259213 239.5161 59.9913 2.027e-21 1.372e-21 4.740999999999999e-22 0.0 148.4 0.0
S259214 239.5511 59.9749 1.637e-19 2.161e-19 2.796e-19 0.0 146.51 0.0
S259215 239.5187 59.9932 1.356e-17 1.155e-17 6.128e-18 0.0 148.43 0.0
S259216 239.5545 59.9735 3.9979999999999996e-22 8.565999999999999e-22 3.029e-21 0.0 146.22 0.0
S259217 239.5117 59.9892 1.417e-17 2.406e-17 5.06e-17 0.0 148.08 0.0
S259218 239.5516 59.9765 3.413e-17 6.635e-17 1.898e-16 0.0 146.53 0.0
S259219 239.5202 59.9867 1.173e-18 1.257e-18 1.073e-18 0.0 148.02 0.0
S259220 239.5093 59.9948 1.232e-18 1.474e-18 1.479e-18 0.0 148.57 0.0
S259221 239.5588 59.97 1.8040000000000002e-21 1.2410000000000001e-21 4.263e-22 0.0 146.06 0.0
S259222 239.5091 59.9939 2.338e-16 1.764e-16 7.183e-17 0.0 148.41 1.0
S259223 239.5659 59.9719 1.348e-19 1.759e-19 2.202e-19 0.0 146.07 0.0
S259224 239.5097 59.9854 1.133e-17 1.013e-17 5.728e-18 0.0 148.26 0.0
S259225 239.5135 59.9831 9.438e-19 1.053e-18 9.613e-19 0.0 148.0 0.0
S259226 239.5178 59.9873 4.427e-18 4.304e-18 2.832e-18 0.0 148.03 0.0
S259227 239.5079 59.9877 2.142e-17 3.585e-17 7.791e-17 0.0 148.19 0.0
S259228 239.5491 59.9741 1.072e-19 1.424e-19 1.889e-19 0.0 146.39 0.0
S259229 239.5571 59.9764 3.072e-18 3.157e-18 2.476e-18 0.0 146.29 0.0
S259230 239.5041 59.9935 2.3199999999999997e-22 5.755999999999999e-22 2.746e-21 0.0 148.65 0.0
S259231 239.5087 59.9885 1.823e-19 2.22e-19 2.393e-19 0.0 148.16 0.0
S259232 239.5514 59.98 1.544e-18 1.637e-18 1.276e-18 0.0 146.53 0.0
S259233 239.5576 59.9706 6.972e-21 1.1550000000000001e-20 2.315e-20 0.0 146.08 0.0
S259234 239.5076 59.9945 1.586e-17 1.481e-17 9.104e-18 0.0 148.55 0.0
S259235 239.5017 59.9925 4.158e-25 1.717e-24 2.382e-23 0.0 148.57 0.0
S259236 239.5629 59.9743 1.75e-21 1.21e-21 4.2249999999999994e-22 0.0 146.31 0.0
S259237 239.5596 59.9709 6.454e-23 1.767e-22 1.031e-21 0.0 146.21 0.0
S259238 239.5016 59.9892 8.495e-13 6.179e-13 2.406e-13 0.0 148.41 0.0
S259239 239.5612 59.971 2.5039999999999996e-22 6.043e-22 2.748e-21 0.0 146.23 0.0
S259240 239.507 59.9865 2.711e-18 2.783e-18 2.055e-18 0.0 148.17 0.0
S259241 239.556 59.9771 2.679e-25 1.213e-24 1.953e-23 0.0 146.61 0.0
S259242 239.5086 59.9926 2.9370000000000004e-20 4.6530000000000006e-20 8.9e-20 0.0 148.39 0.0
S259243 239.5655 59.9666 2.559e-24 9.485e-24 1.0209999999999998e-22 0.0 145.98 0.0
S259244 239.509 59.9886 4.9660000000000004e-20 7.378000000000001e-20 1.196e-19 0.0 148.19 0.0
S259245 239.554 59.9716 2.75e-18 2.704e-18 1.893e-18 0.0 146.33 0.0
S259246 239.5535 59.9749 1.252e-18 1.306e-18 1.032e-18 0.0 146.44 0.0
S259247 239.5629 59.9771 4.503e-17 9.629e-17 3.374e-16 0.0 146.34 1.0
S259248 239.5508 59.9749 2.3259999999999998e-23 6.142e-23 3.3889999999999996e-22 0.0 146.28 0.0
S259249 239.5006 59.9922 1.151e-19 1.456e-19 1.72e-19 0.0 148.44 0.0
S259250 239.5619 59.9776 1.786e-19 2.199e-19 2.431e-19 0.0 146.6 0.0
S259251 239.5577 59.9719 6.992e-22 1.453e-21 4.885e-21 0.0 146.15 0.0
S259252 239.5105 59.9867 2.832e-21 5.432e-21 1.556e-20 0.0 148.07 0.0
S259253 239.501 59.9891 8.778e-20 1.215e-19 1.672e-19 0.0 148.31 0.0
S259254 239.5075 59.9906 2.36e-13 2.232e-13 1.464e-13 0.0 148.42 0.0
S259255 239.5583 59.9729 1.04e-18 1.095e-18 8.965e-19 0.0 146.26 0.0
S259256 239.5563 59.9757 4.021e-17 3.408e-17 1.752e-17 0.0 146.47 0.0
S259257 239.5611 59.9767 2.003e-18 2.211e-18 1.884e-18 0.0 146.26 0.0
S259258 239.5636 59.9724 3.965e-22 9.171e-22 3.69e-21 0.0 146.16 0.0
S259259 239.5511 59.975 7.19e-24 2.426e-23 2.2669999999999996e-22 0.0 146.49 0.0
S259260 239.5746 59.9735 3.92e-17 7.111e-17 1.856e-16 0.0 146.23 0.0
S259261 239.5037 59.9879 9.365e-21 1.595e-20 3.4820000000000004e-20 0.0 148.14 0.0
S259262 239.5073 59.9911 3.7829999999999996e-22 8.448e-22 3.325e-21 0.0 148.43 0.0
S259263 239.4999 59.9932 1.449e-19 1.916e-19 2.499e-19 0.0 148.48 0.0
S259264 239.5093 59.9922 3.731e-19 4.553e-19 4.78e-19 0.001 148.39 0.0
S259265 239.4972 59.9938 5.201e-13 3.749e-13 1.37e-13 0.0 148.47 0.0
S259266 239.5603 59.9655 1.611e-19 2.107e-19 2.582e-19 0.0 145.95 0.0
S259267 239.5072 59.9845 2.09e-19 2.682e-19 3.202e-19 0.0 148.06 0.0
S259268 239.5688 59.9724 1.4e-21 9.962999999999999e-22 3.6409999999999996e-22 0.0 146.25 0.0
S259269 239.4959 59.9951 9.598e-23 2.547e-22 1.356e-21 0.0 148.57 1.0
S259270 239.5591 59.9782 1.528e-18 1.542e-18 1.109e-18 0.0 146.72 0.0
S259271 239.5719 59.9722 1.154e-17 1.085e-17 6.916e-18 0.0 146.28 0.0
S259272 239.5015 59.9907 6.058e-20 8.916e-20 1.42e-19 0.0 148.28 0.0
S259273 239.5559 59.9721 2.281e-20 3.567e-20 6.599000000000001e-20 0.0 146.31 1.0
S259274 239.4926 59.9925 5.917e-19 6.849e-19 6.493e-19 0.0 148.47 0.0
S259275 239.5579 59.9786 1.942e-21 1.3420000000000001e-21 4.525e-22 0.0 146.55 0.0
S259276 239.5605 59.9785 9.136999999999999e-22 1.914e-21 6.5570000000000005e-21 0.0 146.5 0.0
S259277 239.5045 59.9915 4.767e-19 5.43e-19 4.974e-19 0.0 148.37 0.0
S259278 239.5643 59.9752 1.485e-18 1.572e-18 1.246e-18 0.0 146.24 0.0
S259279 239.5003 59.9928 7.277e-22 1.412e-21 4.171e-21 0.0 148.45 0.0
S259280 239.5166 59.9928 2.11e-21 4.113e-21 1.23e-20 0.0 148.25 0.0
S259281 239.5642 59.9703 2.0959999999999998e-22 5.05e-22 2.274e-21 0.0 146.18 0.0
S259282 239.5677 59.9717 6.935e-17 5.721e-17 2.852e-17 0.0 146.37 0.0
S259283 239.5677 59.9693 2.16e-17 1.886e-17 1.054e-17 0.0 146.12 0.0
S259284 239.5605 59.9725 7.378e-23 2.1129999999999997e-22 1.384e-21 0.0 146.33 0.0
S259285 239.5596 59.9774 4.894e-19 5.801e-19 5.8e-19 0.0 146.44 0.0
S259286 239.558 59.9705 5.96e-18 5.644e-18 3.724e-18 0.0 146.17 0.0
S259287 239.5643 59.97 1.043e-17 9.582e-18 5.828e-18 0.0 146.25 0.0
S259288 239.568 59.9715 1.046e-21 7.826e-22 3.149e-22 0.0 146.15 0.0
S259289 239.5744 59.9704 2.345e-22 5.248999999999999e-22 2.075e-21 0.0 145.99 1.0
S259290 239.5745 59.979 1.555e-21 3.0700000000000002e-21 8.962e-21 0.0 146.51 0.0
S259291 239.5518 59.9773 2.0149999999999999e-22 4.833999999999999e-22 2.102e-21 0.0 146.66 0.0
S259292 239.5034 59.9942 1.405e-17 2.779e-17 8.292e-17 0.0 148.47 0.0
S259293 239.4953 59.9895 1.959e-21 1.353e-21 4.577e-22 0.0 148.3 0.0
S259294 239.5012 59.9913 3.487e-13 2.341e-13 7.845e-14 0.0 148.31 0.0
S259295 239.4956 59.9933 4.737e-19 5.762e-19 6.353e-19 0.0 148.4 0.0
S259296 239.5034 59.997 6.922e-13 4.963e-13 1.918e-13 0.0 148.46 0.0
S259297 239.4979 59.9925 2.758e-18 5.267e-18 1.409e-17 0.0 148.43 0.0
S259298 239.5043 59.992 1.1400000000000001e-20 1.86e-20 3.7160000000000005e-20 0.0 148.43 0.0
S259299 239.5746 59.9656 2.565e-18 2.553e-18 1.848e-18 0.0 146.07 0.0
S259300 239.4998 59.9918 9.105e-27 5.843000000000001e-26 1.985e-24 0.0 148.34 0.0
S259301 239.5644 59.9757 4.287e-17 3.479e-17 1.701e-17 0.0 146.53 0.0
S259302 239.4923 59.9882 1.707e-22 3.8939999999999996e-22 1.569e-21 0.0 148.23 0.0
S259303 239.4925 59.995 1.892e-21 1.289e-21 4.436e-22 0.0 148.3 0.0
S259304 239.5072 59.986 1.877e-17 1.545e-17 7.766e-18 0.0 148.08 0.0
S259305 239.4961 59.9878 6.42e-18 1.606e-17 7.884e-17 0.0 148.27 0.0
S259306 239.5704 59.9694 2.036e-20 3.237e-20 5.987e-20 0.0 146.27 0.0
S259307 239.5702 59.9774 9.768e-19 1.014e-18 7.844e-19 0.0 146.31 0.0
S259308 239.5559 59.975 6.056e-13 4.266e-13 1.538e-13 0.0 146.47 0.0
S259309 239.5688 59.9677 1.021e-18 1.143e-18 1.019e-18 0.0 146.2 0.0
S259310 239.5797 59.9742 1.18e-16 3.333e-16 2.166e-15 0.0 146.25 1.0
S259311 239.5709 59.967 1.678e-22 4.400999999999999e-22 2.406e-21 0.0 146.15 0.0
S259312 239.4957 59.9987 6.719000000000001e-20 9.19e-20 1.264e-19 0.0 148.61 0.0
S259313 239.5849 59.9654 4.411e-19 5.128e-19 5.081e-19 0.0 146.08 0.0
S259314 239.4915 59.9991 9.838e-18 2.201e-17 8.393e-17 0.0 148.65 0.0
S259315 239.4929 59.9958 2.223e-17 3.204e-17 5.073e-17 0.001 148.67 0.0
S259316 239.4967 59.9894 6.415000000000001e-20 9.130000000000001e-20 1.405e-19 0.0 148.29 0.0
S259317 239.5756 59.9683 2.788e-23 7.904e-23 5.0739999999999995e-22 0.0 146.31 0.0
S259318 239.5713 59.9655 1.939e-20 3.0320000000000005e-20 5.569e-20 0.0 146.14 0.0
S259319 239.4935 59.9952 3.3519999999999996e-23 1.032e-22 7.898e-22 0.0 148.4 0.0
S259320 239.5714 59.9698 6.5200000000000004e-21 1.2140000000000001e-20 3.2320000000000005e-20 0.0 146.19 0.0
S259321 239.4917 60.002 1.0129999999999999e-22 2.778e-22 1.664e-21 0.0 148.85 0.0
S259322 239.5787 59.9674 1.115e-17 2.024e-17 4.993e-17 0.0 146.08 0.0
S259323 239.4861 59.9998 5.2740000000000007e-20 7.569e-20 1.118e-19 0.001 148.55 0.0
S259324 239.5 59.9855 5.684e-21 1.011e-20 2.391e-20 0.0 148.13 0.0
S259325 239.5761 59.9686 1.3350000000000001e-20 2.1510000000000003e-20 4.0320000000000006e-20 0.0 146.07 0.0
S259326 239.568 59.9722 1.84e-19 2.464e-19 3.331e-19 0.0 146.31 0.0
S259327 239.574 59.9762 4.597e-18 4.25e-18 2.69e-18 0.0 146.43 0.0
S259328 239.5716 59.9643 7.297e-19 8.508e-19 8.257e-19 0.0 146.05 0.0
S259329 239.4896 59.9989 5.731e-17 4.749e-17 2.354e-17 0.0 148.63 0.0
S259330 239.5754 59.9672 4.927e-17 1.291e-16 6.692e-16 0.0 146.08 1.0
S259331 239.5717 59.9677 1.245e-17 1.125e-17 6.489e-18 0.0 146.19 0.0
S259332 239.5004 59.9926 4.798e-13 3.307e-13 1.167e-13 0.0 148.39 0.0
S259333 239.5733 59.9697 6.848e-18 6.053e-18 3.516e-18 0.0 146.15 0.0
S259334 239.4985 59.995 5.78e-20 8.518e-20 1.363e-19 0.0 148.31 0.0
S259335 239.5718 59.9676 1.196e-21 2.338e-21 6.91e-21 0.0 146.08 0.0
S259336 239.4921 59.9944 1.328e-18 1.493e-18 1.358e-18 0.0 148.34 0.0
S259337 239.5832 59.9741 3.201e-13 2.835e-13 1.605e-13 0.0 146.39 1.0
S259338 239.5822 59.9667 1.956e-21 1.3420000000000001e-21 4.422e-22 0.0 146.13 0.0
S259339 239.5773 59.9692 1.8280000000000002e-21 1.278e-21 4.471e-22 0.0 146.25 0.0
S259340 239.5822 59.9705 8.556e-21 1.529e-20 3.7630000000000006e-20 0.0 146.17 0.0
S259341 239.4852 59.9943 5.057e-24 1.8369999999999998e-23 1.9939999999999997e-22 0.0 148.44 0.0
S259342 239.5697 59.9724 9.15e-19 1.042e-18 9.667e-19 0.0 146.25 0.0
S259343 239.5767 59.9687 3.5979999999999997e-22 7.515999999999999e-22 2.373e-21 0.0 146.05 0.0
S259344 239.4936 59.9922 8.133e-13 6.089e-13 2.439e-13 0.0 148.27 0.0
S259345 239.5816 59.9681 5.67e-18 5.467e-18 3.708e-18 0.0 146.22 0.0
S259346 239.4899 59.9915 1.863e-21 3.425e-21 8.815e-21 0.0 148.24 0.0
S259347 239.5765 59.9721 9.076e-18 8.839e-18 5.978e-18 0.0 146.26 0.0
S259348 239.5784 59.9754 1.629e-21 1.132e-21 4.0589999999999997e-22 0.0 146.39 0.0
S259349 239.5637 59.966 9.366e-18 8.633e-18 5.458e-18 0.0 146.27 0.0
S259350 239.5849 59.9708 2.543e-17 2.109e-17 1.043e-17 0.0 146.26 0.0
S259351 239.4984 59.9914 7.142e-24 2.285e-23 1.7909999999999998e-22 0.0 148.17 0.0
S259352 239.4832 60.0031 8.549e-18 8.025e-18 5.131e-18 0.0 148.55 0.0
S259353 239.4841 59.9973 4.264e-13 2.891e-13 9.751e-14 0.0 148.59 0.0
S259354 239.4957 60.001 1.815e-19 2.378e-19 2.953e-19 0.0 148.53 0.0
S259355 239.5819 59.9714 3.5649999999999995e-22 7.4809999999999995e-22 2.572e-21 0.0 146.14 0.0
S259356 239.5857 59.9685 1.983e-19 2.483e-19 2.877e-19 0.0 146.3 0.0
S259357 239.5331 59.9822 7.174e-16 5.489e-16 2.281e-16 0.0 152.5 0.0
S259358 239.5331 59.9822 2.736e-15 1.878e-15 6.65e-16 0.0 146.07 0.0
S259359 239.5331 59.982 9.185e-17 7.104e-17 3.176e-17 0.0 142.5 1.0
S259360 239.5331 59.9823 1.017e-16 7.545e-17 3.059e-17 0.0 152.27 0.0
S259361 239.5829 59.9632 5.52e-15 3.703e-15 1.221e-15 0.0 146.03 0.0
S259362 239.4855 59.999 1.959e-15 1.351e-15 4.711e-16 0.0 148.54 0.0
S259363 239.4836 59.9939 1.811e-16 1.469e-16 7.017e-17 0.0 148.39 0.0
S259364 239.579 59.9725 1.537e-16 1.196e-16 5.337e-17 0.0 146.35 1.0
S259365 239.5878 59.9727 8.273e-17 6.723e-17 3.264e-17 0.0 146.44 0.0
S259366 239.4854 59.9871 1.991e-16 1.485e-16 5.894e-17 0.0 148.12 0.0
S259367 239.4828 59.9864 1.939e-16 1.508e-16 6.461e-17 0.0 148.15 1.0
S259368 239.4915 59.9811 3.588e-16 2.754e-16 1.116e-16 0.0 147.82 1.0
S259369 239.4927 59.9794 1.348e-17 1.229e-17 7.433e-18 0.0 147.78 0.0
S259370 239.4919 59.9759 3.088e-16 2.34e-16 9.542e-17 0.0 147.75 0.0
S259371 239.4936 59.9705 5.353e-23 1.2969999999999998e-22 5.992999999999999e-22 0.0 147.65 0.0
S259372 239.4921 59.9719 3.791e-16 2.852e-16 1.143e-16 0.0 147.62 0.0
S259373 239.4992 59.9651 7.324e-16 5.349e-16 2.012e-16 0.0 147.4 0.0
S259374 239.5004 59.9613 1.168e-17 1.08e-17 6.56e-18 0.0 147.24 0.0
S259375 239.5659 60.0055 4.575e-16 3.408e-16 1.37e-16 0.0 147.39 0.0
S259376 239.5646 60.0087 5.308e-18 9.994e-18 2.691e-17 0.0 147.52 0.0
S259377 239.5648 60.011 1.199e-16 9.798e-17 4.682e-17 0.0 147.51 0.0
S259378 239.5623 60.0122 1.872e-17 1.643e-17 8.835e-18 0.0 147.68 0.0
S259379 239.5101 59.9456 2.419e-17 2.107e-17 1.148e-17 0.0 146.6 0.0
S259380 239.5129 59.9443 1.166e-17 1.115e-17 7.178e-18 0.0 146.67 0.0
S259381 239.5154 59.9365 3.447e-17 4.986e-17 7.575e-17 0.0 146.59 0.0
S259382 239.5161 59.9377 1.126e-16 8.88e-17 3.881e-17 0.0 146.49 1.0
S259383 239.5453 60.0293 1.319e-16 9.942e-17 4.032e-17 0.0 148.29 1.0
S259384 239.5225 59.9325 2.579e-17 2.178e-17 1.1e-17 0.0 146.38 0.0
S259385 239.5265 59.9246 1.264e-16 9.531e-17 3.948e-17 0.0 146.16 0.0
S259386 239.5253 59.9292 2.482e-15 1.655e-15 5.448e-16 0.0 146.28 0.0
S259387 239.5376 60.0423 9.417e-16 6.633e-16 2.368e-16 0.0 148.58 0.0
S259388 239.5318 59.9275 1.016e-17 9.158e-18 5.375e-18 0.0 146.14 0.0
S259389 239.5311 60.0475 2.003e-17 1.838e-17 1.097e-17 0.0 148.71 0.0
S259390 239.5265 60.0511 1.662e-21 1.169e-21 4.1479999999999997e-22 0.0 148.96 0.0
S259391 239.5215 60.0547 6.656e-16 4.868e-16 1.913e-16 0.0 148.86 0.0
S259392 239.549 59.9065 2.203e-17 1.882e-17 1.006e-17 0.0 145.47 0.0
S259393 239.519 60.0499 9.821e-19 1.159e-18 1.143e-18 0.0 149.01 0.0
S259394 239.5119 60.0624 1.985e-17 1.742e-17 9.783e-18 0.0 149.12 0.0
S259395 239.5082 60.0701 3.227e-17 2.841e-17 1.607e-17 0.0 149.18 0.0
S259396 239.5605 59.901 1.78e-15 1.282e-15 4.759e-16 0.0 145.26 0.0
S259397 239.5046 60.0644 2.668e-17 2.261e-17 1.146e-17 0.0 149.23 0.0
S259398 239.5659 59.8977 8.726e-17 7.259e-17 3.583e-17 0.0 145.38 0.0
S259399 239.4974 60.0625 1.104e-16 8.579e-17 3.845e-17 0.0 149.36 0.0
S259400 239.4933 60.0737 1.928e-15 1.355e-15 4.824e-16 0.0 149.59 0.0
S259401 239.492 60.065 3.8e-16 2.874e-16 1.188e-16 0.0 149.45 1.0
S259402 239.5764 59.8975 7.034e-19 8.711e-19 9.412e-19 0.0 145.12 0.0
S259403 239.5832 59.8854 7.127e-18 6.524e-18 3.783e-18 0.0 145.04 0.0
S259404 239.4796 60.0751 1.892e-16 1.51e-16 6.974e-17 0.0 149.58 0.0
S259405 239.4778 60.073 6.628e-17 5.22e-17 2.355e-17 0.0 149.58 0.0
S259406 239.4778 60.0688 4.41e-16 3.467e-16 1.529e-16 0.0 149.65 0.0
S259407 239.4726 60.0738 2.036e-18 2.204e-18 1.884e-18 0.0 149.69 0.0
S259408 239.5976 59.8937 3.644e-15 2.502e-15 8.525e-16 0.0 144.84 0.0
S259409 239.468 60.069 3.057e-17 2.695e-17 1.556e-17 0.0 149.65 0.0
S259410 239.4673 60.0702 1.717e-24 6.326e-24 6.781999999999999e-23 0.0 149.74 0.0
S259411 239.6058 59.8888 2.548e-18 2.618e-18 2.026e-18 0.0 144.68 0.0
S259412 239.6036 59.8954 1.403e-17 1.293e-17 7.576e-18 0.0 144.89 0.0
S259413 239.607 59.8966 2.265e-17 2.003e-17 1.18e-17 0.0 145.02 0.0
S259414 239.4558 60.0617 7.725e-17 6.587e-17 3.48e-17 0.0 149.71 0.0
S259415 239.4565 60.0649 4.932e-17 4.172e-17 2.104e-17 0.0 149.73 0.0
S259416 239.6143 59.8996 2.389e-17 3.657e-17 6.376e-17 0.0 144.99 0.0
S259417 239.4531 60.0608 1.501e-16 1.186e-16 5.198e-17 0.0 149.66 1.0
S259418 239.6205 59.9064 2.707e-16 2.08e-16 8.632e-17 0.0 145.01 1.0
S259419 239.4433 60.0595 1.344e-16 1.08e-16 4.957e-17 0.0 149.5 0.0
S259420 239.6162 59.9119 7.085e-16 5.08e-16 1.954e-16 0.0 145.17 0.0
S259421 239.4403 60.0522 2.18e-17 1.979e-17 1.213e-17 0.0 149.42 0.0
S259422 239.445 60.0477 8.905e-16 6.364e-16 2.328e-16 0.0 149.33 0.0
S259423 239.447 60.0455 8.326e-15 5.601e-15 1.845e-15 0.0 149.33 0.0
S259424 239.4408 60.0436 3.02e-16 2.301e-16 9.536e-17 0.0 149.13 0.0
S259425 239.4416 60.04 6.837e-17 5.216e-17 2.228e-17 0.0 149.23 0.0
S259426 239.4415 60.0372 1.861e-15 1.301e-15 4.405e-16 0.0 149.18 0.0
S259427 239.4428 60.0312 2.3800000000000002e-20 3.823e-20 7.532000000000001e-20 0.0 149.02 0.0
S259428 239.4439 60.0305 5.949e-16 4.236e-16 1.571e-16 0.0 148.93 0.0
S259429 239.6243 59.9379 2.539e-16 2.029e-16 9.203e-17 0.0 145.78 1.0
S259430 239.4468 60.0199 5.326e-17 4.562e-17 2.425e-17 0.0 148.72 0.0
S259431 239.6226 59.9494 2.921e-15 2.043e-15 7.238e-16 0.0 145.88 0.0
S259432 239.618 59.9528 5.247e-16 3.832e-16 1.426e-16 0.0 145.99 0.0
S259433 239.6113 59.9568 2.032e-16 1.544e-16 6.499e-17 0.0 146.17 1.0
S259434 239.4487 60.0026 5.823e-18 5.674e-18 3.886e-18 0.0 148.41 0.0
S259435 239.4508 59.9996 4.055e-17 3.269e-17 1.477e-17 0.0 148.35 0.0
S259436 239.6129 59.9695 5.597e-24 1.7799999999999998e-23 1.3869999999999999e-22 0.0 146.38 0.0
S259437 239.6078 59.9751 2.923e-16 2.267e-16 1.022e-16 0.0 146.46 1.0
S259438 239.4666 59.9837 3.552e-16 2.699e-16 1.147e-16 0.0 148.09 0.0
S259439 239.604 59.9861 8.176e-16 6.072e-16 2.408e-16 0.0 146.72 0.0
S259440 239.4655 59.9725 1.537e-18 1.605e-18 1.28e-18 0.0 147.94 0.0
S259441 239.4628 59.9708 4.126e-16 3.007e-16 1.158e-16 0.0 147.81 0.0
S259442 239.599 59.9976 3.39e-13 2.464e-13 8.976e-14 0.0 146.97 0.0
S259443 239.5956 60.0042 3.303e-17 2.846e-17 1.516e-17 0.0 147.09 0.0
S259444 239.5888 60.0111 1.63e-19 2.144e-19 2.602e-19 0.0 147.33 0.0
S259445 239.4795 59.9467 3.299e-17 2.707e-17 1.354e-17 0.0 147.28 0.0
S259446 239.5872 60.0181 4.86e-17 4.075e-17 2.063e-17 0.0 147.5 0.0
S259447 239.486 59.9377 2.146e-15 1.505e-15 5.306e-16 0.0 147.08 0.0
S259448 239.4936 59.9318 1.112e-17 9.886e-18 5.756e-18 0.0 146.85 0.0
S259449 239.5733 60.0345 2.618e-16 1.958e-16 8.09e-17 0.0 147.81 0.0
S259450 239.4994 59.9227 2.178e-15 1.469e-15 5.037e-16 0.0 146.73 0.0
S259451 239.5045 59.9171 5.867e-13 5.497e-13 3.461e-13 0.0 146.48 1.0
S259452 239.5001 59.9145 7.038e-17 5.659e-17 2.559e-17 0.0 146.68 0.0
S259453 239.5087 59.9163 1.474e-21 3.208e-21 1.1830000000000001e-20 0.0 146.6 0.0
S259454 239.5132 59.9043 5.758e-13 4.056e-13 1.43e-13 0.0 146.38 0.0
S259455 239.5175 59.9051 3.142e-16 2.298e-16 8.864e-17 0.0 146.25 0.0
S259456 239.5201 59.9005 1.843e-15 1.261e-15 4.253e-16 0.0 146.21 0.0
S259457 239.5418 60.0628 2.331e-17 1.935e-17 9.837e-18 0.0 148.49 0.0
S259458 239.5354 60.0646 4.422e-18 4.642e-18 3.671e-18 0.0 148.62 0.0
S259459 239.5315 60.07 5.351e-18 5.234e-18 3.658e-18 0.0 148.69 0.0
S259460 239.5448 59.8789 2.575e-16 1.889e-16 7.432e-17 0.0 145.72 0.0
S259461 239.546 59.8811 2.006e-15 1.357e-15 4.555e-16 0.0 145.65 0.0
S259462 239.5512 59.8747 8.497e-17 6.866e-17 3.319e-17 0.0 145.54 0.0
S259463 239.5553 59.8787 5.184e-13 3.585e-13 1.253e-13 0.0 145.57 0.0
S259464 239.5083 60.089 1.529e-16 1.212e-16 5.604e-17 0.0 149.01 0.0
S259465 239.5031 60.0967 2.483e-17 4.474e-17 1.056e-16 0.0 149.31 0.0
S259466 239.5708 59.863 5.664e-16 3.958e-16 1.46e-16 0.0 145.27 0.0
S259467 239.4936 60.094 1.077e-16 8.538e-17 3.782e-17 0.0 149.37 1.0
S259468 239.5779 59.8596 1.035e-15 7.258e-16 2.583e-16 0.0 145.16 0.0
S259469 239.5847 59.8554 3.522e-13 2.448e-13 8.621e-14 0.0 145.26 0.0
S259470 239.4742 60.1157 2.569e-15 1.747e-15 5.671e-16 0.0 149.72 0.0
S259471 239.5908 59.8603 5.778e-16 4.304e-16 1.715e-16 0.0 145.08 0.0
S259472 239.5982 59.8557 2.655e-15 1.823e-15 6.109e-16 0.0 145.02 0.0
S259473 239.6017 59.8528 4.981e-16 3.644e-16 1.38e-16 0.0 145.02 0.0
S259474 239.46 60.112 2.298e-19 3.075e-19 3.91e-19 0.0 149.76 0.0
S259475 239.4596 60.1086 5.514e-18 1.039e-17 2.788e-17 0.0 149.87 0.0
S259476 239.6038 59.8678 7.487e-17 5.965e-17 2.824e-17 0.0 144.9 0.0
S259477 239.6134 59.8618 2.142e-15 1.552e-15 5.765e-16 0.0 144.89 0.0
S259478 239.6164 59.8579 5.407e-15 3.7e-15 1.25e-15 0.0 144.82 0.0
S259479 239.6226 59.8551 1.573e-17 1.439e-17 8.858e-18 0.0 144.84 0.0
S259480 239.6272 59.8538 1.636e-16 1.254e-16 5.155e-17 0.0 144.8 1.0
S259481 239.4358 60.1136 1.927e-15 1.344e-15 4.836e-16 0.0 149.79 0.0
S259482 239.4378 60.1011 2.974e-17 4.54e-17 8.031e-17 0.0 149.75 0.0
S259483 239.4348 60.0958 1.299e-15 8.792e-16 3.018e-16 0.0 149.85 0.0
S259484 239.4285 60.1005 2.506e-17 3.896e-17 6.872e-17 0.0 149.75 0.0
S259485 239.6341 59.8742 1.236e-17 1.142e-17 7.12e-18 0.0 144.85 0.0
S259486 239.6451 59.8668 1.683e-16 1.28e-16 5.216e-17 0.0 144.9 1.0
S259487 239.6433 59.8718 2.585e-16 1.98e-16 8.312e-17 0.0 144.76 1.0
S259488 239.4248 60.0894 1.951e-19 2.562e-19 3.256e-19 0.0 149.74 0.0
S259489 239.6539 59.8775 1.185e-15 8.461e-16 3.158e-16 0.001 144.95 0.0
S259490 239.4211 60.081 9.142e-19 1.014e-18 8.943e-19 0.0 149.55 0.0
S259491 239.6441 59.8911 1.55e-17 3.086e-17 9.088e-17 0.0 145.13 0.0
S259492 239.642 59.8943 1.416e-16 1.17e-16 5.546e-17 0.0 145.16 0.0
S259493 239.647 59.8932 1.517e-16 1.17e-16 4.9e-17 0.0 145.17 1.0
S259494 239.4156 60.0685 1.827e-21 1.252e-21 4.393e-22 0.0 149.37 0.0
S259495 239.4216 60.0569 1.302e-16 1.037e-16 4.693e-17 0.0 149.29 1.0
S259496 239.6572 59.9056 8.868e-13 7.34e-13 3.587e-13 0.0 145.41 1.0
S259497 239.6556 59.9106 4.931e-17 4.074e-17 2.028e-17 0.0 145.43 0.0
S259498 239.417 60.0459 2e-15 1.431e-15 5.229e-16 0.0 149.05 0.0
S259499 239.6409 59.9268 1.991e-18 3.505e-18 8.183e-18 0.0 145.66 0.0
S259500 239.6484 59.9301 1.482e-13 1.959e-13 2.564e-13 0.0 145.76 0.0
S259501 239.4197 60.0286 2.998e-16 2.112e-16 7.482e-17 0.0 148.67 0.0
S259502 239.4262 60.023 3.653e-15 2.506e-15 8.733e-16 0.0 148.65 0.0
S259503 239.4236 60.0181 8.759e-16 6.127e-16 2.148e-16 0.0 148.67 0.0
S259504 239.4334 60.0101 3.54e-17 2.995e-17 1.543e-17 0.0 148.54 0.0
S259505 239.4306 60.0045 2.001e-16 1.553e-16 6.865e-17 0.0 148.42 1.0
S259506 239.4284 60.0031 2.016e-16 1.492e-16 5.819e-17 0.0 148.34 0.0
S259507 239.4241 59.9962 3.552e-17 3.083e-17 1.649e-17 0.0 148.24 0.0
S259508 239.4322 59.9875 1.674e-17 2.808e-17 5.779e-17 0.0 148.06 0.0
S259509 239.6272 59.9799 4.762e-18 9.19e-18 2.612e-17 0.0 146.66 0.0
S259510 239.4381 59.9738 3.252e-19 4.096e-19 4.751e-19 0.0 147.84 0.0
S259511 239.6236 59.9911 4.65e-17 3.964e-17 1.994e-17 0.0 146.83 0.0
S259512 239.4495 59.9619 5.218e-17 1.052e-16 3.109e-16 0.0 147.69 1.0
S259513 239.6092 60.0113 8.874e-18 1.408e-17 2.662e-17 0.0 147.13 0.0
S259514 239.6154 60.0111 4.553e-18 4.749e-18 3.673e-18 0.0 147.18 0.0
S259515 239.4678 59.941 5.227e-17 4.204e-17 2.03e-17 0.0 147.23 0.0
S259516 239.6006 60.0252 7.666e-17 6.179e-17 2.921e-17 0.0 147.35 0.0
S259517 239.4729 59.9361 8.197e-18 1.465e-17 3.575e-17 0.0 147.12 0.0
S259518 239.4797 59.9282 1.713e-16 1.302e-16 5.633e-17 0.0 146.92 1.0
S259519 239.5818 60.047 6.718e-18 1.185e-17 2.737e-17 0.0 147.83 0.0
S259520 239.5848 60.0494 2.85e-17 2.497e-17 1.326e-17 0.0 147.71 0.0
S259521 239.5786 60.0497 1.625e-17 1.538e-17 9.532e-18 0.0 147.87 0.0
S259522 239.5701 60.0637 1.308e-17 1.126e-17 6.072e-18 0.0 148.06 0.0
S259523 239.498 59.9017 5.399e-16 4.126e-16 1.719e-16 0.0 146.51 0.0
S259524 239.5562 60.0744 2.56e-16 1.944e-16 7.936e-17 0.0 148.48 0.0
S259525 239.5032 59.8958 7.357e-17 6.111e-17 3.064e-17 0.0 146.58 0.0
S259526 239.5483 60.0819 6.986e-16 5.04e-16 1.833e-16 0.0 148.48 0.0
S259527 239.5237 59.8739 6.777000000000001e-21 1.2140000000000001e-20 2.967e-20 0.0 145.99 0.0
S259528 239.5396 60.095 2.274e-16 1.758e-16 7.607e-17 0.0 148.78 1.0
S259529 239.5308 60.0995 3.04e-17 2.608e-17 1.387e-17 0.0 148.75 0.0
S259530 239.5264 60.1011 8.557000000000001e-20 1.228e-19 1.947e-19 0.0 148.87 0.0
S259531 239.5478 59.8546 3.34e-17 3.073e-17 1.823e-17 0.0 145.6 0.0
S259532 239.5536 59.8535 1.98e-16 1.541e-16 6.82e-17 0.0 145.51 1.0
S259533 239.5568 59.8509 1.197e-17 1.922e-17 3.686e-17 0.0 145.61 0.0
S259534 239.5642 59.8459 1.49e-17 1.313e-17 7.53e-18 0.0 145.41 0.0
S259535 239.5665 59.8501 4.457e-17 3.581e-17 1.699e-17 0.0 145.35 0.0
S259536 239.5759 59.8402 1.719e-16 1.362e-16 6.081e-17 0.0 145.38 1.0
S259537 239.4927 60.1121 2.337e-16 1.753e-16 7.162e-17 0.0 149.48 0.0
S259538 239.5867 59.8336 1.705e-17 2.883e-17 6.376e-17 0.0 145.22 0.0
S259539 239.593 59.8281 2.276e-16 1.73e-16 7.138e-17 0.0 145.08 1.0
S259540 239.5771 59.9783 7.021e-20 9.774000000000001e-20 1.336e-19 0.0 146.62 0.0
S259541 239.5849 59.9767 1.96e-17 1.731e-17 9.787e-18 0.0 146.55 0.0
S259542 239.5678 59.9795 6.474e-16 4.663e-16 1.778e-16 0.0 146.59 0.0
S259543 239.5766 59.9799 1.013e-17 8.994e-18 4.982e-18 0.0 146.59 0.0
S259544 239.5769 59.984 2.055e-17 1.799e-17 9.71e-18 0.0 146.67 0.0
S259545 239.4964 59.9795 2.185e-18 2.335e-18 1.852e-18 0.0 147.84 0.0
S259546 239.5707 59.9887 4.21e-17 3.699e-17 2.034e-17 0.0 146.89 0.0
S259547 239.5771 59.9925 5.833e-20 8.347000000000001e-20 1.233e-19 0.0 146.98 0.0
S259548 239.4981 59.9677 3.947e-20 5.743000000000001e-20 8.829000000000001e-20 0.0 147.51 0.0
S259549 239.5722 59.9924 2.602e-19 3.159e-19 3.344e-19 0.0 147.07 0.0
S259550 239.5656 59.996 6.93e-18 1.27e-17 3.338e-17 0.0 147.22 0.0
S259551 239.503 59.9655 5.274e-18 5.244e-18 3.686e-18 0.0 147.33 0.0
S259552 239.5623 60.0052 4.8949999999999995e-23 1.448e-22 1.022e-21 0.0 147.58 0.0
S259553 239.5718 60.0008 4.813e-18 4.686e-18 3.128e-18 0.0 147.29 0.0
S259554 239.5735 60.0055 2.192e-17 3.208e-17 5.223e-17 0.0 147.29 0.0
S259555 239.5623 60.0061 2.654e-16 1.994e-16 8.147e-17 0.0 147.53 0.0
S259556 239.5064 59.9558 1.886e-19 2.353e-19 2.684e-19 0.0 147.01 0.0
S259557 239.5055 59.9519 1.0720000000000001e-20 1.78e-20 3.7440000000000004e-20 0.0 147.01 0.0
S259558 239.5589 60.0149 1.058e-17 1.91e-17 4.609e-17 0.0 147.71 0.0
S259559 239.5129 59.9482 4.6819999999999996e-24 1.518e-23 1.211e-22 0.0 146.82 0.0
S259560 239.5159 59.9423 1.959e-21 1.349e-21 4.645e-22 0.0 146.63 0.0
S259561 239.5209 59.94 1.05e-17 9.67e-18 5.751e-18 0.0 146.42 0.0
S259562 239.514 59.9386 5.109e-18 1.083e-17 3.619e-17 0.0 146.47 0.0
S259563 239.5175 59.9399 6.011e-18 1.019e-17 2.144e-17 0.0 146.51 0.0
S259564 239.5217 59.9297 3.63e-16 2.686e-16 1.075e-16 0.0 146.29 0.0
S259565 239.5389 60.0399 2.646e-18 2.943e-18 2.574e-18 0.0 148.48 0.0
S259566 239.5254 59.9271 1.873e-17 3.085e-17 6.395e-17 0.001 146.15 0.0
S259567 239.5237 59.9299 3.782e-24 1.252e-23 1.0929999999999998e-22 0.0 146.21 0.0
S259568 239.5334 59.9232 1.88e-21 3.684e-21 1.09e-20 0.0 146.04 0.0
S259569 239.532 60.0464 2.253e-18 2.369e-18 1.963e-18 0.0 148.73 0.0
S259570 239.5367 59.9164 3.236e-23 8.705999999999999e-23 4.906999999999999e-22 0.0 145.94 0.0
S259571 239.5276 60.0368 3.607e-22 7.339999999999999e-22 2.3690000000000002e-21 0.0 148.71 0.0
S259572 239.5272 60.0482 1.842e-21 1.267e-21 4.369e-22 0.0 148.77 0.0
S259573 239.5414 59.9174 8.762999999999999e-24 2.51e-23 1.5839999999999999e-22 0.0 145.83 0.0
S259574 239.5436 59.9161 5.795e-17 4.814e-17 2.438e-17 0.0 145.59 0.0
S259575 239.5214 60.0492 1.5589999999999998e-23 5.027e-23 4.031e-22 0.0 148.94 0.0
S259576 239.525 60.052 2.891e-18 3.102e-18 2.642e-18 0.0 148.92 0.0
S259577 239.5176 60.061 2.7780000000000004e-20 4.362e-20 8.055e-20 0.0 149.21 0.0
S259578 239.5198 60.0512 2.029e-17 3.015e-17 4.825e-17 0.0 149.18 0.0
S259579 239.515 60.0594 7.667e-19 9.344e-19 9.764e-19 0.0 149.33 0.0
S259580 239.5058 60.0651 9.29e-24 2.7279999999999996e-23 1.8249999999999998e-22 0.0 149.32 0.0
S259581 239.5572 59.9053 2.288e-16 1.756e-16 7.601e-17 0.0 145.38 1.0
S259582 239.503 60.0644 1.424e-17 1.266e-17 7.158e-18 0.0 149.33 0.0
S259583 239.4977 60.0738 2.525e-22 5.383999999999999e-22 1.892e-21 0.0 149.45 0.0
S259584 239.4961 60.0766 3.174e-17 5.847e-17 1.55e-16 0.0 149.42 0.0
S259585 239.4971 60.0623 6.206e-13 5.121e-13 2.471e-13 0.0 149.6 1.0
S259586 239.5749 59.8832 7.309e-20 1.019e-19 1.427e-19 0.0 145.16 0.0
S259587 239.5714 59.9024 1.256e-21 2.526e-21 7.854e-21 0.0 145.16 0.0
S259588 239.5756 59.8866 1.571e-18 1.717e-18 1.499e-18 0.0 144.97 0.0
S259589 239.5798 59.8966 6.518e-17 5.253e-17 2.481e-17 0.0 145.18 0.0
S259590 239.4896 60.0658 2.115e-18 2.121e-18 1.511e-18 0.0 149.6 0.0
S259591 239.5855 59.8939 2.2249999999999998e-22 5.529999999999999e-22 2.5830000000000002e-21 0.0 145.02 0.0
S259592 239.587 59.9 9.694e-16 7.027e-16 2.65e-16 0.0 144.95 0.0
S259593 239.5891 59.8946 2.372e-17 2.003e-17 1.009e-17 0.0 144.9 0.0
S259594 239.5822 59.9053 3.182e-20 4.6670000000000006e-20 7.347e-20 0.0 145.08 0.0
S259595 239.5902 59.8954 5.808e-17 1.106e-16 3.052e-16 0.0 144.94 0.0
S259596 239.4678 60.0726 7.658e-16 5.643e-16 2.2e-16 0.0 149.68 1.0
S259597 239.5943 59.8938 2.815e-18 2.932e-18 2.237e-18 0.0 144.91 0.0
S259598 239.6011 59.8887 2.229e-19 2.768e-19 3.07e-19 0.0 144.79 0.0
S259599 239.6027 59.8904 1.039e-15 7.379e-16 2.683e-16 0.0 145.03 0.0
S259600 239.4684 60.0664 1.719e-18 1.858e-18 1.623e-18 0.0 149.73 0.0
S259601 239.4669 60.063 1.56e-17 1.338e-17 6.976e-18 0.0 149.59 0.0
S259602 239.6032 59.8934 1.724e-21 1.212e-21 4.209e-22 0.0 144.91 0.0
S259603 239.6051 59.8909 9.147e-18 2.045e-17 7.805e-17 0.0 144.8 0.0
S259604 239.4603 60.0619 3.408e-17 3.072e-17 1.804e-17 0.0 149.63 0.0
S259605 239.4633 60.0668 1.406e-16 1.079e-16 4.672e-17 0.0 149.66 1.0
S259606 239.6063 59.9064 1.177e-17 1.079e-17 6.182e-18 0.0 145.03 0.0
S259607 239.6049 59.9047 3.83e-17 3.165e-17 1.625e-17 0.0 144.99 0.0
S259608 239.6081 59.906 6.677e-17 5.164e-17 2.225e-17 0.0 145.04 0.0
S259609 239.4563 60.0558 3.741e-19 4.356e-19 4.329e-19 0.0 149.59 0.0
S259610 239.6094 59.9109 1.024e-17 9.426e-18 5.53e-18 0.0 144.99 0.0
S259611 239.6198 59.908 3.416e-17 2.864e-17 1.447e-17 0.0 144.99 0.0
S259612 239.6283 59.9034 7.02e-19 7.779e-19 7.051e-19 0.0 145.07 0.0
S259613 239.6087 59.9117 2.28e-17 4.236e-17 1.116e-16 0.0 145.02 0.0
S259614 239.6177 59.9099 5.567e-19 6.365e-19 6.027e-19 0.0 145.12 0.0
S259615 239.6206 59.9231 1.344e-17 2.393e-17 5.59e-17 0.0 145.2 0.0
S259616 239.6149 59.9224 6.609e-17 5.247e-17 2.369e-17 0.0 145.24 0.0
S259617 239.6294 59.9163 2.9589999999999997e-22 6.283e-22 2.229e-21 0.0 145.44 0.0
S259618 239.6278 59.9186 1.248e-19 1.7e-19 2.28e-19 0.0 145.32 0.0
S259619 239.61 59.9293 3.979e-17 8.17e-17 2.557e-16 0.0 145.38 1.0
S259620 239.4422 60.0412 4.345e-18 7.983e-18 2.1e-17 0.0 149.18 0.0
S259621 239.6252 59.9301 1.052e-12 8.33e-13 3.714e-13 0.0 145.55 1.0
S259622 239.6307 59.9353 6.625e-23 1.73e-22 9.156999999999998e-22 0.0 145.62 0.0
S259623 239.6168 59.9339 1.219e-16 8.969e-17 3.574e-17 0.0 145.57 0.0
S259624 239.4388 60.0272 9.204e-18 8.536e-18 5.261e-18 0.0 149.05 0.0
S259625 239.6157 59.9407 1.191e-17 1.076e-17 6.336e-18 0.0 145.71 0.0
S259626 239.4572 60.018 8.415e-17 6.755e-17 3.176e-17 0.0 148.77 0.0
S259627 239.6108 59.9477 1.01e-19 1.425e-19 2.034e-19 0.0 145.85 0.0
S259628 239.6218 59.9487 6.278e-18 1.15e-17 2.85e-17 0.0 145.88 0.0
S259629 239.6204 59.9519 8.738e-20 1.236e-19 1.809e-19 0.0 145.95 0.0
S259630 239.4411 60.0119 2.398e-17 2.002e-17 9.993e-18 0.0 148.61 0.0
S259631 239.6176 59.9569 2.0450000000000002e-20 3.12e-20 5.566e-20 0.0 146.03 1.0
S259632 239.4517 60.0022 1.267e-21 2.442e-21 6.685e-21 0.0 148.55 0.0
S259633 239.4592 59.9964 3.137e-16 2.582e-16 1.236e-16 0.0 148.16 0.0
S259634 239.5974 59.9724 1.187e-22 2.971e-22 1.4310000000000001e-21 0.0 146.53 0.0
S259635 239.4487 59.9927 1.462e-18 1.583e-18 1.359e-18 0.0 148.18 0.0
S259636 239.4589 59.9868 1.794e-17 1.603e-17 9.429e-18 0.0 148.02 0.0
S259637 239.4615 59.9836 1.781e-18 1.905e-18 1.602e-18 0.0 147.92 0.0
S259638 239.593 59.9858 1.069e-19 1.494e-19 2.148e-19 0.0 146.8 0.0
S259639 239.6096 59.9847 1.065e-17 2.18e-17 7.178e-17 0.0 146.6 0.0
S259640 239.6026 59.9923 7.978999999999999e-22 1.693e-21 5.798e-21 0.0 146.82 0.0
S259641 239.4643 59.9703 4.232e-17 3.879e-17 2.417e-17 0.0 147.79 0.0
S259642 239.4719 59.9703 7.626e-19 9.179e-19 9.637e-19 0.0 147.78 0.0
S259643 239.4656 59.9658 2.809e-20 4.146e-20 6.825e-20 0.0 147.64 0.0
S259644 239.587 60.0074 1.411e-19 1.923e-19 2.673e-19 0.0 147.14 0.0
S259645 239.473 59.9567 2.753e-13 1.907e-13 6.339e-14 0.0 147.36 0.0
S259646 239.4818 59.9517 2.2230000000000003e-20 3.499e-20 6.338e-20 0.0 147.22 0.0
S259647 239.4751 59.9448 6.148e-17 5.35e-17 2.879e-17 0.0 147.17 0.0
S259648 239.4869 59.9446 4.034e-17 7.9e-17 2.322e-16 0.001 147.06 0.0
S259649 239.5757 60.0269 1.032e-16 7.708e-17 3.216e-17 0.0 147.79 0.0
S259650 239.4939 59.9321 1.906e-18 2.024e-18 1.661e-18 0.0 146.84 0.0
S259651 239.4896 59.9321 3.47e-20 5.245e-20 8.534000000000001e-20 0.0 146.85 0.0
S259652 239.4939 59.9305 8.112e-17 6.356e-17 2.822e-17 0.0 146.82 0.0
S259653 239.4998 59.9256 8.711e-19 9.881e-19 8.986e-19 0.0 146.72 0.0
S259654 239.5651 60.0415 1.415e-19 1.821e-19 2.166e-19 0.0 147.87 0.0
S259655 239.5052 59.9179 4.462e-17 3.71e-17 1.895e-17 0.0 146.68 0.0
S259656 239.5006 59.9192 3.438e-18 3.418e-18 2.529e-18 0.0 146.58 0.0
S259657 239.5029 59.9111 3.628e-19 4.675e-19 5.837e-19 0.0 146.41 0.0
S259658 239.5479 60.0673 1.541e-17 3.394e-17 1.212e-16 0.0 148.45 0.0
S259659 239.5537 60.0431 4.763e-18 4.662e-18 3.193e-18 0.0 148.16 0.0
S259660 239.5172 59.9026 1.877e-19 2.468e-19 3.059e-19 0.0 146.24 0.0
S259661 239.5278 59.8936 5.045e-18 8.433e-18 1.755e-17 0.0 146.01 0.0
S259662 239.5484 60.0445 2.041e-17 1.742e-17 9.415e-18 0.0 148.28 0.0
S259663 239.5377 60.0685 3.105e-17 2.574e-17 1.236e-17 0.0 148.75 0.0
S259664 239.5379 59.8995 5.222e-17 4.327e-17 2.241e-17 0.0 145.82 0.0
S259665 239.5434 59.8779 8.333e-17 2.138e-16 1.051e-15 0.0 145.68 1.0
S259666 239.5274 60.0756 6.461e-16 4.72e-16 1.832e-16 0.0 148.99 0.0
S259667 239.5373 59.9028 1.011e-18 1.127e-18 1.042e-18 0.0 145.86 0.0
S259668 239.5433 59.8894 6.006e-17 4.88e-17 2.368e-17 0.0 145.8 0.0
S259669 239.5586 59.8692 1.443e-17 1.246e-17 6.894e-18 0.0 145.55 0.0
S259670 239.5503 59.8964 1.251e-17 1.184e-17 7.567e-18 0.0 145.66 0.0
S259671 239.5672 59.8587 5.836e-17 1.054e-16 2.574e-16 0.0 145.28 0.0
S259672 239.5073 60.0853 1.473e-20 2.329e-20 4.2870000000000006e-20 0.0 149.13 0.0
S259673 239.5539 59.8969 6.414e-18 1.123e-17 2.558e-17 0.0 145.53 0.0
S259674 239.4966 60.0978 6.291000000000001e-20 9.333000000000001e-20 1.569e-19 0.0 149.31 0.0
S259675 239.492 60.1 1.112e-17 1.933e-17 4.387e-17 0.0 149.39 1.0
S259676 239.499 60.0862 2.6990000000000003e-20 4.1020000000000005e-20 7.187e-20 0.0 149.53 0.0
S259677 239.4886 60.1011 3.002e-20 4.6810000000000006e-20 8.517000000000001e-20 0.0 149.51 0.0
S259678 239.4866 60.0844 5.785e-18 1.02e-17 2.41e-17 0.0 149.42 0.0
S259679 239.4879 60.0893 3.522e-17 2.986e-17 1.522e-17 0.0 149.59 0.0
S259680 239.4792 60.1086 2.119e-16 1.661e-16 7.331e-17 0.0 149.63 1.0
S259681 239.486 60.0868 2.048e-17 1.729e-17 8.971e-18 0.0 149.61 0.0
S259682 239.4735 60.1124 1.194e-19 1.613e-19 2.182e-19 0.0 149.64 0.0
S259683 239.5959 59.8735 1.691e-21 1.168e-21 4.0969999999999998e-22 0.0 144.99 0.0
S259684 239.6049 59.8487 3.072e-19 3.731e-19 3.947e-19 0.0 144.95 0.0
S259685 239.4656 60.1036 5.893e-17 4.885e-17 2.502e-17 0.0 149.84 0.0
S259686 239.6109 59.8467 2.775e-19 3.481e-19 4.087e-19 0.0 144.93 0.0
S259687 239.6046 59.8586 2.769e-19 3.377e-19 3.595e-19 0.0 144.98 0.0
S259688 239.4539 60.1072 3.362e-17 2.924e-17 1.6e-17 0.0 149.87 0.0
S259689 239.4563 60.0959 4.475e-18 4.608e-18 3.491e-18 0.0 149.76 0.0
S259690 239.6147 59.8578 3.6049999999999996e-22 8.293999999999999e-22 3.38e-21 0.0 144.8 0.0
S259691 239.4502 60.1019 2.088e-19 2.622e-19 3.084e-19 0.0 149.88 0.0
S259692 239.4509 60.0987 1.2119999999999998e-22 2.4239999999999997e-22 7.270999999999999e-22 0.0 149.91 0.0
S259693 239.4431 60.103 1.185e-16 9.314e-17 4.247e-17 0.0 149.8 1.0
S259694 239.4432 60.1124 1.032e-17 1.965e-17 5.238e-17 0.0 149.78 0.0
S259695 239.4398 60.0998 5.808e-19 7.028e-19 7.508e-19 0.0 149.81 0.0
S259696 239.6284 59.8662 2.6620000000000003e-20 3.92e-20 6.315e-20 0.0 144.89 0.0
S259697 239.643 59.8634 2.0850000000000003e-20 3.278e-20 6.061000000000001e-20 0.0 145.01 0.0
S259698 239.4265 60.1034 9.665e-18 8.668e-18 5.089e-18 0.0 149.79 0.0
S259699 239.6427 59.8615 6.805e-21 1.142e-20 2.5030000000000003e-20 0.0 144.72 0.0
S259700 239.6255 59.8773 2.542e-17 3.824e-17 6.561e-17 0.0 144.81 0.0
S259701 239.4233 60.0875 5.121e-23 1.378e-22 7.767999999999999e-22 0.0 149.79 0.0
S259702 239.6462 59.8733 7.4e-20 1.083e-19 1.718e-19 0.0 144.85 0.0
S259703 239.4201 60.0886 8.118e-20 1.181e-19 1.811e-19 0.0 149.72 0.0
S259704 239.6664 59.8632 7.019e-17 5.897e-17 2.92e-17 0.0 145.02 0.0
S259705 239.6589 59.8749 1.522e-17 3.257e-17 1.155e-16 0.0 145.07 0.0
S259706 239.6449 59.8807 7.544e-13 6.647e-13 3.616e-13 0.0 144.97 1.0
S259707 239.4229 60.0815 1.596e-21 1.1130000000000001e-21 3.9759999999999996e-22 0.0 149.59 0.0
S259708 239.4163 60.0804 9.981e-18 9.678e-18 6.661e-18 0.0 149.68 0.0
S259709 239.4132 60.081 2.738e-17 2.378e-17 1.336e-17 0.0 149.64 0.0
S259710 239.6621 59.8864 2.471e-18 2.63e-18 2.051e-18 0.0 145.09 0.0
S259711 239.6384 59.8983 7.611e-13 5.695e-13 2.227e-13 0.0 145.2 0.0
S259712 239.4209 60.0623 3.14e-18 3.015e-18 1.964e-18 0.0 149.29 0.0
S259713 239.4186 60.0629 4.679e-17 3.841e-17 1.922e-17 0.0 149.46 0.0
S259714 239.414 60.0557 1.769e-17 2.757e-17 4.983e-17 0.0 149.29 0.0
S259715 239.6499 59.9132 9.792e-24 3.1309999999999996e-23 2.5709999999999996e-22 0.0 145.36 0.0
S259716 239.6337 59.9133 4.093e-19 4.717e-19 4.592e-19 0.0 145.37 0.0
S259717 239.6486 59.9194 1.761e-16 1.339e-16 5.641e-17 0.0 145.51 1.0
S259718 239.4378 60.0339 1.869e-17 1.697e-17 9.738e-18 0.0 149.03 0.0
S259719 239.4282 60.0353 6.001e-18 5.908e-18 3.991e-18 0.0 148.92 0.0
S259720 239.4256 60.029 1.957e-17 1.729e-17 9.479e-18 0.0 148.83 0.0
S259721 239.6397 59.9343 1.019e-18 1.105e-18 9.657e-19 0.0 145.7 0.0
S259722 239.4163 60.0293 2.039e-21 1.382e-21 4.506999999999999e-22 0.0 148.76 0.0
S259723 239.4194 60.0219 1.491e-17 2.666e-17 6.598e-17 0.0 148.64 0.0
S259724 239.4157 60.0214 8.713999999999999e-24 2.6919999999999996e-23 2.0569999999999997e-22 0.0 148.65 0.0
S259725 239.6502 59.948 4.112e-18 4.29e-18 3.346e-18 0.0 146.05 0.0
S259726 239.4319 60.0109 6.219e-19 7.285e-19 7.211e-19 0.001 148.47 0.0
S259727 239.6318 59.9649 3.929e-18 6.984e-18 1.674e-17 0.0 146.37 0.0
S259728 239.6439 59.961 6.708e-19 7.784e-19 7.43e-19 0.0 146.33 0.0
S259729 239.4514 59.987 3.4330000000000005e-20 5.0420000000000004e-20 8.057000000000001e-20 0.0 148.07 0.0
S259730 239.6146 59.9765 9.124e-17 7.184e-17 3.286e-17 0.0 146.45 0.0
S259731 239.635 59.9758 1.594e-21 1.129e-21 3.9689999999999996e-22 0.0 146.53 0.0
S259732 239.4459 59.9811 1.153e-16 9.153e-17 4.073e-17 0.0 147.95 1.0
S259733 239.4342 59.98 1.797e-17 1.624e-17 9.284e-18 0.0 148.05 0.0
S259734 239.6239 59.9919 1.064e-17 9.526e-18 5.505e-18 0.0 146.74 0.0
S259735 239.4623 59.9669 5.885e-17 4.801e-17 2.323e-17 0.0 147.66 0.0
S259736 239.4487 59.9664 1.154e-17 1.064e-17 6.379e-18 0.0 147.79 0.0
S259737 239.6112 60.0114 4.795e-18 4.568e-18 3.026e-18 0.0 147.16 0.0
S259738 239.5977 60.0093 7.532e-17 5.911e-17 2.647e-17 0.0 147.18 0.0
S259739 239.4672 59.9431 1.504e-18 1.749e-18 1.702e-18 0.0 147.33 0.0
S259740 239.4671 59.941 6.264e-17 1.621e-16 8.278e-16 0.0 147.29 1.0
S259741 239.6108 60.0182 2.109e-18 2.314e-18 2.004e-18 0.0 147.36 0.0
S259742 239.4533 59.9439 5.926999999999999e-23 1.5729999999999999e-22 8.570999999999999e-22 0.0 147.45 0.0
S259743 239.4637 59.9423 2.325e-22 4.981999999999999e-22 1.686e-21 0.0 147.26 0.0
S259744 239.5922 60.0274 1.103e-18 1.163e-18 9.273e-19 0.0 147.38 0.0
S259745 239.5744 60.0436 3.684e-18 3.788e-18 2.809e-18 0.0 147.9 0.0
S259746 239.486 59.918 1.678e-19 2.166e-19 2.594e-19 0.0 146.87 0.0
S259747 239.582 60.047 1.701e-17 3.943e-17 1.616e-16 0.0 147.76 0.0
S259748 239.5808 60.0481 1.209e-17 2.685e-17 1.042e-16 0.0 147.77 0.0
S259749 239.5716 60.0665 1.48e-17 3.217e-17 1.194e-16 0.0 148.11 0.0
S259750 239.5071 59.9015 1.052e-17 1.022e-17 6.644e-18 0.0 146.42 0.0
S259751 239.5655 60.0672 8.371e-18 1.458e-17 3.379e-17 0.0 148.36 0.0
S259752 239.5073 59.8878 2.183e-21 4.341e-21 1.3150000000000002e-20 0.0 146.37 0.0
S259753 239.5536 60.0845 8.454e-17 7.012e-17 3.571e-17 0.0 148.46 0.0
S259754 239.5477 60.0845 1.292e-17 2.222e-17 4.71e-17 0.0 148.43 0.0
S259755 239.5299 60.0897 2.486e-22 5.361e-22 1.96e-21 0.0 148.76 0.0
S259756 239.5613 60.0727 7.898e-17 6.007e-17 2.535e-17 0.0 148.35 0.0
S259757 239.5472 60.0639 3.385e-17 2.96e-17 1.635e-17 0.0 148.44 0.0
S259758 239.5351 60.0953 1.618e-16 1.204e-16 5.047e-17 0.0 148.84 1.0
S259759 239.5252 60.1028 4.787e-13 3.588e-13 1.45e-13 0.0 148.91 0.0
S259760 239.5265 60.0866 1.221e-16 9.644e-17 4.371e-17 0.0 148.85 1.0
S259761 239.5188 60.1057 7.442e-23 2.0869999999999997e-22 1.281e-21 0.0 148.99 0.0
S259762 239.5543 59.848 1.4370000000000001e-21 2.765e-21 7.837e-21 0.0 145.65 0.0
S259763 239.5513 59.8601 1.99e-17 1.787e-17 1.03e-17 0.0 145.62 0.0
S259764 239.4973 60.1203 1.098e-16 8.998e-17 4.548e-17 0.0 149.31 0.0
S259765 239.4986 60.1363 1.341e-18 1.541e-18 1.444e-18 0.0 149.22 0.0
S259766 239.507 60.1016 7.655e-23 2.071e-22 1.198e-21 0.0 149.0 0.0
S259767 239.5701 59.8519 3.013e-16 2.255e-16 8.881e-17 0.0 145.4 0.0
S259768 239.571 59.851 2.019e-17 1.787e-17 1.062e-17 0.0 145.29 0.0
S259769 239.5845 59.8322 1.174e-17 2.438e-17 8.273e-17 0.0 145.21 0.0
S259770 239.4832 60.1267 6.015e-17 4.807e-17 2.285e-17 0.0 149.38 0.0
S259771 239.4757 60.1367 1.351e-15 9.266e-16 3.14e-16 0.0 149.55 0.0
S259772 239.5974 59.812 3.43e-16 2.503e-16 9.966e-17 0.0 145.11 0.0
S259773 239.4656 60.1469 1.177e-17 2.457e-17 8.211e-17 0.0 149.65 0.0
S259774 239.5993 59.8356 5.665e-13 4.101e-13 1.617e-13 0.0 144.95 0.0
S259775 239.6018 59.8312 5.482e-19 6.412e-19 6.415e-19 0.0 144.98 0.0
S259776 239.4658 60.1214 8.269e-19 9.533e-19 8.856e-19 0.0 149.66 0.0
S259777 239.4585 60.1249 7.771e-17 5.91e-17 2.509e-17 0.0 149.73 0.0
S259778 239.4569 60.1195 2.347e-21 1.533e-21 4.913e-22 0.0 149.77 0.0
