Name Equatorial Polar BlueF GreenF RedF Parallax RadialVelocity Variable?
S015163 255.4787 53.2902 1.892e-21 1.402e-21 5.558999999999999e-22 0.0 88.91 0.0
S015164 255.4421 53.2809 1.223e-25 6.075e-25 1.2449999999999999e-23 0.0 89.24 0.0
S015165 255.4556 53.2787 6.578e-18 1.179e-17 2.854e-17 0.0 88.59 0.0
S015166 255.4555 53.2906 5.2200000000000006e-20 8.559000000000001e-20 1.758e-19 0.0 89.6 0.0
S015167 255.4375 53.293 7.443000000000001e-21 1.2690000000000001e-20 2.7980000000000004e-20 0.0 89.98 0.0
S015168 255.4137 53.3738 1.0480000000000001e-20 1.8510000000000002e-20 4.321e-20 0.0 90.76 0.0
S015169 255.5584 53.2341 5.918e-21 1.0580000000000002e-20 2.4690000000000002e-20 0.0 87.94 0.0
S015170 255.4466 53.3 9.437e-21 1.812e-20 5.0550000000000005e-20 0.0 90.13 0.0
S015171 255.6501 53.104 4.671e-21 9.135e-21 2.6780000000000004e-20 0.0 87.74 0.0
S015172 255.4506 53.2744 1.053e-17 9.388e-18 5.467e-18 0.0 88.69 0.0
S015173 255.4527 53.3132 7.616e-24 2.458e-23 2.0559999999999999e-22 0.0 90.29 0.0
S015174 255.462 53.2931 1.276e-17 1.189e-17 7.498e-18 0.0 89.35 0.0
S015175 255.5281 53.2272 1.749e-17 1.573e-17 9.575e-18 0.0 87.97 0.0
S015176 255.4304 53.2973 5.761e-19 7.616e-19 9.85e-19 0.0 90.27 0.0
S015177 255.4352 53.2822 1.2900000000000001e-20 2.2790000000000002e-20 5.4130000000000006e-20 0.0 89.47 0.0
S015178 255.4588 53.2928 1.698e-20 2.907e-20 6.214e-20 0.0 89.79 0.0
S015179 255.4279 53.3084 4.7169999999999995e-22 1.1130000000000001e-21 4.853e-21 0.0 90.26 0.0
S015180 255.445 53.2832 2.7669999999999997e-22 6.773999999999999e-22 3.083e-21 0.0 89.21 0.0
S015181 255.5021 53.3088 1.294e-18 1.482e-18 1.459e-18 0.0 89.31 0.0
S015182 255.4989 53.2981 2.748e-19 3.51e-19 4.259e-19 0.0 88.97 0.0
S015183 255.4616 53.2908 2.7269999999999998e-24 1.01e-23 1.073e-22 0.0 88.63 0.0
S015184 255.4467 53.2898 5.171e-18 5.199e-18 3.905e-18 0.0 89.62 0.0
S015185 255.4318 53.2238 6.389000000000001e-20 1.002e-19 1.794e-19 0.0 88.51 0.0
S015186 255.4456 53.2867 4.442e-22 1.017e-21 4.091e-21 0.0 89.99 0.0
S015187 255.3378 53.3133 1.084e-21 2.383e-21 8.482e-21 0.0 90.34 0.0
S015188 255.4496 53.2845 3.435e-21 6.806e-21 2.0470000000000003e-20 0.0 88.52 0.0
S015189 255.2222 53.4456 4.383e-20 6.652e-20 1.159e-19 0.0 90.97 0.0
S015190 255.4318 53.3477 2.698e-24 1.031e-23 1.207e-22 0.0 90.82 0.0
S015191 255.3926 53.2477 7.899999999999999e-23 2.0409999999999999e-22 1.041e-21 0.0 89.22 0.0
S015192 255.4462 53.2702 2.22e-19 2.96e-19 3.864e-19 0.0 88.69 0.0
S015193 255.5227 53.2702 1.4960000000000002e-20 2.6380000000000002e-20 5.844000000000001e-20 0.0 88.28 0.0
S015194 255.3635 53.2317 1.5869999999999998e-22 4.1369999999999995e-22 2.133e-21 0.0 89.39 0.0
S015195 255.651 53.2212 9.499999999999999e-23 2.487e-22 1.3450000000000001e-21 0.0 88.14 0.0
S015196 255.498 53.1957 2.112e-21 4.525e-21 1.6100000000000002e-20 0.0 87.99 0.0
S015197 255.445 53.3228 1.629e-20 2.872e-20 6.669000000000001e-20 0.0 90.61 0.0
S015198 255.4682 53.2969 1.3260000000000001e-20 2.257e-20 4.9580000000000005e-20 0.0 89.38 0.0
S015199 255.4578 53.2744 1.636e-23 4.9999999999999997e-23 3.6409999999999996e-22 0.0 88.46 0.0
S015200 255.4931 53.301 5.777e-18 5.832e-18 4.25e-18 0.0 89.21 0.0
S015201 255.5214 53.2284 1.133e-21 2.499e-21 9.099e-21 0.0 87.85 0.0
S015202 255.3259 53.2264 6.765e-18 6.751e-18 4.736e-18 0.0 89.24 0.0
S015203 255.447 53.2868 2.762e-20 4.8900000000000004e-20 1.122e-19 0.0 89.37 0.0
S015204 255.4985 53.253 5.047e-17 4.516e-17 2.616e-17 0.0 87.8 0.0
S015205 255.4705 53.2991 1.0669999999999998e-22 2.9289999999999996e-22 1.761e-21 0.0 89.47 0.0
S015206 255.4566 53.2893 2.8619999999999996e-22 6.746999999999999e-22 2.73e-21 0.0 88.83 0.0
S015207 255.562 53.3664 2.9789999999999995e-22 7.745999999999999e-22 4.088e-21 0.0 89.56 0.0
S015208 255.4525 53.2856 1.411e-20 2.3780000000000003e-20 5.246000000000001e-20 0.0 89.02 0.0
S015209 255.5034 53.2985 1.17e-21 2.6780000000000002e-21 1.0480000000000001e-20 0.0 88.92 0.0
S015210 255.446 53.2984 1.252e-24 5.101e-24 6.69e-23 0.0 90.03 0.0
S015211 255.6908 53.2616 3.84e-24 1.26e-23 1.0999999999999998e-22 0.0 88.46 0.0
S015212 255.448 53.2867 1.0029999999999999e-23 3.471e-23 3.325e-22 0.0 89.59 0.0
S015213 255.4579 53.2902 5.957999999999999e-22 1.4310000000000001e-21 6.504e-21 0.0 88.89 0.0
S015214 255.3904 53.2642 1.117e-17 1.079e-17 7.256e-18 0.0 89.55 0.0
S015215 255.474 53.2743 2.146e-20 3.518e-20 7.059e-20 0.0 88.38 0.0
S015216 255.4576 53.2826 2.621e-21 5.514e-21 1.8310000000000002e-20 0.0 88.66 0.0
S015217 255.5763 53.2559 7.888000000000001e-20 1.216e-19 2.219e-19 0.0 88.26 0.0
S015218 255.4711 53.2844 2.5410000000000003e-20 4.1860000000000004e-20 8.512000000000001e-20 0.0 88.72 0.0
S015219 255.1892 53.1669 2.283e-24 7.978e-24 7.881e-23 0.0 89.54 0.0
S015220 255.5248 53.1831 1.1859999999999998e-22 2.963e-22 1.45e-21 0.0 87.76 0.0
S015221 255.4576 53.2876 1.0409999999999999e-22 2.7649999999999996e-22 1.467e-21 0.0 89.05 0.0
S015222 255.4746 53.2475 2.533e-22 6.027e-22 2.5590000000000002e-21 0.0 88.19 0.0
S015223 255.4915 53.224 4.141e-20 6.639000000000001e-20 1.305e-19 0.0 87.94 0.0
S015224 255.457 53.2918 4.372999999999999e-22 9.669999999999999e-22 3.753e-21 0.001 89.65 0.0
S015225 255.4882 53.3278 2.291e-21 4.866e-21 1.6440000000000002e-20 0.0 89.82 0.0
S015226 255.453 53.2931 4.391e-21 8.569e-21 2.488e-20 0.0 90.04 0.0
S015227 255.4641 53.3015 2.723e-21 5.6e-21 1.856e-20 0.0 89.58 0.0
S015228 255.5817 53.2213 8.241e-22 1.859e-21 7.201e-21 0.0 88.1 0.0
S015229 255.4491 53.2622 3.324e-21 6.496e-21 1.932e-20 0.0 88.5 0.0
S015230 255.4384 53.2877 2.116e-21 4.263e-21 1.3470000000000001e-20 0.0 90.12 0.0
S015231 255.4195 53.3381 1.3599999999999998e-22 3.5509999999999995e-22 1.882e-21 0.0 90.77 0.0
S015232 255.4606 53.2889 2.9789999999999995e-22 8.147999999999999e-22 4.589e-21 0.0 88.94 0.0
S015233 255.5355 53.2757 1.666e-17 3.037e-17 7.441e-17 0.0 88.46 0.0
S015234 255.2834 53.1238 1.457e-23 4.507e-23 3.511e-22 0.0 89.05 0.0
S015235 255.4508 53.2894 3.15e-21 2.218e-21 7.725999999999999e-22 0.0 90.05 0.0
S015236 255.4291 53.2958 2.1569999999999997e-22 5.168e-22 2.266e-21 0.0 90.09 0.0
S015237 255.447 53.2807 1.084e-17 2.178e-17 6.85e-17 0.0 89.26 0.0
S015238 255.4503 53.3057 2.001e-21 4.289e-21 1.531e-20 0.0 90.25 0.0
S015239 255.4236 53.2605 1.162e-17 1.053e-17 6.351e-18 0.0 89.21 0.0
S015240 255.4572 53.314 1.122e-17 1.092e-17 7.349e-18 0.0 90.35 0.0
S015241 255.418 53.2441 1.611e-20 2.7920000000000004e-20 6.391000000000001e-20 0.0 88.95 0.0
S015242 255.4671 53.2813 7.043e-18 7.312e-18 5.642e-18 0.0 88.56 0.0
S015243 255.4547 53.2916 1.703e-23 5.493e-23 4.6e-22 0.0 90.4 0.0
S015244 255.3516 53.285 6.976e-19 8.076e-19 7.561e-19 0.0 89.88 0.0
S015245 255.4889 53.2589 8.036e-21 1.4580000000000002e-20 3.6820000000000004e-20 0.0 88.13 0.0
S015246 255.4284 53.2678 4.92e-18 5.129e-18 4.088e-18 0.0 89.22 0.0
S015247 255.4789 53.2518 8.673e-19 1.03e-18 1.044e-18 0.0 88.09 0.0
S015248 255.4211 53.2754 4.446e-24 1.5119999999999998e-23 1.4489999999999998e-22 0.0 89.43 0.0
S015249 255.3595 53.2661 3.0849999999999996e-22 6.791999999999999e-22 2.623e-21 0.0 89.81 0.0
S015250 255.4685 53.2649 9.403999999999999e-22 2.138e-21 8.91e-21 0.0 88.2 0.0
S015251 255.5501 53.1718 3.19e-18 3.401e-18 2.682e-18 0.0 87.85 0.0
S015252 255.4304 53.2976 3.862e-25 1.862e-24 3.7289999999999996e-23 0.0 90.34 0.0
S015253 255.4308 53.3173 5.552e-22 1.126e-21 3.643e-21 0.0 90.62 0.0
S015254 255.4609 53.2836 7.503999999999999e-22 1.696e-21 6.585e-21 0.0 88.6 0.0
S015255 255.4878 53.2672 1.7469999999999998e-22 4.3159999999999995e-22 2.047e-21 0.0 88.19 0.0
S015256 255.5052 53.2053 2.167e-19 2.836e-19 3.532e-19 0.0 87.94 0.0
S015257 255.4461 53.2912 2.167e-20 3.8040000000000006e-20 8.840000000000001e-20 0.0 89.69 0.0
S015258 255.4558 53.2878 9.352e-21 1.621e-20 3.6830000000000003e-20 0.0 89.09 0.0
S015259 255.451 53.255 3.102e-17 2.751e-17 1.516e-17 0.0 88.59 0.0
S015260 255.5879 53.4003 1.88e-23 6.266e-23 5.596e-22 0.0 89.54 0.0
S015261 255.4789 53.2745 1.005e-21 2.111e-21 7.128e-21 0.0 88.34 0.0
S015262 255.4565 53.2844 3.7769999999999997e-22 9.622e-22 4.743e-21 0.0 88.66 0.0
S015263 255.3978 53.2263 1.4749999999999998e-22 3.63e-22 1.641e-21 0.0 89.04 0.0
S015264 255.5198 53.1578 1.3039999999999998e-22 3.088e-22 1.352e-21 0.0 87.91 0.0
S015265 255.4383 53.3075 1.263e-22 3.02e-22 1.3360000000000001e-21 0.0 90.34 0.0
S015266 255.4626 53.2938 1.701e-23 5.309e-23 4.1839999999999996e-22 0.0 89.73 0.0
S015267 255.489 53.3371 2.763e-24 1.096e-23 1.3569999999999998e-22 0.0 89.75 0.0
S015268 255.4548 53.3773 2.015e-20 3.2870000000000005e-20 6.594e-20 0.0 90.31 0.0
S015269 255.5324 53.1298 1.788e-19 2.547e-19 3.73e-19 0.0 87.75 0.0
S015270 255.463 53.2705 7.759e-21 1.421e-20 3.54e-20 0.0 88.36 0.0
S015271 255.4563 53.2956 1.7230000000000002e-26 1.1600000000000002e-25 4.474e-24 0.0 90.06 0.0
S015272 255.4935 53.1652 7.382e-20 1.124e-19 1.864e-19 0.0 87.9 0.0
S015273 255.5384 53.2515 1.028e-21 2.266e-21 8.26e-21 0.0 88.36 0.0
S015274 255.4603 53.2829 3.4589999999999996e-23 9.517999999999999e-23 5.736999999999999e-22 0.0 88.6 0.0
S015275 255.4276 53.2903 1.836e-18 2.136e-18 2.067e-18 0.0 89.88 0.0
S015276 255.4175 53.2788 1.0550000000000001e-20 1.8520000000000002e-20 4.23e-20 0.0 89.57 0.0
S015277 255.4553 53.2897 6.527999999999999e-23 1.882e-22 1.212e-21 0.0 88.62 0.0
S015278 255.5038 53.1101 4.6940000000000007e-20 7.102000000000001e-20 1.206e-19 0.0 87.96 0.0
S015279 255.4607 53.2908 3.59e-23 1.0139999999999999e-22 6.404999999999999e-22 0.0 89.04 0.0
S015280 255.479 53.2971 9.569e-19 1.115e-18 1.092e-18 0.0 89.15 0.0
S015281 255.3429 53.278 1.362e-22 3.2559999999999997e-22 1.478e-21 0.0 89.93 0.0
S015282 255.4888 53.2678 1.4440000000000002e-20 2.4540000000000003e-20 5.0880000000000006e-20 0.001 88.09 0.0
S015283 255.9041 53.079 5.574e-19 7.42e-19 9.698e-19 0.001 88.06 0.0
S015284 255.401 53.1754 6.1760000000000004e-21 1.2400000000000001e-20 3.7450000000000003e-20 0.0 88.67 0.0
S015285 255.4998 53.2669 1.346e-19 1.822e-19 2.429e-19 0.0 88.15 0.0
S015286 255.4771 53.2606 1.149e-19 1.706e-19 2.759e-19 0.0 88.18 0.0
S015287 255.4444 53.2792 1.301e-21 2.633e-21 8.214000000000001e-21 0.0 88.92 0.0
S015288 255.3757 53.3268 2.1699999999999998e-23 7.815e-23 8.093999999999999e-22 0.0 90.54 0.0
S015289 255.4301 53.2591 5.825999999999999e-22 1.371e-21 5.953e-21 0.0 89.07 0.0
S015290 255.4652 53.3023 1.832e-21 3.844e-21 1.2650000000000002e-20 0.0 89.7 0.0
S015291 255.4054 53.2891 3.0460000000000002e-21 2.11e-21 7.474999999999999e-22 0.0 89.96 0.0
S015292 255.4386 53.2782 3.444e-19 4.474e-19 5.56e-19 0.0 89.22 0.0
S015293 255.4506 53.3952 4.491e-18 4.593e-18 3.572e-18 0.0 90.38 0.0
S015294 255.5482 53.29 1.295e-19 1.776e-19 2.437e-19 0.0 88.98 0.0
S015295 255.4651 53.2879 4.866e-20 7.256000000000001e-20 1.216e-19 0.0 88.73 0.0
S015296 255.4472 53.243 1.6159999999999998e-23 5.46e-23 4.9399999999999995e-22 0.0 88.45 0.0
S015297 255.4488 53.2912 3.197e-21 6.6520000000000005e-21 2.215e-20 0.0 89.59 0.0
S015298 255.5008 53.2815 3.68e-13 2.497e-13 8.275e-14 0.0 88.64 0.0
S015299 255.4823 53.2403 3.888e-21 2.679e-21 8.964e-22 0.0 87.95 0.0
S015300 255.4851 53.0847 1.926e-19 2.728e-19 4.114e-19 0.0 87.91 0.0
S015301 255.4581 53.32 1.994e-23 5.871999999999999e-23 4.046e-22 0.0 90.17 0.0
S015302 255.2995 53.2818 1.008e-12 7.951e-13 3.579e-13 0.0 90.09 1.0
S015303 255.5905 53.237 1.927e-18 2.12e-18 1.906e-18 0.0 88.18 0.0
S015304 255.3921 53.2775 4.752e-21 8.857e-21 2.364e-20 0.0 89.68 0.0
S015305 255.4292 53.4384 4.525e-17 1.111e-16 5.065e-16 0.0 90.82 1.0
S015306 255.6391 53.0904 3.417e-21 2.371e-21 8.324999999999999e-22 0.0 87.74 0.0
S015307 255.4491 53.2892 1.378e-21 2.889e-21 9.548e-21 0.0 90.24 0.0
S015308 255.4613 53.2986 4.7979999999999996e-23 1.2829999999999999e-22 7.458999999999999e-22 0.0 89.67 0.0
S015309 255.4844 53.142 8.383999999999999e-22 1.637e-21 4.945e-21 0.0 87.9 0.0
S015310 255.3573 53.3171 2.132e-21 4.33e-21 1.367e-20 0.0 90.45 0.0
S015311 255.4691 53.291 1.368e-21 2.9510000000000002e-21 1.0550000000000001e-20 0.0 88.84 0.0
S015312 255.3797 53.3864 1.7679999999999998e-22 4.399999999999999e-22 2.075e-21 0.0 90.93 0.0
S015313 255.2628 53.3214 1.306e-22 3.2559999999999997e-22 1.546e-21 0.0 90.29 0.0
S015314 255.4536 53.2737 9.647e-21 1.691e-20 3.8690000000000004e-20 0.0 88.45 0.0
S015315 255.495 53.3282 1.7349999999999998e-22 4.674e-22 2.656e-21 0.0 89.83 0.0
S015316 255.4608 53.3005 2.529e-13 1.712e-13 5.562e-14 0.0 89.88 0.0
S015317 255.5128 53.1984 2.334e-21 4.958e-21 1.739e-20 0.0 88.1 0.0
S015318 255.5206 53.2396 1.674e-21 3.446e-21 1.061e-20 0.0 88.03 0.0
S015319 255.3653 53.305 4.204e-21 8.018e-21 2.129e-20 0.0 90.36 0.0
S015320 255.4677 53.2858 5.1459999999999996e-23 1.322e-22 7.006e-22 0.0 88.77 0.0
S015321 255.6433 53.1858 6.865999999999999e-22 1.507e-21 5.501e-21 0.0 87.78 0.0
S015322 255.3826 53.3041 4.258e-29 5.672e-28 9.265000000000001e-26 0.0 90.19 0.0
S015323 255.4379 53.3157 6.892e-18 1.46e-17 5.07e-17 0.0 90.56 0.0
S015324 255.4463 53.2931 1.227e-21 2.394e-21 7.074000000000001e-21 0.0 90.21 0.0
S015325 255.5316 53.0854 5.746e-21 1.1240000000000001e-20 3.265e-20 0.0 87.69 0.0
S015326 255.4741 53.3118 1.64e-21 3.5840000000000004e-21 1.3380000000000001e-20 0.0 89.81 0.0
S015327 255.4525 53.2765 8.078e-21 1.446e-20 3.5100000000000004e-20 0.0 88.71 0.0
S015328 255.4161 53.3174 1.22e-12 8.716e-13 3.274e-13 0.0 90.55 0.0
S015329 255.4791 53.2797 4.880000000000001e-20 7.017e-20 1.118e-19 0.0 88.34 0.0
S015330 255.4657 53.2691 3.577e-21 2.485e-21 8.663e-22 0.0 88.35 0.0
S015331 255.4037 53.3444 1.803e-21 3.891e-21 1.349e-20 0.0 90.89 0.0
S015332 255.4505 53.2025 6.214e-19 7.739e-19 8.605e-19 0.0 88.18 0.0
S015333 255.4798 53.2101 2.2200000000000002e-21 4.427e-21 1.3220000000000002e-20 0.0 87.89 0.0
S015334 255.4212 53.287 6.327e-20 1.011e-19 1.966e-19 0.0 89.91 0.0
S015335 255.5397 53.2773 6.671e-19 7.934e-19 8.139e-19 0.0 88.69 0.0
S015336 255.4272 53.346 6.917e-22 1.4520000000000001e-21 4.837e-21 0.0 90.79 0.0
S015337 255.4173 53.2819 3.676e-21 7.468e-21 2.4280000000000002e-20 0.0 89.55 0.0
S015338 255.453 53.3021 3.1429999999999996e-22 7.6439999999999995e-22 3.647e-21 0.0 90.09 0.0
S015339 255.4563 53.3548 4.602e-18 4.786e-18 3.736e-18 0.0 90.58 0.0
S015340 255.4155 53.2608 4.685e-20 6.962000000000001e-20 1.127e-19 0.0 89.19 0.0
S015341 255.7083 53.1445 8.806e-19 1.015e-18 1e-18 0.0 87.96 0.0
S015342 255.5223 53.272 1.982e-17 1.884e-17 1.194e-17 0.0 88.41 0.0
S015343 255.5006 53.257 3.041e-17 6.32e-17 2.094e-16 0.0 87.98 0.0
S015344 255.4571 53.2834 1.18e-19 1.689e-19 2.593e-19 0.0 88.73 0.0
S015345 255.4739 53.2503 1.894e-21 3.867e-21 1.2270000000000002e-20 0.0 88.38 0.0
S015346 255.4706 53.2445 8.2679999999999995e-22 1.778e-21 6.189e-21 0.001 88.01 0.0
S015347 255.5382 53.2111 3.52e-19 4.433e-19 5.173e-19 0.0 87.82 0.0
S015348 255.4496 53.3044 7.411e-22 1.745e-21 7.477e-21 0.0 90.28 0.0
S015349 255.672 53.0487 1.928e-18 2.205e-18 2.071e-18 0.0 87.67 0.0
S015350 255.5079 53.2622 9.183e-20 1.423e-19 2.442e-19 0.0 87.98 0.0
S015351 255.5002 53.0473 6.132e-21 1.106e-20 2.745e-20 0.0 87.89 0.0
S015352 255.4354 53.2567 1.3459999999999998e-22 2.948e-22 1.079e-21 0.0 88.82 0.0
S015353 255.4146 53.3951 7.890999999999999e-22 1.895e-21 8.313e-21 0.0 90.62 0.0
S015354 255.0613 53.2063 7.383e-19 8.854e-19 9.577e-19 0.001 89.62 0.0
S015355 255.4528 53.2719 5.59e-18 5.793e-18 4.543e-18 0.0 88.56 0.0
S015356 255.4652 53.2917 8.78e-13 7.641e-13 4.246e-13 0.0 89.11 1.0
S015357 255.4588 53.2937 3.529e-17 3.134e-17 1.74e-17 0.0 89.85 0.0
S015358 255.4543 53.2432 1.44e-22 3.771e-22 2.001e-21 0.0 88.37 0.0
S015359 255.5404 53.0769 1.577e-21 3.484e-21 1.2650000000000002e-20 0.0 87.89 0.0
S015360 255.4456 53.2848 2.333e-23 7.719e-23 6.467999999999999e-22 0.0 89.31 0.0
S015361 255.517 53.2762 2.6529999999999996e-22 6.226999999999999e-22 2.633e-21 0.0 88.33 0.0
S015362 255.4698 53.2855 5.887e-13 4.045e-13 1.35e-13 0.0 88.7 0.0
S015363 255.4547 53.2716 3.165e-13 3.175e-13 2.315e-13 0.0 88.57 0.0
S015364 255.4641 53.3188 4.286e-18 4.585e-18 3.804e-18 0.0 90.2 0.0
S015365 255.4584 53.278 3.331e-19 4.474e-19 5.848e-19 0.0 88.71 0.0
S015366 255.4015 53.3018 2.301e-21 1.6660000000000001e-21 6.452999999999999e-22 0.0 90.26 0.0
S015367 255.4607 53.2554 1.548e-25 7.662e-25 1.523e-23 0.0 88.35 0.0
S015368 255.4573 53.2945 5.636e-23 1.4299999999999998e-22 7.054e-22 0.0 89.88 0.0
S015369 255.4668 53.3159 1.015e-18 1.182e-18 1.152e-18 0.0 89.95 0.0
S015370 255.4107 53.2399 1.239e-21 2.67e-21 9.345000000000001e-21 0.001 88.96 0.0
S015371 255.465 53.3115 2.3229999999999999e-23 6.879e-23 4.893999999999999e-22 0.0 89.9 0.0
S015372 255.4553 53.2158 3.147e-20 5.0620000000000005e-20 1.01e-19 0.0 88.14 0.0
S015373 255.3627 53.3106 1.898e-15 6.202e-15 5.314e-14 0.0 90.35 1.0
S015374 255.4518 53.4801 7.456999999999999e-22 1.552e-21 5.002e-21 0.0 90.65 0.0
S015375 255.4148 53.2557 1.047e-17 1.645e-17 2.961e-17 0.0 89.18 0.0
S015376 255.5057 53.2949 8.481e-25 3.359e-24 4.11e-23 0.001 88.89 0.0
S015377 255.4566 53.2979 1.693e-22 4.546e-22 2.602e-21 0.0 90.0 0.0
S015378 255.5889 53.2407 5.895e-22 1.3450000000000001e-21 5.4150000000000004e-21 0.0 88.14 0.0
S015379 255.5221 53.2856 1.667e-21 3.3940000000000004e-21 1.042e-20 0.0 88.58 0.0
S015380 255.3416 53.3028 1.788e-25 9.284000000000001e-25 2.0109999999999999e-23 0.001 90.25 0.0
S015381 255.4335 53.2974 5.559e-24 1.868e-23 1.6919999999999999e-22 0.0 90.26 0.0
S015382 255.434 53.2847 2.403e-18 2.606e-18 2.302e-18 0.0 89.65 0.0
S015383 255.4535 53.2933 4.334e-22 9.779999999999998e-22 3.924e-21 0.0 89.94 0.0
S015384 255.3443 53.1312 3.9379999999999996e-22 1.047e-21 5.638e-21 0.0 88.93 0.0
S015385 255.4712 53.2888 1.2149999999999998e-22 2.946e-22 1.356e-21 0.0 88.81 0.0
S015386 255.404 53.213 4.5630000000000007e-20 7.196000000000001e-20 1.31e-19 0.0 88.94 0.0
S015387 255.4508 53.2817 4.438e-19 5.803e-19 7.231e-19 0.0 89.07 0.0
S015388 255.4531 53.2692 6.234e-23 1.5339999999999998e-22 7.097e-22 0.0 88.53 0.0
S015389 255.4148 53.3256 3.185e-17 2.994e-17 1.895e-17 0.0 90.63 0.0
S015390 255.4575 53.2917 1.185e-21 2.6900000000000002e-21 1.0600000000000001e-20 0.0 89.94 0.0
S015391 255.4427 53.2758 2.145e-24 7.752e-24 8.291e-23 0.0 89.08 0.0
S015392 255.4749 53.2047 5.711e-21 1.056e-20 2.6250000000000002e-20 0.0 88.12 0.0
S015393 255.4091 53.2669 7.984e-21 1.476e-20 3.7360000000000005e-20 0.0 89.49 0.0
S015394 255.4202 53.3365 1.815e-21 3.424e-21 9.312e-21 0.0 90.85 0.0
S015395 255.4272 53.364 4.069e-22 9.859e-22 4.487e-21 0.0 90.87 0.0
S015396 255.4124 53.2488 1.1979999999999999e-23 3.7549999999999996e-23 2.8259999999999997e-22 0.0 88.97 0.0
S015397 255.4329 53.2912 2.852e-21 2.022e-21 7.025999999999999e-22 0.0 90.07 0.0
S015398 255.4467 53.291 3.334e-17 2.836e-17 1.505e-17 0.0 89.77 0.0
S015399 255.4304 53.1973 6.746999999999999e-23 1.901e-22 1.138e-21 0.0 88.6 0.0
S015400 255.5258 53.2567 1.552e-22 3.7469999999999997e-22 1.659e-21 0.0 88.06 0.0
S015401 255.4356 53.2813 3.416e-23 1.0509999999999999e-22 8.271999999999999e-22 0.0 89.43 0.0
S015402 255.453 53.2879 9.083e-22 1.876e-21 5.885e-21 0.0 89.34 0.0
S015403 255.452 53.2912 1.854e-21 3.755e-21 1.2070000000000001e-20 0.0 89.96 0.0
S015404 255.5307 53.3739 1.272e-19 1.773e-19 2.587e-19 0.0 89.93 0.0
S015405 255.4954 53.2713 1.608e-23 5.75e-23 5.749e-22 0.0 88.43 0.0
S015406 255.4373 53.3258 3.146e-21 6.003e-21 1.728e-20 0.0 90.56 0.0
S015407 255.5028 53.2836 2.389e-24 8.284e-24 7.979e-23 0.0 88.65 0.0
S015408 255.4545 53.271 2.7720000000000003e-20 4.4120000000000006e-20 8.534000000000001e-20 0.0 88.65 0.0
S015409 255.4179 53.2641 2.4450000000000002e-20 4.0900000000000004e-20 8.495e-20 0.0 89.38 0.0
S015410 255.4764 53.3006 2.496e-19 3.339e-19 4.282e-19 0.0 89.49 0.0
S015411 255.4476 53.2881 8.483e-20 1.283e-19 2.128e-19 0.0 89.61 0.0
S015412 255.46 53.2909 2.831e-24 1.114e-23 1.426e-22 0.0 88.8 0.0
S015413 255.4978 53.3636 1.432e-22 3.303e-22 1.377e-21 0.0 90.02 0.0
S015414 255.5006 53.2986 2.1439999999999998e-23 6.341e-23 4.542e-22 0.0 88.93 0.0
S015415 255.4716 53.2802 6.229999999999999e-22 1.3330000000000001e-21 4.492e-21 0.0 88.51 0.0
S015416 255.2808 53.4485 2.998e-19 3.89e-19 4.857e-19 0.0 91.1 0.0
S015417 255.5108 53.0901 1.101e-12 7.794e-13 2.702e-13 0.0 87.64 0.0
S015418 255.5071 53.3164 3.166e-23 9.179999999999999e-23 6.087e-22 0.0 89.5 0.0
S015419 255.4454 53.3004 3.598e-17 5.125e-17 7.881e-17 0.0 90.1 0.0
S015420 255.369 53.389 7.655e-20 1.087e-19 1.631e-19 0.0 90.99 0.0
S015421 255.7291 53.3043 2.145e-21 4.519e-21 1.5330000000000003e-20 0.0 88.74 0.0
S015422 255.4079 53.3034 4.858e-25 1.997e-24 2.7959999999999996e-23 0.0 90.3 0.0
S015423 255.4374 53.2608 2.7509999999999997e-22 6.417999999999999e-22 2.656e-21 0.0 88.91 0.0
S015424 255.4363 53.3341 6.265e-19 7.479e-19 7.689e-19 0.0 90.77 0.0
S015425 255.4545 53.2924 1.0960000000000002e-20 1.98e-20 4.9840000000000007e-20 0.0 89.65 0.0
S015426 255.4375 53.3134 5.3440000000000005e-25 2.434e-24 4.192e-23 0.0 90.52 0.0
S015427 255.4843 53.247 6.976e-19 8.48e-19 8.812e-19 0.0 88.07 0.0
S015428 255.3505 53.567 2.355e-21 4.965e-21 1.688e-20 0.0 90.71 0.0
S015429 255.483 53.2736 1.478e-21 3.009e-21 9.349e-21 0.0 88.42 0.0
S015430 255.2876 53.3041 1.722e-17 2.815e-17 5.902e-17 0.0 90.27 0.0
S015431 255.4236 53.1922 5.870000000000001e-20 9.001000000000001e-20 1.569e-19 0.0 88.65 0.0
S015432 255.5007 53.2373 7.255e-23 1.8719999999999998e-22 1.0240000000000001e-21 0.0 87.9 0.0
S015433 255.3298 53.3206 1.043e-12 8.3e-13 3.735e-13 0.0 90.28 1.0
S015434 255.4813 53.339 7.952999999999999e-22 1.516e-21 3.984e-21 0.0 90.12 0.0
S015435 255.5796 53.2146 6.677e-21 1.2470000000000001e-20 3.25e-20 0.0 88.15 0.0
S015436 255.5004 53.3455 6.730000000000001e-20 1.031e-19 1.744e-19 0.0 89.95 0.0
S015437 255.5035 53.2774 2.3419999999999996e-22 5.952e-22 3.051e-21 0.0 88.57 0.0
S015438 255.4577 53.2916 3.062e-20 4.7120000000000003e-20 8.135e-20 0.0 90.09 0.0
S015439 255.4617 53.2921 1.75e-19 2.469e-19 3.756e-19 0.0 89.25 0.0
S015440 255.474 53.2441 3.589e-21 6.812000000000001e-21 1.8760000000000002e-20 0.0 88.21 0.0
S015441 255.4501 53.2986 8.991e-19 1.033e-18 9.755e-19 0.0 90.13 0.0
S015442 255.4533 53.2958 4.817e-17 8.261e-17 1.728e-16 0.0 90.07 0.0
S015443 255.4528 53.2883 1.752e-21 3.698e-21 1.2410000000000002e-20 0.0 88.9 0.0
S015444 255.4568 53.2901 2.484e-23 6.66e-23 3.675e-22 0.0 88.14 0.0
S015445 255.4401 53.2954 2.409e-17 2.209e-17 1.388e-17 0.0 90.11 0.0
S015446 255.4712 53.2973 2.258e-17 3.099e-17 4.416e-17 0.0 89.33 0.0
S015447 255.5101 53.2771 9.706e-22 2.078e-21 7.332e-21 0.0 88.54 0.0
S015448 255.5049 53.3052 4.727e-19 6.354e-19 8.278e-19 0.0 89.11 0.0
S015449 255.4752 53.3296 4.830999999999999e-22 1.159e-21 5.1060000000000004e-21 0.0 90.13 0.0
S015450 255.5617 53.3078 1.5e-18 1.677e-18 1.538e-18 0.0 88.99 0.0
S015451 255.4282 53.3122 4.269999999999999e-22 1.066e-21 5.245e-21 0.0 90.59 0.0
S015452 255.463 53.3195 2.997e-16 2.244e-16 9.223e-17 0.0 90.26 1.0
S015453 255.4263 53.3197 1.723e-17 1.644e-17 1.054e-17 0.0 90.56 0.0
S015454 255.4881 53.2717 1.6890000000000002e-20 2.8810000000000004e-20 6.529000000000001e-20 0.0 88.27 0.0
S015455 255.4731 53.3081 6.399e-22 1.592e-21 7.719e-21 0.0 89.96 0.0
S015456 255.4337 53.3377 7.240999999999999e-23 1.975e-22 1.138e-21 0.0 90.7 0.0
S015457 255.4339 53.2987 1.289e-12 1.212e-12 7.595e-13 0.0 90.6 1.0
S015458 255.4336 53.2704 3.277e-19 4.257e-19 5.353e-19 0.0 89.17 0.0
S015459 255.4622 53.2929 4.357e-17 3.798e-17 2.022e-17 0.0 89.09 0.0
S015460 255.4561 53.319 2.241e-16 1.573e-16 5.746e-17 0.0 90.12 0.0
S015461 255.5115 53.3087 4.313e-19 5.342e-19 5.948e-19 0.0 88.99 0.0
S015462 255.4879 53.3024 3.772e-18 3.92e-18 3.113e-18 0.0 89.1 0.0
S015463 255.4608 53.2433 8.043000000000001e-20 1.175e-19 1.928e-19 0.0 88.09 0.0
S015464 255.4703 53.3355 6.633e-18 6.651e-18 4.768e-18 0.0 90.36 0.0
S015465 255.4207 53.2709 3.401e-20 5.469e-20 1.053e-19 0.0 89.41 0.0
S015466 255.41 53.3262 8.824e-21 1.5030000000000002e-20 3.286e-20 0.0 90.82 0.0
S015467 255.4532 53.3467 1.153e-21 2.481e-21 8.897e-21 0.0 90.47 0.0
S015468 255.4309 53.3049 1.278e-17 1.993e-17 3.523e-17 0.0 90.55 0.0
S015469 255.4942 53.3316 3.087e-17 2.706e-17 1.512e-17 0.0 90.1 0.0
S015470 255.4448 53.2791 7.214999999999999e-23 1.8199999999999998e-22 8.732e-22 0.0 89.17 0.0
S015471 255.4324 53.2994 1.439e-19 2.019e-19 2.849e-19 0.0 90.18 0.0
S015472 255.4403 53.2845 1.9429999999999998e-22 5.081999999999999e-22 2.707e-21 0.0 89.51 0.0
S015473 255.4812 53.2845 4.604e-19 6.021e-19 7.481e-19 0.0 88.1 0.0
S015474 255.4819 53.2666 8.478999999999999e-22 1.732e-21 5.481e-21 0.0 88.05 0.0
S015475 255.4585 53.2495 2.4249999999999998e-23 7.428e-23 5.397999999999999e-22 0.0 88.15 0.0
S015476 255.5133 53.3177 4.201e-23 1.091e-22 5.693999999999999e-22 0.0 89.4 0.0
S015477 255.4718 53.2713 4.288e-22 9.602999999999998e-22 3.607e-21 0.0 88.64 0.0
S015478 255.4922 53.3165 2.827e-17 2.581e-17 1.537e-17 0.0 89.67 0.0
S015479 255.4061 53.327 2.662e-21 1.902e-21 7.137999999999999e-22 0.0 90.66 0.0
S015480 255.504 53.2505 1.119e-12 8.398e-13 3.3e-13 0.001 88.11 0.0
S015481 255.4527 53.3266 1.198e-18 1.349e-18 1.216e-18 0.0 90.39 0.0
S015482 255.5153 53.3137 7.44e-17 6.397e-17 3.51e-17 0.0 89.19 0.0
S015483 255.4063 53.3199 1.702e-19 2.352e-19 3.395e-19 0.0 90.89 0.0
S015484 255.4325 53.2757 1.396e-12 1.101e-12 5.008e-13 0.0 89.23 1.0
S015485 255.5066 53.2528 9.856000000000001e-21 1.6920000000000003e-20 3.886e-20 0.0 88.03 0.0
S015486 255.4274 53.3024 7.282e-18 1.368e-17 3.735e-17 0.0 90.54 0.0
S015487 255.4359 53.3452 3.121e-17 2.82e-17 1.664e-17 0.0 90.59 0.0
S015488 255.4498 53.2825 3.349e-17 4.935e-17 8.002e-17 0.0 89.05 0.0
S015489 255.442 53.2865 7.849e-17 7.031e-17 3.989e-17 0.0 89.59 0.0
S015490 255.509 53.2347 3.022e-21 2.1130000000000002e-21 7.417999999999999e-22 0.0 87.92 0.0
S015491 255.4307 53.2649 2.332e-17 4.783e-17 1.504e-16 0.0 88.75 0.0
S015492 255.4454 53.2735 2.779e-18 3.121e-18 2.845e-18 0.0 88.51 0.0
S015493 255.5115 53.3 1.15e-17 1.143e-17 8.023e-18 0.0 88.64 0.0
S015494 255.4642 53.3183 2.014e-18 2.474e-18 2.718e-18 0.0 90.26 0.0
S015495 255.4781 53.314 5.52e-19 6.878e-19 7.636e-19 0.0 90.25 0.0
S015496 255.4217 53.276 4.779e-18 5.129e-18 4.312e-18 0.0 89.51 0.0
S015497 255.4369 53.2632 9.377e-19 1.132e-18 1.192e-18 0.0 88.71 0.0
S015498 255.4686 53.3256 1.4300000000000002e-20 2.4890000000000003e-20 5.686e-20 0.0 90.54 0.0
S015499 255.5147 53.2872 2.561e-21 1.842e-21 6.728999999999999e-22 0.0 88.37 0.0
S015500 255.5021 53.3006 1.027e-17 1.017e-17 7.111e-18 0.001 88.98 0.0
S015501 255.3927 53.2844 8.447000000000001e-20 1.256e-19 2.032e-19 0.0 89.84 0.0
S015502 255.4448 53.3095 2.593e-19 3.443e-19 4.464e-19 0.0 90.3 0.0
S015503 255.4124 53.2998 7.39e-21 1.3710000000000003e-20 3.52e-20 0.0 90.11 0.0
S015504 255.4707 53.2566 1.758e-18 1.983e-18 1.824e-18 0.0 88.27 0.0
S015505 255.4846 53.3073 4.911e-19 6.175e-19 7.043e-19 0.0 89.57 0.0
S015506 255.4429 53.2655 1.919e-22 4.674e-22 2.201e-21 0.0 88.69 0.0
S015507 255.5162 53.3063 1.409e-16 1.15e-16 5.643e-17 0.0 89.08 0.0
S015508 255.389 53.2634 1.0389999999999999e-22 2.8619999999999996e-22 1.683e-21 0.0 89.51 0.0
S015509 255.4317 53.2701 9.291000000000001e-20 1.34e-19 2.007e-19 0.0 88.93 0.0
S015510 255.4089 53.33 9.7e-19 1.102e-18 1.053e-18 0.0 90.84 0.0
S015511 255.4617 53.2766 1.86e-18 2.117e-18 1.978e-18 0.0 88.68 0.0
S015512 255.4378 53.2745 8.296e-20 1.221e-19 1.997e-19 0.0 88.73 0.0
S015513 255.4349 53.3305 1.615e-17 1.517e-17 9.841e-18 0.0 90.73 0.0
S015514 255.4575 53.2937 1.279e-24 4.8e-24 5.657e-23 0.0 89.6 0.0
S015515 255.4722 53.2455 2.722e-16 3.738e-16 5.407e-16 0.0 88.46 0.0
S015516 255.4886 53.271 2.354e-16 1.859e-16 8.088e-17 0.0 88.74 0.0
S015517 255.449 53.3015 1.911e-17 3.82e-17 1.175e-16 0.0 90.28 0.0
S015518 255.4481 53.2976 3.625e-21 2.513e-21 8.453999999999999e-22 0.0 90.01 0.0
S015519 255.5227 53.2745 8.895e-13 6.4e-13 2.332e-13 0.0 88.12 0.0
S015520 255.4216 53.2435 4.19e-21 8.243e-21 2.298e-20 0.0 88.43 0.0
S015521 255.4686 53.2911 6.559e-17 1.108e-16 2.355e-16 0.0 89.07 0.0
S015522 255.43 53.2571 2.052e-19 2.673e-19 3.357e-19 0.0 88.25 0.0
S015523 255.4547 53.338 2.28e-22 5.729e-22 2.811e-21 0.0 90.53 0.0
S015524 255.4912 53.3119 2.354e-21 4.806e-21 1.5790000000000002e-20 0.0 89.46 0.0
S015525 255.4746 53.2834 3.753e-17 3.155e-17 1.665e-17 0.0 88.49 0.0
S015526 255.4358 53.2431 6.974e-23 2.1329999999999996e-22 1.573e-21 0.0 88.67 0.0
S015527 255.3845 53.2713 7.85e-18 7.709e-18 5.561e-18 0.0 90.05 0.0
S015528 255.4359 53.3102 4.853e-19 6.137e-19 7.294e-19 0.0 90.45 0.0
S015529 255.4705 53.2815 5.736e-25 2.525e-24 4.094e-23 0.0 88.41 0.0
S015530 255.4785 53.264 4.638e-17 3.812e-17 1.921e-17 0.0 88.09 0.0
S015531 255.4641 53.3343 4.2200000000000005e-20 6.615e-20 1.232e-19 0.0 90.45 0.0
S015532 255.4319 53.3243 1.755e-16 1.327e-16 5.631e-17 0.0 90.67 0.0
S015533 255.4674 53.2916 6.382e-23 1.604e-22 7.709999999999999e-22 0.0 88.99 0.0
S015534 255.4504 53.2693 3.103e-19 3.826e-19 4.275e-19 0.0 88.93 0.0
S015535 255.4445 53.2497 2.075e-21 4.1310000000000004e-21 1.2340000000000002e-20 0.0 88.57 0.0
S015536 255.4366 53.318 3.886e-18 4.056e-18 3.238e-18 0.0 90.57 0.0
S015537 255.4649 53.3248 8.912e-19 1.029e-18 1.013e-18 0.0 90.23 0.0
S015538 255.4786 53.2304 2.621e-19 3.51e-19 4.427e-19 0.0 88.04 0.0
S015539 255.3916 53.2622 1.704e-22 4.29e-22 2.139e-21 0.001 89.6 0.0
S015540 255.4889 53.2594 1.237e-21 2.746e-21 1.0290000000000001e-20 0.0 88.17 0.0
S015541 255.4057 53.3035 3.773e-16 1.002e-15 5.697e-15 0.0 90.52 1.0
S015542 255.4098 53.2695 1.995e-18 2.183e-18 1.857e-18 0.0 89.43 0.0
S015543 255.4174 53.316 3.091e-17 2.787e-17 1.621e-17 0.0 90.61 0.0
S015544 255.5008 53.2473 1.349e-17 1.257e-17 7.95e-18 0.0 87.88 0.0
S015545 255.4965 53.2786 9.214000000000001e-20 1.338e-19 1.991e-19 0.0 88.81 0.0
S015546 255.4655 53.3004 2.544e-18 2.787e-18 2.436e-18 0.0 89.62 0.0
S015547 255.5224 53.2785 8.611e-18 8.747e-18 6.542e-18 0.0 88.18 0.0
S015548 255.4823 53.3821 3.899e-17 3.355e-17 1.801e-17 0.0 90.48 0.0
S015549 255.4202 53.2674 1.0170000000000001e-20 1.864e-20 4.673e-20 0.0 89.14 0.0
S015550 255.4524 53.3124 1.949e-17 3.516e-17 8.542e-17 0.0 90.64 0.0
S015551 255.3995 53.2565 1.0270000000000001e-20 1.7650000000000002e-20 4.05e-20 0.0 89.21 0.0
S015552 255.5074 53.2477 1.166e-16 2.752e-16 1.149e-15 0.0 88.14 1.0
S015553 255.3772 53.2815 1.148e-19 1.581e-19 2.26e-19 0.001 89.91 0.0
S015554 255.5119 53.2537 3.5840000000000004e-21 2.457e-21 8.463e-22 0.0 88.17 0.0
S015555 255.4911 53.2726 1.23e-18 1.401e-18 1.367e-18 0.0 88.12 0.0
S015556 255.4192 53.3067 1.836e-17 1.744e-17 1.086e-17 0.0 90.44 0.0
S015557 255.4375 53.3028 2.623e-16 2.011e-16 8.512e-17 0.0 90.0 1.0
S015558 255.4882 53.2725 1.4419999999999998e-22 3.9989999999999997e-22 2.477e-21 0.0 88.56 0.0
S015559 255.431 53.2613 1.828e-17 2.908e-17 5.224e-17 0.0 88.58 0.0
S015560 255.4649 53.261 8.227000000000001e-21 1.5020000000000003e-20 3.6750000000000004e-20 0.0 88.16 0.0
S015561 255.4931 53.2918 4.366e-22 1.075e-21 4.974e-21 0.0 88.9 0.0
S015562 255.4361 53.3206 4.953e-21 3.299e-21 1.049e-21 0.0 90.62 0.0
S015563 255.409 53.308 1.911e-17 3.647e-17 1.005e-16 0.0 90.36 0.0
S015564 255.4564 53.309 3.879e-17 4.975e-17 6.076e-17 0.0 90.61 0.0
S015565 255.4709 53.3018 3.346e-21 6.6e-21 1.8960000000000002e-20 0.0 89.52 0.0
S015566 255.4746 53.2707 4.728e-20 7.175000000000001e-20 1.21e-19 0.0 88.29 0.0
S015567 255.4605 53.3126 1.905e-12 1.481e-12 6.351e-13 0.0 90.19 1.0
S015568 255.4733 53.2877 1.084e-17 2.182e-17 6.561e-17 0.0 88.83 0.0
S015569 255.38 53.3365 1.0929999999999998e-22 3.0009999999999995e-22 1.849e-21 0.0 90.82 0.0
S015570 255.461 53.2586 4.976e-18 5.135e-18 3.89e-18 0.0 88.05 0.0
S015571 255.4606 53.3051 1.498e-18 1.626e-18 1.403e-18 0.0 89.91 0.0
S015572 255.4314 53.2225 5.822e-20 9.042e-20 1.654e-19 0.0 88.2 0.0
S015573 255.4205 53.2746 1.61e-19 2.242e-19 3.211e-19 0.0 89.42 0.0
S015574 255.4547 53.3347 2.202e-21 4.318e-21 1.2960000000000002e-20 0.0 90.41 0.0
S015575 255.399 53.2559 3.164e-22 7.685999999999999e-22 3.619e-21 0.001 89.18 0.0
S015576 255.4778 53.2693 6.184e-17 5.156e-17 2.654e-17 0.0 88.37 0.0
S015577 255.4418 53.3078 4.547e-19 5.785e-19 6.914e-19 0.0 90.34 0.0
S015578 255.4366 53.3268 4.685e-19 5.734e-19 6.334e-19 0.0 90.68 0.0
S015579 255.45 53.2692 1.436e-24 6.496e-24 1.084e-22 0.0 88.95 0.0
S015580 255.5078 53.3257 1.042e-12 7.428e-13 2.681e-13 0.0 89.35 0.0
S015581 255.4511 53.3178 8.214000000000001e-21 1.4990000000000002e-20 3.6460000000000005e-20 0.0 90.62 0.0
S015582 255.4618 53.2725 1.368e-12 9.752e-13 3.556e-13 0.0 88.39 0.0
S015583 255.4168 53.3295 2.556e-23 6.775999999999999e-23 3.6499999999999997e-22 0.0 90.68 0.0
S015584 255.4595 53.3124 7.274e-20 1.093e-19 1.777e-19 0.0 90.42 0.0
S015585 255.5014 53.2708 2.703e-12 2.167e-12 9.964e-13 0.0 88.02 1.0
S015586 255.3911 53.2924 6.755e-20 1.099e-19 2.154e-19 0.0 90.11 0.0
S015587 255.4263 53.2561 5.541e-18 5.963e-18 5.223e-18 0.0 88.71 0.0
S015588 255.4469 53.3032 3.718e-13 2.466e-13 8.145e-14 0.0 89.92 0.0
S015589 255.5112 53.3086 1.409e-18 1.576e-18 1.349e-18 0.0 89.1 0.0
S015590 255.5285 53.3293 4.927e-17 4.051e-17 1.92e-17 0.0 89.39 0.0
S015591 255.4117 53.2708 3.442e-17 3.168e-17 1.931e-17 0.0 89.84 0.0
S015592 255.4415 53.2738 4.019e-21 2.652e-21 8.660999999999999e-22 0.0 88.2 0.0
S015593 255.5001 53.2519 6.857e-13 5.29e-13 2.275e-13 0.0 88.02 1.0
S015594 255.4238 53.2603 3.411e-23 9.334e-23 5.320999999999999e-22 0.0 89.1 0.0
S015595 255.4833 53.2516 3.779e-18 3.889e-18 2.956e-18 0.0 88.16 0.0
S015596 255.4726 53.2644 4.072e-18 4.109e-18 3.13e-18 0.0 88.05 0.0
S015597 255.478 53.2593 4.715e-19 5.86e-19 6.525e-19 0.0 88.15 0.0
S015598 255.4279 53.3146 7.29e-18 7.107e-18 4.919e-18 0.0 90.57 0.0
S015599 255.4587 53.2709 3.035e-18 3.104e-18 2.244e-18 0.0 88.52 0.0
S015600 255.4395 53.3088 1.868e-23 5.296999999999999e-23 3.237e-22 0.0 90.38 0.0
S015601 255.4458 53.3143 1.107e-22 3.23e-22 2.183e-21 0.0 90.48 0.0
S015602 255.4694 53.2736 2.399e-17 4.194e-17 9.494e-17 0.0 88.4 0.0
S015603 255.4376 53.3074 1.719e-17 2.57e-17 4.096e-17 0.0 90.52 0.0
S015604 255.4815 53.2625 5.954e-17 4.955e-17 2.546e-17 0.0 88.44 0.0
S015605 255.4828 53.2705 4.4740000000000006e-20 7.105000000000001e-20 1.36e-19 0.0 88.25 0.0
S015606 255.4384 53.3055 1.597e-16 1.301e-16 6.048e-17 0.0 90.34 0.0
S015607 255.4417 53.3045 2.167e-21 4.65e-21 1.5720000000000002e-20 0.0 90.39 0.0
S015608 255.4437 53.3017 4.058e-19 5.252e-19 6.483e-19 0.0 90.23 0.0
S015609 255.4389 53.3094 1.675e-18 1.997e-18 2.121e-18 0.0 90.48 0.0
S015610 255.4489 53.3147 3.583e-16 2.813e-16 1.223e-16 0.0 90.4 1.0
S015611 255.4417 53.3162 5.06e-23 1.6489999999999997e-22 1.433e-21 0.0 90.5 0.0
S015612 255.4554 53.2667 3.13e-19 4.072e-19 4.954e-19 0.0 88.44 0.0
S015613 255.4221 53.3171 1.2039999999999998e-22 3.1669999999999997e-22 1.707e-21 0.0 90.68 0.0
S015614 255.4319 53.3084 5.605e-17 9.91e-17 2.391e-16 0.0 90.51 0.0
S015615 255.4385 53.3148 3.6879999999999997e-22 8.56e-22 3.506e-21 0.001 90.51 0.0
S015616 255.4646 53.2552 3.359e-21 2.3450000000000002e-21 8.146999999999999e-22 0.001 88.16 0.0
S015617 255.4781 53.2697 2.085e-17 1.92e-17 1.151e-17 0.0 88.13 0.0
S015618 255.438 53.3138 3.2089999999999995e-22 6.887e-22 2.337e-21 0.0 90.59 0.0
S015619 255.478 53.2574 7.403e-13 5.236e-13 1.894e-13 0.0 87.99 0.0
S015620 255.4712 53.2687 3.304e-21 6.299e-21 1.729e-20 0.0 88.25 0.0
S015621 255.48 53.2642 2.404e-21 1.752e-21 6.7079999999999995e-22 0.0 88.27 0.0
S015622 255.4424 53.3156 5.007e-19 6.163e-19 7.121e-19 0.0 90.48 0.0
S015623 255.4256 53.3257 1.273e-19 1.812e-19 2.639e-19 0.0 90.7 0.0
S015624 255.466 53.2634 4.951e-18 5.297e-18 4.386e-18 0.0 88.24 0.0
S015625 255.4425 53.2994 2.088e-17 1.954e-17 1.23e-17 0.0 90.29 0.0
S015626 255.4684 53.2615 2.075e-17 1.853e-17 1.036e-17 0.0 88.3 0.0
S015627 255.437 53.3128 4.578e-21 8.318e-21 2.0780000000000003e-20 0.0 90.38 0.0
S015628 255.4875 53.2598 1.313e-12 9.414e-13 3.631e-13 0.0 88.05 0.0
S015629 255.4838 53.2552 1.451e-19 2.082e-19 3.096e-19 0.0 88.07 0.0
S015630 255.4803 53.265 3.3200000000000002e-21 2.32e-21 8.082999999999999e-22 0.0 88.21 0.0
S015631 255.4276 53.3205 1.77e-18 1.915e-18 1.682e-18 0.0 90.71 0.0
S015632 255.4239 53.3179 1.784e-15 1.288e-15 4.693e-16 0.0 90.61 0.0
S015633 255.4819 53.2717 2.622e-17 4.774e-17 1.187e-16 0.0 88.21 0.0
S015634 255.4773 53.2669 3.732e-17 3.46e-17 2.085e-17 0.0 88.1 0.0
S015635 255.476 53.2724 8.126e-17 1.956e-16 8.679e-16 0.0 88.39 1.0
S015636 255.483 53.2659 6.112e-17 4.881e-17 2.252e-17 0.0 88.24 0.0
S015637 255.4498 53.3032 1.067e-17 1.015e-17 6.602e-18 0.0 90.27 0.0
S015638 255.4857 53.2674 5.928999999999999e-22 1.357e-21 5.445e-21 0.0 88.19 0.0
S015639 255.4819 53.2527 1.152e-17 1.124e-17 7.823e-18 0.0 88.08 0.0
S015640 255.4338 53.2983 3.612e-21 2.51e-21 8.606e-22 0.0 90.28 0.0
S015641 255.4355 53.3231 3.443e-21 2.4e-21 8.106e-22 0.0 90.64 0.0
S015642 255.4436 53.3174 3.275e-18 3.455e-18 2.749e-18 0.0 90.51 0.0
S015643 255.4746 53.2663 2.456e-21 5.23e-21 1.805e-20 0.0 88.22 0.0
S015644 255.4339 53.3155 1.899e-18 2.163e-18 2.02e-18 0.0 90.5 0.0
S015645 255.4809 53.2645 1.155e-19 1.664e-19 2.487e-19 0.0 88.28 0.0
S015646 255.4361 53.3169 2.855e-19 3.715e-19 4.572e-19 0.0 90.62 0.0
S015647 255.4833 53.2549 7.66e-17 6.55e-17 3.551e-17 0.0 88.08 0.0
S015648 255.441 53.3177 2.73e-21 1.909e-21 6.814e-22 0.0 90.32 0.0
S015649 255.4854 53.2611 5.134e-18 5.196e-18 3.767e-18 0.0 88.09 0.0
S015650 255.4258 53.3247 1.431e-18 1.733e-18 1.823e-18 0.0 90.74 0.0
S015651 255.4806 53.2471 2.033e-24 8.003e-24 9.774e-23 0.0 88.06 0.0
S015652 255.4576 53.268 1.432e-17 1.313e-17 7.844e-18 0.0 88.34 0.0
S015653 255.4789 53.2637 1.523e-17 1.504e-17 1.063e-17 0.0 88.22 0.0
S015654 255.4783 53.2587 3.655e-17 5.769e-17 1.041e-16 0.0 88.2 0.0
S015655 255.492 53.2726 7.306e-17 5.982e-17 2.877e-17 0.0 88.2 0.0
S015656 255.4811 53.2612 1.67e-17 1.616e-17 1.095e-17 0.0 88.23 0.0
S015657 255.423 53.3349 2.1010000000000002e-21 4.271e-21 1.3480000000000002e-20 0.0 90.69 0.0
S015658 255.4249 53.327 9.672e-23 2.8479999999999997e-22 1.9290000000000002e-21 0.0 90.66 0.0
S015659 255.4378 53.32 9.054e-19 1.044e-18 9.9e-19 0.0 90.61 0.0
S015660 255.4871 53.2506 8.061000000000001e-21 1.414e-20 3.264e-20 0.0 88.12 0.0
S015661 255.489 53.2493 7.677e-17 6.238e-17 2.919e-17 0.0 88.1 0.0
S015662 255.4193 53.3158 3.601e-23 9.367999999999999e-23 4.934999999999999e-22 0.0 90.53 0.0
S015663 255.4878 53.2538 3.169e-17 2.846e-17 1.708e-17 0.0 88.16 0.0
S015664 255.4312 53.3249 5.018e-22 1.286e-21 6.34e-21 0.0 90.72 0.0
S015665 255.4778 53.2444 7.018e-23 1.9109999999999999e-22 1.115e-21 0.0 88.18 0.0
S015666 255.4735 53.2533 2.3760000000000002e-20 4.0490000000000003e-20 8.824000000000001e-20 0.0 88.18 0.0
S015667 255.4788 53.2592 4.055e-23 1.1999999999999998e-22 8.463e-22 0.0 88.12 0.0
S015668 255.4365 53.3331 3.233e-21 2.255e-21 7.919999999999999e-22 0.0 90.68 0.0
S015669 255.4392 53.3213 4.8950000000000006e-20 7.548e-20 1.308e-19 0.0 90.43 0.0
S015670 255.4147 53.3339 1.161e-20 2.0380000000000002e-20 4.5850000000000005e-20 0.0 90.79 0.0
S015671 255.487 53.2479 8.545e-21 1.5960000000000002e-20 4.1320000000000003e-20 0.0 88.01 0.0
S015672 255.4253 53.3294 2.919e-13 1.979e-13 6.855e-14 0.0 90.72 0.0
S015673 255.4877 53.2633 7.219e-17 1.411e-16 4.006e-16 0.0 88.13 0.0
S015674 255.4851 53.253 8.062e-19 9.857e-19 1.054e-18 0.0 88.08 1.0
S015675 255.4384 53.3327 3.057e-17 2.921e-17 1.868e-17 0.0 90.66 0.0
S015676 255.418 53.3268 3.166e-21 2.205e-21 7.8369999999999995e-22 0.0 90.57 0.0
S015677 255.4197 53.332 2.093e-12 1.908e-12 1.189e-12 0.0 90.69 1.0
S015678 255.4261 53.3183 3.042e-19 4.056e-19 5.055e-19 0.0 90.63 0.0
S015679 255.4882 53.2509 3.676e-21 2.511e-21 8.707e-22 0.0 88.14 0.0
S015680 255.5038 53.2412 8.502e-21 1.553e-20 3.8670000000000005e-20 0.0 88.06 0.0
S015681 255.4863 53.2653 4.592e-19 5.516e-19 5.668e-19 0.001 88.28 0.0
S015682 255.4769 53.2558 7.679e-18 7.833e-18 5.658e-18 0.0 87.95 0.0
S015683 255.4772 53.2485 3.573e-20 5.672e-20 1.071e-19 0.0 88.03 0.0
S015684 255.4221 53.335 1.179e-19 1.75e-19 2.849e-19 0.0 90.83 0.0
S015685 255.4135 53.3288 4.687e-23 1.2899999999999998e-22 7.338999999999999e-22 0.0 90.51 0.0
S015686 255.4916 53.2626 2.938e-16 2.318e-16 1.07e-16 0.0 88.03 0.0
S015687 255.4306 53.3239 2.183e-16 1.71e-16 7.733e-17 0.0 90.61 0.0
S015688 255.4244 53.3325 4.495e-18 4.777e-18 3.699e-18 0.0 90.68 0.0
S015689 255.4943 53.2555 4.994e-19 6.426e-19 7.728e-19 0.0 88.02 0.0
S015690 255.4902 53.2431 4.078e-21 2.7790000000000002e-21 9.301e-22 0.0 88.06 0.0
S015691 255.4954 53.2476 1.139e-21 2.49e-21 8.957e-21 0.0 88.04 0.0
S015692 255.4809 53.2577 1.377e-12 1.028e-12 4.133e-13 0.0 88.23 0.0
S015693 255.4125 53.3452 3.114e-20 5.004e-20 9.615e-20 0.0 90.76 0.0
S015694 255.4368 53.314 1.742e-23 5.1779999999999995e-23 3.4799999999999997e-22 0.0 90.55 0.0
S015695 255.427 53.3352 2.112e-18 2.428e-18 2.316e-18 0.0 90.71 0.0
S015696 255.4274 53.3297 2.365e-18 2.512e-18 2.115e-18 0.0 90.68 0.0
S015697 255.4267 53.3293 3.951e-19 4.792e-19 5.259e-19 0.0 90.65 0.0
S015698 255.4841 53.2443 3.281e-21 2.239e-21 7.842999999999999e-22 0.0 87.98 0.0
S015699 255.4132 53.3355 8.036000000000001e-20 1.137e-19 1.644e-19 0.0 90.82 0.0
S015700 255.491 53.2497 4.695e-21 9.537e-21 3.009e-20 0.0 87.96 0.0
S015701 255.4939 53.2304 2.0989999999999998e-22 5.629e-22 3.214e-21 0.0 88.09 0.0
S015702 255.4929 53.2587 5.616e-18 5.871e-18 4.645e-18 0.0 88.0 0.0
S015703 255.4246 53.3289 8.95e-19 1.043e-18 1.017e-18 0.0 90.54 0.0
S015704 255.4183 53.3277 4.255e-24 1.503e-23 1.503e-22 0.0 90.92 0.0
S015705 255.4234 53.3319 4.35e-18 4.433e-18 3.239e-18 0.0 90.69 0.0
S015706 255.428 53.3241 2.552e-24 9.116e-24 9.444e-23 0.0 90.62 0.0
S015707 255.4899 53.2521 1.108e-16 9.241e-17 4.594e-17 0.001 88.17 0.0
S015708 255.4183 53.3423 1.289e-13 8.634e-14 2.724e-14 0.0 90.73 0.0
S015709 255.4863 53.2403 2.872e-21 2.01e-21 7.295999999999999e-22 0.0 87.94 0.0
S015710 255.4228 53.3301 1.969e-16 1.511e-16 6.635e-17 0.001 90.78 0.0
S015711 255.418 53.3349 1.191e-15 8.748e-16 3.486e-16 0.0 90.97 0.0
S015712 255.412 53.3411 1.802e-16 1.435e-16 6.757e-17 0.0 90.84 0.0
S015713 255.4216 53.3347 2.011e-16 1.586e-16 7.195e-17 0.0 90.69 1.0
S015714 255.4244 53.3382 9.344e-18 9.372e-18 6.733e-18 0.0 90.71 0.0
S015715 255.4325 53.3439 6.053e-18 6.178e-18 4.593e-18 0.0 90.74 0.0
S015716 255.4089 53.3306 1.055e-19 1.6e-19 2.72e-19 0.0 90.82 0.0
S015717 255.4875 53.2344 1.726e-22 4.251999999999999e-22 1.976e-21 0.0 87.93 0.0
S015718 255.4937 53.2549 3.898e-22 9.537e-22 4.222e-21 0.0 88.05 0.0
S015719 255.4173 53.3348 1.818e-18 1.995e-18 1.81e-18 0.0 90.73 0.0
S015720 255.4922 53.2492 2.4960000000000003e-20 4.045e-20 7.646e-20 0.0 88.08 0.0
S015721 255.4177 53.3346 1.546e-17 3.309e-17 1.124e-16 0.0 90.76 0.0
S015722 255.4859 53.2354 2.854e-16 2.265e-16 1.07e-16 0.0 87.99 0.0
S015723 255.406 53.3532 2.421e-23 6.482e-23 3.6139999999999997e-22 0.0 90.77 0.0
S015724 255.4261 53.3458 2.184e-19 2.773e-19 3.34e-19 0.0 90.68 0.0
S015725 255.4862 53.2299 2.342e-21 4.719e-21 1.424e-20 0.0 87.77 0.0
S015726 255.4142 53.3396 5.297e-17 7.508e-17 1.067e-16 0.0 90.63 0.0
S015727 255.5045 53.2284 6.049e-19 7.756e-19 9.536e-19 0.0 87.74 0.0
S015728 255.4101 53.3402 2.619e-19 3.404e-19 4.366e-19 0.0 90.91 0.0
S015729 255.4139 53.3329 4.106e-21 2.758e-21 9.128999999999998e-22 0.0 90.83 0.0
S015730 255.4069 53.3328 4.6200000000000005e-20 6.947e-20 1.169e-19 0.0 90.72 0.0
S015731 255.428 53.3556 6.658e-19 8.017e-19 8.527e-19 0.0 90.79 0.0
S015732 255.416 53.3359 1.832e-20 2.996e-20 6.196e-20 0.0 90.86 0.0
S015733 255.4029 53.3534 4.79e-20 6.893e-20 1.048e-19 0.0 90.79 0.0
S015734 255.4997 53.2461 2.5210000000000002e-20 4.0870000000000006e-20 8.038000000000001e-20 0.0 87.97 0.0
S015735 255.4882 53.2363 2.072e-17 1.999e-17 1.297e-17 0.0 87.97 0.0
S015736 255.501 53.2379 3.899e-21 2.631e-21 8.891999999999999e-22 0.0 87.9 0.0
S015737 255.511 53.2393 9.962e-23 2.792e-22 1.691e-21 0.0 87.89 0.0
S015738 255.5074 53.2498 4.898e-22 9.174e-22 2.48e-21 0.0 88.07 0.0
S015739 255.4088 53.3495 1.118e-17 1.146e-17 8.783e-18 0.0 90.74 0.0
S015740 255.4321 53.334 1.281e-19 1.874e-19 2.989e-19 0.0 90.73 0.0
S015741 255.401 53.3407 9.839e-19 1.221e-18 1.364e-18 0.0 90.85 0.0
S015742 255.4946 53.2304 1.296e-17 1.206e-17 7.525e-18 0.001 87.73 0.0
S015743 255.507 53.2278 8.644999999999999e-23 1.9659999999999998e-22 7.991999999999999e-22 0.0 87.81 0.0
S015744 255.5057 53.2321 3.79e-13 2.56e-13 8.53e-14 0.0 87.86 0.0
S015745 255.4077 53.3576 4.591e-17 3.835e-17 1.948e-17 0.0 90.74 0.0
S015746 255.5109 53.2315 9.111e-17 1.283e-16 1.86e-16 0.0 87.94 0.0
S015747 255.4151 53.3468 1.792e-13 1.181e-13 3.8e-14 0.0 90.89 0.0
S015748 255.4097 53.3502 3.697e-21 2.519e-21 8.73e-22 0.0 90.85 0.0
S015749 255.502 53.2381 8.03e-17 6.755e-17 3.415e-17 0.0 88.0 0.0
S015750 255.498 53.2266 4.666999999999999e-22 1.108e-21 4.875e-21 0.0 87.98 0.0
S015751 255.4991 53.2203 1.945e-22 4.781e-22 2.207e-21 0.0 87.69 0.0
S015752 255.4198 53.346 3.1449999999999997e-22 7.439e-22 3.256e-21 0.0 90.82 0.0
S015753 255.4144 53.3438 1.958e-21 3.984e-21 1.2660000000000001e-20 0.0 90.88 0.0
S015754 255.4086 53.3492 5.162e-17 9.526e-17 2.446e-16 0.0 90.81 0.0
S015755 255.5089 53.2389 3.91e-17 7.337e-17 1.938e-16 0.0 88.01 0.0
S015756 255.4078 53.3582 1.993e-18 2.234e-18 2.018e-18 0.0 90.79 0.0
S015757 255.503 53.2263 2.568e-18 2.714e-18 2.149e-18 0.0 87.89 0.0
S015758 255.5246 53.2238 2.137e-22 5.009999999999999e-22 2.074e-21 0.0 87.87 0.0
S015759 255.4058 53.3611 1.094e-21 2.37e-21 8.435e-21 0.0 90.86 0.0
S015760 255.5191 53.2082 6.654e-20 9.983000000000001e-20 1.6e-19 0.0 87.98 1.0
S015761 255.4077 53.3473 4.379e-18 4.342e-18 3.154e-18 0.0 90.88 0.0
S015762 255.5092 53.2245 1.351e-18 1.577e-18 1.53e-18 0.0 87.94 0.0
S015763 255.4062 53.3582 3.894e-13 2.628e-13 8.495e-14 0.0 90.9 0.0
S015764 255.4045 53.3616 4.78e-18 4.854e-18 3.597e-18 0.0 90.85 0.0
S015765 255.5178 53.2218 1.845e-19 2.372e-19 2.974e-19 0.0 87.86 0.0
S015766 255.3943 53.3592 3.314e-23 9.849999999999999e-23 6.958999999999999e-22 0.0 90.78 0.0
S015767 255.5136 53.22 2.699e-19 3.719e-19 5.36e-19 0.0 88.0 0.0
S015768 255.5254 53.2071 1.2929999999999998e-22 3.035e-22 1.259e-21 0.0 87.83 1.0
S015769 255.419 53.3288 7.889e-17 1.179e-16 1.994e-16 0.0 90.83 0.0
S015770 255.5187 53.2114 2.729e-23 8.327999999999999e-23 6.165999999999999e-22 0.0 87.79 0.0
S015771 255.5017 53.2302 3.3920000000000004e-20 5.565e-20 1.098e-19 0.0 87.87 0.0
S015772 255.3991 53.3607 1.624e-21 3.835e-21 1.652e-20 0.0 90.91 0.0
S015773 255.4099 53.3564 7.934999999999999e-23 2.2299999999999996e-22 1.376e-21 0.0 90.77 0.0
S015774 255.5178 53.2234 8.747e-21 1.5e-20 3.21e-20 0.0 87.77 0.0
S015775 255.3971 53.3542 5.625e-21 1.0120000000000001e-20 2.5140000000000002e-20 0.0 90.89 0.0
S015776 255.5238 53.2032 9.832000000000001e-21 1.684e-20 3.8060000000000004e-20 0.0 87.83 0.0
S015777 255.3959 53.3669 5.414e-19 6.869e-19 7.925e-19 0.0 90.85 0.0
S015778 255.4042 53.37 1.508e-23 4.2069999999999997e-23 2.495e-22 0.0 90.94 0.0
S015779 255.5125 53.2222 8.099e-17 6.345e-17 2.856e-17 0.0 87.9 0.0
S015780 255.3869 53.3578 3.125e-21 2.164e-21 7.722999999999999e-22 0.0 90.96 0.0
S015781 255.5126 53.2182 1.007e-16 8.336e-17 4.231e-17 0.0 87.93 0.0
S015782 255.3955 53.3572 2.874e-17 5.399e-17 1.415e-16 0.0 90.82 0.0
S015783 255.5135 53.222 8.641e-18 8.655e-18 6.068e-18 0.0 87.84 0.0
S015784 255.5165 53.226 1.539e-17 1.436e-17 9.28e-18 0.0 88.13 0.0
S015785 255.382 53.3717 2.397e-24 8.434e-24 8.152e-23 0.0 90.91 0.0
S015786 255.5078 53.2213 1.226e-16 2.743e-16 1.062e-15 0.0 88.04 1.0
S015787 255.5179 53.2224 1.042e-19 1.535e-19 2.504e-19 0.0 87.85 0.0
S015788 255.3915 53.3634 9.094e-20 1.373e-19 2.298e-19 0.0 90.76 0.0
S015789 255.5183 53.2111 1.218e-16 9.448e-17 4.167e-17 0.0 87.83 0.0
S015790 255.3984 53.3701 4.415e-16 3.224e-16 1.223e-16 0.0 91.1 0.0
S015791 255.3995 53.3732 6.075e-16 4.481e-16 1.814e-16 0.0 90.61 0.0
S015792 255.4017 53.3781 1.828e-19 2.511e-19 3.508e-19 0.0 90.76 0.0
S015793 255.5016 53.2037 1.145e-16 2.956e-16 1.511e-15 0.0 87.94 1.0
S015794 255.5002 53.194 1.665e-16 1.339e-16 6.286e-17 0.0 87.99 0.0
S015795 255.4953 53.1913 3.538e-18 3.736e-18 2.981e-18 0.0 87.99 0.0
S015796 255.4222 53.3898 2.523e-17 4.296e-17 9.338e-17 0.0 90.79 0.0
S015797 255.4265 53.39 7.771e-16 5.787e-16 2.32e-16 0.0 90.87 0.0
S015798 255.4778 53.1896 1.605e-15 1.155e-15 4.363e-16 0.0 88.1 0.0
S015799 255.4684 53.1906 1.329e-16 1.038e-16 4.325e-17 0.0 88.1 0.0
S015800 255.4691 53.1839 8.127e-16 5.887e-16 2.359e-16 0.0 88.01 0.0
S015801 255.459 53.3899 6.956e-17 1.621e-16 6.958e-16 0.0 90.62 1.0
S015802 255.4467 53.1864 7.968e-17 6.593e-17 3.279e-17 0.0 88.22 0.0
S015803 255.4447 53.1899 7.893e-13 5.728e-13 2.224e-13 0.0 88.28 0.0
S015804 255.4689 53.387 1.007e-12 1.033e-12 7.672e-13 0.0 90.49 1.0
S015805 255.4311 53.1934 6.113e-17 5.31e-17 2.93e-17 0.0 88.27 0.0
S015806 255.4256 53.1888 3.74e-17 3.329e-17 1.885e-17 0.0 88.48 0.0
S015807 255.4884 53.3841 1.003e-16 8.474e-17 4.42e-17 0.0 90.33 0.0
S015808 255.4011 53.1917 1.775e-16 1.422e-16 6.417e-17 0.0 88.54 0.0
S015809 255.4036 53.195 6.513e-17 5.646e-17 3.078e-17 0.0 88.63 0.0
S015810 255.3948 53.2002 8.125e-18 8.003e-18 5.403e-18 0.0 88.78 0.0
S015811 255.5232 53.3749 1.752e-16 1.423e-16 6.81e-17 0.0 89.85 0.0
S015812 255.5253 53.3728 1.264e-12 9.063e-13 3.345e-13 0.0 89.92 0.0
S015813 255.367 53.2084 1.357e-15 9.688e-16 3.671e-16 0.0 88.92 0.0
S015814 255.5462 53.3656 6.552e-15 4.612e-15 1.672e-15 0.0 89.49 0.0
S015815 255.5512 53.3605 4.433e-16 3.483e-16 1.53e-16 0.0 89.51 1.0
S015816 255.5564 53.3561 2.164e-17 3.674e-17 7.588e-17 0.0 89.55 0.0
S015817 255.3551 53.234 1.095e-15 8.068e-16 3.103e-16 0.0 89.39 0.0
S015818 255.3363 53.2334 3.262e-16 2.591e-16 1.193e-16 0.0 89.49 0.0
S015819 255.5743 53.339 2.973e-15 2.059e-15 7.153e-16 0.0 89.34 0.0
S015820 255.3271 53.2446 1.055e-15 8.08e-16 3.334e-16 0.0 89.65 0.0
S015821 255.3204 53.2518 3.414e-15 2.348e-15 8.165e-16 0.0 89.66 0.0
S015822 255.3187 53.2618 1.09e-12 7.645e-13 2.719e-13 0.0 89.72 0.0
S015823 255.5939 53.3077 6.199e-18 6.526e-18 5.247e-18 0.0 88.99 0.0
S015824 255.311 53.2726 1.769e-17 1.582e-17 8.893e-18 0.0 90.06 0.0
S015825 255.3118 53.2821 5.398e-16 4.155e-16 1.724e-16 0.0 90.02 1.0
S015826 255.6097 53.2864 6.35e-16 4.528e-16 1.725e-16 0.0 88.79 0.0
S015827 255.6065 53.2768 2.402e-17 4.406e-17 1.103e-16 0.0 88.46 0.0
S015828 255.2968 53.3073 1.323e-15 9.455e-16 3.494e-16 0.0 90.18 0.0
S015829 255.616 53.2674 3.146e-15 2.163e-15 7.674e-16 0.0 88.42 0.0
S015830 255.303 53.3173 3.976e-15 2.793e-15 1.004e-15 0.0 90.33 0.0
S015831 255.3004 53.3304 1.253e-12 9.68e-13 4.143e-13 0.0 90.44 1.0
S015832 255.2965 53.3385 3.999e-17 6.46e-17 1.224e-16 0.0 90.56 0.0
S015833 255.6222 53.2335 1.433e-16 1.114e-16 4.926e-17 0.0 87.9 1.0
S015834 255.3017 53.348 9.424e-17 7.505e-17 3.368e-17 0.0 90.61 0.0
S015835 255.3031 53.3629 1.255e-15 8.88e-16 3.257e-16 0.0 90.73 0.0
S015836 255.6022 53.224 3.838e-17 3.358e-17 1.769e-17 0.0 88.05 0.0
S015837 255.3052 53.3722 8.386e-17 2.026e-16 9.188e-16 0.0 91.09 1.0
S015838 255.6105 53.1956 8.27e-17 7.18e-17 3.721e-17 0.0 87.86 0.0
S015839 255.6011 53.1936 1.315e-15 1.012e-15 4.348e-16 0.0 87.72 0.0
S015840 255.5991 53.1869 6.001e-17 5.149e-17 2.795e-17 0.0 87.88 0.0
S015841 255.5969 53.1719 1.172e-16 9.765e-17 4.835e-17 0.0 87.79 0.0
S015842 255.5819 53.18 1.693e-17 3.172e-17 8.357e-17 0.0 87.68 0.0
S015843 255.5908 53.1624 3.849e-15 2.72e-15 9.969e-16 0.0 87.67 0.0
S015844 255.5814 53.1586 1.404e-12 1.069e-12 4.398e-13 0.0 87.64 1.0
S015845 255.569 53.1638 1.048e-12 7.612e-13 2.89e-13 0.0 87.81 0.0
S015846 255.3503 53.4239 2.557e-17 2.278e-17 1.31e-17 0.0 90.94 0.0
S015847 255.3582 53.4253 1.738e-12 1.288e-12 4.958e-13 0.0 90.84 0.0
S015848 255.3628 53.4303 1.961e-15 1.325e-15 4.342e-16 0.0 90.9 0.0
S015849 255.3746 53.4322 6.128e-17 1.126e-16 2.828e-16 0.0 91.05 0.0
S015850 255.5345 53.1391 8.791e-16 6.663e-16 2.904e-16 0.0 87.72 0.0
S015851 255.5218 53.142 1.278e-16 2.151e-16 4.414e-16 0.0 87.84 0.0
S015852 255.5208 53.1316 8.384e-16 6.203e-16 2.446e-16 0.0 87.7 0.0
S015853 255.507 53.1272 9.04e-16 6.536e-16 2.563e-16 0.0 87.61 0.0
S015854 255.487 53.1327 1.293e-12 1.041e-12 4.714e-13 0.0 87.74 1.0
S015855 255.4939 53.1203 5.98e-17 4.966e-17 2.506e-17 0.0 87.82 0.0
S015856 255.4388 53.4479 1.607e-17 2.329e-17 3.691e-17 0.0 90.64 0.0
S015857 255.4633 53.1346 7.24e-16 5.469e-16 2.175e-16 0.0 88.14 0.0
S015858 255.4667 53.1269 1.247e-12 1.174e-12 7.699e-13 0.0 88.08 1.0
S015859 255.4522 53.1221 1.123e-16 9.271e-17 4.481e-17 0.0 87.97 0.0
S015860 255.4771 53.4568 2.792e-17 2.524e-17 1.495e-17 0.0 90.53 0.0
S015861 255.4304 53.1386 1.303e-17 2.65e-17 8.292e-17 0.0 88.16 0.0
S015862 255.4162 53.1408 1.552e-17 1.564e-17 1.164e-17 0.0 88.42 0.0
S015863 255.4015 53.1445 1.178e-16 2.833e-16 1.234e-15 0.0 88.46 1.0
S015864 255.4013 53.1476 1.207e-16 9.52e-17 4.166e-17 0.0 88.54 0.0
S015865 255.394 53.1506 3.19e-15 2.296e-15 8.728e-16 0.0 88.46 0.0
S015866 255.3786 53.1526 2.58e-18 2.889e-18 2.581e-18 0.0 88.58 0.0
S015867 255.5486 53.4182 2.842e-16 2.197e-16 9.353e-17 0.0 90.01 1.0
S015868 255.3483 53.1663 3.656e-14 2.365e-14 7.269e-15 0.0 88.96 0.0
S015869 255.349 53.1705 1.152e-12 7.948e-13 2.804e-13 0.0 88.95 0.0
S015870 255.3342 53.1813 3.128e-16 2.462e-16 1.073e-16 0.0 89.06 1.0
S015871 255.3294 53.1833 7.222e-16 5.595e-16 2.451e-16 0.0 89.06 1.0
S015872 255.3254 53.1963 1.517e-15 1.074e-15 3.773e-16 0.0 89.16 0.0
S015873 255.6094 53.3833 1.791e-15 1.294e-15 4.884e-16 0.0 89.43 0.0
S015874 255.606 53.3681 3.445e-15 2.422e-15 8.717e-16 0.0 89.45 0.0
S015875 255.2947 53.2177 1.402e-17 1.332e-17 8.449e-18 0.0 89.52 0.0
S015876 255.6209 53.3525 3.199e-18 3.387e-18 2.753e-18 0.0 89.12 0.0
S015877 255.6312 53.3468 5.806e-16 4.387e-16 1.866e-16 0.0 89.19 1.0
S015878 255.6294 53.333 5.265e-15 3.576e-15 1.225e-15 0.0 89.01 0.0
S015879 255.2694 53.2577 1.188e-15 8.767e-16 3.451e-16 0.0 89.81 0.0
S015880 255.2695 53.2637 4.036e-16 3.141e-16 1.34e-16 0.0 89.91 1.0
S015881 255.2529 53.2736 6.509e-17 1.112e-16 2.408e-16 0.0 90.03 0.0
S015882 255.6572 53.2968 4.501e-17 9.265e-17 3.078e-16 0.0 88.62 0.0
S015883 255.6616 53.2882 1.861e-17 1.754e-17 1.158e-17 0.0 88.54 0.0
S015884 255.6624 53.2756 5.449e-21 1.144e-20 3.975e-20 0.0 88.48 0.0
S015885 255.6476 53.265 2.98e-15 2.085e-15 7.461e-16 0.0 88.37 0.0
S015886 255.2454 53.3292 5.841e-17 1.479e-16 7.666e-16 0.0 90.48 1.0
S015887 255.2395 53.3286 3.765e-16 2.863e-16 1.212e-16 0.0 90.37 1.0
S015888 255.6536 53.2389 3.24e-17 4.897e-17 8.427e-17 0.0 88.4 0.0
S015889 255.2458 53.3511 3.171e-15 2.246e-15 8.338e-16 0.0 90.4 0.0
S015890 255.25 53.3603 4.926e-22 1.165e-21 5.267e-21 0.0 90.73 0.0
S015891 255.2478 53.3759 4.934e-20 7.320000000000001e-20 1.162e-19 0.0 90.56 0.0
S015892 255.662 53.1954 2.539e-16 1.985e-16 8.689e-17 0.0 87.9 1.0
S015893 255.2512 53.4057 4.692e-17 4.008e-17 2.184e-17 0.0 90.85 0.0
S015894 255.6497 53.1791 3.161e-17 2.875e-17 1.715e-17 0.0 87.72 0.0
S015895 255.2627 53.4072 5.403e-16 4.345e-16 2.028e-16 0.0 90.89 0.0
S015896 255.6466 53.153 2.512e-17 4.229e-17 8.987e-17 0.0 87.81 0.0
S015897 255.6451 53.148 7.997e-15 5.31e-15 1.673e-15 0.0 87.58 0.0
S015898 255.6277 53.1489 1.374e-14 9.103e-15 2.864e-15 0.0 87.85 0.0
S015899 255.2928 53.4342 1.683e-12 1.433e-12 7.274e-13 0.0 91.15 1.0
S015900 255.6161 53.1273 2.59e-15 1.821e-15 6.325e-16 0.0 87.73 0.0
S015901 255.6113 53.1241 1.273e-22 2.903e-22 1.191e-21 0.0 87.81 0.0
S015902 255.31 53.4637 6.509e-15 4.301e-15 1.408e-15 0.0 90.96 0.0
S015903 255.5915 53.1107 8.28e-17 6.8e-17 3.266e-17 0.0 87.65 0.0
S015904 255.5805 53.1072 8.074e-16 6.025e-16 2.336e-16 0.0 87.77 1.0
S015905 255.3461 53.4742 1.16e-14 7.921e-15 2.681e-15 0.0 90.88 0.0
S015906 255.5647 53.0933 3.958e-16 3.03e-16 1.306e-16 0.0 87.6 1.0
S015907 255.3574 53.4863 1.917e-17 3.931e-17 1.233e-16 0.0 90.96 0.0
S015908 255.5455 53.0829 7.8e-16 5.95e-16 2.47e-16 0.0 87.68 1.0
S015909 255.5295 53.0812 4.747e-15 3.222e-15 1.098e-15 0.0 87.87 0.0
S015910 255.5275 53.0747 2.943e-15 2.028e-15 6.906e-16 0.0 87.75 0.0
S015911 255.4076 53.5025 1.418e-16 3.268e-16 1.271e-15 0.0 91.04 1.0
S015912 255.4202 53.4984 1.079e-17 1.601e-17 2.668e-17 0.0 91.0 0.0
S015913 255.4723 53.0995 3.581e-18 3.927e-18 3.458e-18 0.0 87.87 0.0
S015914 255.4726 53.0912 1.148e-15 8.266e-16 3.16e-16 0.0 88.01 0.0
S015915 255.4501 53.0799 7.905e-16 5.965e-16 2.439e-16 0.0 88.13 0.0
S015916 255.4778 53.4839 3.637e-17 6.581e-17 1.618e-16 0.0 90.58 0.0
S015917 255.4164 53.095 1.506e-16 1.225e-16 5.848e-17 0.0 88.26 0.0
S015918 255.4994 53.4748 1.121e-17 1.141e-17 8.396e-18 0.0 90.36 0.0
S015919 255.5068 53.4703 1.285e-16 1.091e-16 5.821e-17 0.0 90.25 0.0
S015920 255.3741 53.0992 7.768e-16 5.865e-16 2.477e-16 0.0 88.46 0.0
S015921 255.376 53.1105 4.101e-16 3.078e-16 1.279e-16 0.0 88.52 1.0
S015922 255.5415 53.4583 6.878e-17 5.593e-17 2.68e-17 0.0 90.15 0.0
S015923 255.5613 53.4554 5.622e-17 4.428e-17 2.048e-17 0.0 89.89 0.0
S015924 255.3571 53.1451 1.094e-16 8.66e-17 3.952e-17 0.0 88.81 0.0
S015925 255.3339 53.1414 1.492e-15 1.061e-15 3.906e-16 0.0 88.91 0.0
S015926 255.596 53.4303 1.246e-15 8.847e-16 3.32e-16 0.0 89.55 0.0
S015927 255.6125 53.4283 2.875e-17 2.456e-17 1.288e-17 0.0 89.8 0.0
S015928 255.6091 53.4123 2.807e-15 2.03e-15 7.595e-16 0.0 89.61 0.0
S015929 255.2737 53.1702 2.947e-17 2.555e-17 1.384e-17 0.0 89.34 0.0
S015930 255.6417 53.4 4.194e-16 3.168e-16 1.3e-16 0.0 89.32 1.0
S015931 255.6439 53.3867 2.729e-17 2.486e-17 1.468e-17 0.0 89.27 0.0
S015932 255.4047 53.3741 1.792e-18 2e-18 1.801e-18 0.0 90.88 0.0
S015933 255.4038 53.3804 2.181e-16 1.718e-16 7.377e-17 0.0 90.95 0.0
S015934 255.5087 53.1974 2.16e-21 4.581e-21 1.57e-20 0.0 87.79 0.0
S015935 255.4221 53.3695 3.132e-17 2.724e-17 1.421e-17 0.0 90.97 0.0
S015936 255.4164 53.3836 2.419e-20 3.926e-20 7.710000000000001e-20 0.001 90.73 0.0
S015937 255.4142 53.3858 1.149e-18 1.322e-18 1.263e-18 0.0 90.7 0.0
S015938 255.4198 53.3874 1.646e-18 1.877e-18 1.701e-18 0.0 90.77 0.0
S015939 255.4853 53.1899 3.131e-17 6.838e-17 2.477e-16 0.0 88.01 0.0
S015940 255.486 53.1976 3.856e-17 7.594e-17 2.194e-16 0.0 87.91 0.0
S015941 255.4381 53.384 1.529e-17 1.418e-17 9.026e-18 0.0 90.73 0.0
S015942 255.4724 53.1938 2.229e-17 2.052e-17 1.26e-17 0.0 88.24 0.0
S015943 255.442 53.4002 6.332e-17 5.42e-17 2.794e-17 0.0 90.82 0.0
S015944 255.4641 53.1852 4.491e-17 7.768e-17 1.67e-16 0.0 88.01 0.0
S015945 255.4524 53.3965 7.162e-16 5.468e-16 2.265e-16 0.0 90.73 1.0
S015946 255.4552 53.1988 4.828e-22 1.052e-21 3.842e-21 0.0 88.17 0.0
S015947 255.457 53.1884 1.968e-18 2.13e-18 1.888e-18 0.0 88.14 0.0
S015948 255.4498 53.1905 1.521e-19 2.17e-19 3.133e-19 0.0 88.21 0.0
S015949 255.4415 53.1854 4.964e-16 3.782e-16 1.585e-16 0.0 88.2 1.0
S015950 255.4438 53.1935 4.294e-21 8.428000000000001e-21 2.5470000000000004e-20 0.0 88.35 0.0
S015951 255.488 53.3945 5.73e-21 1.135e-20 3.2690000000000003e-20 0.0 90.18 0.0
S015952 255.4799 53.3795 1.882e-16 1.491e-16 6.896e-17 0.0 90.38 0.0
S015953 255.4099 53.1981 1.039e-16 8.486e-17 4.159e-17 0.0 88.76 0.0
S015954 255.4035 53.1952 4.989e-17 6.821e-17 9.129e-17 0.0 88.79 0.0
S015955 255.4907 53.3722 4.6359999999999997e-23 1.4279999999999999e-22 1.054e-21 0.0 90.18 0.0
S015956 255.3934 53.1969 1.734e-18 1.934e-18 1.717e-18 0.0 88.74 0.0
S015957 255.4046 53.2087 9.741e-13 6.807e-13 2.359e-13 0.0 88.78 0.0
S015958 255.3855 53.1992 9.242e-25 3.574e-24 4.4799999999999997e-23 0.0 88.95 0.0
S015959 255.5212 53.3646 2.5780000000000004e-20 4.203e-20 8.796000000000001e-20 0.0 89.78 0.0
S015960 255.5369 53.3704 6.342e-17 5.392e-17 2.849e-17 0.0 89.93 0.0
S015961 255.3765 53.2144 3.038e-21 5.744e-21 1.6000000000000002e-20 0.0 88.99 0.0
S015962 255.5397 53.3579 5.404e-18 5.483e-18 4.069e-18 0.0 89.69 0.0
S015963 255.5299 53.3494 9.156e-18 1.402e-17 2.477e-17 0.0 89.74 0.0
S015964 255.5344 53.3479 3.456e-17 5.424e-17 1.006e-16 0.0 89.64 0.0
S015965 255.5712 53.3598 2.315e-17 4.665e-17 1.449e-16 0.0 89.45 0.0
S015966 255.5539 53.3427 1.837e-22 4.502e-22 2.051e-21 0.0 89.45 0.0
S015967 255.5535 53.339 1.3529999999999998e-22 3.6939999999999996e-22 2.165e-21 0.0 89.19 0.0
S015968 255.3493 53.2452 1.567e-19 2.239e-19 3.395e-19 0.0 89.49 0.0
S015969 255.3341 53.2455 2.4790000000000003e-20 4.2010000000000003e-20 9.213e-20 0.0 89.68 0.0
S015970 255.3483 53.2579 1.787e-16 1.412e-16 6.566e-17 0.0 89.76 0.0
S015971 255.578 53.3246 6.849e-17 5.825e-17 3.088e-17 0.0 89.15 0.0
S015972 255.5849 53.3237 2.7e-18 2.962e-18 2.635e-18 0.0 89.04 0.0
S015973 255.3227 53.2668 3.9e-18 4.183e-18 3.529e-18 0.0 90.11 0.0
S015974 255.3194 53.271 1.918e-17 1.671e-17 9.095e-18 0.0 89.97 0.0
S015975 255.5938 53.3023 7.288e-17 1.331e-16 3.281e-16 0.0 88.92 0.0
S015976 255.6013 53.3021 1.986e-17 3.732e-17 9.812e-17 0.0 88.88 0.0
S015977 255.6002 53.3059 6.622e-17 5.508e-17 2.8e-17 0.0 88.89 0.0
S015978 255.5955 53.2856 3.664e-17 6.35e-17 1.409e-16 0.0 88.58 0.0
S015979 255.3009 53.2987 5.163e-17 4.347e-17 2.236e-17 0.0 90.07 0.0
S015980 255.3165 53.3113 8.464000000000001e-20 1.235e-19 1.993e-19 0.0 90.11 0.0
S015981 255.3025 53.3153 4.893e-24 1.782e-23 1.8499999999999998e-22 0.0 90.35 0.0
S015982 255.601 53.2637 1.0349999999999999e-22 2.613e-22 1.3210000000000001e-21 0.0 88.31 0.0
S015983 255.6164 53.2626 2.399e-18 2.533e-18 2.041e-18 0.0 88.28 0.0
S015984 255.6137 53.2568 1.1670000000000001e-20 1.874e-20 3.567e-20 0.0 88.29 0.0
S015985 255.6011 53.2599 4.7329999999999996e-23 1.281e-22 7.646e-22 0.0 88.27 0.0
S015986 255.3029 53.3372 1.603e-16 1.282e-16 5.781e-17 0.0 90.7 1.0
S015987 255.6176 53.2359 1.265e-17 2.05e-17 4.178e-17 0.0 88.0 0.0
S015988 255.5963 53.2442 2.205e-16 1.661e-16 6.776e-17 0.0 88.23 0.0
S015989 255.3011 53.3596 1.167e-18 1.397e-18 1.463e-18 0.0 90.83 0.0
S015990 255.3043 53.3626 7.479e-18 7.694e-18 5.685e-18 0.0 90.9 0.0
S015991 255.616 53.2292 8.899e-17 7.34e-17 3.566e-17 0.0 88.11 0.0
S015992 255.3037 53.3706 2.537e-19 3.4e-19 4.456e-19 0.0 90.71 0.0
S015993 255.3201 53.3673 1.089e-17 1.736e-17 3.296e-17 0.0 90.78 0.0
S015994 255.5909 53.2186 4.999e-16 3.838e-16 1.586e-16 0.0 87.97 1.0
S015995 255.5976 53.2014 3.5010000000000004e-21 2.3630000000000002e-21 8.215999999999999e-22 0.0 87.89 0.0
S015996 255.6003 53.1825 1.339e-16 1.137e-16 5.863e-17 0.0 87.8 0.0
S015997 255.322 53.3939 1.989e-16 1.556e-16 6.897e-17 0.0 90.82 0.0
S015998 255.3242 53.3936 5.913e-16 4.522e-16 1.857e-16 0.0 90.77 1.0
S015999 255.326 53.3923 3.145e-17 2.739e-17 1.538e-17 0.0 91.14 0.0
S016000 255.585 53.1654 5.514e-19 6.692e-19 7.106e-19 0.0 87.67 0.0
S016001 255.5827 53.1683 8.986e-13 7.376e-13 3.579e-13 0.0 87.7 1.0
S016002 255.5768 53.1655 1.321e-15 9.491e-16 3.621e-16 0.0 87.53 0.0
S016003 255.5753 53.1533 1.823e-17 4.092e-17 1.589e-16 0.0 87.76 0.0
S016004 255.3481 53.4212 5.192e-19 6.4e-19 7.417e-19 0.0 90.72 0.0
S016005 255.3462 53.4345 1.676e-18 1.846e-18 1.647e-18 0.0 91.23 0.0
S016006 255.5578 53.1493 5.118e-17 4.29e-17 2.092e-17 0.0 87.86 0.0
S016007 255.3688 53.4232 3.392e-21 7.095e-21 2.3170000000000002e-20 0.0 91.22 0.0
S016008 255.5466 53.1482 6.44e-16 4.742e-16 1.804e-16 0.0 87.8 0.0
S016009 255.383 53.4304 6.239e-18 6.831e-18 5.911e-18 0.0 90.73 0.0
S016010 255.5425 53.1256 9.701e-13 8.883e-13 5.24e-13 0.0 87.69 1.0
S016011 255.5297 53.138 8.786e-18 1.518e-17 3.393e-17 0.0 87.92 0.0
S016012 255.3888 53.4547 1.9109999999999999e-22 4.625999999999999e-22 2.041e-21 0.0 90.97 0.0
S016013 255.513 53.1329 1.504e-16 1.19e-16 5.287e-17 0.0 87.99 0.0
S016014 255.3968 53.4378 1.904e-19 2.568e-19 3.476e-19 0.0 90.87 0.0
S016015 255.4993 53.1281 5.212e-17 4.449e-17 2.421e-17 0.0 87.91 0.0
S016016 255.494 53.1312 1.024e-16 8.377e-17 4.062e-17 0.0 88.02 0.0
S016017 255.4165 53.4596 2.626e-18 2.982e-18 2.736e-18 0.0 90.85 0.0
S016018 255.4666 53.1389 5.951e-16 4.372e-16 1.709e-16 0.0 87.88 0.0
S016019 255.4328 53.4467 2.6730000000000002e-20 4.451e-20 8.926000000000001e-20 0.0 90.57 0.0
S016020 255.451 53.1349 6.213000000000001e-20 9.038e-20 1.371e-19 0.0 88.1 0.0
S016021 255.4526 53.151 3.203e-21 2.233e-21 7.719e-22 0.0 88.12 0.0
S016022 255.4556 53.1076 1.176e-16 9.549e-17 4.505e-17 0.0 88.08 0.0
S016023 255.4409 53.1316 1.427e-12 1.092e-12 4.717e-13 0.0 88.21 1.0
S016024 255.4261 53.1495 3.168e-21 2.224e-21 7.799999999999999e-22 0.0 88.33 0.0
S016025 255.4121 53.1361 1.661e-17 2.68e-17 5.01e-17 0.0 88.27 0.0
S016026 255.4299 53.1543 1.128e-15 8.299e-16 3.258e-16 0.0 88.49 0.0
S016027 255.4179 53.1493 2.238e-17 3.269e-17 5.278e-17 0.0 88.31 0.0
S016028 255.5151 53.4287 2.767e-16 2.119e-16 9.149e-17 0.0 90.4 1.0
S016029 255.3863 53.1452 8.687e-13 6.093e-13 2.211e-13 0.0 88.55 0.0
S016030 255.5105 53.4171 3.537e-18 3.651e-18 2.827e-18 0.0 90.12 0.0
S016031 255.5338 53.4233 9.148e-24 2.6729999999999997e-23 1.7759999999999998e-22 0.0 89.82 0.0
S016032 255.5402 53.421 2.229e-18 2.499e-18 2.295e-18 0.0 90.17 0.0
S016033 255.5437 53.4216 1.802e-18 2e-18 1.81e-18 0.0 90.13 0.0
S016034 255.3474 53.1627 1.224e-17 2.749e-17 1.048e-16 0.0 88.82 0.0
S016035 255.3531 53.1708 7.8e-16 5.542e-16 2.024e-16 0.0 88.84 1.0
S016036 255.5718 53.4028 9.211e-16 6.599e-16 2.464e-16 0.0 89.95 0.0
S016037 255.5662 53.397 7.379999999999999e-23 2.0869999999999997e-22 1.369e-21 0.0 90.01 0.0
S016038 255.5748 53.3907 2.971e-17 4.985e-17 1.078e-16 0.0 89.9 0.0
S016039 255.572 53.3815 4.58e-16 3.517e-16 1.531e-16 0.0 89.62 1.0
S016040 255.6053 53.3865 1.908e-18 2.204e-18 2.117e-18 0.0 89.62 0.0
S016041 255.3204 53.2049 1.245e-16 1.018e-16 4.882e-17 0.0 89.14 0.0
S016042 255.5988 53.3674 1.842e-18 1.954e-18 1.634e-18 0.0 89.44 0.0
S016043 255.6123 53.363 5.971e-23 1.7799999999999998e-22 1.27e-21 0.0 89.19 0.0
S016044 255.6312 53.3661 5.366e-17 4.776e-17 2.779e-17 0.0 89.23 0.0
S016045 255.6399 53.3635 7.121e-23 1.9689999999999998e-22 1.169e-21 0.0 89.16 0.0
S016046 255.6304 53.3435 9.69e-18 9.05e-18 5.736e-18 0.0 88.9 0.0
S016047 255.2591 53.2314 3.253e-17 2.873e-17 1.651e-17 0.0 89.92 0.0
S016048 255.271 53.2427 2.724e-17 4.843e-17 1.146e-16 0.0 89.74 0.0
S016049 255.6157 53.3064 6.618e-19 7.541e-19 7.472e-19 0.0 88.85 0.0
S016050 255.6439 53.3248 4.236e-17 7.582e-17 1.854e-16 0.0 89.04 0.0
S016051 255.2501 53.2544 1.435e-21 2.9990000000000002e-21 9.939000000000001e-21 0.0 89.84 0.0
S016052 255.2587 53.2721 4.78e-18 4.878e-18 3.849e-18 0.0 89.88 0.0
S016053 255.6584 53.2951 7.369e-13 5.032e-13 1.701e-13 0.0 88.83 0.0
S016054 255.2497 53.2989 2.295e-17 2.062e-17 1.183e-17 0.0 90.16 0.0
S016055 255.6592 53.2902 5.885e-17 5.049e-17 2.815e-17 0.0 88.57 0.0
S016056 255.2297 53.3144 1.158e-18 1.366e-18 1.364e-18 0.0 90.31 0.0
S016057 255.2398 53.3288 3.507e-21 7.035e-21 2.1660000000000002e-20 0.0 90.44 0.0
S016058 255.2579 53.3131 1.011e-16 8.528e-17 4.287e-17 0.0 90.3 0.0
S016059 255.2638 53.3368 1.926e-16 1.434e-16 5.845e-17 0.0 90.28 0.0
S016060 255.2436 53.3315 1.859e-15 1.325e-15 4.744e-16 0.0 90.36 0.0
S016061 255.6672 53.2146 8.802000000000001e-20 1.25e-19 1.836e-19 0.0 88.1 0.0
S016062 255.6404 53.2315 8.359e-18 8.09e-18 5.615e-18 0.001 88.13 0.0
S016063 255.2603 53.3599 9.506e-17 7.723e-17 3.707e-17 0.0 90.42 0.0
S016064 255.6714 53.2111 9.452e-17 7.853e-17 3.802e-17 0.0 88.11 0.0
S016065 255.6527 53.2082 4.839e-25 2.124e-24 3.257e-23 0.0 88.13 0.0
S016066 255.6533 53.1892 1.103e-17 1.097e-17 8.028e-18 0.0 87.93 0.0
S016067 255.6668 53.1879 1.372e-12 1.156e-12 5.692e-13 0.0 88.11 1.0
S016068 255.6605 53.1768 1.335e-17 2.256e-17 4.831e-17 0.0 88.07 0.0
S016069 255.6525 53.1736 1.952e-12 1.684e-12 9.217e-13 0.0 87.94 1.0
S016070 255.6382 53.1861 7.103e-18 7.083e-18 5.051e-18 0.0 88.16 0.0
S016071 255.6332 53.1766 1.907e-16 1.583e-16 7.967e-17 0.0 87.81 0.0
S016072 255.6269 53.1955 1.205e-16 9.384e-17 4.183e-17 0.0 87.93 0.0
S016073 255.6406 53.1466 3.912e-19 4.757e-19 4.98e-19 0.0 87.71 0.0
S016074 255.6468 53.1295 8.285e-13 5.763e-13 1.97e-13 0.0 87.62 0.0
S016075 255.618 53.1547 9.257e-17 8.074e-17 4.384e-17 0.0 87.69 0.0
S016076 255.6295 53.131 3.201e-17 2.903e-17 1.69e-17 0.0 87.58 0.0
S016077 255.6185 53.1317 9.035e-24 3.215e-23 3.2799999999999998e-22 0.0 87.73 0.0
S016078 255.6227 53.1057 3.436e-16 2.601e-16 1.077e-16 0.0 87.71 1.0
S016079 255.5997 53.1272 1.845e-16 1.459e-16 6.506e-17 0.0 87.66 0.0
S016080 255.5964 53.1216 1.707e-18 1.965e-18 1.877e-18 0.0 87.76 0.0
S016081 255.5782 53.1243 4.559e-17 8.897e-17 2.606e-16 0.0 87.75 0.0
S016082 255.3258 53.4747 7.41e-20 1.132e-19 2.001e-19 0.0 91.07 0.0
S016083 255.3281 53.4885 1.28e-18 1.434e-18 1.261e-18 0.0 91.11 0.0
S016084 255.332 53.4856 3.464e-21 2.399e-21 8.355999999999999e-22 0.0 90.93 0.0
S016085 255.3342 53.5055 1.846e-23 5.0879999999999997e-23 2.983e-22 0.0 91.01 0.0
S016086 255.5411 53.113 1.1720000000000001e-20 2.05e-20 4.782e-20 0.0 87.86 0.0
S016087 255.3634 53.4781 4.066e-17 8.271e-17 2.552e-16 0.0 91.04 0.0
S016088 255.5587 53.0607 7.431e-24 2.465e-23 2.154e-22 0.0 87.79 0.0
S016089 255.3847 53.4946 6.154e-17 5.113e-17 2.524e-17 0.0 91.09 0.0
S016090 255.5288 53.0969 2.673e-19 3.471e-19 4.275e-19 0.0 87.9 0.0
S016091 255.5001 53.0833 1.827e-17 1.683e-17 1.043e-17 0.0 87.81 0.0
S016092 255.522 53.068 3.155e-21 2.192e-21 7.516999999999999e-22 0.0 87.74 0.0
S016093 255.5162 53.0895 2.366e-17 2.252e-17 1.434e-17 0.0 87.73 0.0
S016094 255.478 53.0927 5.35e-17 7.837e-17 1.235e-16 0.0 87.91 0.0
S016095 255.4365 53.4958 2.533e-17 3.752e-17 6.053e-17 0.0 90.57 0.0
S016096 255.4405 53.4838 1.9019999999999998e-23 6.11e-23 4.829e-22 0.0 90.7 0.0
S016097 255.4691 53.4817 3.12e-18 3.441e-18 3.025e-18 0.0 90.69 0.0
S016098 255.4567 53.0979 3.854e-21 7.962e-21 2.4510000000000003e-20 0.0 88.09 0.0
S016099 255.4563 53.0928 3.148e-21 6.184e-21 1.805e-20 0.0 87.95 0.0
S016100 255.4844 53.4869 1.3360000000000001e-21 2.745e-21 8.715e-21 0.0 90.65 0.0
S016101 255.5116 53.4599 1.031e-17 1.682e-17 3.298e-17 0.0 90.36 0.0
S016102 255.4005 53.0974 5.87e-23 1.6939999999999998e-22 1.109e-21 0.0 88.35 0.0
S016103 255.3774 53.1009 1.287e-18 1.499e-18 1.462e-18 0.0 88.55 0.0
S016104 255.3879 53.1154 4.745e-17 4.19e-17 2.412e-17 0.0 88.4 0.0
S016105 255.5283 53.4593 1.665e-17 1.553e-17 9.929e-18 0.0 90.1 0.0
S016106 255.5418 53.4558 9.725e-18 9.489e-18 6.403e-18 0.0 90.32 0.0
S016107 255.533 53.4505 7.923e-17 6.763e-17 3.504e-17 0.0 90.29 0.0
S016108 255.3266 53.1246 2.07e-19 2.7e-19 3.409e-19 0.0 88.73 0.0
S016109 255.3585 53.1358 4.773e-13 4.188e-13 2.379e-13 0.0 88.68 0.0
S016110 255.3172 53.1252 2.098e-19 3.026e-19 4.638e-19 0.0 88.56 0.0
S016111 255.5672 53.4271 5.621e-18 5.334e-18 3.472e-18 0.0 90.01 0.0
S016112 255.615 53.4398 2.4689999999999997e-22 6.176e-22 3.078e-21 0.0 89.84 0.0
S016113 255.3099 53.1639 3.054e-17 2.666e-17 1.471e-17 0.0 88.92 0.0
S016114 255.6123 53.4156 9.286e-19 1.1e-18 1.163e-18 0.0 89.69 0.0
S016115 255.6077 53.4011 8.21e-22 1.973e-21 8.731e-21 0.0 89.81 0.0
S016116 255.2902 53.1796 4.067e-18 4.297e-18 3.358e-18 0.0 89.44 0.0
S016117 255.2787 53.1875 2.965e-17 2.697e-17 1.656e-17 0.0 89.33 0.0
S016118 255.648 53.3899 2.317e-21 4.727e-21 1.4850000000000002e-20 0.0 89.28 0.0
S016119 255.6342 53.3714 5.552e-17 1.225e-16 4.69e-16 0.0 89.21 1.0
S016120 255.6828 53.385 3.366e-18 3.28e-18 2.272e-18 0.0 89.54 0.0
S016121 255.6588 53.3564 2.176e-17 3.833e-17 9.072e-17 0.0 89.08 0.0
S016122 255.233 53.2218 2.72e-17 2.536e-17 1.531e-17 0.0 89.56 0.0
S016123 255.2567 53.2436 6.27e-18 6.572e-18 5.196e-18 0.0 89.82 0.0
