Name Equatorial Polar BlueF GreenF RedF Parallax RadialVelocity Variable?
S040245 270.5632 27.1062 7.426e-22 1.65e-21 6.197e-21 0.0 171.47 0.0
S040246 270.6082 27.1493 1.2140000000000001e-21 8.579e-22 3.05e-22 0.0 171.29 0.0
S040247 270.6331 27.167 1.097e-19 1.455e-19 1.881e-19 0.0 167.89 0.0
S040248 270.6115 27.153 2.759e-23 6.512e-23 2.8229999999999995e-22 0.0 169.07 0.0
S040249 270.6836 27.1733 3.539e-23 1.045e-22 7.413999999999999e-22 0.0 168.34 0.0
S040250 270.4674 27.0299 8.663e-22 1.846e-21 6.489e-21 0.0 171.91 0.0
S040251 270.4621 27.0956 1.1140000000000001e-20 1.7370000000000002e-20 3.201e-20 0.0 171.02 0.0
S040252 270.5512 27.109 9.432e-13 7.176e-13 2.915e-13 0.0 171.62 0.0
S040253 270.5912 27.1576 1.677e-20 2.6060000000000003e-20 4.7720000000000005e-20 0.0 169.39 0.0
S040254 270.6078 27.1641 1.389e-21 9.619e-22 3.3049999999999995e-22 0.0 168.91 0.0
S040255 270.5886 27.1097 5.0889999999999995e-22 1.133e-21 4.447e-21 0.0 171.06 0.0
S040256 270.6473 27.1699 4.4249999999999997e-23 1.107e-22 5.376e-22 0.0 167.6 0.0
S040257 270.617 27.1576 3.06e-22 6.463999999999999e-22 2.138e-21 0.0 168.84 0.0
S040258 270.5373 27.122 1.096e-22 2.583e-22 1.101e-21 0.0 171.61 0.0
S040259 270.6105 27.1478 3.593e-22 7.848999999999999e-22 2.821e-21 0.0 170.33 0.0
S040260 270.5819 27.1039 5.535e-22 1.203e-21 4.188e-21 0.0 171.1 0.0
S040261 270.5951 27.1548 1.707e-17 3.84e-17 1.432e-16 0.0 169.52 0.0
S040262 270.6163 27.1502 7.462e-23 1.9499999999999998e-22 1.037e-21 0.001 169.06 0.0
S040263 270.5991 27.146 2.6839999999999997e-22 6.152999999999999e-22 2.433e-21 0.0 170.46 0.0
S040264 270.5895 27.1502 3.323e-21 5.732e-21 1.2790000000000001e-20 0.0 169.97 0.0
S040265 270.6195 27.154 1.2359999999999999e-23 3.772e-23 2.717e-22 0.0 169.12 0.0
S040266 270.6807 27.1623 9.226e-13 7.484e-13 3.469e-13 0.0 168.51 1.0
S040267 270.494 27.0574 2.567e-23 7.086e-23 4.2059999999999996e-22 0.0 171.85 0.0
S040268 270.5515 27.0822 4.7740000000000004e-26 2.412e-25 5.102e-24 0.0 171.62 1.0
S040269 270.6117 27.1532 2.622e-20 3.76e-20 5.808e-20 0.0 168.12 0.0
S040270 270.6133 27.1583 1.091e-22 2.7499999999999996e-22 1.311e-21 0.0 168.11 0.0
S040271 270.6244 27.1642 1.634e-18 1.708e-18 1.361e-18 0.0 168.0 0.0
S040272 270.6163 27.1499 3.747e-20 5.3880000000000004e-20 8.251000000000001e-20 0.0 169.1 0.0
S040273 270.6063 27.1556 2.873e-17 7.101e-17 3.441e-16 0.0 168.51 1.0
S040274 270.6312 27.1643 8.615e-24 2.7309999999999996e-23 2.146e-22 0.0 167.75 0.0
S040275 270.6412 27.1506 5.645999999999999e-22 1.243e-21 4.599e-21 0.0 168.94 0.0
S040276 270.5648 27.1166 4.256e-18 4.1e-18 2.712e-18 0.0 171.59 0.0
S040277 270.5794 27.1485 8.693e-19 9.615e-19 8.622e-19 0.0 171.15 0.0
S040278 270.6145 27.1392 8.596e-20 1.194e-19 1.644e-19 0.0 169.98 0.0
S040279 270.56 27.1071 2.023e-19 2.499e-19 2.879e-19 0.0 171.79 0.0
S040280 270.6188 27.1489 1.1319999999999999e-23 3.464e-23 2.474e-22 0.0 169.32 0.0
S040281 270.5859 27.1596 4.3930000000000004e-26 2.41e-25 6.022e-24 0.0 169.42 0.0
S040282 270.5769 27.095 4.734e-23 1.198e-22 5.856999999999999e-22 0.0 171.13 0.0
S040283 270.6439 27.1646 1.9020000000000002e-30 3.5889999999999997e-29 1.1520000000000001e-26 0.001 167.76 0.0
S040284 270.6096 27.1848 5.1230000000000006e-20 7.023000000000001e-20 9.924e-20 0.0 168.67 0.0
S040285 270.6214 27.1458 4.225e-24 1.308e-23 9.759e-23 0.0 169.57 0.0
S040286 270.6267 27.1539 3.908e-25 1.679e-24 2.525e-23 0.0 168.44 1.0
S040287 270.6115 27.1437 7.813e-27 5.0740000000000007e-26 1.793e-24 0.0 170.08 0.0
S040288 270.6097 27.1447 1.4039999999999998e-22 3.5169999999999997e-22 1.773e-21 0.0 170.31 0.0
S040289 270.6212 27.1466 2.18e-19 2.656e-19 2.89e-19 0.0 169.62 0.0
S040290 270.6296 27.1652 6.46e-21 1.113e-20 2.484e-20 0.0 167.79 0.0
S040291 270.6097 27.1717 1.2050000000000001e-20 2.0310000000000002e-20 4.2700000000000003e-20 0.0 168.32 0.0
S040292 270.6283 27.1635 4.284999999999999e-22 8.904e-22 2.885e-21 0.0 168.0 0.0
S040293 270.5982 27.1192 6.2120000000000004e-21 1.0380000000000001e-20 2.1480000000000002e-20 0.0 171.22 0.0
S040294 270.6478 27.1625 5.369e-21 9.402e-21 2.087e-20 0.0 168.32 0.0
S040295 270.6753 27.1681 1.47e-22 3.1069999999999996e-22 1.032e-21 0.0 168.32 0.0
S040296 270.8061 27.2587 3.111e-20 4.6290000000000003e-20 7.361e-20 0.001 167.12 0.0
S040297 270.4777 27.0816 1.468e-21 2.9160000000000002e-21 9.061e-21 0.0 171.65 0.0
S040298 270.5546 27.1208 7.365e-23 2.0619999999999998e-22 1.258e-21 0.0 171.36 0.0
S040299 270.6049 27.1509 9.495e-24 2.931e-23 2.132e-22 0.0 169.87 1.0
S040300 270.5844 27.1813 5.375e-18 8.587e-18 1.566e-17 0.0 169.06 0.0
S040301 270.5817 27.1328 2.718e-17 4.627e-17 9.845e-17 0.0 171.38 0.0
S040302 270.5751 27.1462 8.037e-23 1.778e-22 6.506999999999999e-22 0.0 170.1 0.0
S040303 270.7769 27.2245 1.471e-21 1.01e-21 3.4179999999999996e-22 0.0 167.83 0.0
S040304 270.5887 27.1782 2.6940000000000002e-20 3.975e-20 6.539000000000001e-20 0.0 168.98 0.0
S040305 270.688 27.2132 1.3239999999999999e-22 3.0409999999999997e-22 1.199e-21 0.0 167.32 0.0
S040306 270.6521 27.165 1.634e-21 3.135e-21 8.984e-21 0.0 167.72 0.0
S040307 270.5294 27.1043 6.689e-21 1.1830000000000001e-20 2.7080000000000002e-20 0.0 171.34 0.0
S040308 270.6236 27.1394 6.074e-22 1.2080000000000001e-21 3.565e-21 0.0 170.07 0.0
S040309 270.6089 27.1482 1.605e-18 1.652e-18 1.247e-18 0.0 171.09 0.0
S040310 270.5967 27.1462 1.802e-19 2.426e-19 3.184e-19 0.0 170.85 0.0
S040311 270.6272 27.1347 3.245e-20 4.748e-20 7.73e-20 0.0 169.89 0.0
S040312 270.6514 27.183 4.246e-21 7.5e-21 1.7090000000000003e-20 0.0 167.39 0.0
S040313 270.5272 27.1002 1.356e-20 2.1890000000000003e-20 4.146e-20 0.0 171.77 0.0
S040314 270.6252 27.1571 2.1440000000000003e-20 3.3100000000000003e-20 6.067e-20 0.0 168.08 0.0
S040315 270.6984 27.2004 2.0319999999999998e-22 4.572e-22 1.842e-21 0.0 167.27 0.0
S040316 270.5923 27.1406 2.761e-19 3.395e-19 3.794e-19 0.0 171.06 0.0
S040317 270.7202 27.1952 3.5589999999999996e-22 7.484e-22 2.58e-21 0.0 167.42 0.0
S040318 270.632 27.1689 1.229e-19 1.589e-19 1.905e-19 0.0 168.06 0.0
S040319 270.5863 27.1524 3.449e-19 4.143e-19 4.264e-19 0.0 169.84 0.0
S040320 270.6071 27.1525 4.59e-24 1.527e-23 1.34e-22 0.0 168.81 0.0
S040321 270.568 27.1177 1.7979999999999998e-23 5.354e-23 3.7659999999999995e-22 0.0 171.55 1.0
S040322 270.7835 27.1752 6.520999999999999e-22 1.34e-21 4.257e-21 0.0 168.81 0.0
S040323 270.7074 27.1592 8.991e-19 9.737e-19 8.356e-19 0.0 169.03 0.0
S040324 270.6387 27.1868 4.661e-19 5.562e-19 5.819e-19 0.0 167.54 0.0
S040325 270.6139 27.1415 6.766e-25 2.583e-24 3.0889999999999997e-23 0.0 170.15 0.0
S040326 270.6587 27.1708 5.879e-23 1.2679999999999998e-22 4.696999999999999e-22 0.0 167.53 0.0
S040327 270.6128 27.1485 5.135e-19 5.78e-19 5.225e-19 0.0 170.48 0.0
S040328 270.6416 27.1733 1.144e-17 1.036e-17 6.226e-18 0.0 167.66 0.0
S040329 270.6024 27.1453 1.15e-22 2.8899999999999995e-22 1.378e-21 0.0 170.85 0.0
S040330 270.6 27.1454 5.115e-19 6.176e-19 6.392e-19 0.0 170.57 0.0
S040331 270.547 27.1348 1.446e-19 1.868e-19 2.303e-19 0.0 170.69 0.0
S040332 270.6291 27.171 1.557e-21 1.066e-21 3.609e-22 0.0 167.97 0.0
S040333 270.628 27.149 5.045e-22 1.114e-21 4.261e-21 0.0 169.22 0.0
S040334 270.507 27.0857 1.631e-19 2.052e-19 2.384e-19 0.0 171.91 0.0
S040335 270.5717 27.1213 9.93e-21 1.6790000000000002e-20 3.4620000000000003e-20 0.0 171.49 0.0
S040336 270.6962 27.1992 2.32e-19 2.839e-19 3.174e-19 0.0 167.19 0.0
S040337 270.6087 27.1538 6.859000000000001e-20 9.361000000000001e-20 1.297e-19 0.0 169.23 0.0
S040338 270.6156 27.1559 1.205e-18 1.316e-18 1.135e-18 0.0 169.04 0.0
S040339 270.6794 27.1884 1.408e-17 1.296e-17 7.979e-18 0.0 167.28 0.0
S040340 270.6259 27.1572 6.657e-24 2.047e-23 1.5009999999999998e-22 0.0 168.52 0.0
S040341 270.5908 27.1226 1.8220000000000002e-21 3.455e-21 9.228e-21 0.0 170.72 0.0
S040342 270.6265 27.1639 4.747e-19 5.429e-19 5.339e-19 0.0 168.19 0.0
S040343 270.6031 27.1482 9.904e-13 8.042e-13 3.758e-13 0.0 170.1 1.0
S040344 270.6342 27.1999 1.973e-21 3.63e-21 9.157e-21 0.0 168.1 0.0
S040345 270.5489 27.121 1.504e-19 1.805e-19 1.849e-19 0.0 171.44 0.0
S040346 270.6174 27.1405 5.039999999999999e-22 1.1220000000000001e-21 4.289e-21 0.0 170.1 0.0
S040347 270.5973 27.1412 2.4310000000000002e-20 3.9020000000000005e-20 7.493000000000001e-20 0.0 170.75 0.0
S040348 270.6049 27.1554 1.026e-19 1.349e-19 1.687e-19 0.0 169.15 0.0
S040349 270.5974 27.1422 8.656e-19 9.567e-19 8.453e-19 0.0 170.83 0.0
S040350 270.5927 27.1342 3.554e-23 9.829e-23 5.897e-22 0.0 171.21 0.0
S040351 270.5974 27.1596 4.206e-19 4.84e-19 4.618e-19 0.0 169.23 0.0
S040352 270.6164 27.1497 4.583e-23 1.1519999999999998e-22 5.553e-22 0.0 169.46 0.0
S040353 270.6537 27.1791 5.841999999999999e-22 1.225e-21 4.14e-21 0.0 167.39 0.0
S040354 270.6233 27.1467 3.276e-23 8.038e-23 3.8519999999999998e-22 0.0 169.15 0.0
S040355 270.6123 27.1484 3.2470000000000003e-26 1.8160000000000001e-25 4.576e-24 0.0 170.5 0.0
S040356 270.6365 27.1851 1.729e-21 3.1950000000000002e-21 8.189e-21 0.0 167.93 0.0
S040357 270.6265 27.1329 8.777e-21 1.4960000000000002e-20 3.2190000000000005e-20 0.0 169.92 0.0
S040358 270.6787 27.2078 7.287e-19 8.085e-19 6.991e-19 0.0 167.19 0.0
S040359 270.6161 27.1458 1.048e-17 1.444e-17 2.093e-17 0.0 169.85 0.0
S040360 270.63 27.1705 9.667e-24 2.802e-23 1.919e-22 0.0 167.62 0.0
S040361 270.6089 27.1607 7.948999999999999e-23 2.136e-22 1.157e-21 0.0 168.5 0.0
S040362 270.6462 27.172 1.302e-18 1.355e-18 1.072e-18 0.0 167.79 0.0
S040363 270.6377 27.1529 5.093e-19 6.075e-19 6.337e-19 0.0 168.19 0.0
S040364 270.6302 27.1653 1.7839999999999998e-22 3.8779999999999995e-22 1.415e-21 0.0 168.1 0.0
S040365 270.6124 27.1652 8.557e-23 2.1649999999999997e-22 1.026e-21 0.0 167.93 0.0
S040366 270.6804 27.2009 1.099e-20 1.7930000000000002e-20 3.5080000000000005e-20 0.0 167.24 0.0
S040367 270.668 27.1504 1.344e-23 3.593e-23 1.9989999999999998e-22 0.0 169.11 0.0
S040368 270.5834 27.1552 7.486e-19 8.64e-19 8.341e-19 0.0 169.66 0.0
S040369 270.6412 27.1534 1.829e-21 3.2840000000000002e-21 7.979e-21 0.0 168.92 0.0
S040370 270.6111 27.1522 2.4639999999999998e-23 7.156e-23 4.664e-22 0.0 169.14 0.0
S040371 270.5939 27.1316 1.7539999999999998e-22 3.9729999999999994e-22 1.509e-21 0.0 171.19 0.0
S040372 270.6361 27.1454 5.309e-21 9.519e-21 2.398e-20 0.0 169.37 0.0
S040373 270.601 27.1479 2.432e-23 6.094e-23 3.0539999999999996e-22 0.0 170.75 0.0
S040374 270.6076 27.1493 1.297e-21 2.601e-21 7.72e-21 0.0 170.36 0.0
S040375 270.623 27.1346 6.706e-23 1.9389999999999998e-22 1.2080000000000001e-21 0.0 169.97 0.0
S040376 270.7349 27.2684 8.005e-18 1.321e-17 2.773e-17 0.0 167.17 0.0
S040377 270.6166 27.1764 7.344999999999999e-23 1.9349999999999997e-22 1.069e-21 0.0 168.52 0.0
S040378 270.6271 27.1484 1.098e-21 2.17e-21 6.072e-21 0.0 168.12 0.0
S040379 270.4853 27.0973 5.7099999999999996e-24 1.834e-23 1.4859999999999998e-22 0.0 171.27 0.0
S040380 270.7036 27.2022 1.5509999999999998e-23 4.536e-23 2.9419999999999995e-22 0.0 167.17 0.0
S040381 270.6003 27.18 5.947e-24 1.711e-23 1.1049999999999999e-22 0.0 168.83 0.0
S040382 270.6249 27.1373 2.3380000000000002e-20 3.5700000000000006e-20 6.131e-20 0.0 169.81 0.0
S040383 270.6219 27.1475 1.522e-23 4.4079999999999996e-23 2.882e-22 0.0 169.33 0.0
S040384 270.5603 27.1186 1.829e-21 1.231e-21 3.9759999999999996e-22 0.0 171.59 0.0
S040385 270.5824 27.1156 3.398e-19 4.056e-19 4.401e-19 0.0 171.51 0.0
S040386 270.5301 27.0739 1.016e-19 1.366e-19 1.87e-19 0.0 171.81 0.0
S040387 270.6282 27.1615 3.4689999999999995e-22 7.954999999999999e-22 3.152e-21 0.0 168.24 0.0
S040388 270.6009 27.1418 2.428e-24 8.832e-24 9.525999999999999e-23 0.0 170.67 0.0
S040389 270.6396 27.133 1.2760000000000001e-20 1.9300000000000003e-20 3.285e-20 0.0 169.67 0.0
S040390 270.5955 27.1308 1.084e-21 2.045e-21 5.636e-21 0.0 170.31 0.0
S040391 270.6807 27.2099 3.995e-30 6.782999999999999e-29 1.866e-26 0.0 167.61 0.0
S040392 270.762 27.1857 1.707e-22 4.0549999999999994e-22 1.785e-21 0.0 168.51 0.0
S040393 270.6043 27.1413 1.553e-19 2.048e-19 2.662e-19 0.0 170.95 0.0
S040394 270.6104 27.1492 9.468e-23 2.4619999999999997e-22 1.283e-21 0.0 170.25 0.0
S040395 270.6051 27.152 2.2579999999999999e-23 5.884e-23 3.035e-22 0.0 169.54 0.0
S040396 270.6055 27.15 5.253e-21 9.334e-21 2.1790000000000002e-20 0.0 170.33 0.0
S040397 270.5962 27.1869 5.716e-25 2.407e-24 3.4429999999999996e-23 0.0 168.79 0.0
S040398 270.6027 27.1337 3.775e-24 1.3009999999999999e-23 1.2639999999999998e-22 0.0 170.72 0.0
S040399 270.5102 27.0767 7.113e-18 6.427e-18 3.905e-18 0.0 171.73 0.0
S040400 270.9036 27.2876 1.141e-17 1.945e-17 4.304e-17 0.0 167.56 0.0
S040401 270.6285 27.165 5.228e-22 1.045e-21 3.1590000000000002e-21 0.0 167.98 0.0
S040402 270.6398 27.1526 3.994e-22 8.729e-22 3.041e-21 0.0 169.12 0.0
S040403 270.7879 27.2783 4.352e-21 7.659e-21 1.7470000000000003e-20 0.0 167.07 0.0
S040404 270.6283 27.1746 7.93e-18 1.362e-17 2.872e-17 0.0 167.94 0.0
S040405 270.6124 27.1357 1.123e-18 1.147e-18 8.86e-19 0.0 170.64 0.0
S040406 270.6564 27.1416 1.856e-22 3.8889999999999998e-22 1.3360000000000001e-21 0.0 169.37 0.0
S040407 270.5851 27.1403 3.97e-21 7.388e-21 2.005e-20 0.0 170.75 0.0
S040408 270.6054 27.1486 2.8759999999999996e-22 6.624999999999999e-22 2.699e-21 0.0 170.97 0.0
S040409 270.5932 27.1393 8e-23 1.8319999999999998e-22 7.248999999999999e-22 0.0 170.68 0.0
S040410 270.6849 27.1925 1.412e-23 4.553e-23 3.6729999999999997e-22 0.0 167.29 0.0
S040411 270.6341 27.1595 1.3610000000000002e-20 2.177e-20 4.2010000000000003e-20 0.0 168.44 0.0
S040412 270.6109 27.1529 1.9970000000000002e-20 3.0890000000000004e-20 5.481000000000001e-20 0.0 169.24 0.0
S040413 270.6196 27.1577 5.337e-23 1.3159999999999998e-22 6.011e-22 0.0 168.16 0.0
S040414 270.5645 27.136 4.963e-24 1.713e-23 1.63e-22 0.0 170.31 0.0
S040415 270.4891 27.0527 6.876999999999999e-23 1.704e-22 8.195e-22 0.0 172.03 0.0
S040416 270.611 27.1464 2.5550000000000003e-20 3.7290000000000005e-20 5.78e-20 0.0 170.87 0.0
S040417 270.602 27.1397 5.677e-24 1.774e-23 1.3829999999999998e-22 0.0 170.88 0.0
S040418 270.6104 27.1492 1.675e-23 4.374e-23 2.34e-22 0.0 171.54 0.0
S040419 270.589 27.1351 1.037e-24 3.564e-24 3.4009999999999997e-23 0.0 170.94 0.0
S040420 270.6064 27.1448 6.988e-21 1.2530000000000002e-20 2.912e-20 0.0 170.2 0.0
S040421 270.5952 27.1421 2.7799999999999996e-22 6.164e-22 2.322e-21 0.0 170.98 1.0
S040422 270.5191 27.0658 2.9389999999999996e-23 7.945999999999999e-23 4.488999999999999e-22 0.0 171.78 0.0
S040423 270.6387 27.1609 7.990999999999999e-22 1.732e-21 6.131e-21 0.0 168.56 0.0
S040424 270.6031 27.1361 1.431e-17 2.52e-17 5.775e-17 0.0 170.81 0.0
S040425 270.7192 27.2 1.028e-18 1.001e-18 6.958e-19 0.0 167.8 0.0
S040426 270.6842 27.1799 1.265e-23 3.861e-23 2.7489999999999995e-22 0.0 167.77 0.0
S040427 270.619 27.1538 4.4170000000000004e-21 8.052e-21 1.9960000000000002e-20 0.0 168.63 0.0
S040428 270.6148 27.1951 2.7249999999999997e-23 7.228e-23 4.0599999999999998e-22 0.0 168.56 0.0
S040429 270.6065 27.1577 1.652e-22 3.7429999999999994e-22 1.4490000000000001e-21 0.0 168.92 0.0
S040430 270.6151 27.1493 9.775e-21 1.6170000000000002e-20 3.3160000000000004e-20 0.0 169.5 0.0
S040431 270.6059 27.1329 8.93e-24 2.3749999999999999e-23 1.3709999999999998e-22 0.0 170.39 0.0
S040432 270.5732 27.1389 6.224999999999999e-22 1.285e-21 4.227e-21 0.0 170.42 0.0
S040433 270.6077 27.1671 6.073e-18 5.692e-18 3.558e-18 0.0 168.9 0.0
S040434 270.5678 27.1073 2.5259999999999998e-23 7.148999999999999e-23 4.361e-22 0.0 171.68 0.0
S040435 270.6187 27.1533 2.004e-21 3.877e-21 1.0960000000000002e-20 0.0 168.63 0.0
S040436 270.5662 27.109 1.383e-23 4.2259999999999996e-23 3.088e-22 0.0 171.39 0.0
S040437 270.6229 27.158 3.122e-24 9.615999999999999e-24 7.277e-23 0.0 168.02 0.0
S040438 270.6179 27.1579 6.849e-24 1.9099999999999998e-23 1.181e-22 0.0 168.74 0.0
S040439 270.6361 27.1569 1.566e-20 2.47e-20 4.6110000000000007e-20 0.001 168.76 0.0
S040440 270.6279 27.1598 4.154e-23 1.081e-22 5.705999999999999e-22 0.0 168.03 0.0
S040441 270.638 27.1774 5.332e-23 1.3529999999999998e-22 6.7079999999999995e-22 0.0 167.9 0.0
S040442 270.6714 27.215 1.731e-18 1.819e-18 1.446e-18 0.0 168.01 0.0
S040443 270.6889 27.1992 1.2369999999999999e-23 3.4039999999999996e-23 1.9789999999999997e-22 0.0 167.2 0.0
S040444 270.6394 27.1754 4.6740000000000007e-26 2.441e-25 5.4049999999999996e-24 0.0 167.49 0.0
S040445 270.6254 27.1621 1.056e-19 1.391e-19 1.751e-19 0.0 167.99 0.0
S040446 270.6277 27.1662 6.991e-23 1.9209999999999998e-22 1.142e-21 0.0 167.85 0.0
S040447 270.5753 27.1778 1.488e-19 1.918e-19 2.299e-19 0.0 169.23 0.0
S040448 270.6057 27.1483 7.656999999999999e-23 2.0579999999999998e-22 1.194e-21 0.0 170.39 0.0
S040449 270.6734 27.2062 1.166e-18 1.299e-18 1.145e-18 0.0 167.34 0.0
S040450 270.6026 27.1309 1.396e-17 2.523e-17 6.223e-17 0.0 170.97 0.0
S040451 270.6879 27.2163 1.722e-21 1.162e-21 3.9059999999999994e-22 0.0 167.09 0.0
S040452 270.6254 27.1599 5.233e-25 2.254e-24 3.385e-23 0.0 167.98 0.0
S040453 270.6103 27.1583 1.448e-23 4.31e-23 3.06e-22 0.0 168.78 0.0
S040454 270.5926 27.148 3.286e-17 2.754e-17 1.393e-17 0.0 169.78 0.0
S040455 270.613 27.1491 9.134e-19 9.584e-19 7.725e-19 0.0 169.58 0.0
S040456 270.5518 27.1194 8.322e-25 3.023e-24 3.272e-23 0.0 171.59 0.0
S040457 270.5496 27.1227 3.377e-17 5.898e-17 1.345e-16 0.0 171.56 0.0
S040458 270.6522 27.1496 9.606e-24 2.5389999999999998e-23 1.4039999999999998e-22 0.0 169.02 0.0
S040459 270.5981 27.1433 7.298e-21 1.1950000000000001e-20 2.481e-20 0.0 170.83 0.0
S040460 270.6301 27.1579 6.793e-21 1.156e-20 2.4870000000000002e-20 0.0 168.26 0.0
S040461 270.5758 27.1392 3.752e-19 4.286e-19 4.046e-19 0.0 170.3 0.0
S040462 270.6638 27.1926 4.456e-19 5.029e-19 4.616e-19 0.0 167.23 0.0
S040463 270.6079 27.151 6.248e-28 5.406e-27 3.4580000000000003e-25 0.0 171.1 0.0
S040464 270.6 27.1484 3.526e-21 6.133e-21 1.367e-20 0.0 170.78 0.0
S040465 270.6292 27.1656 4.331e-17 3.611e-17 1.771e-17 0.0 167.86 0.0
S040466 270.5885 27.1473 1.299e-24 4.459e-24 4.141e-23 0.0 170.44 0.0
S040467 270.6756 27.1553 2.596e-19 3.258e-19 3.795e-19 0.0 168.93 0.0
S040468 270.6444 27.1541 4.1430000000000006e-20 6.113000000000001e-20 9.944000000000001e-20 0.0 168.98 0.0
S040469 270.6276 27.1491 2.286e-23 6.059e-23 3.326e-22 0.0 169.27 0.0
S040470 270.6145 27.1583 3.1429999999999996e-22 6.6039999999999995e-22 2.337e-21 0.0 168.1 0.0
S040471 270.6099 27.1568 1.269e-22 3.2e-22 1.5650000000000001e-21 0.0 168.23 0.0
S040472 270.7051 27.223 6.359e-19 7.241e-19 6.706e-19 0.0 167.21 0.0
S040473 270.5932 27.1556 4.5089999999999996e-23 1.199e-22 6.399e-22 0.0 169.53 0.0
S040474 270.588 27.1512 5.4130000000000006e-20 8.339000000000001e-20 1.448e-19 0.0 169.87 0.0
S040475 270.6101 27.161 1.777e-19 2.319e-19 2.892e-19 0.0 168.07 0.0
S040476 270.6053 27.1504 8.982e-18 8.875e-18 6.324e-18 0.0 169.76 0.0
S040477 270.5899 27.1415 3.305e-20 5.0020000000000003e-20 8.512000000000001e-20 0.0 170.35 0.0
S040478 270.6261 27.1489 1.543e-18 1.678e-18 1.4e-18 0.0 169.07 0.0
S040479 270.7223 27.2341 5.918e-24 2.088e-23 2.0479999999999998e-22 0.0 167.09 0.0
S040480 270.5749 27.1373 6.154e-13 4.635e-13 1.913e-13 0.0 171.12 1.0
S040481 270.608 27.1553 1.2519999999999998e-22 3.4109999999999996e-22 1.999e-21 0.0 169.32 0.0
S040482 270.6424 27.1728 4.41e-21 7.430000000000001e-21 1.643e-20 0.001 167.48 0.0
S040483 270.6337 27.1826 1.1319999999999999e-23 3.358e-23 2.3569999999999997e-22 0.0 167.72 0.0
S040484 270.6058 27.1509 1.165e-21 2.425e-21 8.11e-21 0.0 169.7 0.0
S040485 270.6158 27.1573 6.875e-23 1.8879999999999998e-22 1.149e-21 0.0 168.13 0.0
S040486 270.6169 27.1573 4.3069999999999995e-23 1.122e-22 5.899999999999999e-22 0.0 168.09 0.0
S040487 270.599 27.156 2.13e-22 4.868e-22 1.921e-21 0.0 169.33 0.0
S040488 270.6416 27.176 3.7909999999999997e-23 9.286999999999999e-23 4.273e-22 0.0 168.0 0.0
S040489 270.6028 27.1442 1.2339999999999998e-22 2.7959999999999997e-22 1.05e-21 0.0 170.49 0.0
S040490 270.6065 27.1376 7.881e-21 1.397e-20 3.326e-20 0.0 170.54 0.0
S040491 270.672 27.1613 6.476e-20 8.487000000000001e-20 1.038e-19 0.0 168.72 0.0
S040492 270.5536 27.0829 5.129999999999999e-22 9.565e-22 2.496e-21 0.0 171.5 0.0
S040493 270.5975 27.1585 6.436e-18 9.703e-18 1.677e-17 0.0 169.36 0.0
S040494 270.6306 27.1261 3.176e-19 4.177e-19 5.272e-19 0.0 169.99 0.0
S040495 270.6557 27.2002 8.478e-24 2.6199999999999998e-23 1.997e-22 0.0 167.69 0.0
S040496 270.6162 27.15 4.503e-21 7.791e-21 1.7690000000000002e-20 0.0 169.29 0.0
S040497 270.6018 27.1583 7.845e-21 1.3150000000000002e-20 2.7780000000000004e-20 0.0 169.12 0.0
S040498 270.5743 27.1041 2.5580000000000003e-20 3.9510000000000004e-20 7.100000000000001e-20 0.0 171.41 0.0
S040499 270.6513 27.158 1.1639999999999998e-22 2.8249999999999996e-22 1.254e-21 0.0 168.75 0.0
S040500 270.6743 27.2174 4.9840000000000007e-20 7.415000000000001e-20 1.225e-19 0.0 167.54 0.0
S040501 270.6017 27.1493 4.509e-25 1.719e-24 2.0869999999999998e-23 0.0 170.83 0.0
S040502 270.5783 27.1372 6.140999999999999e-22 1.26e-21 3.938e-21 0.0 171.29 0.0
S040503 270.605 27.1378 2.96e-21 5.303e-21 1.2410000000000002e-20 0.0 171.06 0.0
S040504 270.6663 27.1852 1.791e-21 3.663e-21 1.2070000000000001e-20 0.0 167.3 0.0
S040505 270.6581 27.1602 1.124e-22 2.7369999999999997e-22 1.206e-21 0.0 168.53 0.0
S040506 270.6416 27.1768 2.116e-19 2.476e-19 2.535e-19 0.0 167.52 0.0
S040507 270.64 27.1957 1.181e-21 8.256999999999999e-22 2.9879999999999996e-22 0.0 167.98 0.0
S040508 270.6358 27.184 1.3179999999999999e-23 3.6509999999999996e-23 2.198e-22 0.0 168.19 1.0
S040509 270.595 27.1233 1.249e-17 2.165e-17 4.905e-17 0.0 170.79 0.0
S040510 270.6142 27.1505 7.021e-22 1.486e-21 5.1530000000000004e-21 0.0 168.56 0.0
S040511 270.5879 27.1486 3.81e-18 3.518e-18 2.173e-18 0.0 170.26 0.0
S040512 270.6341 27.1662 3.7909999999999997e-22 8.316999999999999e-22 3.056e-21 0.0 167.9 0.0
S040513 270.6642 27.1609 9.598999999999999e-23 2.2469999999999997e-22 9.422999999999998e-22 0.0 168.67 0.0
S040514 270.5766 27.1102 1.4749999999999998e-22 3.704e-22 1.794e-21 0.0 171.11 0.0
S040515 270.648 27.1475 8.448999999999999e-23 1.9779999999999999e-22 8.493e-22 0.0 169.18 0.0
S040516 270.6097 27.1509 8.436999999999999e-22 1.7860000000000002e-21 6.121e-21 0.0 167.72 0.0
S040517 270.5464 27.1214 6.644e-23 1.6759999999999998e-22 8.360999999999999e-22 0.0 171.24 0.0
S040518 270.6198 27.1478 8.633e-20 1.149e-19 1.485e-19 0.0 169.44 0.0
S040519 270.4792 27.0461 1.312e-21 2.48e-21 6.554e-21 0.0 171.98 0.0
S040520 270.7882 27.2909 7.478999999999999e-22 5.650999999999999e-22 2.3579999999999997e-22 0.0 167.06 0.0
S040521 270.5832 27.134 1.734e-22 4.1979999999999996e-22 1.945e-21 0.0 171.37 0.0
S040522 270.6186 27.1514 1.029e-19 1.495e-19 2.237e-19 0.0 168.68 0.0
S040523 270.6303 27.1749 5.087999999999999e-22 9.489999999999999e-22 2.581e-21 0.0 168.1 0.0
S040524 270.5928 27.152 4.3530000000000003e-20 6.032e-20 8.333000000000001e-20 0.0 170.33 0.0
S040525 270.579 27.1147 1.6469999999999999e-22 3.928e-22 1.719e-21 0.0 171.42 0.0
S040526 270.5825 27.1462 7.077e-17 1.065e-16 1.805e-16 0.0 170.14 0.0
S040527 270.6092 27.1559 1.06e-24 3.693e-24 3.581e-23 0.0 168.96 0.0
S040528 270.6406 27.1814 2.2469999999999997e-22 4.849999999999999e-22 1.8040000000000002e-21 0.0 168.07 0.0
S040529 270.6068 27.1415 5.024999999999999e-22 1.029e-21 3.178e-21 0.0 170.9 0.0
S040530 270.598 27.1521 1.021e-23 3.405e-23 3.029e-22 0.0 170.03 0.0
S040531 270.6922 27.2005 1.479e-18 1.619e-18 1.425e-18 0.0 167.27 0.0
S040532 270.5895 27.144 6.952e-23 1.8939999999999997e-22 1.126e-21 0.0 170.2 0.0
S040533 270.6548 27.1765 1.6749999999999997e-22 4.0199999999999996e-22 1.776e-21 0.0 167.39 0.0
S040534 270.6436 27.1704 7.687999999999999e-22 1.602e-21 5.348e-21 0.0 167.62 0.0
S040535 270.6464 27.1747 4.1609999999999996e-23 1.0599999999999998e-22 5.442999999999999e-22 0.0 167.48 0.0
S040536 270.6251 27.1499 5.85e-19 7.18e-19 8.218e-19 0.0 168.13 0.0
S040537 270.6 27.1475 1.657e-24 5.381e-24 4.612e-23 0.0 170.56 0.0
S040538 270.6345 27.1674 7.033e-24 2.2399999999999998e-23 1.8569999999999997e-22 0.0 167.61 0.0
S040539 270.6259 27.152 9.571e-19 1.103e-18 1.065e-18 0.0 169.04 0.0
S040540 270.5986 27.133 1.261e-21 8.831999999999999e-22 3.118e-22 0.0 171.25 0.0
S040541 270.6264 27.1622 1.377e-17 2.437e-17 5.526e-17 0.0 168.57 0.0
S040542 270.6043 27.1533 1.654e-18 1.715e-18 1.345e-18 0.0 168.35 0.0
S040543 270.6867 27.1769 1.8919999999999998e-23 5.547e-23 3.72e-22 0.0 168.01 0.0
S040544 270.656 27.2026 1.106e-21 7.839e-22 2.8899999999999995e-22 0.0 167.88 0.0
S040545 270.614 27.1571 2.968e-23 8.601e-23 5.7e-22 0.0 168.27 0.0
S040546 270.6184 27.1403 6.807e-21 1.1190000000000001e-20 2.27e-20 0.0 170.57 0.0
S040547 270.6745 27.176 7.986999999999999e-23 2.0299999999999999e-22 1.034e-21 0.0 167.59 0.0
S040548 270.6226 27.1578 1.941e-17 2.752e-17 4.184e-17 0.0 168.1 0.0
S040549 270.5564 27.1078 1.0929999999999999e-23 2.886e-23 1.544e-22 0.0 171.78 0.0
S040550 270.6045 27.1367 4.9220000000000007e-20 6.872e-20 9.547000000000001e-20 0.0 170.99 0.0
S040551 270.6128 27.1534 2.526e-21 4.8320000000000004e-21 1.3330000000000001e-20 0.0 168.1 0.0
S040552 270.5953 27.1363 2.7359999999999997e-22 6.509999999999999e-22 2.857e-21 0.0 171.12 0.0
S040553 270.5797 27.1334 2.871e-19 3.445e-19 3.599e-19 0.0 171.28 0.0
S040554 270.6381 27.1724 4.04e-23 1.0639999999999999e-22 5.639e-22 0.0 167.55 0.0
S040555 270.6907 27.225 1.7720000000000002e-20 2.7780000000000004e-20 4.933e-20 0.0 167.15 0.0
S040556 270.5837 27.1311 2.667e-17 5.179e-17 1.44e-16 0.0 171.41 0.0
S040557 270.6879 27.1708 1.273e-17 2.397e-17 6.293e-17 0.0 168.28 0.0
S040558 270.5985 27.1435 4.2740000000000006e-20 6.300000000000001e-20 1.008e-19 0.0 170.93 0.0
S040559 270.6703 27.2097 3.097e-20 4.65e-20 7.81e-20 0.0 167.37 0.0
S040560 270.6501 27.145 1.062e-18 1.206e-18 1.177e-18 0.0 169.28 0.0
S040561 270.5994 27.1533 2.8089999999999996e-22 5.916999999999999e-22 2.058e-21 0.0 169.61 0.0
S040562 270.6125 27.1487 3.943e-18 3.862e-18 2.626e-18 0.0 169.59 0.0
S040563 270.4761 27.0459 1.23e-21 2.4280000000000002e-21 7.345e-21 0.0 171.92 0.0
S040564 270.6243 27.1525 1.385e-19 1.906e-19 2.684e-19 0.0 168.69 0.0
S040565 270.623 27.1537 4.1639999999999998e-22 9.285999999999999e-22 3.67e-21 0.0 168.51 0.0
S040566 270.6184 27.1883 2.62e-18 2.645e-18 1.899e-18 0.0 168.57 0.0
S040567 270.5653 27.1251 3.28e-23 9.554e-23 6.432999999999999e-22 0.0 171.55 0.0
S040568 270.5797 27.1594 1.363e-19 1.772e-19 2.168e-19 0.0 169.53 0.0
S040569 270.6409 27.164 5.897e-20 8.105000000000001e-20 1.125e-19 0.0 167.73 0.0
S040570 270.6412 27.1375 2.435e-22 5.087999999999999e-22 1.725e-21 0.0 169.61 0.0
S040571 270.5725 27.1525 2.212e-24 7.318e-24 6.578e-23 0.0 169.84 0.0
S040572 270.607 27.1507 6.555e-23 1.6279999999999998e-22 7.700999999999999e-22 0.0 170.03 0.0
S040573 270.5789 27.1487 4.787e-24 1.478e-23 1.124e-22 0.0 170.01 0.0
S040574 270.6207 27.1522 4.208e-24 1.2359999999999999e-23 8.179999999999999e-23 0.0 169.01 0.0
S040575 270.4638 27.0585 9.544000000000001e-20 1.284e-19 1.701e-19 0.0 172.03 0.0
S040576 270.6001 27.1448 6.966e-18 6.954e-18 4.872e-18 0.0 170.93 0.0
S040577 270.6013 27.142 1.7410000000000002e-20 2.6470000000000004e-20 4.5660000000000004e-20 0.0 170.75 0.0
S040578 270.5883 27.1352 5.6979999999999995e-22 1.154e-21 3.628e-21 0.0 171.22 0.0
S040579 270.7079 27.2151 1.285e-18 1.416e-18 1.224e-18 0.0 167.17 0.0
S040580 270.5745 27.1105 3.2960000000000004e-20 4.54e-20 6.29e-20 0.0 171.46 0.0
S040581 270.684 27.214 7.395e-22 5.572999999999999e-22 2.307e-22 0.0 167.25 0.0
S040582 270.6735 27.1785 1.109e-24 4.142e-24 4.702e-23 0.0 167.5 0.0
S040583 270.5728 27.0961 7.602e-20 1.03e-19 1.433e-19 0.0 170.95 0.0
S040584 270.5772 27.1222 5.299e-23 1.328e-22 6.239999999999999e-22 0.0 171.64 0.0
S040585 270.6024 27.1664 2.1269999999999997e-22 4.957e-22 2.002e-21 0.0 169.03 0.0
S040586 270.6125 27.1516 6.417e-24 1.994e-23 1.526e-22 0.0 169.08 0.0
S040587 270.653 27.1925 1.116e-18 1.17e-18 8.914e-19 0.0 167.33 0.0
S040588 270.6122 27.1581 4.354e-21 8.018e-21 2.042e-20 0.0 168.87 0.0
S040589 270.5562 27.1291 1.932e-18 2.159e-18 1.893e-18 0.0 171.29 0.0
S040590 270.6767 27.1817 2.98e-21 5.366e-21 1.2950000000000001e-20 0.0 167.64 0.0
S040591 270.5684 27.1333 1.9199999999999997e-22 3.905e-22 1.237e-21 0.0 170.79 0.0
S040592 270.612 27.1723 7.994e-21 1.2890000000000002e-20 2.4970000000000002e-20 0.0 168.21 0.0
S040593 270.6373 27.156 7.752999999999999e-23 1.7689999999999998e-22 7.130999999999999e-22 0.0 168.85 0.0
S040594 270.5773 27.1258 1.971e-21 3.767e-21 1.0950000000000001e-20 0.0 171.22 0.0
S040595 270.6122 27.1567 2.1929999999999996e-22 4.903e-22 1.854e-21 0.0 168.13 0.0
S040596 270.6712 27.1367 6.313e-24 1.899e-23 1.329e-22 0.0 169.4 0.0
S040597 270.6809 27.1804 9.549e-23 2.3109999999999996e-22 1.052e-21 0.0 167.79 0.0
S040598 270.6086 27.1503 3.622e-21 6.643e-21 1.7710000000000003e-20 0.0 169.65 0.0
S040599 270.6082 27.145 1.231e-21 8.732e-22 3.1359999999999996e-22 0.0 170.72 0.0
S040600 270.6653 27.1506 7.118999999999999e-22 1.4310000000000001e-21 4.468e-21 0.0 167.81 0.0
S040601 270.566 27.1305 9.043e-24 2.752e-23 2.0419999999999997e-22 0.0 171.59 0.0
S040602 270.6417 27.1609 1.0120000000000001e-20 1.695e-20 3.478e-20 0.0 167.83 0.0
S040603 270.6439 27.1562 2.247e-19 2.856e-19 3.26e-19 0.0 168.42 0.0
S040604 270.5576 27.1385 1.34e-23 4.169e-23 3.2189999999999997e-22 0.0 171.33 0.0
S040605 270.6204 27.1336 4.818e-18 4.629e-18 3.132e-18 0.0 171.13 0.0
S040606 270.5968 27.1863 5.812e-19 6.763e-19 6.659e-19 0.0 167.6 0.0
S040607 270.6393 27.1291 1.148e-17 2.407e-17 8.108e-17 0.0 171.58 0.0
S040608 270.5442 27.1419 2.874e-18 2.885e-18 2.123e-18 0.0 171.05 0.0
S040609 270.5993 27.117 5.259e-18 8.586e-18 1.689e-17 0.0 171.47 0.0
S040610 270.612 27.1725 5.071e-18 4.836e-18 3.154e-18 0.0 168.47 0.0
S040611 270.5862 27.1528 1.6480000000000002e-20 2.6450000000000002e-20 5.299e-20 0.0 170.41 0.0
S040612 270.5975 27.1463 3.575e-18 3.611e-18 2.667e-18 0.0 170.89 0.0
S040613 270.6625 27.1558 3.02e-22 6.7969999999999995e-22 2.578e-21 0.0 168.3 0.0
S040614 270.6039 27.1181 1.163e-17 1.722e-17 2.706e-17 0.0 171.21 0.0
S040615 270.7184 27.1553 1.837e-19 2.366e-19 2.911e-19 0.0 167.99 0.0
S040616 270.6218 27.1403 8.061999999999999e-23 2.1579999999999998e-22 1.207e-21 0.0 170.59 0.0
S040617 270.6157 27.142 3.5930000000000004e-20 5.0740000000000006e-20 7.573e-20 0.0 169.99 0.0
S040618 270.6137 27.1372 3.9770000000000004e-21 7.029e-21 1.652e-20 0.0 170.49 0.0
S040619 270.5782 27.16 3.126e-13 2.182e-13 7.62e-14 0.0 169.54 0.0
S040620 270.6457 27.1456 7.89e-24 2.5319999999999997e-23 2.0699999999999998e-22 0.0 169.2 0.0
S040621 270.5501 27.1472 2.441e-22 5.257e-22 1.831e-21 0.0 171.43 0.0
S040622 270.6758 27.1422 5.703e-23 1.3599999999999998e-22 5.800999999999999e-22 0.0 167.42 0.0
S040623 270.6318 27.1826 1.698e-19 2.265e-19 2.938e-19 0.0 167.69 0.0
S040624 270.6303 27.1318 9.992e-19 1.129e-18 1.058e-18 0.0 170.64 0.0
S040625 270.6224 27.153 3.544e-21 6.207e-21 1.4540000000000002e-20 0.0 168.76 0.0
S040626 270.539 27.1522 9.811e-17 7.609e-17 3.328e-17 0.0 171.19 1.0
S040627 270.5873 27.1643 3.9570000000000005e-20 6.049e-20 1.032e-19 0.0 168.82 0.0
S040628 270.6545 27.14 3.1359999999999996e-22 7.062999999999999e-22 2.735e-21 0.0 169.12 0.0
S040629 270.668 27.1366 4.243e-13 3.014e-13 1.124e-13 0.0 168.72 0.0
S040630 270.6074 27.1463 1.393e-18 1.417e-18 1.098e-18 0.0 169.9 0.0
S040631 270.6655 27.1438 1.355e-23 4.2099999999999996e-23 3.2019999999999995e-22 0.0 168.14 0.0
S040632 270.6253 27.1646 3.181e-20 4.595e-20 6.876e-20 0.0 168.58 0.0
S040633 270.6755 27.1548 6.546e-18 1.182e-17 2.895e-17 0.0 167.69 0.0
S040634 270.644 27.1604 2.92e-17 6.115e-17 2.028e-16 0.0 167.84 1.0
S040635 270.5953 27.1296 4.77e-23 1.206e-22 6.094999999999999e-22 0.0 171.4 0.0
S040636 270.6275 27.1271 6.334e-21 1.097e-20 2.4680000000000003e-20 0.0 171.22 0.0
S040637 270.6097 27.1148 8.727e-19 9.479e-19 7.833e-19 0.0 171.55 0.0
S040638 270.5819 27.1247 4.789e-18 4.539e-18 3.01e-18 0.0 171.58 0.0
S040639 270.5692 27.1553 1.151e-17 1.039e-17 6.192e-18 0.0 170.62 0.0
S040640 270.5885 27.1457 2.045e-17 1.792e-17 9.961e-18 0.0 170.29 0.0
S040641 270.672 27.1395 3.742e-18 3.853e-18 2.874e-18 0.0 168.4 0.0
S040642 270.5816 27.149 4.185e-21 7.318e-21 1.646e-20 0.0 170.08 0.0
S040643 270.6434 27.1448 7.171e-25 2.817e-24 3.5239999999999996e-23 0.0 169.1 0.0
S040644 270.6107 27.1668 3.169e-20 4.6880000000000006e-20 7.971e-20 0.0 168.82 0.0
S040645 270.5341 27.1194 1.635e-20 2.5520000000000002e-20 4.5310000000000004e-20 0.0 171.58 0.0
S040646 270.6243 27.1765 2.14e-18 2.187e-18 1.659e-18 0.0 167.47 0.0
S040647 270.6139 27.143 1.125e-19 1.52e-19 2.045e-19 0.0 169.88 0.0
S040648 270.5871 27.1643 1.3150000000000002e-20 2.1000000000000002e-20 3.932e-20 0.0 167.79 0.0
S040649 270.6409 27.1557 1.084e-17 9.836e-18 5.7e-18 0.0 167.89 0.0
S040650 270.5999 27.1492 5.301e-18 4.907e-18 3.049e-18 0.0 170.65 0.0
S040651 270.6055 27.1492 1.7749999999999997e-22 4.314999999999999e-22 2.016e-21 0.0 169.94 0.0
S040652 270.609 27.1555 1.116e-17 1.925e-17 4.251e-17 0.0 168.61 0.0
S040653 270.6336 27.1401 9.065e-24 2.661e-23 1.8849999999999999e-22 0.0 169.68 0.0
S040654 270.6338 27.1361 9.421e-18 8.428e-18 4.741e-18 0.0 170.84 0.0
S040655 270.6485 27.1617 8.819e-19 1.001e-18 9.196e-19 0.0 167.67 0.0
S040656 270.5869 27.1278 1.14e-21 2.316e-21 7.341e-21 0.0 171.52 0.0
S040657 270.6055 27.1635 1.099e-21 7.796e-22 2.8389999999999996e-22 0.0 168.22 0.0
S040658 270.6333 27.1417 4.3159999999999995e-22 8.976999999999998e-22 2.98e-21 0.0 170.48 0.0
S040659 270.591 27.1347 4.886e-18 9.401e-18 2.688e-17 0.0 170.98 0.0
S040660 270.6074 27.1505 1.113e-17 1.787e-17 3.624e-17 0.0 169.69 0.0
S040661 270.6118 27.1569 3.341e-21 6.1290000000000005e-21 1.573e-20 0.0 168.79 0.0
S040662 270.6216 27.1457 1.013e-17 9.306e-18 5.709e-18 0.0 170.17 0.0
S040663 270.6047 27.1518 9.858e-18 9.201e-18 5.741e-18 0.0 169.55 0.0
S040664 270.6342 27.1597 2.04e-19 2.572e-19 3.086e-19 0.0 168.39 0.0
S040665 270.6299 27.1563 2.005e-21 3.76e-21 1.0070000000000001e-20 0.0 168.32 0.0
S040666 270.6126 27.1486 1.712e-13 1.156e-13 3.821e-14 0.0 169.76 0.0
S040667 270.6234 27.1487 9.818e-18 8.944e-18 5.453e-18 0.0 169.37 0.0
S040668 270.5628 27.1511 1.092e-22 2.879e-22 1.51e-21 0.0 171.06 0.0
S040669 270.5671 27.1351 1.388e-21 9.596e-22 3.3459999999999997e-22 0.0 171.52 0.0
S040670 270.5891 27.1429 8.85e-18 1.501e-17 3.258e-17 0.0 171.08 0.0
S040671 270.5846 27.1314 6.096e-18 9.973e-18 1.924e-17 0.0 171.01 0.0
S040672 270.6248 27.1378 8.67e-18 1.597e-17 4.078e-17 0.0 170.23 0.0
S040673 270.6613 27.131 1.913e-17 2.948e-17 5.263e-17 0.0 170.1 0.0
S040674 270.6208 27.1413 8.55e-22 1.849e-21 6.322e-21 0.0 170.29 0.0
S040675 270.6621 27.1517 2.76e-23 8.159e-23 5.672e-22 0.0 168.47 0.0
S040676 270.5662 27.1177 2.6479999999999997e-22 5.402e-22 1.701e-21 0.0 171.68 0.0
S040677 270.5721 27.1496 1.276e-21 2.336e-21 5.883e-21 0.0 170.71 0.0
S040678 270.5926 27.1715 1.637e-21 3.249e-21 9.811e-21 0.0 167.67 0.0
S040679 270.6413 27.1808 1.877e-18 1.925e-18 1.451e-18 0.0 167.54 0.0
S040680 270.6118 27.1752 1.102e-17 1.911e-17 4.476e-17 0.0 167.52 0.0
S040681 270.6034 27.1551 3.063e-19 3.907e-19 4.649e-19 0.0 169.35 0.0
S040682 270.5787 27.1701 6.097e-13 4.706e-13 2.033e-13 0.0 167.53 1.0
S040683 270.5723 27.1528 2.288e-17 1.939e-17 1.01e-17 0.0 170.07 0.0
S040684 270.6946 27.1667 1.949e-19 2.592e-19 3.334e-19 0.0 167.49 0.0
S040685 270.6337 27.1561 9.496e-19 1.056e-18 9.696e-19 0.0 168.43 0.0
S040686 270.6263 27.1126 6.277e-24 2.068e-23 1.7289999999999999e-22 0.0 170.83 0.0
S040687 270.5893 27.1557 7.215e-22 1.38e-21 3.914e-21 0.0 169.59 0.0
S040688 270.6529 27.1704 9.589e-18 1.593e-17 3.197e-17 0.0 167.56 0.0
S040689 270.6157 27.1793 5.33e-18 5.213e-18 3.606e-18 0.0 167.49 0.0
S040690 270.5479 27.1483 1.427e-17 2.773e-17 8.164e-17 0.0 170.54 1.0
S040691 270.6277 27.1498 6.83e-24 2.273e-23 1.997e-22 0.0 169.26 0.0
S040692 270.6015 27.1407 6.907e-20 9.575000000000001e-20 1.341e-19 0.0 170.47 0.0
S040693 270.6404 27.1684 1.118e-17 9.969e-18 5.714e-18 0.0 167.58 0.0
S040694 270.5699 27.1278 1.228e-19 1.599e-19 2.022e-19 0.0 171.56 0.0
S040695 270.6145 27.1223 2.079e-21 1.377e-21 4.279e-22 0.0 171.19 0.0
S040696 270.5746 27.141 2.091e-17 3.821e-17 9.186e-17 0.0 171.14 0.0
S040697 270.6028 27.1189 1.015e-17 1.472e-17 2.269e-17 0.0 171.35 0.0
S040698 270.6583 27.137 4.384e-16 3.21e-16 1.25e-16 0.0 169.22 0.0
S040699 270.5879 27.127 3.222e-18 3.287e-18 2.482e-18 0.001 171.21 0.0
S040700 270.6542 27.1592 1.72e-21 1.168e-21 3.9459999999999996e-22 0.0 167.66 0.0
S040701 270.5739 27.1542 1.291e-18 1.409e-18 1.215e-18 0.0 170.25 0.0
S040702 270.5895 27.1436 3.8099999999999995e-22 8.151e-22 2.921e-21 0.0 170.75 0.0
S040703 270.5456 27.171 6.167e-19 6.759e-19 5.786e-19 0.0 169.49 0.0
S040704 270.6172 27.1508 9.093e-19 9.567e-19 7.988e-19 0.0 169.27 0.0
S040705 270.6369 27.1459 1.201e-21 8.3569999999999995e-22 2.916e-22 0.0 169.22 0.0
S040706 270.5424 27.1253 8.22e-18 7.441e-18 4.449e-18 0.0 171.28 0.0
S040707 270.5961 27.1264 1.515e-21 1.034e-21 3.5449999999999996e-22 0.0 171.36 0.0
S040708 270.5332 27.1336 5.018e-18 4.711e-18 2.896e-18 0.0 171.48 0.0
S040709 270.6238 27.1664 4.318e-24 1.321e-23 9.906e-23 0.0 167.98 0.0
S040710 270.619 27.1645 1.821e-17 4.291e-17 1.844e-16 0.0 168.61 1.0
S040711 270.5808 27.158 1.41e-17 1.252e-17 7.022e-18 0.0 169.59 0.0
S040712 270.6686 27.1374 1.19e-18 1.278e-18 1.059e-18 0.0 169.27 0.0
S040713 270.58 27.1478 6.376e-19 7.276e-19 7.062e-19 0.0 170.99 0.0
S040714 270.6728 27.1535 1.401e-17 1.282e-17 7.59e-18 0.0 168.36 0.0
S040715 270.6514 27.1481 9.312e-18 1.367e-17 2.109e-17 0.0 167.77 0.0
S040716 270.6163 27.1536 7.76e-23 1.759e-22 6.736999999999999e-22 0.0 169.08 0.0
S040717 270.5958 27.15 7.474e-18 1.794e-17 7.788e-17 0.0 170.03 0.0
S040718 270.5782 27.1429 8.123e-18 7.877e-18 5.298e-18 0.0 171.17 0.0
S040719 270.5526 27.1474 4.0099999999999994e-22 9.249999999999999e-22 3.769e-21 0.0 171.21 0.0
S040720 270.6487 27.1247 4.0830000000000004e-25 1.545e-24 1.7979999999999998e-23 0.0 170.22 0.0
S040721 270.5362 27.1593 5.173e-17 4.383e-17 2.228e-17 0.0 170.19 0.0
S040722 270.589 27.1447 1.6499999999999998e-22 3.801e-22 1.5530000000000001e-21 0.0 170.42 0.0
S040723 270.6018 27.1863 4.1709999999999996e-23 1.0929999999999998e-22 5.710999999999999e-22 0.0 167.46 0.0
S040724 270.6338 27.1466 1.136e-22 2.934e-22 1.546e-21 0.0 168.98 0.0
S040725 270.5896 27.0945 5.367e-19 6.287e-19 6.395e-19 0.0 171.63 0.0
S040726 270.6027 27.1537 3.101e-23 8.049999999999999e-23 4.354e-22 0.0 169.14 0.0
S040727 270.6036 27.1429 2.167e-21 4.178e-21 1.1530000000000001e-20 0.0 169.86 0.0
S040728 270.6014 27.1219 1.111e-19 1.527e-19 2.082e-19 0.0 171.59 0.0
S040729 270.6299 27.1413 1.176e-22 2.8189999999999997e-22 1.269e-21 0.0 169.99 0.0
S040730 270.6132 27.1574 1.543e-21 1.061e-21 3.5759999999999997e-22 0.0 168.98 0.0
S040731 270.6062 27.1763 8.691e-23 2.3e-22 1.2260000000000001e-21 0.0 167.83 0.0
S040732 270.631 27.1569 1.137e-13 7.337e-14 2.249e-14 0.0 168.55 0.0
S040733 270.6806 27.1452 2.979e-18 3.008e-18 2.265e-18 0.0 167.41 0.0
S040734 270.564 27.1556 1.684e-19 2.151e-19 2.492e-19 0.0 170.31 0.0
S040735 270.6088 27.1806 1.439e-20 2.1860000000000002e-20 3.6530000000000005e-20 0.0 167.74 0.0
S040736 270.6167 27.1199 1.691e-17 3.474e-17 1.102e-16 0.001 171.59 0.0
S040737 270.6623 27.1328 9.876e-19 1.136e-18 1.069e-18 0.0 169.69 0.0
S040738 270.6006 27.1696 3.327e-21 6.559e-21 1.908e-20 0.0 168.05 0.0
S040739 270.5588 27.156 1.29e-18 1.363e-18 1.117e-18 0.0 170.34 0.0
S040740 270.6178 27.149 8.731e-17 7.178e-17 3.525e-17 0.0 169.17 0.0
S040741 270.6765 27.136 5.045e-20 7.499e-20 1.212e-19 0.0 168.79 0.0
S040742 270.5641 27.1182 4.573e-22 1.048e-21 4.292e-21 0.0 171.3 0.0
S040743 270.5936 27.1484 8.613e-21 1.415e-20 2.8680000000000004e-20 0.0 169.78 0.0
S040744 270.637 27.1394 3.353e-17 2.879e-17 1.498e-17 0.0 170.12 0.0
S040745 270.5933 27.1521 1.493e-21 1.035e-21 3.496e-22 0.0 169.71 0.0
S040746 270.6654 27.1371 1.961e-17 1.722e-17 9.661e-18 0.0 169.38 0.0
S040747 270.5562 27.1819 8.855999999999999e-23 2.0879999999999998e-22 8.836999999999999e-22 0.0 167.74 0.0
S040748 270.6146 27.1529 2.704e-21 4.875e-21 1.1900000000000001e-20 0.0 168.84 0.0
S040749 270.6265 27.1697 1.1160000000000001e-21 7.858999999999999e-22 2.843e-22 0.0 168.43 0.0
S040750 270.5938 27.1659 7.846e-18 7.203e-18 4.313e-18 0.0 167.85 0.0
S040751 270.665 27.1555 5.284e-22 1.062e-21 3.264e-21 0.0 168.0 0.0
S040752 270.6449 27.1465 3.3640000000000005e-20 4.9080000000000007e-20 7.432000000000001e-20 0.0 169.14 0.0
S040753 270.635 27.1471 1.589e-23 4.2159999999999995e-23 2.2219999999999996e-22 0.0 168.39 0.0
S040754 270.6788 27.1671 2.738e-18 2.833e-18 2.103e-18 0.001 167.39 0.0
S040755 270.5751 27.1294 1.517e-21 1.031e-21 3.5589999999999996e-22 0.0 171.4 0.0
S040756 270.5694 27.1445 7.096e-18 1.144e-17 2.197e-17 0.0 170.38 0.0
S040757 270.6033 27.1631 3.724e-16 2.731e-16 1.051e-16 0.0 168.88 0.0
S040758 270.6476 27.1629 4.9399999999999995e-22 1.052e-21 3.6080000000000004e-21 0.0 167.71 0.0
S040759 270.6306 27.1363 7.371000000000001e-20 9.968000000000001e-20 1.356e-19 0.0 170.57 0.0
S040760 270.5768 27.1297 2.649e-17 2.221e-17 1.13e-17 0.0 171.48 0.0
S040761 270.6034 27.1584 2.155e-23 5.891999999999999e-23 3.4209999999999998e-22 0.0 168.42 0.0
S040762 270.5925 27.1503 1.3210000000000001e-21 9.273e-22 3.253e-22 0.0 170.07 0.0
S040763 270.6021 27.1334 5.832e-23 1.452e-22 6.8119999999999995e-22 0.0 171.01 0.0
S040764 270.6053 27.1383 2.523e-17 4.927e-17 1.425e-16 0.0 170.5 0.0
S040765 270.5849 27.1485 8.422e-18 1.763e-17 5.774e-17 0.0 170.41 0.0
S040766 270.6231 27.1337 8.178e-18 7.51e-18 4.695e-18 0.0 170.9 0.0
S040767 270.6383 27.1682 1.099e-17 9.799e-18 5.588e-18 0.0 167.95 0.0
S040768 270.575 27.1358 1.8480000000000002e-20 3.003e-20 5.703e-20 0.0 170.8 0.0
S040769 270.628 27.1414 7.254000000000001e-20 1.041e-19 1.525e-19 0.0 170.39 0.0
S040770 270.6166 27.161 2.4620000000000002e-20 3.837e-20 6.939000000000001e-20 0.0 168.65 1.0
S040771 270.6086 27.127 1.273e-21 2.651e-21 9.009e-21 0.0 171.44 0.0
S040772 270.6014 27.1497 3.917e-18 3.887e-18 2.846e-18 0.0 169.99 0.0
S040773 270.5882 27.1471 1.6330000000000001e-21 1.108e-21 3.7649999999999994e-22 0.0 170.59 0.0
S040774 270.5567 27.1316 1.262e-21 8.731e-22 3.0479999999999997e-22 0.0 171.58 0.0
S040775 270.6443 27.1095 8.141e-18 7.553e-18 4.611e-18 0.0 171.62 0.0
S040776 270.6012 27.1577 1.344e-18 1.453e-18 1.19e-18 0.0 169.13 0.0
S040777 270.6091 27.1476 3.823e-18 3.74e-18 2.499e-18 0.0 170.17 0.0
S040778 270.6101 27.1468 2.0090000000000003e-20 3.138e-20 5.494e-20 0.0 169.95 0.0
S040779 270.6039 27.1399 4.994e-18 4.505e-18 2.676e-18 0.0 170.57 0.0
S040780 270.6118 27.1403 9.353e-13 7.208e-13 3.137e-13 0.0 170.42 1.0
S040781 270.614 27.154 2.121e-19 2.445e-19 2.345e-19 0.0 169.05 0.0
S040782 270.6155 27.1407 8.646e-24 2.418e-23 1.492e-22 0.0 170.12 0.0
S040783 270.6172 27.1451 7.318e-19 8.734e-19 9.075e-19 0.0 169.94 0.0
S040784 270.6209 27.1639 3.311e-21 5.686e-21 1.2710000000000001e-20 0.0 168.26 0.0
S040785 270.6219 27.1637 5.709e-17 4.715e-17 2.299e-17 0.0 168.0 0.0
S040786 270.6214 27.1614 2.211e-14 1.453e-14 4.611e-15 0.0 168.57 0.0
S040787 270.5985 27.1385 3.965e-19 4.597e-19 4.637e-19 0.0 170.6 0.0
S040788 270.6045 27.1436 4.543e-13 4.29e-13 2.7e-13 0.0 170.38 1.0
S040789 270.6121 27.1547 7.323e-20 1.024e-19 1.478e-19 0.0 169.13 0.0
S040790 270.6082 27.1393 1.169e-19 1.442e-19 1.634e-19 0.0 170.43 0.0
S040791 270.6073 27.1564 1.784e-19 2.134e-19 2.238e-19 0.0 169.1 0.0
S040792 270.5999 27.1595 1.4820000000000002e-20 2.5000000000000002e-20 5.2690000000000005e-20 0.0 169.13 0.0
S040793 270.6106 27.1463 1.151e-22 2.924e-22 1.4520000000000001e-21 0.0 169.9 0.0
S040794 270.6106 27.158 7.278e-18 6.597e-18 4.007e-18 0.0 168.83 0.0
S040795 270.6145 27.1548 5.066e-21 8.625e-21 1.877e-20 0.0 169.09 0.0
S040796 270.6115 27.1444 7.25e-27 4.561e-26 1.4649999999999999e-24 0.0 170.1 0.0
S040797 270.6139 27.1574 5.709999999999999e-22 1.276e-21 4.967e-21 0.0 168.83 0.0
S040798 270.6155 27.1596 8.276e-18 1.43e-17 3.135e-17 0.0 168.57 0.0
S040799 270.6207 27.1616 1.404e-19 1.853e-19 2.43e-19 0.0 168.18 0.0
S040800 270.6129 27.1391 1.839e-21 1.221e-21 4.0709999999999995e-22 0.0 170.42 0.0
S040801 270.6097 27.1597 5.799e-13 4.329e-13 1.748e-13 0.0 168.66 0.0
S040802 270.6109 27.1587 2.448e-18 2.408e-18 1.67e-18 0.0 168.8 0.0
S040803 270.6121 27.1377 1.189e-16 9.057e-17 3.766e-17 0.0 170.32 1.0
S040804 270.613 27.1626 4.0059999999999996e-22 8.987999999999999e-22 3.52e-21 0.0 168.57 0.0
S040805 270.6125 27.1604 1.375e-19 1.863e-19 2.505e-19 0.0 168.88 0.0
S040806 270.6051 27.1525 6e-22 1.204e-21 3.672e-21 0.0 169.44 0.0
S040807 270.6068 27.1596 4.067e-18 3.856e-18 2.57e-18 0.0 168.88 1.0
S040808 270.6051 27.1544 4.691e-17 3.867e-17 1.945e-17 0.0 169.26 0.0
S040809 270.6055 27.1664 1.087e-20 1.7440000000000002e-20 3.2260000000000004e-20 0.0 168.48 0.0
S040810 270.6038 27.1433 3.269e-17 2.711e-17 1.324e-17 0.0 170.43 0.0
S040811 270.6108 27.1575 8.231999999999999e-22 1.87e-21 7.184e-21 0.0 168.9 0.0
S040812 270.5968 27.1419 1.376e-17 2.638e-17 7.153e-17 0.0 170.68 0.0
S040813 270.6212 27.1421 6.829e-13 5.957e-13 3.278e-13 0.0 169.98 1.0
S040814 270.6272 27.1663 6.719e-18 6.292e-18 3.985e-18 0.0 168.0 0.0
S040815 270.6032 27.1481 1.354e-22 3.0379999999999995e-22 1.197e-21 0.0 170.28 0.0
S040816 270.6072 27.145 1.728e-17 4.096e-17 1.759e-16 0.0 170.04 1.0
S040817 270.6123 27.1576 1.761e-17 1.507e-17 7.822e-18 0.0 168.88 0.0
S040818 270.6166 27.1592 4.812e-18 7.613e-18 1.402e-17 0.0 168.46 0.0
S040819 270.6083 27.1593 1.5480000000000002e-20 2.4560000000000002e-20 4.706e-20 0.0 168.97 0.0
S040820 270.6094 27.1423 1.6009999999999998e-22 3.7959999999999995e-22 1.677e-21 0.0 170.25 0.0
S040821 270.5994 27.1298 3.363e-22 7.685999999999999e-22 3.022e-21 0.0 170.84 0.0
S040822 270.6086 27.1589 7.278e-19 8.537e-19 8.44e-19 0.0 168.84 0.0
S040823 270.6217 27.1641 2.693e-17 4.697e-17 1.088e-16 0.0 168.24 0.0
S040824 270.6348 27.1651 2.6370000000000003e-20 3.927e-20 6.467e-20 0.0 168.04 0.0
S040825 270.6231 27.1645 1.238e-18 1.371e-18 1.226e-18 0.0 168.34 0.0
S040826 270.6059 27.1385 5.956e-19 6.811e-19 6.705e-19 0.0 170.44 0.0
S040827 270.6064 27.1416 1.169e-19 1.511e-19 1.86e-19 0.0 170.21 0.0
S040828 270.5977 27.1376 1.09e-17 9.847e-18 5.717e-18 0.0 170.72 0.0
S040829 270.5888 27.1406 6.199000000000001e-20 8.581000000000001e-20 1.191e-19 0.0 171.15 0.0
S040830 270.6148 27.1421 1.531e-18 1.629e-18 1.299e-18 0.0 170.11 0.0
S040831 270.6183 27.1613 1.172e-19 1.573e-19 2.121e-19 0.0 168.67 0.0
S040832 270.6072 27.1451 1.474e-21 1.01e-21 3.5099999999999997e-22 0.0 169.99 0.0
S040833 270.6152 27.1578 4.954000000000001e-28 4.653e-27 3.593e-25 0.0 168.79 0.0
S040834 270.6063 27.1307 2.0939999999999997e-22 5.037e-22 2.275e-21 0.0 170.73 0.0
S040835 270.6092 27.1641 1.6300000000000001e-21 2.934e-21 7.27e-21 0.0 168.64 0.0
S040836 270.5959 27.1346 1.639e-19 2.11e-19 2.475e-19 0.0 170.81 0.0
S040837 270.6057 27.1397 7.328e-17 5.794e-17 2.584e-17 0.0 170.78 0.0
S040838 270.6098 27.1656 4.9990000000000004e-21 8.522e-21 1.863e-20 0.0 168.69 0.0
S040839 270.602 27.1416 5.575e-18 5.162e-18 3.16e-18 0.0 170.33 0.0
S040840 270.6125 27.143 2.846e-17 2.398e-17 1.248e-17 0.0 170.16 0.0
S040841 270.604 27.139 3.804e-19 4.461e-19 4.372e-19 0.0 170.61 0.0
S040842 270.6211 27.1411 4.746e-19 5.914e-19 6.59e-19 0.0 169.98 0.0
S040843 270.6028 27.1337 2.2089999999999998e-23 6.894999999999999e-23 5.316e-22 0.0 170.87 0.0
S040844 270.6056 27.1383 4.653000000000001e-25 1.766e-24 2.1049999999999998e-23 0.0 170.5 0.0
S040845 270.6105 27.1651 4.274e-13 4.191e-13 2.891e-13 0.0 168.6 1.0
S040846 270.6084 27.1503 2.221e-18 2.261e-18 1.703e-18 0.0 169.63 0.0
S040847 270.6065 27.1408 5.097e-17 4.213e-17 2.002e-17 0.0 170.36 0.0
S040848 270.6003 27.1365 8.873e-22 6.459e-22 2.5209999999999997e-22 0.0 170.78 0.0
S040849 270.6054 27.1413 2.009e-21 1.304e-21 4.1149999999999995e-22 0.001 170.51 0.0
S040850 270.6223 27.1609 3.0190000000000004e-20 4.4740000000000006e-20 7.090000000000001e-20 0.0 168.47 0.0
S040851 270.6178 27.1569 3.0110000000000005e-20 4.39e-20 7.015e-20 0.001 168.75 0.0
S040852 270.5982 27.1405 5.564e-18 5.139e-18 3.218e-18 0.0 170.55 0.0
S040853 270.6226 27.1625 2.792e-18 2.862e-18 2.111e-18 0.0 168.48 0.0
S040854 270.6093 27.1576 1.0419999999999999e-22 2.4449999999999996e-22 1.041e-21 0.0 168.93 0.0
S040855 270.6173 27.1595 7.368e-19 8.475e-19 8.089e-19 0.0 168.64 0.0
S040856 270.6093 27.164 1.51e-17 2.155e-17 3.301e-17 0.0 168.77 0.0
S040857 270.6101 27.1633 1.405e-21 9.754999999999999e-22 3.4099999999999995e-22 0.0 168.57 0.0
S040858 270.6295 27.1676 2.946e-17 4.967e-17 1.034e-16 0.0 168.01 0.0
S040859 270.6158 27.137 1.4220000000000001e-21 2.925e-21 9.626e-21 0.0 170.21 0.0
S040860 270.6103 27.1569 1.912e-20 3.121e-20 6.242e-20 0.0 169.02 0.0
S040861 270.6261 27.1693 8.202e-21 1.3680000000000002e-20 2.886e-20 0.0 168.23 0.0
S040862 270.5958 27.1296 8.47e-17 6.819e-17 3.148e-17 0.0 170.99 0.0
S040863 270.6132 27.1378 1.182e-17 1.105e-17 6.996e-18 0.0 170.37 0.0
S040864 270.615 27.1668 1.201e-21 8.396999999999999e-22 3.014e-22 0.0 168.34 0.0
S040865 270.6067 27.1364 8.437e-24 2.653e-23 2.071e-22 0.0 170.42 0.0
S040866 270.609 27.1646 1.221e-17 1.062e-17 5.722e-18 0.0 168.55 0.0
S040867 270.6186 27.16 9.276e-16 6.423e-16 2.318e-16 0.0 168.59 0.0
S040868 270.6177 27.1629 3.157e-18 3.298e-18 2.521e-18 0.0 168.6 0.0
S040869 270.6127 27.1393 8.276000000000001e-20 1.111e-19 1.497e-19 0.0 170.22 0.0
S040870 270.6038 27.1384 2.151e-25 9.277e-25 1.41e-23 0.0 170.68 0.0
S040871 270.6129 27.146 3.145e-18 3.472e-18 3e-18 0.0 169.89 0.0
S040872 270.6057 27.1406 1.239e-17 1.121e-17 6.724e-18 0.0 170.26 0.0
S040873 270.5999 27.1319 5.294e-18 5.058e-18 3.339e-18 0.0 170.63 1.0
S040874 270.597 27.1372 7.903999999999999e-22 1.692e-21 5.78e-21 0.0 170.75 0.0
S040875 270.6113 27.1342 1.294e-20 2.088e-20 3.933e-20 0.0 170.49 0.0
S040876 270.6132 27.163 1.802e-17 3.573e-17 1.081e-16 0.0 168.53 0.0
S040877 270.6203 27.1632 9.482e-23 2.503e-22 1.378e-21 0.0 168.59 0.0
S040878 270.613 27.165 3.2180000000000005e-20 4.7180000000000004e-20 7.458000000000001e-20 0.0 168.66 0.0
S040879 270.608 27.1313 8.571999999999999e-22 1.858e-21 6.991000000000001e-21 0.0 170.53 0.0
S040880 270.6104 27.1419 1.637e-21 3.003e-21 7.416e-21 0.0 170.09 0.0
S040881 270.6273 27.162 4.658e-21 7.786000000000001e-21 1.622e-20 0.0 168.21 0.0
S040882 270.6081 27.1337 1.282e-21 8.888999999999998e-22 3.1739999999999996e-22 0.0 170.75 0.0
S040883 270.6079 27.1325 1.608e-23 3.957e-23 1.8719999999999998e-22 0.0 170.56 0.0
S040884 270.6144 27.1672 1.7749999999999998e-23 4.696e-23 2.4689999999999997e-22 0.0 168.51 0.0
S040885 270.5992 27.1321 2.169e-22 4.763e-22 1.797e-21 0.0 170.64 0.0
S040886 270.6107 27.1346 6.63e-19 7.413e-19 6.685e-19 0.0 170.36 0.0
S040887 270.6038 27.1362 1.13e-21 7.987e-22 2.9579999999999996e-22 0.0 170.55 0.0
S040888 270.6133 27.1682 2.278e-17 5.678e-17 2.621e-16 0.0 168.61 1.0
S040889 270.5943 27.1361 1.2760000000000001e-20 1.9300000000000003e-20 3.321e-20 0.0 170.65 0.0
S040890 270.6157 27.1643 4.5030000000000005e-20 6.877e-20 1.177e-19 0.0 168.41 0.0
S040891 270.6088 27.1335 2.073e-18 2.215e-18 1.782e-18 0.0 170.53 0.0
S040892 270.6043 27.1585 1.1810000000000001e-20 2.0370000000000003e-20 4.4980000000000003e-20 0.0 169.09 0.0
S040893 270.6088 27.1656 1.393e-21 2.9450000000000002e-21 1.023e-20 0.0 168.6 0.0
S040894 270.6131 27.1367 2.128e-18 2.162e-18 1.583e-18 0.0 170.25 0.0
S040895 270.6086 27.1396 2.969e-20 4.1440000000000005e-20 5.951000000000001e-20 0.0 170.36 0.0
S040896 270.6025 27.1356 1.135e-19 1.443e-19 1.705e-19 0.0 170.6 0.0
S040897 270.6076 27.1661 1.738e-18 1.902e-18 1.689e-18 0.0 168.5 0.0
S040898 270.5977 27.1336 1.988e-19 2.496e-19 2.81e-19 0.0 170.88 0.0
S040899 270.6132 27.1708 1.0399999999999999e-22 2.7339999999999995e-22 1.412e-21 0.0 168.47 0.0
S040900 270.6051 27.1274 1.856e-21 3.666e-21 1.0710000000000001e-20 0.0 170.96 0.0
S040901 270.6266 27.1628 1.305e-14 8.603e-15 2.737e-15 0.0 168.43 0.0
S040902 270.6211 27.1729 1.483e-21 3.135e-21 1.049e-20 0.0 168.26 0.0
S040903 270.6086 27.1649 8.502999999999998e-22 6.431e-22 2.5779999999999995e-22 0.0 168.74 0.0
S040904 270.6103 27.1585 1.461e-21 1.014e-21 3.5239999999999997e-22 0.0 168.93 0.0
S040905 270.6228 27.1638 1.505e-17 3.228e-17 1.176e-16 0.0 168.76 0.0
S040906 270.5993 27.1304 3.163e-17 2.711e-17 1.436e-17 0.0 170.59 0.0
S040907 270.6158 27.173 8.688e-19 9.743e-19 8.705e-19 0.0 168.49 0.0
S040908 270.6316 27.1736 4.7660000000000004e-20 6.510000000000001e-20 8.942e-20 0.0 168.11 0.0
S040909 270.6036 27.1383 4.944e-18 4.632e-18 2.973e-18 0.0 170.42 0.0
S040910 270.61 27.1683 1.664e-17 3.661e-17 1.341e-16 0.0 168.63 0.0
S040911 270.6056 27.1256 1.397e-21 2.887e-21 9.444e-21 0.0 170.63 0.0
S040912 270.6119 27.1405 3.285e-23 1.0109999999999999e-22 7.686999999999999e-22 0.0 170.1 0.0
S040913 270.6085 27.1343 4.118e-18 4.048e-18 2.794e-18 0.0 170.51 0.0
S040914 270.6093 27.1605 1.678e-23 4.774e-23 3.028e-22 0.0 168.82 0.0
S040915 270.5995 27.1329 9.841999999999998e-22 2.037e-21 6.751e-21 0.0 170.64 0.0
S040916 270.5978 27.1338 3.367e-19 4.064e-19 4.416e-19 0.0 170.64 0.0
S040917 270.6131 27.167 5.961000000000001e-20 8.186e-20 1.118e-19 0.0 168.75 0.0
S040918 270.6147 27.1642 2.814e-17 2.4e-17 1.227e-17 0.0 168.67 0.0
S040919 270.6172 27.1679 2.688e-18 2.716e-18 1.999e-18 0.0 168.46 0.0
S040920 270.617 27.1708 1.6420000000000001e-21 3.178e-21 9.005e-21 0.0 168.51 1.0
S040921 270.606 27.1306 2.0769999999999998e-22 4.666999999999999e-22 1.758e-21 0.0 170.64 0.0
S040922 270.6019 27.1289 2.009e-19 2.361e-19 2.405e-19 0.0 170.55 0.0
S040923 270.6022 27.1339 1.009e-20 1.6820000000000002e-20 3.47e-20 0.0 170.35 0.0
S040924 270.6083 27.141 1.01e-19 1.405e-19 1.999e-19 0.0 170.05 0.0
S040925 270.6165 27.1707 1.162e-21 8.1789999999999995e-22 3.007e-22 0.0 168.43 1.0
S040926 270.5992 27.1331 5.303e-21 9.594000000000001e-21 2.405e-20 0.0 170.52 0.0
S040927 270.6177 27.1642 4.599e-22 1.0180000000000001e-21 3.9290000000000004e-21 0.0 168.59 0.0
S040928 270.5927 27.1334 2.2169999999999998e-23 7.298e-23 6.111999999999999e-22 0.0 170.72 0.0
S040929 270.6124 27.1616 1.159e-21 8.266999999999999e-22 3.045e-22 0.0 168.81 0.0
S040930 270.614 27.1632 6.359999999999999e-22 1.304e-21 4.172e-21 0.0 168.66 0.0
S040931 270.601 27.1251 8.142e-24 2.413e-23 1.6059999999999998e-22 0.0 170.73 0.0
S040932 270.6121 27.1348 2.048e-17 1.796e-17 9.566e-18 0.0 170.27 0.0
S040933 270.6012 27.131 1.829e-20 2.761e-20 4.7430000000000006e-20 0.0 170.39 0.0
S040934 270.6238 27.1691 6.876e-23 1.5579999999999999e-22 6.266e-22 0.0 168.33 0.0
S040935 270.6275 27.1675 4.331e-17 3.589e-17 1.778e-17 0.0 168.42 0.0
S040936 270.6019 27.1313 5.895000000000001e-20 8.536000000000001e-20 1.273e-19 0.0 170.61 0.0
S040937 270.6131 27.1352 1.194e-17 2.077e-17 4.486e-17 0.0 170.3 0.0
S040938 270.5935 27.1304 3.458e-19 4.332e-19 4.926e-19 0.0 170.61 0.0
S040939 270.6051 27.1337 3.0179999999999996e-22 6.838999999999999e-22 2.706e-21 0.0 170.46 0.0
S040940 270.6031 27.1302 2.74e-21 5.27e-21 1.495e-20 0.0 170.54 0.0
S040941 270.625 27.1742 3.861e-22 8.078999999999999e-22 2.718e-21 0.0 168.26 0.0
S040942 270.6211 27.1728 5.063e-22 1.13e-21 4.198e-21 0.0 168.36 0.0
S040943 270.5964 27.1234 8.881e-20 1.225e-19 1.751e-19 0.0 170.7 0.0
S040944 270.628 27.1713 3.299e-18 3.269e-18 2.299e-18 0.0 168.11 0.0
S040945 270.6178 27.1783 2.759e-19 3.334e-19 3.444e-19 0.0 168.35 0.0
S040946 270.6168 27.171 1.517e-17 2.795e-17 7.154e-17 0.0 168.39 0.0
S040947 270.6218 27.171 1.415e-17 2.417e-17 5.305e-17 0.0 168.4 0.0
S040948 270.6243 27.1721 1.772e-18 1.841e-18 1.442e-18 0.0 168.33 0.0
S040949 270.6041 27.1334 8.448e-18 7.926e-18 5.037e-18 0.0 170.42 0.0
S040950 270.6157 27.171 2.575e-23 7.179e-23 4.399e-22 0.001 168.46 0.0
S040951 270.6246 27.1684 5.493000000000001e-20 7.656000000000001e-20 1.099e-19 0.0 168.27 0.0
S040952 270.5847 27.1234 4.305e-17 3.634e-17 1.842e-17 0.0 170.89 0.0
S040953 270.623 27.1743 3.955e-20 5.672e-20 8.515000000000001e-20 0.0 168.29 0.0
S040954 270.611 27.1296 7.497e-23 1.53e-22 4.785999999999999e-22 0.0 170.44 0.0
S040955 270.6109 27.1256 7.116e-13 5.665e-13 2.587e-13 0.0 170.48 1.0
S040956 270.5995 27.1238 1.25e-19 1.688e-19 2.275e-19 0.0 170.71 0.0
S040957 270.6238 27.1766 1.801e-18 1.901e-18 1.566e-18 0.0 168.34 0.0
S040958 270.5998 27.1258 1.1210000000000001e-20 1.8140000000000002e-20 3.493e-20 0.0 170.71 0.0
S040959 270.5993 27.1306 4.535e-19 5.233e-19 4.972e-19 0.0 170.75 0.0
S040960 270.613 27.169 7.443e-17 5.877e-17 2.596e-17 0.0 168.62 1.0
S040961 270.6236 27.1721 1.146e-21 8.183999999999999e-22 2.904e-22 0.0 168.33 0.0
S040962 270.6286 27.1756 7.408e-23 1.863e-22 9.466e-22 0.0 168.24 1.0
S040963 270.6093 27.1222 3.87e-19 4.796e-19 5.352e-19 0.0 170.63 0.0
S040964 270.6008 27.123 3.631e-22 7.188e-22 2.233e-21 0.0 170.77 0.0
S040965 270.6237 27.1742 2.955e-17 5.036e-17 1.077e-16 0.0 168.36 0.0
S040966 270.6155 27.1697 9.627e-18 8.732e-18 5.296e-18 0.0 168.34 0.0
S040967 270.6278 27.182 1.272e-18 1.33e-18 1.024e-18 0.0 168.21 0.0
S040968 270.6139 27.1733 2.142e-23 5.972e-23 3.7429999999999994e-22 0.0 168.43 0.0
S040969 270.605 27.1314 3.074e-22 6.862999999999999e-22 2.575e-21 0.0 170.49 0.0
S040970 270.6019 27.1314 1.048e-18 1.025e-18 7.21e-19 0.0 170.53 0.0
S040971 270.6216 27.1714 1.46e-17 1.226e-17 6.318e-18 0.0 168.45 0.0
S040972 270.6135 27.1682 6.668e-24 1.901e-23 1.1639999999999998e-22 0.0 168.62 0.0
S040973 270.6048 27.1249 2.902e-18 4.786e-18 9.986e-18 0.0 170.6 0.0
S040974 270.6094 27.1228 5.496e-24 1.9259999999999998e-23 1.9609999999999997e-22 0.0 170.59 0.0
S040975 270.6193 27.1799 7.627e-17 2.052e-16 1.148e-15 0.0 168.29 1.0
S040976 270.6004 27.1236 5.622e-18 1.147e-17 3.648e-17 0.0 170.7 0.0
S040977 270.5963 27.1276 2.843e-21 5.224e-21 1.3580000000000002e-20 0.0 170.79 0.0
S040978 270.6264 27.1797 1.588e-21 1.086e-21 3.6349999999999997e-22 0.0 168.25 0.0
S040979 270.6152 27.1767 1.011e-17 8.933e-18 4.946e-18 0.0 168.59 0.0
S040980 270.6147 27.1708 7.156e-23 1.7919999999999999e-22 8.472999999999998e-22 0.0 168.54 0.0
S040981 270.6239 27.1814 4.273e-17 3.522e-17 1.703e-17 0.0 168.33 0.0
S040982 270.6294 27.1757 1.174e-16 9.658e-17 4.562e-17 0.0 168.18 0.0
S040983 270.6017 27.1288 1.8099999999999998e-22 3.9149999999999995e-22 1.404e-21 0.0 170.61 0.0
S040984 270.6136 27.1765 1.56e-21 1.059e-21 3.5799999999999995e-22 0.0 168.47 0.0
S040985 270.6215 27.1705 1.372e-19 1.942e-19 2.837e-19 0.0 168.48 0.0
S040986 270.5923 27.128 5.808999999999999e-22 1.294e-21 4.914e-21 0.0 170.68 0.0
S040987 270.6027 27.12 1.235e-20 1.9030000000000002e-20 3.423e-20 0.0 170.57 0.0
S040988 270.627 27.178 8.247999999999999e-22 1.678e-21 5.3440000000000004e-21 0.0 168.33 0.0
S040989 270.6063 27.1282 1.1459999999999999e-23 3.396e-23 2.3139999999999998e-22 0.0 170.49 0.0
S040990 270.5974 27.1209 6.712e-13 5.249e-13 2.257e-13 0.001 170.76 1.0
S040991 270.5964 27.1252 2.351e-23 5.9e-23 2.8699999999999997e-22 0.0 170.68 0.0
S040992 270.6265 27.1798 2.76e-22 5.899999999999999e-22 2.075e-21 0.0 168.21 0.0
S040993 270.5928 27.1205 6.319e-26 3.51e-25 9.201e-24 0.0 170.82 0.0
S040994 270.6255 27.1669 6.618000000000001e-20 9.099000000000001e-20 1.205e-19 0.0 168.59 0.0
S040995 270.6213 27.1802 4.721e-18 4.497e-18 3.104e-18 0.0 168.31 0.0
S040996 270.6136 27.1805 1.686e-18 1.714e-18 1.304e-18 0.0 168.44 0.0
S040997 270.6159 27.1823 2.17e-20 3.431e-20 6.243e-20 0.0 168.34 0.0
S040998 270.5993 27.1291 2.016e-22 4.525e-22 1.808e-21 0.0 170.61 0.0
S040999 270.6217 27.1794 1.544e-17 1.327e-17 7.408e-18 0.0 168.23 0.0
S041000 270.6367 27.1778 1.469e-16 3.491e-16 1.506e-15 0.0 168.13 1.0
S041001 270.5942 27.1223 1.446e-18 1.533e-18 1.237e-18 0.0 170.74 0.0
S041002 270.6249 27.1809 2.864e-23 7.460999999999999e-23 3.9289999999999995e-22 0.0 168.41 0.0
S041003 270.6244 27.1776 8.011e-16 5.973e-16 2.386e-16 0.0 168.39 0.0
S041004 270.6246 27.1815 5.3090000000000006e-20 7.51e-20 1.127e-19 0.0 168.31 0.0
S041005 270.611 27.1791 8.254e-13 6.337e-13 2.628e-13 0.0 168.49 1.0
S041006 270.5936 27.117 1.473e-18 1.599e-18 1.375e-18 0.0 170.77 0.0
S041007 270.5924 27.1254 1.284e-21 9.002e-22 3.1499999999999995e-22 0.0 170.71 0.0
S041008 270.5875 27.1192 2.008e-18 2.069e-18 1.605e-18 0.0 170.81 0.0
S041009 270.6181 27.178 1.837e-21 3.408e-21 8.682e-21 0.0 168.43 0.0
S041010 270.5968 27.1166 5.2480000000000005e-20 7.596000000000001e-20 1.173e-19 0.0 170.76 0.0
S041011 270.605 27.1263 3.65e-17 2.872e-17 1.295e-17 0.0 170.5 0.0
S041012 270.6109 27.1505 9.586e-17 7.713e-17 3.609e-17 0.0 165.79 0.0
S041013 270.6112 27.1505 2.151e-18 2.291e-18 1.863e-18 0.0 165.45 0.0
S041014 270.6108 27.1504 1.133e-21 8.081999999999999e-22 3.0639999999999997e-22 0.0 175.31 0.0
S041015 270.6108 27.1503 1.506e-18 1.617e-18 1.358e-18 0.0 175.27 0.0
S041016 270.611 27.1504 2.514e-17 2.257e-17 1.274e-17 0.0 165.85 0.0
S041017 270.6111 27.1503 5.645e-17 4.401e-17 1.981e-17 0.0 175.01 0.0
S041018 270.6112 27.1505 3.873e-13 2.783e-13 1.027e-13 0.0 165.59 0.0
S041019 270.6206 27.1769 8.117e-16 5.798e-16 2.137e-16 0.0 168.55 0.0
S041020 270.6001 27.1238 7.672e-18 7.022e-18 4.208e-18 0.0 170.59 0.0
S041021 270.5976 27.1213 3.931e-16 2.897e-16 1.127e-16 0.0 170.65 0.0
S041022 270.6269 27.1813 4.082e-15 2.693e-15 8.844e-16 0.0 168.3 0.0
S041023 270.5873 27.1148 1.656e-16 1.237e-16 5.128e-17 0.0 170.87 1.0
S041024 270.5861 27.1122 9.478e-21 1.5e-20 2.8410000000000003e-20 0.0 170.98 0.0
S041025 270.6394 27.1902 4.094e-17 3.52e-17 1.944e-17 0.0 167.94 0.0
S041026 270.6424 27.1919 1.033e-17 9.514e-18 5.724e-18 0.0 167.94 0.0
S041027 270.5779 27.1087 4.258e-17 3.651e-17 1.881e-17 0.0 171.17 0.0
S041028 270.5738 27.1055 1.09e-16 8.38e-17 3.707e-17 0.0 171.23 1.0
S041029 270.5704 27.1051 5.168e-13 4.248e-13 2e-13 0.0 171.29 1.0
S041030 270.5654 27.1031 1.541e-15 1.044e-15 3.475e-16 0.0 171.36 0.0
S041031 270.5643 27.1037 1.128e-17 1.016e-17 5.97e-18 0.0 171.45 0.0
S041032 270.6598 27.1983 5.975e-13 4.513e-13 1.89e-13 0.0 167.51 1.0
S041033 270.5553 27.1004 8.484e-18 8.051e-18 5.348e-18 0.0 171.56 0.0
S041034 270.6704 27.2005 1.951e-17 1.746e-17 9.968e-18 0.0 167.34 0.0
S041035 270.5493 27.0977 1.176e-14 7.573e-15 2.278e-15 0.0 171.64 0.0
S041036 270.6764 27.2077 9.670000000000001e-20 1.25e-19 1.566e-19 0.0 167.36 0.0
S041037 270.5468 27.0963 1.361e-18 1.495e-18 1.329e-18 0.0 171.68 0.0
S041038 270.5381 27.0904 1.43e-15 1.002e-15 3.507e-16 0.0 171.84 0.0
S041039 270.5358 27.0916 7.822e-18 7.548e-18 5.023e-18 0.0 171.79 0.0
S041040 270.526 27.0889 4.897e-16 3.597e-16 1.383e-16 0.0 171.88 0.0
S041041 270.532 27.0921 1.343e-15 8.758e-16 2.734e-16 0.0 171.84 0.0
S041042 270.5301 27.0909 2.268e-17 2.061e-17 1.219e-17 0.0 171.89 0.0
S041043 270.7039 27.213 1.232e-16 9.769e-17 4.544e-17 0.0 167.08 0.0
S041044 270.5208 27.0899 7.625e-17 1.89e-16 9.224e-16 0.0 171.87 1.0
S041045 270.5192 27.0902 2.527e-16 1.873e-16 7.296e-17 0.0 171.89 0.0
S041046 270.5208 27.0899 3.974e-17 3.321e-17 1.706e-17 0.0 171.95 0.0
S041047 270.5159 27.0906 2.048e-17 1.78e-17 9.937e-18 0.0 171.8 0.0
S041048 270.5139 27.0898 6.731e-20 9.251000000000001e-20 1.318e-19 0.0 171.85 0.0
S041049 270.7081 27.2087 4.58e-16 3.305e-16 1.26e-16 0.0 167.23 0.0
S041050 270.5228 27.0956 1.707e-21 3.398e-21 1.0030000000000001e-20 0.0 171.91 0.0
S041051 270.5161 27.0926 2.455e-15 1.6e-15 5.055e-16 0.0 171.84 0.0
S041052 270.7099 27.2094 9.222e-18 8.343e-18 5.019e-18 0.0 167.23 0.0
S041053 270.5097 27.0941 9.414e-19 1.03e-18 8.915e-19 0.0 171.74 0.0
S041054 270.5005 27.0922 2.852e-20 4.3180000000000003e-20 7.05e-20 0.0 171.63 0.0
S041055 270.7161 27.2048 1.996e-18 2.075e-18 1.651e-18 0.0 167.42 0.0
S041056 270.7122 27.2038 2.599e-18 2.496e-18 1.663e-18 0.0 167.4 0.0
S041057 270.7112 27.1985 6.735e-17 5.268e-17 2.375e-17 0.0 167.51 1.0
S041058 270.5089 27.1008 1.171e-17 1.997e-17 4.374e-17 0.0 171.34 0.0
S041059 270.5153 27.1072 4.855e-16 3.578e-16 1.441e-16 0.0 171.37 0.0
S041060 270.7062 27.1926 1.185e-16 3.485e-16 2.349e-15 0.0 167.65 1.0
S041061 270.5132 27.1071 4.783e-17 1.284e-16 7.097e-16 0.0 171.24 1.0
S041062 270.7098 27.1892 3.383e-16 2.439e-16 9.26e-17 0.0 167.9 0.0
S041063 270.7022 27.1862 1.228e-17 1.079e-17 6.041e-18 0.0 167.95 0.0
S041064 270.7031 27.184 1.68e-17 2.534e-17 4.228e-17 0.0 168.02 0.0
S041065 270.6991 27.1809 4.723e-17 4.013e-17 2.076e-17 0.0 168.09 0.0
S041066 270.5225 27.1218 1.097e-16 8.793e-17 3.959e-17 0.0 170.85 1.0
S041067 270.5236 27.1237 4.342e-16 3.131e-16 1.214e-16 0.0 170.8 0.0
S041068 270.6983 27.175 5.275e-16 3.697e-16 1.284e-16 0.0 168.34 0.0
S041069 270.6935 27.1717 1.221e-15 8.153e-16 2.721e-16 0.0 168.48 0.0
S041070 270.5317 27.1333 2.749e-17 4.554e-17 9.477e-17 0.0 170.52 0.0
S041071 270.5379 27.1391 1.126e-17 1.032e-17 6.315e-18 0.0 170.28 0.0
S041072 270.6886 27.1625 8.844e-17 6.929e-17 3.093e-17 0.0 168.72 1.0
S041073 270.5366 27.1392 1.548e-17 2.502e-17 4.966e-17 0.0 170.24 0.0
S041074 270.6725 27.1561 3.007e-15 2.004e-15 6.539e-16 0.0 168.96 0.0
S041075 270.554 27.1477 2.275e-16 1.714e-16 7.12e-17 0.0 170.03 1.0
S041076 270.5544 27.1528 1.165e-16 9.197e-17 4.065e-17 0.0 169.85 1.0
S041077 270.5637 27.156 4.112e-16 2.993e-16 1.129e-16 0.0 169.68 0.0
S041078 270.5666 27.1585 1.227e-16 9.61e-17 4.4e-17 0.0 169.63 1.0
S041079 270.5733 27.1641 1.932e-21 1.264e-21 3.9779999999999997e-22 0.0 169.43 0.0
S041080 270.6459 27.1361 5.591e-17 4.699e-17 2.352e-17 0.001 169.58 0.0
S041081 270.579 27.169 6.688e-16 4.76e-16 1.8e-16 0.0 169.31 0.0
S041082 270.6387 27.1305 7.605e-17 6.077e-17 2.773e-17 0.0 169.78 0.0
S041083 270.5895 27.1778 2.61e-18 4.323e-18 8.846e-18 0.0 169.04 0.0
S041084 270.6296 27.1251 6.567e-18 1.092e-17 2.222e-17 0.0 169.92 0.0
S041085 270.6223 27.1165 1.635e-21 1.109e-21 3.7169999999999997e-22 0.0 170.19 0.0
S041086 270.6161 27.1163 5.681e-16 4.081e-16 1.529e-16 0.0 170.2 0.0
S041087 270.6121 27.1922 6.666e-16 4.644e-16 1.639e-16 0.0 168.64 0.0
S041088 270.6157 27.1948 5.936e-16 4.284e-16 1.574e-16 0.0 168.56 0.0
S041089 270.6004 27.1048 5.716e-16 4.186e-16 1.667e-16 0.0 170.59 0.0
S041090 270.5931 27.1003 2.933e-16 2.211e-16 9.22e-17 0.0 170.7 1.0
S041091 270.6333 27.205 9.516e-18 1.867e-17 5.49e-17 0.0 168.31 0.0
S041092 270.5847 27.0977 3.68e-15 2.614e-15 9.167e-16 0.0 170.85 0.0
S041093 270.6477 27.2084 1.023e-16 7.6e-17 3.098e-17 0.0 168.12 0.0
S041094 270.6535 27.2116 1.033e-16 7.906e-17 3.386e-17 0.0 167.92 1.0
S041095 270.6562 27.2154 1.898e-16 1.431e-16 5.941e-17 0.0 167.99 1.0
S041096 270.5621 27.0848 9.692e-18 1.934e-17 5.799e-17 0.0 171.23 0.0
S041097 270.6662 27.22 1.352e-16 1.022e-16 4.269e-17 0.0 167.71 1.0
S041098 270.5445 27.0771 3.676e-16 2.724e-16 1.081e-16 0.0 171.44 0.0
S041099 270.538 27.0779 1.965e-15 1.338e-15 4.411e-16 0.0 171.53 0.0
S041100 270.5372 27.0735 1.916e-17 1.634e-17 8.624e-18 0.0 171.61 0.0
S041101 270.5377 27.0688 4.508e-17 3.677e-17 1.722e-17 0.0 171.49 0.0
S041102 270.5294 27.0702 1.031e-17 8.89e-18 4.656e-18 0.0 171.57 0.0
S041103 270.6956 27.2333 1.805e-16 1.355e-16 5.77e-17 0.0 167.37 1.0
S041104 270.7068 27.2352 2.68e-17 2.246e-17 1.131e-17 0.0 167.26 0.0
S041105 270.7101 27.2384 1.1e-16 9.292e-17 4.832e-17 0.0 167.29 0.0
S041106 270.508 27.067 5.387e-16 3.935e-16 1.534e-16 0.0 171.94 0.0
S041107 270.511 27.0665 1.514e-16 1.137e-16 4.697e-17 0.0 171.87 0.0
S041108 270.5076 27.0645 1.698e-16 1.277e-16 5.165e-17 0.0 171.9 0.0
S041109 270.7218 27.2358 5.558e-16 4.02e-16 1.567e-16 0.0 167.13 0.0
S041110 270.7349 27.2422 3.749e-13 2.885e-13 1.231e-13 0.0 167.04 1.0
S041111 270.7278 27.2359 8.42e-18 7.568e-18 4.53e-18 0.0 167.04 0.0
S041112 270.7309 27.2381 2.507e-16 1.873e-16 7.422e-17 0.0 167.06 1.0
S041113 270.7347 27.2376 1.59e-17 2.556e-17 5.072e-17 0.0 166.99 0.0
S041114 270.7313 27.2349 1.016e-15 7.202e-16 2.763e-16 0.0 167.03 0.0
S041115 270.7502 27.2425 4.911e-16 3.652e-16 1.451e-16 0.0 167.0 0.0
S041116 270.4781 27.0643 3.573e-17 3.006e-17 1.613e-17 0.0 171.96 0.0
S041117 270.4678 27.0618 5.312e-14 7.655e-14 1.136e-13 0.0 171.96 0.0
S041118 270.4781 27.0655 3.482e-15 2.356e-15 7.923e-16 0.0 172.02 0.0
S041119 270.4704 27.0634 3.962e-16 2.942e-16 1.18e-16 0.0 171.9 0.0
S041120 270.7444 27.2295 1.591e-17 1.46e-17 8.937e-18 0.0 167.16 0.0
S041121 270.7482 27.2291 5.258e-16 3.839e-16 1.499e-16 0.0 167.16 0.0
S041122 270.4616 27.0684 1.935e-16 1.454e-16 6.166e-17 0.0 171.86 1.0
S041123 270.7512 27.2261 1.954e-16 1.489e-16 6.121e-17 0.0 167.26 1.0
S041124 270.7522 27.2281 1.335e-15 9.418e-16 3.488e-16 0.0 167.31 0.0
S041125 270.7449 27.2222 4.141e-16 3.178e-16 1.306e-16 0.0 167.31 1.0
S041126 270.7423 27.2174 2.687e-16 1.964e-16 7.729e-17 0.0 167.36 0.0
S041127 270.4712 27.0839 5.134e-16 3.965e-16 1.644e-16 0.0 171.6 0.0
S041128 270.4657 27.0805 1.306e-15 9.358e-16 3.388e-16 0.0 171.53 0.0
S041129 270.7534 27.2167 2.862e-15 1.967e-15 6.828e-16 0.0 167.57 0.0
S041130 270.739 27.2059 2.023e-18 2.09e-18 1.633e-18 0.0 167.71 0.0
S041131 270.4744 27.093 2.663e-17 4.649e-17 1.07e-16 0.0 171.31 0.0
S041132 270.4725 27.0907 1.222e-15 8.419e-16 2.831e-16 0.0 171.38 0.0
S041133 270.4814 27.1004 5.406e-16 3.982e-16 1.565e-16 0.0 171.14 0.0
S041134 270.7424 27.1991 1.66e-16 1.271e-16 5.261e-17 0.0 167.97 1.0
S041135 270.4917 27.1105 5.57e-18 5.444e-18 3.763e-18 0.0 170.91 0.0
S041136 270.7215 27.1879 4.321e-17 3.697e-17 1.94e-17 0.0 168.18 0.0
S041137 270.7249 27.1849 4.408e-17 3.514e-17 1.623e-17 0.0 168.3 0.0
S041138 270.7185 27.1791 4.111e-19 4.475e-19 3.967e-19 0.0 168.39 0.0
S041139 270.7262 27.1819 2.857e-16 2.085e-16 8.122e-17 0.0 168.29 0.0
S041140 270.7091 27.1697 4.799e-17 3.94e-17 1.908e-17 0.0 168.69 0.0
S041141 270.5108 27.1333 9.502e-18 1.728e-17 4.473e-17 0.0 170.34 0.0
S041142 270.5175 27.137 3.617e-16 2.76e-16 1.13e-16 0.0 170.25 1.0
S041143 270.6928 27.1557 2.963e-18 2.919e-18 1.99e-18 0.0 169.06 0.0
S041144 270.5325 27.1499 3.005e-17 2.588e-17 1.37e-17 0.0 169.97 0.0
S041145 270.532 27.1454 6.296e-17 5.061e-17 2.346e-17 0.0 170.0 0.0
S041146 270.6874 27.1495 1.443e-17 2.456e-17 5.341e-17 0.0 169.09 0.0
S041147 270.5428 27.1591 5.2890000000000006e-20 7.388000000000001e-20 1.068e-19 0.0 169.74 0.0
S041148 270.5548 27.1651 1.756e-18 1.834e-18 1.518e-18 0.0 169.52 0.0
S041149 270.6664 27.1338 7.166e-13 5.985e-13 2.923e-13 0.0 169.52 1.0
S041150 270.5618 27.1716 5.706e-16 4.271e-16 1.661e-16 0.0 169.43 1.0
S041151 270.654 27.1235 5.671e-16 3.995e-16 1.48e-16 0.0 169.82 0.0
S041152 270.5744 27.179 4.245e-17 5.989e-17 8.702e-17 0.0 169.19 0.0
S041153 270.5839 27.185 1.844e-16 1.338e-16 5.195e-17 0.0 168.99 0.0
S041154 270.6325 27.1142 8.194e-18 1.529e-17 3.876e-17 0.0 170.06 0.0
S041155 270.6226 27.1062 4.86e-17 3.944e-17 1.884e-17 0.0 170.26 0.0
S041156 270.6075 27.1975 1.027e-15 7.187e-16 2.581e-16 0.0 168.73 0.0
S041157 270.6129 27.2044 2.771e-17 2.386e-17 1.27e-17 0.0 168.59 0.0
S041158 270.6022 27.0948 3.607e-19 4.283e-19 4.28e-19 0.001 170.52 0.0
S041159 270.6267 27.2103 4.009e-18 7.016e-18 1.621e-17 0.0 168.4 0.0
S041160 270.5865 27.089 3.205e-16 2.388e-16 9.573e-17 0.0 170.76 0.0
S041161 270.6427 27.2199 5.977e-18 5.52e-18 3.452e-18 0.0 168.16 0.0
S041162 270.5698 27.0774 1.36e-17 3.005e-17 1.146e-16 0.0 170.95 0.0
S041163 270.6544 27.2269 2.385e-17 1.982e-17 9.777e-18 0.0 168.01 0.0
S041164 270.5574 27.0646 1.075e-15 7.837e-16 2.997e-16 0.0 171.14 0.0
S041165 270.6752 27.2332 9.113e-16 6.55e-16 2.475e-16 0.0 167.83 0.0
S041166 270.5391 27.0596 4.512e-17 3.646e-17 1.699e-17 0.0 171.27 0.0
S041167 270.6871 27.2428 1.909e-17 3.227e-17 6.553e-17 0.0 167.63 0.0
S041168 270.5282 27.0549 2.098e-16 1.621e-16 6.869e-17 0.0 171.4 1.0
S041169 270.5238 27.0531 1.342e-16 1.062e-16 4.763e-17 0.0 171.47 1.0
S041170 270.5139 27.0544 7.627e-15 5.029e-15 1.519e-15 0.0 171.69 0.0
S041171 270.5089 27.0525 3.433e-16 2.538e-16 9.833e-17 0.0 171.62 0.0
S041172 270.4988 27.0447 6.124e-16 4.213e-16 1.455e-16 0.0 171.72 0.0
S041173 270.7164 27.2525 9.873e-17 7.737e-17 3.343e-17 0.0 167.31 1.0
S041174 270.7334 27.2633 2.109e-15 1.476e-15 5.177e-16 0.0 167.17 0.0
S041175 270.7328 27.2535 8.597e-18 1.561e-17 3.845e-17 0.0 167.09 0.0
S041176 270.4811 27.0384 8.323e-18 1.812e-17 6.328e-17 0.0 171.9 0.0
S041177 270.4725 27.0404 5.757e-17 4.711e-17 2.272e-17 0.0 171.95 0.0
S041178 270.4744 27.0422 3.216e-17 2.612e-17 1.23e-17 0.0 172.02 0.0
S041179 270.7513 27.2619 6.315e-13 5.258e-13 2.551e-13 0.0 167.08 1.0
S041180 270.7735 27.272 1.928e-17 1.57e-17 7.515e-18 0.0 167.04 0.0
S041181 270.7635 27.2626 1.847e-17 3.859e-17 1.27e-16 0.0 166.95 0.0
S041182 270.7744 27.2664 8.333e-18 7.834e-18 5.155e-18 0.0 166.99 0.0
S041183 270.4561 27.0427 7.283e-17 5.921e-17 2.901e-17 0.0 172.12 0.0
S041184 270.7718 27.2599 4.885e-15 3.229e-15 1.027e-15 0.0 166.96 0.0
S041185 270.4437 27.0398 1.016e-16 8.135e-17 3.768e-17 0.0 172.1 0.0
S041186 270.4343 27.0374 1.974e-16 1.453e-16 5.8e-17 0.0 172.0 0.0
S041187 270.7803 27.2577 1.121e-17 9.677e-18 5.221e-18 0.0 167.02 0.0
S041188 270.4393 27.0449 3.455e-18 5.799e-18 1.269e-17 0.0 172.06 0.0
S041189 270.4453 27.0498 1.855e-16 1.395e-16 5.621e-17 0.0 171.93 0.0
S041190 270.7898 27.2563 1.022e-16 7.865e-17 3.351e-17 0.0 167.01 1.0
S041191 270.7798 27.2482 8.226e-18 1.285e-17 2.353e-17 0.0 167.16 0.0
S041192 270.7852 27.2474 4.759e-16 3.351e-16 1.235e-16 0.0 167.06 0.0
S041193 270.7893 27.2478 1.498e-15 1.059e-15 3.705e-16 0.0 167.13 0.0
S041194 270.4491 27.0639 1.258e-15 8.958e-16 3.33e-16 0.001 171.8 0.0
S041195 270.7859 27.2406 8.451e-21 1.5e-20 3.5020000000000005e-20 0.0 167.32 0.0
S041196 270.5929 27.1172 6.231e-19 7.167e-19 6.884e-19 0.0 170.87 0.0
S041197 270.5858 27.1124 2.1870000000000002e-25 9.267e-25 1.321e-23 0.0 171.03 0.0
S041198 270.6398 27.1881 1.377e-19 1.784e-19 2.182e-19 0.0 167.99 0.0
S041199 270.5852 27.1138 1.466e-14 9.677e-15 3.086e-15 0.0 171.04 0.0
S041200 270.5793 27.1119 9.751e-18 8.543e-18 4.788e-18 0.0 171.09 0.0
S041201 270.6405 27.1896 6.513e-18 6.146e-18 3.959e-18 0.0 167.84 0.0
S041202 270.6458 27.1965 8.695e-18 1.406e-17 2.832e-17 0.0 167.83 0.0
S041203 270.5729 27.1076 1.037e-21 7.469e-22 2.7589999999999997e-22 0.0 171.33 0.0
S041204 270.6536 27.1919 1.4340000000000001e-21 9.822e-22 3.4259999999999996e-22 0.0 167.71 0.0
S041205 270.6493 27.1944 2.892e-25 1.2039999999999999e-24 1.683e-23 0.0 167.71 0.0
S041206 270.5666 27.1083 2.645e-17 3.909e-17 6.173e-17 0.0 171.36 0.0
S041207 270.5686 27.1065 1.511e-15 1.046e-15 3.6e-16 0.0 171.43 0.0
S041208 270.6559 27.1963 2.276e-17 1.96e-17 1.031e-17 0.0 167.64 0.0
S041209 270.6637 27.2026 2.944e-23 6.751e-23 2.6839999999999997e-22 0.0 167.44 0.0
S041210 270.6673 27.1969 9.025e-23 2.1859999999999996e-22 9.953e-22 0.0 167.31 0.0
S041211 270.6651 27.1968 1.147e-19 1.646e-19 2.442e-19 0.0 167.35 0.0
S041212 270.6678 27.2046 2.01e-17 1.7e-17 8.753e-18 0.0 167.31 0.0
S041213 270.6608 27.1993 1.229e-17 1.827e-17 2.869e-17 0.0 167.38 0.0
S041214 270.5507 27.1007 2.9630000000000002e-21 5.457e-21 1.4470000000000002e-20 0.0 171.69 0.0
S041215 270.5373 27.0923 7.235e-18 1.146e-17 2.094e-17 0.0 171.82 0.0
S041216 270.6792 27.205 1.011e-17 1.678e-17 3.613e-17 0.0 167.18 0.0
S041217 270.6823 27.2014 1.04e-17 1.966e-17 5.209e-17 0.0 167.34 1.0
S041218 270.5414 27.0986 9.105e-17 7.321e-17 3.507e-17 0.0 171.79 0.0
S041219 270.692 27.2082 6.064e-18 1.138e-17 3.078e-17 0.0 167.2 0.0
S041220 270.697 27.2127 4.142e-24 1.361e-23 1.169e-22 0.0 167.2 0.0
S041221 270.536 27.0939 1.469e-17 2.755e-17 7.217e-17 0.0 171.83 0.0
S041222 270.5259 27.0939 1.538e-17 2.157e-17 3.031e-17 0.0 171.86 0.0
S041223 270.5306 27.0892 4.29e-23 1.158e-22 6.5149999999999995e-22 0.0 171.92 0.0
S041224 270.7031 27.2079 2.616e-17 2.242e-17 1.176e-17 0.0 167.12 0.0
S041225 270.5175 27.0911 1.257e-21 2.469e-21 7.314e-21 0.0 171.84 0.0
S041226 270.6962 27.208 7.867999999999999e-23 1.8379999999999997e-22 7.488999999999999e-22 0.0 167.17 0.0
S041227 270.7014 27.2091 4.11e-17 3.395e-17 1.722e-17 0.0 167.18 0.0
S041228 270.5201 27.0917 2.318e-18 2.244e-18 1.574e-18 0.0 171.84 0.0
S041229 270.7092 27.2124 3.409e-17 2.742e-17 1.265e-17 0.0 167.1 0.0
S041230 270.52 27.0982 1.76e-17 2.875e-17 5.528e-17 0.0 171.79 0.0
S041231 270.7093 27.2109 5.361e-17 4.373e-17 2.042e-17 0.0 167.2 0.0
S041232 270.5118 27.0975 8.392e-19 9.584e-19 8.719e-19 0.0 171.79 0.0
S041233 270.6951 27.2023 3.599e-13 2.96e-13 1.458e-13 0.0 167.3 1.0
S041234 270.723 27.2144 9.687e-18 8.756e-18 5.025e-18 0.0 167.26 0.0
S041235 270.709 27.2046 1.319e-17 2.596e-17 7.567e-17 0.0 167.31 0.0
S041236 270.7145 27.2038 2.499e-18 4.173e-18 8.291e-18 0.0 167.33 0.0
S041237 270.7138 27.2057 7.465000000000001e-20 1.068e-19 1.557e-19 0.001 167.29 0.0
S041238 270.5146 27.0964 1.262e-22 3.3669999999999996e-22 1.887e-21 0.0 171.57 0.0
S041239 270.509 27.0968 2.105e-16 1.544e-16 6.212e-17 0.0 171.58 0.0
S041240 270.5162 27.1024 8.859e-18 8.641e-18 5.78e-18 0.0 171.59 0.0
S041241 270.5102 27.1026 1.249e-20 1.9710000000000003e-20 3.753e-20 0.0 171.56 0.0
S041242 270.7035 27.1945 6.714e-13 4.804e-13 1.768e-13 0.0 167.63 0.0
S041243 270.6958 27.1913 1.202e-18 1.277e-18 1.035e-18 0.0 167.66 0.0
S041244 270.5159 27.1084 9.455e-24 2.749e-23 1.897e-22 0.0 171.31 0.0
S041245 270.7006 27.1907 1.526e-17 2.189e-17 3.338e-17 0.0 167.71 0.0
S041246 270.5111 27.1029 2.051e-17 2.976e-17 4.601e-17 0.0 171.41 0.0
S041247 270.7095 27.1929 1.125e-17 1.024e-17 6.054e-18 0.0 167.78 0.0
S041248 270.7049 27.1922 8.955e-17 7.169e-17 3.33e-17 0.0 167.83 0.0
S041249 270.6914 27.1797 1.409e-24 5.139e-24 5.425e-23 0.0 168.02 0.0
S041250 270.5192 27.1149 7.255999999999999e-22 1.414e-21 4.158e-21 0.0 171.09 0.0
S041251 270.5242 27.1237 3.4169999999999996e-23 9.083e-23 4.946e-22 0.0 170.83 0.0
S041252 270.6857 27.1764 2.092e-21 4.156e-21 1.244e-20 0.0 168.29 0.0
S041253 270.7069 27.1788 6.243e-19 6.98e-19 6.57e-19 0.0 168.2 0.0
S041254 270.5243 27.1256 2.76e-17 6.357e-17 2.672e-16 0.0 170.75 1.0
S041255 270.5323 27.1307 9.197e-18 1.62e-17 3.752e-17 0.0 170.61 0.0
S041256 270.5432 27.1342 1.407e-17 2.435e-17 5.594e-17 0.0 170.51 0.0
S041257 270.6936 27.1693 2.983e-17 4.354e-17 6.655e-17 0.0 168.46 0.0
S041258 270.6759 27.1633 3.094e-18 4.545e-18 7.213e-18 0.0 168.7 0.0
S041259 270.531 27.1313 2.275e-18 2.25e-18 1.584e-18 0.0 170.56 0.0
S041260 270.6843 27.1648 3.404e-17 6.859e-17 2.059e-16 0.0 168.64 1.0
S041261 270.5423 27.144 1.9959999999999998e-22 4.409e-22 1.6330000000000001e-21 0.0 170.11 0.0
S041262 270.6735 27.1633 3.6600000000000005e-20 5.569e-20 9.784e-20 0.0 168.67 0.0
S041263 270.6745 27.1525 3.567e-16 2.591e-16 1.008e-16 0.0 169.01 0.0
S041264 270.683 27.1587 3.899e-20 5.618e-20 8.484000000000001e-20 0.0 168.8 0.0
S041265 270.5537 27.1504 1.528e-16 1.211e-16 5.522e-17 0.0 169.94 1.0
S041266 270.6642 27.1469 1.528e-18 1.509e-18 1.047e-18 0.0 169.18 0.0
S041267 270.5582 27.1572 1.222e-17 1.747e-17 2.644e-17 0.0 169.68 0.0
S041268 270.561 27.1537 2.858e-17 2.397e-17 1.207e-17 0.0 169.81 0.0
S041269 270.6453 27.1367 2.376e-18 2.506e-18 2.012e-18 0.0 169.61 0.0
S041270 270.6478 27.1384 9.897e-18 1.407e-17 2.072e-17 0.0 169.52 0.0
S041271 270.5798 27.1703 2.828e-18 2.889e-18 2.177e-18 0.0 169.26 0.0
S041272 270.5751 27.1679 5.4210000000000005e-20 7.376000000000001e-20 1.003e-19 0.0 169.41 0.0
S041273 270.5855 27.1791 1.047e-19 1.351e-19 1.642e-19 0.0 169.02 0.0
S041274 270.634 27.1161 2.111e-19 2.637e-19 3.023e-19 0.0 169.96 0.0
S041275 270.5856 27.1764 4.949e-18 4.7e-18 3.047e-18 0.0 169.11 0.0
S041276 270.6369 27.1231 3.769e-16 2.749e-16 1.048e-16 0.0 169.95 0.0
S041277 270.6262 27.122 2.749e-18 2.819e-18 2.157e-18 0.0 170.06 0.0
S041278 270.6317 27.1174 3.432e-16 2.547e-16 1.033e-16 0.0 170.14 0.0
S041279 270.6067 27.1914 4.031e-17 3.364e-17 1.657e-17 0.0 168.75 0.0
S041280 270.6077 27.1103 5.318e-17 9.233e-17 2.121e-16 0.0 170.38 0.0
S041281 270.613 27.1153 2.105e-21 4.141e-21 1.2390000000000002e-20 0.0 170.38 0.0
S041282 270.6219 27.1917 8.757e-18 1.555e-17 3.71e-17 0.0 168.53 0.0
S041283 270.6032 27.1067 1.894e-18 3.559e-18 9.49e-18 0.0 170.58 0.0
S041284 270.618 27.1932 5.728e-17 4.793e-17 2.357e-17 0.0 168.54 0.0
S041285 270.5943 27.1017 2.94e-18 2.97e-18 2.226e-18 0.0 170.68 0.0
S041286 270.6329 27.1973 2.652e-23 7.102999999999999e-23 4.054e-22 0.0 168.28 0.0
S041287 270.5805 27.099 2.187e-16 1.667e-16 7.246e-17 0.0 170.85 1.0
S041288 270.581 27.0974 2.821e-22 6.108999999999999e-22 2.194e-21 0.0 170.93 0.0
S041289 270.5762 27.0951 4.916e-23 1.337e-22 7.817999999999999e-22 0.0 171.01 0.0
S041290 270.649 27.2129 2.218e-16 1.606e-16 6.288e-17 0.0 167.99 0.0
S041291 270.6613 27.2185 3.455e-18 3.478e-18 2.454e-18 0.0 167.89 0.0
S041292 270.6546 27.2178 1.555e-17 1.358e-17 7.147e-18 0.0 167.76 0.0
S041293 270.5487 27.0782 3.013e-18 2.984e-18 2.083e-18 0.0 171.3 0.0
S041294 270.5628 27.0892 8.26e-19 9.439e-19 8.935e-19 0.0 171.22 0.0
S041295 270.5536 27.0836 3.468e-17 2.779e-17 1.289e-17 0.001 171.4 0.0
S041296 270.5568 27.0839 2.767e-16 2.101e-16 8.831e-17 0.0 171.31 0.0
S041297 270.6809 27.2257 1.488e-16 1.142e-16 4.744e-17 0.0 167.63 1.0
S041298 270.5465 27.0738 1.103e-21 7.791999999999999e-22 2.8259999999999997e-22 0.0 171.46 0.0
S041299 270.6885 27.2314 5.898e-17 4.801e-17 2.212e-17 0.0 167.51 0.0
S041300 270.6907 27.2376 1.7540000000000003e-20 2.914e-20 5.893000000000001e-20 0.0 167.43 0.0
S041301 270.704 27.2291 2.0830000000000002e-20 3.3010000000000005e-20 6.2e-20 0.0 167.28 0.0
S041302 270.52 27.068 3.378e-17 2.809e-17 1.42e-17 0.0 171.76 0.0
S041303 270.6931 27.232 1.571e-17 2.738e-17 6.254e-17 0.0 167.3 0.0
S041304 270.5185 27.0735 6.681e-22 1.403e-21 4.871e-21 0.0 171.71 0.0
S041305 270.5097 27.0654 3.711e-19 4.633e-19 5.295e-19 0.0 171.82 0.0
S041306 270.7163 27.2376 7.638e-17 6.088e-17 2.773e-17 0.0 167.15 1.0
S041307 270.5166 27.0646 1.635e-19 2.036e-19 2.328e-19 0.0 171.72 0.0
S041308 270.7188 27.2331 4.002e-24 1.2529999999999999e-23 9.941e-23 0.0 167.05 0.0
S041309 270.4964 27.0591 1.2640000000000001e-20 1.9860000000000002e-20 3.5930000000000004e-20 0.0 171.97 0.0
S041310 270.4933 27.0499 1.279e-19 1.674e-19 2.157e-19 0.0 171.95 0.0
S041311 270.7419 27.2445 5.952e-17 4.795e-17 2.218e-17 0.0 166.98 0.0
S041312 270.711 27.2305 1.208e-16 9.792e-17 4.54e-17 0.0 167.03 0.0
S041313 270.7388 27.2387 1.883e-17 3.326e-17 8.158e-17 0.0 167.02 0.0
S041314 270.4991 27.0687 1.1550000000000001e-20 1.7610000000000003e-20 3.167e-20 0.0 172.0 0.0
S041315 270.4911 27.0623 1.563e-16 1.162e-16 4.614e-17 0.001 171.96 0.0
S041316 270.7304 27.2374 3.189e-20 4.8980000000000003e-20 8.523e-20 0.0 167.03 0.0
S041317 270.4922 27.0609 2.589e-18 2.587e-18 1.89e-18 0.0 172.04 0.0
S041318 270.4916 27.064 1.38e-17 1.218e-17 6.81e-18 0.0 171.95 0.0
S041319 270.4921 27.0653 1.297e-16 1.022e-16 4.481e-17 0.0 171.97 1.0
S041320 270.7376 27.2356 1.119e-17 1.885e-17 3.999e-17 0.0 166.96 0.0
S041321 270.7383 27.2343 1.743e-17 1.631e-17 9.997e-18 0.0 167.1 0.0
S041322 270.465 27.0566 2.034e-15 1.386e-15 4.684e-16 0.0 171.93 0.0
S041323 270.7692 27.2468 8.63e-18 1.249e-17 1.922e-17 0.0 167.03 0.0
S041324 270.4627 27.0587 1.495e-15 1.045e-15 3.765e-16 0.0 171.97 0.0
S041325 270.4669 27.0637 1.739e-16 1.296e-16 5.207e-17 0.0 171.83 0.0
S041326 270.4666 27.0658 1.327e-16 1.01e-16 4.129e-17 0.0 171.89 1.0
S041327 270.4563 27.0644 1.795e-17 1.552e-17 8.688e-18 0.0 171.9 0.0
S041328 270.4561 27.0667 6.239e-18 1.223e-17 3.551e-17 0.0 171.87 0.0
S041329 270.7523 27.2271 9.093e-18 8.682e-18 5.454e-18 0.0 167.24 0.0
S041330 270.4643 27.0704 9.476e-18 1.325e-17 1.98e-17 0.0 171.72 0.0
S041331 270.753 27.2274 1.193e-21 8.415999999999999e-22 3.1289999999999996e-22 0.0 167.32 0.0
S041332 270.477 27.0795 5.368e-13 4.065e-13 1.674e-13 0.0 171.66 1.0
S041333 270.4751 27.0845 2.749e-23 7.200999999999999e-23 3.831e-22 0.0 171.63 0.0
S041334 270.4569 27.0779 2.243e-17 1.913e-17 1.024e-17 0.0 171.63 0.0
S041335 270.732 27.2089 1.207e-16 9.343e-17 3.959e-17 0.0 167.46 1.0
S041336 270.7665 27.2203 8.682e-23 2.0349999999999997e-22 8.437999999999999e-22 0.0 167.48 0.0
S041337 270.4872 27.0926 1.04e-18 1.22e-18 1.221e-18 0.0 171.46 0.0
S041338 270.4716 27.0905 6.056e-22 1.275e-21 4.196e-21 0.0 171.34 0.0
S041339 270.7518 27.2067 5.712e-17 4.676e-17 2.313e-17 0.0 167.64 0.0
S041340 270.5018 27.108 8.651e-17 6.778e-17 3.004e-17 0.0 171.15 0.0
S041341 270.7323 27.2024 1.143e-17 2.081e-17 5.096e-17 0.0 167.86 0.0
S041342 270.7262 27.1934 1.173e-18 1.269e-18 1.075e-18 0.0 167.99 0.0
S041343 270.4921 27.1078 1.68e-17 2.655e-17 4.789e-17 0.0 171.05 0.0
S041344 270.7337 27.1935 7.227e-17 5.936e-17 2.984e-17 0.0 168.07 0.0
S041345 270.7411 27.1897 3.344e-18 3.375e-18 2.464e-18 0.0 168.06 0.0
S041346 270.7261 27.1907 1.528e-16 1.144e-16 4.624e-17 0.0 168.09 0.0
S041347 270.4879 27.1039 1.4549999999999998e-23 4.417e-23 3.0469999999999996e-22 0.0 171.02 0.0
S041348 270.5032 27.1222 1.121e-17 2.191e-17 6.379e-17 0.0 170.69 0.0
S041349 270.5036 27.1223 2.382e-16 1.812e-16 7.469e-17 0.001 170.59 1.0
S041350 270.4933 27.1128 1.916e-17 3.779e-17 1.091e-16 0.0 170.73 0.0
S041351 270.5075 27.1319 1.916e-17 1.648e-17 8.414e-18 0.0 170.46 0.0
S041352 270.5046 27.1239 4.125e-17 3.397e-17 1.685e-17 0.0 170.46 0.0
S041353 270.697 27.1651 1.772e-17 1.556e-17 8.542e-18 0.0 168.71 0.0
S041354 270.5215 27.1392 6.355e-22 1.236e-21 3.618e-21 0.0 170.17 0.0
S041355 270.5229 27.1345 1.522e-18 1.546e-18 1.148e-18 0.0 170.27 0.0
S041356 270.5315 27.1463 2.101e-15 1.473e-15 5.137e-16 0.0 169.94 0.0
S041357 270.6964 27.16 1.067e-18 1.132e-18 9.098e-19 0.0 168.88 0.0
S041358 270.6902 27.1572 3.124e-19 3.813e-19 4.186e-19 0.0 168.95 0.0
S041359 270.5325 27.1456 1.808e-17 1.505e-17 7.52e-18 0.0 170.04 0.0
S041360 270.6718 27.1382 1.2489999999999999e-23 3.177e-23 1.5719999999999998e-22 0.0 169.38 0.0
S041361 270.5594 27.166 1.168e-16 9.139e-17 4.113e-17 0.0 169.56 1.0
S041362 270.541 27.1541 1.8069999999999999e-22 4.1609999999999996e-22 1.675e-21 0.0 169.8 0.0
S041363 270.6668 27.1333 1.671e-17 3.228e-17 9.143e-17 0.0 169.5 0.0
S041364 270.5598 27.1702 2.2099999999999998e-22 5.261999999999999e-22 2.271e-21 0.0 169.41 0.0
S041365 270.565 27.1793 7.058e-17 5.788e-17 2.862e-17 0.0 169.27 0.0
S041366 270.6468 27.1245 1.704e-19 2.198e-19 2.564e-19 0.0 169.8 0.0
S041367 270.6422 27.1142 8.823e-22 1.9410000000000002e-21 6.998e-21 0.0 169.96 0.0
S041368 270.6396 27.1128 7.021e-24 2.2659999999999998e-23 1.8539999999999998e-22 0.0 169.99 0.0
S041369 270.5884 27.1946 1.392e-17 2.308e-17 4.728e-17 0.0 168.96 0.0
S041370 270.5775 27.1782 3.8680000000000005e-20 5.707e-20 9.025000000000001e-20 0.0 169.18 0.0
S041371 270.6025 27.1965 5.389e-16 3.936e-16 1.475e-16 0.0 168.78 0.0
S041372 270.6094 27.0915 5.614e-19 6.387e-19 6.044e-19 0.0 170.37 0.0
S041373 270.6171 27.1016 1.4490000000000001e-21 2.711e-21 7.165e-21 0.0 170.37 0.0
S041374 270.6108 27.1022 3.9730000000000003e-20 6.003000000000001e-20 1.026e-19 0.0 170.35 0.0
S041375 270.6003 27.0904 2.292e-17 1.964e-17 1.018e-17 0.0 170.5 0.0
S041376 270.5902 27.0876 1.734e-17 3.822e-17 1.416e-16 0.0 170.59 0.0
S041377 270.5853 27.0921 1.074e-16 8.312e-17 3.634e-17 0.0 170.6 1.0
S041378 270.6363 27.2117 1.521e-17 2.194e-17 3.413e-17 0.0 168.33 0.0
S041379 270.6434 27.2249 2.5e-17 4.539e-17 1.13e-16 0.0 168.2 0.0
S041380 270.6397 27.216 5.741e-18 5.626e-18 3.965e-18 0.0 168.17 0.0
S041381 270.6422 27.2173 1.134e-17 9.732e-18 5.402e-18 0.0 168.09 0.0
S041382 270.655 27.2236 8.208e-18 7.426e-18 4.283e-18 0.0 168.09 0.0
S041383 270.5616 27.0657 3.9479999999999997e-22 8.080999999999999e-22 2.51e-21 0.0 171.07 0.0
S041384 270.5565 27.0727 2.352e-17 3.73e-17 6.934e-17 0.0 171.12 0.0
S041385 270.5537 27.066 4.227e-16 3.13e-16 1.245e-16 0.0 171.3 0.0
S041386 270.5454 27.0636 3.362e-17 2.786e-17 1.398e-17 0.0 171.28 0.0
S041387 270.6792 27.2418 2.423e-16 1.857e-16 7.593e-17 0.0 167.71 1.0
S041388 270.6878 27.241 1.284e-17 1.171e-17 6.905e-18 0.0 167.62 0.0
S041389 270.5344 27.0643 3.866e-17 3.371e-17 1.849e-17 0.0 171.51 0.0
S041390 270.529 27.0605 3.739e-17 3.013e-17 1.417e-17 0.0 171.54 0.0
S041391 270.5343 27.0563 4.884e-24 1.401e-23 9.288e-23 0.0 171.42 0.0
S041392 270.7071 27.2489 1.873e-17 1.564e-17 7.936e-18 0.0 167.33 0.0
S041393 270.6994 27.2367 1.514e-17 1.382e-17 8.381e-18 0.0 167.47 0.0
S041394 270.7069 27.2508 2.847e-21 5.079e-21 1.2340000000000002e-20 0.0 167.46 0.0
S041395 270.701 27.2454 4.24e-19 4.819e-19 4.563e-19 0.0 167.41 0.0
S041396 270.4882 27.0372 1.094e-17 1.919e-17 4.589e-17 0.0 171.83 0.0
S041397 270.4965 27.0491 6.049e-17 4.877e-17 2.309e-17 0.0 171.77 0.0
S041398 270.4713 27.023 1.892e-17 1.695e-17 9.655e-18 0.0 171.82 0.0
S041399 270.7364 27.2527 9.914e-18 9.14e-18 5.679e-18 0.0 167.07 0.0
S041400 270.7579 27.265 8.077e-18 7.585e-18 4.771e-18 0.0 167.01 0.0
S041401 270.4653 27.0406 9.984e-19 1.168e-18 1.156e-18 0.0 171.97 0.0
S041402 270.458 27.0322 9.877e-19 1.045e-18 8.653e-19 0.0 172.07 0.0
S041403 270.7322 27.2435 1.925e-17 2.936e-17 4.974e-17 0.0 167.14 0.0
S041404 270.7508 27.2545 2.725e-17 2.479e-17 1.437e-17 0.0 167.05 0.0
S041405 270.7387 27.2459 6.53e-18 1.25e-17 3.517e-17 0.0 167.04 0.0
S041406 270.78 27.2764 5.21e-23 1.5159999999999998e-22 9.901999999999999e-22 0.0 167.01 0.0
S041407 270.4371 27.0291 2.778e-23 7.567e-23 4.386999999999999e-22 0.0 172.08 1.0
S041408 270.7807 27.2645 1.704e-24 5.552e-24 4.7039999999999996e-23 0.0 166.91 0.0
S041409 270.774 27.2654 1.076e-16 8.414e-17 3.776e-17 0.0 166.94 1.0
S041410 270.7503 27.2484 3.753e-18 3.398e-18 2.057e-18 0.0 166.96 0.0
S041411 270.7805 27.2637 2.314e-17 1.965e-17 1.039e-17 0.0 166.9 0.0
S041412 270.451 27.045 5.978e-17 4.781e-17 2.316e-17 0.0 172.14 0.0
S041413 270.4417 27.0425 2.649e-17 2.15e-17 1.034e-17 0.0 172.03 0.0
S041414 270.7954 27.2625 1.3e-16 1.06e-16 5.05e-17 0.0 166.96 0.0
S041415 270.4549 27.0527 5.662e-18 1.052e-17 2.635e-17 0.0 172.08 0.0
S041416 270.4281 27.0412 3.484e-19 4.176e-19 4.392e-19 0.0 172.02 0.0
S041417 270.4193 27.0356 8.661e-20 1.15e-19 1.497e-19 0.0 171.97 0.0
S041418 270.4173 27.0318 1.382e-17 2.596e-17 7.003e-17 0.0 171.92 0.0
S041419 270.4309 27.0439 1.033e-19 1.406e-19 1.904e-19 0.0 171.98 0.0
S041420 270.7896 27.2582 7.631000000000001e-20 1.032e-19 1.42e-19 0.0 167.1 0.0
S041421 270.4262 27.0453 1.565e-19 1.942e-19 2.184e-19 0.0 171.9 0.0
S041422 270.782 27.2446 1.924e-16 1.462e-16 6.158e-17 0.0 167.21 1.0
S041423 270.7711 27.2406 3.55e-17 3.071e-17 1.633e-17 0.0 167.19 0.0
S041424 270.8092 27.2524 7.997e-17 2.295e-16 1.484e-15 0.0 167.23 1.0
S041425 270.7994 27.2505 6.531e-18 1.329e-17 4.265e-17 0.0 167.27 0.0
S041426 270.436 27.0578 1.196e-17 2.33e-17 6.92e-17 0.0 171.64 0.0
S041427 270.7874 27.24 2.525e-22 5.811999999999999e-22 2.267e-21 0.0 167.41 0.0
S041428 270.4493 27.0717 1.146e-17 1.1e-17 7.202e-18 0.0 171.53 0.0
S041429 270.7711 27.2271 3.863e-18 6.851e-18 1.684e-17 0.0 167.48 0.0
S041430 270.4411 27.0746 1.399e-17 3.07e-17 1.147e-16 0.0 171.52 0.0
S041431 270.4598 27.087 4.71e-18 7.501e-18 1.355e-17 0.0 171.39 0.0
S187435 270.9962 27.3929 1.522e-17 1.711e-17 1.564e-17 0.0 21.59 0.0
S187799 271.4355 26.1819 4.2400000000000005e-20 7.593000000000001e-20 1.865e-19 0.0 29.43 0.0
S188108 271.6802 25.8944 8.117e-17 8.029e-17 5.816e-17 0.0 31.35 0.0
S188113 270.7581 26.3342 4.171e-21 1.0460000000000001e-20 5.058e-20 0.0 28.32 0.0
S188241 271.0627 26.31 2.852e-18 3.71e-18 4.546e-18 0.0 27.99 0.0
