Name Equatorial Polar BlueF GreenF RedF Parallax RadialVelocity Variable?
S284809 275.6009 37.9086 1.038e-19 1.716e-19 3.519e-19 0.0 54.62 0.0
S284810 275.5596 38.1822 1.501e-16 2.926e-16 8.094e-16 0.0 49.54 0.0
S284811 275.6041 38.2166 1.173e-11 8.741e-12 3.416e-12 0.0 49.13 1.0
S284812 275.5244 37.9038 9.073999999999999e-22 2.295e-21 1.1720000000000001e-20 0.0 53.56 0.0
S284813 275.9782 38.1573 5.403e-17 5.335e-17 3.76e-17 0.0 43.96 0.0
S284814 275.6383 38.2394 1.199e-16 1.156e-16 7.676e-17 0.0 52.93 1.0
S284815 275.8428 37.996 1.53e-19 2.605e-19 5.478e-19 0.0 49.62 0.0
S284816 275.5866 38.0701 5.785e-16 5.065e-16 2.827e-16 0.0 48.93 0.0
S284817 275.1921 37.8639 4.635e-19 7.21e-19 1.28e-18 0.0 52.52 0.0
S284818 275.2096 37.9274 2.525e-22 7.652999999999999e-22 5.706e-21 0.001 43.77 0.0
S284819 275.091 37.8757 5.614e-21 1.1760000000000001e-20 3.877e-20 0.0 45.7 0.0
S284820 275.3136 38.0783 1.051e-11 7.975e-12 3.388e-12 0.0 51.79 1.0
S284821 275.314 38.1956 7.94e-17 7.457e-17 4.669e-17 0.0 45.38 0.0
S284822 275.4379 37.8595 7.614e-24 2.976e-23 3.7089999999999996e-22 0.0 49.94 0.0
S284823 275.3837 38.1429 6.253e-13 4.097e-13 1.294e-13 0.0 54.68 0.0
S284824 275.7477 38.0716 5.451e-18 6.987e-18 8.488e-18 0.0 50.47 0.0
S284825 275.6127 38.151 1.517e-21 3.842e-21 1.839e-20 0.0 49.49 0.0
S284826 275.6695 37.8129 4.0960000000000004e-21 3.583e-21 2.008e-21 0.0 47.62 0.0
S284827 275.7101 38.0879 1.094e-15 2.581e-15 1.107e-14 0.0 49.11 1.0
S284828 275.3954 38.0947 2.9e-18 3.865e-18 4.943e-18 0.0 50.82 0.0
S284829 275.63 38.1463 8.024999999999999e-22 2.163e-21 1.2620000000000001e-20 0.0 51.24 0.0
S284830 275.6738 38.1399 6.018e-17 1.11e-16 2.763e-16 0.0 52.06 0.0
S284831 275.7123 38.0471 7.74e-18 8.666e-18 7.773e-18 0.0 54.64 0.0
S284832 275.2455 37.9386 5.22e-18 6.406e-18 6.894e-18 0.0 52.22 0.0
S284833 275.3063 37.7432 8.94e-17 8.07e-17 4.859e-17 0.0 45.02 0.0
S284834 275.2482 37.9702 2.16e-20 1.491e-20 5.2720000000000004e-21 0.0 44.99 0.0
S284835 275.8259 38.138 1.48e-15 1.106e-15 4.648e-16 0.0 49.66 1.0
S284836 275.3494 37.683 1.023e-20 2.1350000000000002e-20 7.087e-20 0.0 56.64 0.0
S284837 275.6438 37.882 2.198e-20 1.5340000000000002e-20 5.309e-21 0.0 49.29 0.0
S284838 275.6895 38.1789 1.3639999999999998e-22 4.2209999999999996e-22 3.222e-21 0.0 45.44 0.0
S284839 275.626 38.2562 1.593e-16 1.475e-16 9.131e-17 0.0 54.92 0.0
S284840 275.8852 37.9339 6.323e-17 1.384e-16 5.125e-16 0.0 50.68 0.0
S284841 275.7108 38.2888 3.064e-18 3.726e-18 4.116e-18 0.0 48.66 0.0
S284842 275.2626 38.2188 1.1269999999999999e-22 3.5809999999999995e-22 2.859e-21 0.0 50.57 0.0
S284843 275.5799 37.8596 1.639e-17 1.739e-17 1.428e-17 0.0 55.76 0.0
S284844 275.7976 37.9968 4.244e-12 2.95e-12 1.062e-12 0.0 50.5 0.0
S284845 275.3263 38.3181 6.294e-21 1.3460000000000002e-20 4.671e-20 0.0 46.7 0.0
S284846 275.4697 38.1186 3.727e-16 3.196e-16 1.703e-16 0.0 50.1 0.0
S284847 275.899 37.9093 2.86e-16 4.718e-16 9.914e-16 0.0 48.22 0.0
S284848 275.4412 37.9671 8.926999999999999e-22 2.207e-21 1.0380000000000001e-20 0.0 48.61 0.0
S284849 275.3339 38.1897 5.993e-16 4.855e-16 2.368e-16 0.0 54.78 0.0
S284850 275.5918 38.0926 1.6690000000000002e-20 1.2090000000000001e-20 4.518e-21 0.0 50.74 0.0
S284851 275.478 38.0502 5.96e-20 1.067e-19 2.618e-19 0.0 50.35 0.0
S284852 275.4291 38.0563 1.831e-21 3.734e-21 1.2220000000000002e-20 0.0 52.72 0.0
S284853 275.3912 37.8313 7.535e-12 5.291e-12 1.863e-12 0.0 47.64 0.0
S284854 275.5346 38.1047 5.28e-19 7.546e-19 1.123e-18 0.0 47.28 0.0
S284855 275.5195 38.064 4.505e-18 5.633e-18 6.279e-18 0.0 51.11 0.0
S284856 275.4429 38.3054 2.756e-21 6.691e-21 3.134e-20 0.0 47.36 0.0
S284857 275.3126 38.0755 1.664e-20 3.3350000000000006e-20 1.038e-19 0.0 53.32 0.0
S284858 275.0979 38.1075 1.707e-18 2.349e-18 3.246e-18 0.0 48.04 0.0
S284859 275.1814 38.0577 1.829e-20 3.4130000000000004e-20 8.825e-20 0.0 51.56 0.0
S284860 275.5689 37.8913 3.7009999999999996e-22 1.142e-21 8.684e-21 0.0 45.46 0.0
S284861 275.363 37.7828 4.071e-16 7.18e-16 1.631e-15 0.0 47.87 0.0
S284862 275.3857 37.9506 2.985e-16 6.984e-16 2.829e-15 0.0 43.5 1.0
S284863 275.1575 38.104 5.346e-16 4.351e-16 2.092e-16 0.0 49.19 0.0
S284864 275.5921 37.8624 3.4140000000000003e-20 5.608000000000001e-20 1.146e-19 0.0 47.41 0.0
S284865 275.5251 38.1671 9.925e-13 6.746e-13 2.178e-13 0.0 53.54 0.0
S284866 275.4619 38.0817 5.3100000000000005e-20 1.004e-19 2.69e-19 0.0 47.33 0.0
S284867 275.9759 38.1089 1.06e-16 9.809e-17 5.943e-17 0.001 43.93 0.0
S284868 275.2586 38.0252 1.6130000000000002e-20 3.155e-20 8.891000000000001e-20 0.0 48.7 0.0
S284869 275.9498 38.1402 6.742e-18 7.874e-18 7.999e-18 0.0 49.71 0.0
S284870 275.5318 37.9248 1.314e-17 1.439e-17 1.228e-17 0.0 51.47 0.0
S284871 275.6903 38.1138 4.2429999999999997e-23 1.3789999999999998e-22 1.172e-21 0.0 45.6 0.0
S284872 275.7186 38.1478 1.2170000000000001e-20 2.5630000000000002e-20 8.723000000000001e-20 0.0 45.73 0.0
S284873 275.3926 37.7893 2.513e-16 2.2e-16 1.274e-16 0.0 54.32 0.0
S284874 275.4739 38.3898 3.636e-16 3.266e-16 1.924e-16 0.0 48.8 0.0
S284875 275.3554 38.2193 3.2370000000000002e-21 7.724e-21 3.555e-20 0.0 47.33 0.0
S284876 275.4762 38.0759 2.187e-18 2.677e-18 2.905e-18 0.001 50.3 0.0
S284877 275.644 37.8737 1.987e-16 1.714e-16 9.365e-17 0.0 49.04 0.0
S284878 275.4967 37.9235 1.3150000000000001e-21 2.996e-21 1.2150000000000002e-20 0.001 51.68 0.0
S284879 275.5657 38.1675 3.481e-19 5.341e-19 9.367e-19 0.0 50.04 0.0
S284880 275.5305 37.8627 6.07e-17 5.675e-17 3.662e-17 0.0 47.91 0.0
S284881 275.2981 37.8911 5.174e-21 1.075e-20 3.7040000000000003e-20 0.0 52.28 0.0
S284882 275.0944 38.1149 4.785e-22 1.421e-21 1.0240000000000001e-20 0.0 52.56 0.0
S284883 275.577 37.9458 1.733e-16 1.47e-16 7.971e-17 0.0 50.98 0.0
S284884 275.5797 38.1556 8.784e-22 2.228e-21 1.097e-20 0.0 53.44 0.0
S284885 275.6761 37.7615 1.685e-23 6.22e-23 7.025999999999999e-22 0.0 47.71 0.0
S284886 275.7401 38.1748 1.035e-12 6.973e-13 2.26e-13 0.0 46.11 0.0
S284887 275.4441 38.0073 2.025e-21 4.681e-21 1.95e-20 0.0 50.82 0.0
S284888 275.8763 37.9392 1.01e-16 9.223e-17 5.422e-17 0.0 52.47 0.0
S284889 275.7128 38.1803 1.055e-16 1.01e-16 6.664e-17 0.0 54.46 0.0
S284890 275.1928 37.7742 1.016e-16 1.915e-16 5.195e-16 0.0 48.89 0.0
S284891 275.6501 37.9541 2.305e-19 3.674e-19 6.616e-19 0.0 47.23 0.0
S284892 275.7128 38.1325 8.898e-17 8.193e-17 5.119e-17 0.0 46.3 0.0
S284893 275.5691 38.1774 5.370000000000001e-20 9.195000000000001e-20 2.06e-19 0.0 50.72 0.0
S284894 275.6147 37.7742 3.734e-12 2.671e-12 1.013e-12 0.001 53.35 0.0
S284895 275.6848 38.1856 4.268e-21 1.04e-20 4.6740000000000006e-20 0.0 49.33 0.0
S284896 275.5904 37.8682 5.223e-12 3.571e-12 1.222e-12 0.0 49.45 0.0
S284897 275.3485 38.0746 1.393e-16 2.824e-16 9.073e-16 0.0 45.76 0.0
S284898 275.5288 37.822 2.132e-21 5.513e-21 2.8600000000000005e-20 0.001 48.43 0.0
S284899 275.7778 37.9095 7.389e-20 1.29e-19 2.961e-19 0.0 43.63 0.0
S284900 275.7047 37.9195 4.201e-17 4.246e-17 3.186e-17 0.0 51.05 0.0
S284901 275.4747 37.8634 1.255e-17 1.37e-17 1.146e-17 0.0 44.77 0.0
S284902 275.4212 38.0155 1.065e-15 1.629e-15 2.768e-15 0.0 49.41 0.0
S284903 275.3111 37.8801 4.986e-16 4.171e-16 2.121e-16 0.0 53.25 0.0
S284904 274.9257 37.9884 2.402e-21 5.9970000000000004e-21 2.9840000000000005e-20 0.0 53.51 0.0
S284905 275.684 37.9755 1.219e-18 1.7e-18 2.414e-18 0.0 53.21 0.0
S284906 275.2929 37.9853 2.403e-18 3.165e-18 4.02e-18 0.0 45.83 0.0
S284907 275.5556 37.8179 9.092e-17 8.401e-17 5.235e-17 0.0 51.12 0.0
S284908 275.6994 37.9772 2.972e-21 7.065e-21 3.196e-20 0.0 52.12 0.0
S284909 275.2935 38.0019 2.148e-21 5.441e-21 2.815e-20 0.0 47.85 0.0
S284910 275.1076 37.893 2.697e-18 3.333e-18 3.744e-18 0.0 50.96 0.0
S284911 275.3017 38.1088 1.418e-17 1.538e-17 1.334e-17 0.0 54.32 0.0
S284912 275.7334 38.1226 1.804e-15 1.388e-15 5.887e-16 0.0 47.91 1.0
S284913 275.5344 38.1102 1.814e-16 3.478e-16 9.353e-16 0.0 53.6 0.0
S284914 275.9689 38.2613 9.63e-17 9.204e-17 6.027e-17 0.0 45.74 0.0
S284915 275.7267 37.8841 3.047e-21 6.842e-21 2.712e-20 0.0 53.65 0.0
S284916 275.7002 37.8718 3.4199999999999996e-23 1.203e-22 1.212e-21 0.0 46.88 0.0
S284917 275.5222 38.1084 2.296e-18 2.991e-18 3.637e-18 0.0 50.77 0.0
S284918 275.5378 37.9568 5.036e-17 4.994e-17 3.524e-17 0.0 48.3 0.0
S284919 275.7043 37.8588 4.258e-22 1.285e-21 9.159e-21 0.001 54.76 0.0
S284920 275.2063 37.8957 9.27e-18 1.027e-17 8.88e-18 0.0 44.58 0.0
S284921 275.394 38.0935 9.989e-17 9.156e-17 5.61e-17 0.0 52.41 0.0
S284922 275.678 38.2287 3.499e-19 5.288e-19 9e-19 0.0 49.67 0.0
S284923 275.5918 38.1134 5.348e-19 8.34e-19 1.482e-18 0.0 53.58 0.0
S284924 275.2636 37.699 2.1310000000000002e-20 1.4960000000000002e-20 5.199e-21 0.0 49.16 0.0
S284925 275.2556 38.1756 8.849999999999999e-23 2.828e-22 2.269e-21 0.0 53.92 0.0
S284926 275.9241 38.2912 3.055e-21 7.656e-21 3.727e-20 0.0 52.2 0.0
S284927 275.5727 37.9112 1.995e-20 1.408e-20 4.99e-21 0.0 46.84 0.0
S284928 275.3421 38.0604 2.507e-17 2.583e-17 2.057e-17 0.0 48.63 0.0
S284929 275.4651 37.821 1.369e-16 1.238e-16 7.183e-17 0.0 52.08 0.0
S284930 275.4385 37.9377 1.144e-21 3.221e-21 2.0020000000000003e-20 0.0 54.61 0.0
S284931 275.4778 38.0558 1.7860000000000002e-21 4.484e-21 2.2240000000000002e-20 0.0 52.13 0.0
S284932 275.6708 38.0023 8.7e-21 1.8410000000000002e-20 6.227000000000001e-20 0.0 46.75 0.0
S284933 275.6873 38.0755 6.187e-12 4.671e-12 1.99e-12 0.0 45.96 1.0
S284934 275.5269 37.7079 3.681e-18 4.616e-18 5.304e-18 0.0 46.91 0.0
S284935 275.441 37.7574 6.709e-19 9.408e-19 1.345e-18 0.0 45.58 0.0
S284936 275.4742 38.075 1.428e-18 1.813e-18 2.116e-18 0.0 46.29 0.0
S284937 275.5642 38.0692 5.85e-21 1.3650000000000002e-20 5.485e-20 0.0 47.41 0.0
S284938 275.3427 38.0129 2.126e-19 3.466e-19 6.62e-19 0.0 51.17 0.0
S284939 275.7049 37.7244 5.428e-16 4.517e-16 2.327e-16 0.0 56.65 0.0
S284940 275.9433 38.2804 5.279e-21 1.2310000000000001e-20 4.907e-20 0.0 51.89 0.0
S284941 275.9767 37.9765 3.8689999999999994e-22 1.098e-21 6.825e-21 0.0 49.99 0.0
S284942 275.5733 37.9465 6.585e-19 9.951e-19 1.666e-18 0.0 50.63 0.0
S284943 275.0028 38.2439 3.02e-17 5.646e-17 1.516e-16 0.0 46.87 0.0
S284944 275.3458 37.9743 4.938e-16 4.03e-16 1.954e-16 0.0 52.31 0.0
S284945 275.089 37.9604 5.778e-12 4.065e-12 1.389e-12 0.0 55.46 0.0
S284946 275.4457 37.7884 1.008e-11 8.288e-12 4.027e-12 0.0 48.47 1.0
S284947 275.6084 37.8217 2.889e-18 3.679e-18 4.424e-18 0.0 52.95 0.0
S284948 275.5594 37.9068 4.807e-17 4.83e-17 3.599e-17 0.0 50.99 0.0
S284949 275.57 37.8331 7.121e-17 6.757e-17 4.541e-17 0.0 47.0 0.0
S284950 275.7589 37.8251 1.407e-20 3.0540000000000004e-20 1.061e-19 0.0 51.95 0.0
S284951 275.6401 38.053 2.7630000000000005e-20 4.824e-20 1.093e-19 0.001 45.97 0.0
S284952 275.63 37.8812 1.134e-16 1.076e-16 6.796e-17 0.0 45.77 0.0
S284953 275.1116 37.9727 3.044e-22 9.351e-22 6.655e-21 0.0 50.37 0.0
S284954 275.1117 38.0435 6.016e-22 1.693e-21 1.009e-20 0.0 44.03 0.0
S284955 275.9357 38.062 2.335e-21 5.942e-21 3.03e-20 0.0 44.01 0.0
S284956 275.8913 38.0292 1.2080000000000002e-20 2.239e-20 5.947000000000001e-20 0.0 51.35 0.0
S284957 275.6731 38.1887 2.292e-18 2.836e-18 3.086e-18 0.001 48.93 0.0
S284958 275.3692 37.7542 6.686e-17 9.941e-17 1.623e-16 0.0 49.54 0.0
S284959 275.6461 38.0348 3.464e-16 5.768e-16 1.242e-15 0.0 52.6 0.0
S284960 275.5374 38.0635 4.687e-19 7.177e-19 1.186e-18 0.0 50.17 0.0
S284961 274.7926 38.0411 4.9370000000000006e-20 8.999000000000001e-20 2.306e-19 0.0 49.6 0.0
S284962 275.5698 37.988 1.299e-17 1.461e-17 1.373e-17 0.0 50.03 0.0
S284963 275.5383 37.976 1.011e-18 1.343e-18 1.788e-18 0.001 54.57 0.0
S284964 275.3876 38.0236 1.436e-21 3.9410000000000004e-21 2.305e-20 0.0 53.14 0.0
S284965 275.9351 37.81 5.919999999999999e-22 1.625e-21 9.726e-21 0.0 47.19 0.0
S284966 275.545 37.8411 2.958e-16 6.689e-16 2.568e-15 0.0 53.14 1.0
S284967 275.3639 38.0051 5.894e-17 5.947e-17 4.424e-17 0.0 49.07 0.0
S284968 274.8967 38.2433 8.544e-17 8.124e-17 5.238e-17 0.0 44.1 0.0
S284969 275.5475 37.9658 2.996e-19 4.769e-19 9.244e-19 0.0 49.28 0.0
S284970 274.9122 38.0171 5.167e-12 4.64e-12 2.642e-12 0.0 43.37 1.0
S284971 275.5186 37.8142 4.264e-18 5.183e-18 5.509e-18 0.0 54.66 0.0
S284972 275.7603 38.1168 1.392e-22 4.504999999999999e-22 3.648e-21 0.0 47.45 0.0
S284973 275.6011 37.9601 3.572e-18 4.506e-18 5.115e-18 0.0 46.22 0.0
S284974 275.4779 38.1852 1.072e-16 1.864e-16 4.158e-16 0.0 44.87 0.0
S284975 275.6251 38.2439 8.643e-16 6.906e-16 3.153e-16 0.001 43.93 0.0
S284976 275.7536 37.7753 5.331e-21 1.1140000000000001e-20 3.637e-20 0.0 55.73 0.0
S284977 275.5601 38.1155 1.523e-19 2.515e-19 4.91e-19 0.0 53.01 0.0
S284978 275.2714 38.2049 1.219e-16 1.058e-16 5.75e-17 0.0 44.05 1.0
S284979 275.0625 37.8318 9.816e-24 3.7319999999999996e-23 4.336e-22 0.0 45.21 0.0
S284980 275.7159 38.1663 4.514e-20 8.286000000000001e-20 2.127e-19 0.0 47.4 0.0
S284981 275.4741 38.1053 9.456e-16 7.36e-16 3.144e-16 0.0 51.3 0.0
S284982 275.5167 38.1673 3.454e-19 5.477e-19 1.044e-18 0.0 54.15 0.0
S284983 275.8045 37.9631 2.982e-17 2.989e-17 2.217e-17 0.0 45.8 0.0
S284984 275.4886 37.9469 1.058e-16 1.666e-16 3.196e-16 0.001 51.72 0.0
S284985 275.5097 38.3492 1.319e-17 1.569e-17 1.56e-17 0.0 50.1 0.0
S284986 275.1848 37.8987 3.966e-18 4.633e-18 4.663e-18 0.0 51.79 0.0
S284987 275.3898 38.212 2.3920000000000003e-20 1.621e-20 5.622e-21 0.0 48.71 0.0
S284988 275.6515 38.1489 5.7e-16 4.697e-16 2.347e-16 0.0 54.69 0.0
S284989 275.3448 37.9609 4.415e-16 3.686e-16 1.883e-16 0.0 45.49 0.0
S284990 275.2143 38.0379 1.757e-20 3.485e-20 1.048e-19 0.001 52.7 0.0
S284991 274.9139 37.9245 1.202e-16 1.974e-16 3.915e-16 0.001 48.0 0.0
S284992 275.4881 38.2827 2.451e-17 2.553e-17 2.08e-17 0.0 50.98 0.0
S284993 275.7545 37.9094 2.412e-20 1.663e-20 5.633e-21 0.0 50.74 0.0
S284994 275.7254 38.0238 6.651e-17 6.563e-17 4.39e-17 0.0 48.9 0.0
S284995 275.0813 38.2861 2.4000000000000002e-20 1.666e-20 5.756e-21 0.001 55.89 0.0
S284996 275.8433 37.9258 1.523e-19 2.676e-19 6.223e-19 0.0 54.54 0.0
S284997 275.8092 38.0105 8.726e-19 1.207e-18 1.716e-18 0.0 52.9 0.0
S284998 275.3862 37.9717 7.78e-21 1.7920000000000003e-20 7.266000000000001e-20 0.0 49.81 0.0
S284999 275.32 38.0236 9.441e-16 7.453e-16 3.391e-16 0.0 51.8 0.0
S285000 275.562 38.165 1.702e-19 2.641e-19 4.756e-19 0.0 52.77 0.0
S285001 275.786 38.1161 2.513e-17 2.545e-17 1.86e-17 0.001 46.24 0.0
S285002 275.8876 38.1275 3e-18 3.682e-18 3.944e-18 0.001 50.56 0.0
S285003 275.4283 38.2189 9.879e-18 1.079e-17 9.553e-18 0.0 55.11 0.0
S285004 275.9374 38.0328 1.091e-17 1.189e-17 1.04e-17 0.0 49.93 0.0
S285005 275.2736 38.1599 6.743e-21 1.428e-20 4.8200000000000005e-20 0.0 49.14 0.0
S285006 275.1889 38.1566 1.68e-20 1.1930000000000001e-20 4.382e-21 0.0 54.06 0.0
S285007 275.188 38.1238 7.03e-17 6.966e-17 4.813e-17 0.0 54.78 0.0
S285008 275.7281 37.7349 4.909e-16 4.21e-16 2.289e-16 0.0 53.41 0.0
S285009 275.1655 37.745 1.9779999999999998e-23 6.742e-23 6.421999999999999e-22 0.0 55.09 0.0
S285010 275.8815 38.0694 5.134e-18 6.416e-18 7.305e-18 0.0 50.4 0.0
S285011 275.6602 37.7957 1.0409999999999999e-22 2.926e-22 1.783e-21 0.0 48.88 0.0
S285012 275.2905 37.8119 2.076e-16 1.865e-16 1.099e-16 0.0 47.96 0.0
S285013 275.4325 37.7363 1.377e-20 1.018e-20 3.998e-21 0.0 46.28 0.0
S285014 275.7713 37.9999 4.339e-12 3.018e-12 1.068e-12 0.0 47.56 0.0
S285015 275.2764 38.1991 1.484e-17 1.604e-17 1.355e-17 0.0 47.07 0.0
S285016 275.3374 38.1264 2.134e-16 1.972e-16 1.229e-16 0.0 51.99 0.0
S285017 275.3462 37.9722 2.732e-20 1.864e-20 6.3310000000000005e-21 0.0 47.55 0.0
S285018 275.2969 37.8306 1.32e-18 1.87e-18 2.678e-18 0.0 50.53 0.0
S285019 276.1183 37.9404 6.966e-18 8.094e-18 8.051e-18 0.0 49.21 0.0
S285020 275.1939 37.9946 2.3660000000000002e-20 1.6230000000000003e-20 5.632e-21 0.0 44.27 0.0
S285021 275.3615 38.0032 5.737e-17 5.802e-17 4.322e-17 0.0 51.58 0.0
S285022 275.5641 37.8134 2.054e-15 1.614e-15 7.119e-16 0.0 51.3 1.0
S285023 275.6671 37.9948 1.608e-19 2.57e-19 4.938e-19 0.0 47.11 0.0
S285024 275.4984 38.2005 2.356e-21 5.737e-21 2.6030000000000003e-20 0.0 54.26 0.0
S285025 275.7484 38.0507 1.766e-16 3.367e-16 9.515e-16 0.001 50.61 0.0
S285026 275.7388 38.1455 2.364e-18 2.897e-18 3.094e-18 0.0 46.21 0.0
S285027 275.3914 37.8547 5.104e-21 1.211e-20 5.2820000000000006e-20 0.0 51.88 0.0
S285028 275.2513 38.297 3.903e-23 1.2789999999999998e-22 1.063e-21 0.0 50.55 0.0
S285029 275.3718 38.0863 6.415000000000001e-20 1.137e-19 2.806e-19 0.0 52.66 0.0
S285030 275.2419 37.8936 2.529e-16 4.378e-16 9.888e-16 0.0 52.79 0.0
S285031 275.5153 37.8777 9.295e-18 1.176e-17 1.379e-17 0.0 48.46 0.0
S285032 275.414 38.0452 3.25e-23 1.084e-22 9.403999999999999e-22 0.0 49.99 0.0
S285033 275.6073 38.3803 2.142e-16 1.863e-16 9.936e-17 0.0 52.85 0.0
S285034 275.8039 37.9029 6.401e-16 1.258e-15 3.596e-15 0.0 46.37 0.0
S285035 275.6971 38.0885 9.036e-23 2.741e-22 1.951e-21 0.0 51.38 0.0
S285036 275.186 37.9625 5.907e-17 6.131e-17 4.76e-17 0.0 47.08 0.0
S285037 275.7262 38.0635 8.265000000000001e-20 1.481e-19 3.682e-19 0.0 45.95 0.0
S285038 275.3768 38.0874 1.681e-16 1.473e-16 8.212e-17 0.0 46.85 0.0
S285039 275.8374 37.9957 9.321e-18 1.06e-17 9.898e-18 0.0 52.54 0.0
S285040 275.6899 38.0368 3.605e-23 1.3939999999999998e-22 1.668e-21 0.0 48.37 0.0
S285041 275.3976 38.3374 1.4090000000000003e-20 2.6310000000000003e-20 7.089e-20 0.0 46.73 0.0
S285042 275.1037 38.1101 2.3410000000000003e-20 4.36e-20 1.153e-19 0.0 45.43 0.0
S285043 275.5788 37.9107 1.107e-17 1.312e-17 1.375e-17 0.0 46.02 0.0
S285044 275.7284 38.1853 6.653e-18 7.537e-18 7.167e-18 0.0 49.51 0.0
S285045 275.1673 37.7909 6.143e-18 7.88e-18 9.063e-18 0.0 49.59 0.0
S285046 275.9638 37.8772 1.289e-16 1.178e-16 7.128e-17 0.0 55.05 0.0
S285047 275.3738 38.3018 3.3659999999999996e-22 8.977999999999998e-22 4.899e-21 0.0 48.65 0.0
S285048 274.8341 37.8377 9.148e-17 8.944e-17 5.905e-17 0.0 44.96 0.0
S285049 275.2754 37.9087 1.14e-18 1.565e-18 2.226e-18 0.0 47.06 0.0
S285050 275.6047 37.8142 1.369e-17 1.506e-17 1.361e-17 0.0 45.05 0.0
S285051 275.7804 37.7746 1.3179999999999999e-23 4.747e-23 5.022999999999999e-22 0.0 46.54 0.0
S285052 275.5744 37.9484 2.1830000000000002e-20 1.531e-20 5.409e-21 0.0 50.19 0.0
S285053 275.2477 37.9388 5.098e-16 4.265e-16 2.159e-16 0.001 55.2 0.0
S285054 275.6447 38.1864 1.419e-19 2.429e-19 5.322e-19 0.0 47.08 0.0
S285055 275.5547 38.0115 3.696e-16 7.067e-16 1.989e-15 0.0 48.73 0.0
S285056 275.3982 37.8519 5.661e-21 1.3480000000000002e-20 5.659000000000001e-20 0.0 54.49 0.0
S285057 275.2523 37.928 2.278e-21 5.271e-21 2.2590000000000002e-20 0.0 49.75 0.0
S285058 275.5054 38.1811 1.93e-21 4.479e-21 1.8130000000000002e-20 0.0 53.47 0.0
S285059 275.4615 37.801 1.239e-15 1.042e-15 5.268e-16 0.0 56.65 0.0
S285060 275.3998 38.1068 2.702e-16 2.232e-16 1.112e-16 0.0 45.92 0.0
S285061 275.5055 37.9367 2.019e-17 2.189e-17 1.85e-17 0.0 52.27 0.0
S285062 275.7664 38.2365 1.17e-21 2.706e-21 1.1400000000000001e-20 0.0 54.9 0.0
S285063 275.5356 38.1197 3.649e-23 1.3119999999999998e-22 1.307e-21 0.0 51.38 0.0
S285064 275.3413 37.9868 4.3500000000000006e-20 7.702e-20 1.78e-19 0.0 47.46 0.0
S285065 275.3409 37.763 3.388e-17 3.643e-17 2.955e-17 0.0 46.76 0.0
S285066 275.3066 38.1951 9.046e-17 8.7e-17 5.969e-17 0.0 49.74 0.0
S285067 275.7187 38.2025 8.122e-17 7.826e-17 5.15e-17 0.001 51.42 0.0
S285068 275.6037 37.907 1.982e-18 2.462e-18 2.794e-18 0.001 47.5 0.0
S285069 275.2296 38.1253 2.51e-19 4.12e-19 7.935e-19 0.0 51.16 0.0
S285070 275.5328 37.8197 3.223e-22 9.570999999999998e-22 6.799e-21 0.0 48.77 0.0
S285071 275.0816 38.1103 6.067e-17 5.866e-17 3.952e-17 0.0 47.15 0.0
S285072 275.242 38.1198 2.016e-16 1.729e-16 9.618e-17 0.001 52.68 0.0
S285073 275.3429 38.181 6.663e-17 6.374e-17 4.078e-17 0.001 55.71 0.0
S285074 275.1329 38.1516 7.027e-17 1.118e-16 2.105e-16 0.0 43.74 0.0
S285075 275.2961 37.7847 2.128e-16 1.867e-16 9.993e-17 0.0 53.18 0.0
S285076 275.466 38.1208 2.933e-22 8.242e-22 5.087e-21 0.001 45.24 0.0
S285077 275.2649 37.7906 5.565e-22 1.621e-21 1.0690000000000001e-20 0.0 54.99 0.0
S285078 275.7103 37.9889 2.2300000000000003e-20 1.5650000000000002e-20 5.401e-21 0.0 53.8 0.0
S285079 275.2651 38.0737 1.325e-21 3.092e-21 1.3230000000000001e-20 0.0 53.35 0.0
S285080 276.0337 38.0339 3.271e-21 7.874e-21 3.548e-20 0.0 44.45 0.0
S285081 275.5335 37.8847 4.226e-17 4.2e-17 2.958e-17 0.0 50.96 0.0
S285082 276.0066 38.1349 2.377e-20 1.6400000000000003e-20 5.7360000000000004e-21 0.0 50.25 0.0
S285083 275.4374 38.0175 2.297e-17 2.425e-17 1.931e-17 0.0 45.64 0.0
S285084 275.2798 37.9546 4.085e-19 6.297e-19 1.1e-18 0.0 51.89 0.0
S285085 275.4486 37.8706 1.098e-18 1.458e-18 1.959e-18 0.0 52.67 0.0
S285086 275.297 38.2128 2.261e-17 2.306e-17 1.711e-17 0.0 51.98 0.0
S285087 275.516 37.9073 5.07e-17 5.302e-17 4.082e-17 0.0 49.2 0.0
S285088 275.869 38.0775 2.11e-17 2.335e-17 2.044e-17 0.0 44.53 0.0
S285089 275.8638 37.8669 1.995e-21 4.8680000000000004e-21 2.319e-20 0.0 49.14 0.0
S285090 275.3759 37.8871 2.976e-19 4.731e-19 8.673e-19 0.0 53.32 0.0
S285091 275.7901 38.0096 1.951e-15 1.48e-15 6.117e-16 0.0 47.21 1.0
S285092 275.6366 38.0825 2.836e-16 4.949e-16 1.081e-15 0.0 46.16 0.0
S285093 275.2411 37.9536 3.979e-17 4.07e-17 3.098e-17 0.0 54.56 0.0
S285094 275.1327 38.1016 1.419e-15 1.086e-15 4.632e-16 0.0 47.26 0.0
S285095 275.4879 37.8599 1.983e-16 1.788e-16 1.028e-16 0.0 46.75 0.0
S285096 275.6896 37.9085 5.712e-12 3.911e-12 1.366e-12 0.0 52.83 0.0
S285097 275.67 38.0406 1.098e-16 1.781e-16 3.582e-16 0.0 45.46 0.0
S285098 275.587 38.1695 2.215e-20 1.5170000000000002e-20 5.359e-21 0.0 50.29 0.0
S285099 275.7374 37.8954 5.102e-16 7.87e-16 1.456e-15 0.0 48.28 0.0
S285100 275.3994 38.2098 2.1960000000000003e-20 1.5130000000000002e-20 5.271e-21 0.0 52.07 0.0
S285101 275.4134 38.0951 1.728e-16 1.62e-16 1.025e-16 0.0 47.71 0.0
S285102 275.3065 38.1127 2.225e-20 1.5540000000000003e-20 5.47e-21 0.0 53.11 0.0
S285103 275.5291 37.9575 7.096e-17 6.796e-17 4.388e-17 0.001 47.29 0.0
S285104 275.6233 37.8824 7.684e-23 2.466e-22 2.009e-21 0.0 48.48 0.0
S285105 275.6148 37.9527 9.361000000000001e-20 1.629e-19 3.592e-19 0.0 49.3 0.0
S285106 275.9025 38.0265 1.5170000000000002e-20 3.0740000000000005e-20 9.483000000000001e-20 0.0 45.25 0.0
S285107 275.6177 38.0295 2.227e-16 1.949e-16 1.1e-16 0.0 49.55 0.0
S285108 275.1857 38.1799 1.256e-15 1.914e-15 3.323e-15 0.0 49.31 0.0
S285109 275.4977 38.2126 6.701e-16 5.684e-16 2.994e-16 0.0 48.34 0.0
S285110 275.2003 38.0955 2.126e-15 1.595e-15 6.656e-16 0.001 47.35 1.0
S285111 275.5941 37.8131 2.488e-20 4.817e-20 1.342e-19 0.0 45.52 0.0
S285112 275.5396 38.0146 1.029e-11 9.164e-12 5.471e-12 0.0 54.73 1.0
S285113 275.8699 38.0442 8.739e-12 7.754e-12 4.469e-12 0.0 50.49 1.0
S285114 275.258 37.9617 4.72e-21 1.101e-20 4.6290000000000003e-20 0.0 44.56 0.0
S285115 275.3343 37.609 4.976e-16 4.15e-16 2.116e-16 0.0 47.44 0.0
S285116 275.4745 38.3006 3.9429999999999994e-22 1.166e-21 8.286000000000001e-21 0.0 49.43 0.0
S285117 275.555 38.0301 2.1499999999999997e-22 6.879999999999999e-22 5.504e-21 0.0 48.17 0.0
S285118 275.8973 38.3448 1.469e-21 3.838e-21 2.0160000000000003e-20 0.0 45.38 0.0
S285119 275.2163 37.8324 5.354e-19 8.066e-19 1.353e-18 0.001 51.09 0.0
S285120 275.41 37.9578 4.936e-15 3.673e-15 1.452e-15 0.0 51.82 0.0
S285121 275.2411 38.0803 2.111e-19 3.385e-19 6.379e-19 0.0 47.59 0.0
S285122 275.4861 38.2237 2.468e-23 8.974e-23 9.538e-22 0.0 45.42 0.0
S285123 275.7546 37.7688 2.331e-15 1.694e-15 6.527e-16 0.0 54.47 0.0
S285124 275.7196 37.8953 1.3150000000000001e-21 2.965e-21 1.1220000000000001e-20 0.0 46.13 0.0
S285125 275.7222 37.9474 2.284e-17 2.439e-17 1.971e-17 0.0 47.37 0.0
S285126 275.4527 38.0236 1.034e-19 1.741e-19 3.674e-19 0.0 52.45 0.0
S285127 275.7962 37.9152 3.399e-18 4.342e-18 5.25e-18 0.0 54.98 0.0
S285128 275.2789 37.9853 9.093e-18 1.021e-17 9.421e-18 0.0 53.35 0.0
S285129 275.5149 38.2134 2.592e-23 9.696999999999999e-23 1.1250000000000001e-21 0.0 49.54 0.0
S285130 275.2964 37.9147 1.407e-16 1.249e-16 7.1e-17 0.0 54.11 0.0
S285131 275.7472 38.3033 7.799e-16 6.536e-16 3.274e-16 0.0 49.77 0.0
S285132 275.5284 37.99 1.341e-18 1.849e-18 2.551e-18 0.0 51.35 0.0
S285133 276.1446 37.9906 3.432e-17 3.505e-17 2.636e-17 0.0 44.73 0.0
S285134 275.684 38.1868 2.521e-21 6.132e-21 2.734e-20 0.0 54.66 0.0
S285135 275.3967 37.9663 8.781e-18 9.986e-18 9.786e-18 0.0 54.78 0.0
S285136 275.64 38.2339 1.975e-19 3.205e-19 6.172e-19 0.0 51.48 0.0
S285137 275.981 38.1788 1.23e-14 8.627e-15 3.215e-15 0.0 47.94 0.0
S285138 275.4471 38.118 1.51e-18 1.9e-18 2.172e-18 0.0 50.73 0.0
S285139 275.6472 38.0948 3.574e-16 7.389e-16 2.423e-15 0.0 50.64 0.0
S285140 275.382 37.8889 2.929e-16 4.96e-16 1.092e-15 0.0 52.04 0.0
S285141 275.2403 38.0509 3.749e-16 7.867e-16 2.732e-15 0.0 54.44 0.0
S285142 275.5643 38.1616 2.3e-18 2.857e-18 3.214e-18 0.001 49.25 0.0
S285143 275.3693 38.0344 1.269e-18 1.775e-18 2.48e-18 0.0 53.13 0.0
S285144 275.4467 38.0188 1.193e-15 9.464e-16 4.462e-16 0.0 49.56 0.0
S285145 275.0702 38.1477 1.341e-19 2.162e-19 4.244e-19 0.0 52.87 0.0
S285146 275.2226 37.9186 4.43e-12 3.013e-12 1.023e-12 0.0 47.64 0.0
S285147 275.8383 37.9666 3.4699999999999996e-22 9.872999999999999e-22 6.2000000000000004e-21 0.0 54.78 0.0
S285148 275.1884 38.0602 1.607e-16 2.449e-16 4.221e-16 0.0 49.48 0.0
S285149 275.2689 38.0928 7.448e-17 1.464e-16 4.336e-16 0.0 46.44 0.0
S285150 275.3121 37.9002 1.382e-15 1.104e-15 4.973e-16 0.0 48.12 1.0
S285151 275.4449 37.8959 7.552e-19 1.092e-18 1.704e-18 0.0 53.74 0.0
S285152 275.8182 37.9038 1.1170000000000001e-20 2.2580000000000003e-20 7.175000000000001e-20 0.0 54.93 0.0
S285153 275.2601 38.0834 2.966e-20 5.744e-20 1.669e-19 0.0 54.91 0.0
S285154 275.4296 37.8332 2.882e-16 5.872e-16 1.826e-15 0.001 51.43 0.0
S285155 275.4342 38.2171 8.678000000000001e-20 1.411e-19 2.757e-19 0.0 51.08 0.0
S285156 275.3612 37.8615 5.656e-16 4.644e-16 2.205e-16 0.0 46.84 0.0
S285157 275.4528 37.9232 1.014e-16 9.603e-17 6.401e-17 0.0 48.56 0.0
S285158 275.1334 37.9109 6.126999999999999e-22 1.708e-21 9.965e-21 0.0 52.8 0.0
S285159 275.2396 37.8739 2.778e-18 3.599e-18 4.429e-18 0.0 55.2 0.0
S285160 275.2931 38.0312 1.04e-20 8.073e-21 3.419e-21 0.0 51.68 0.0
S285161 275.1879 37.8491 3.485e-18 4.496e-18 5.443e-18 0.0 48.56 0.0
S285162 275.718 37.9595 2.7370000000000002e-21 6.347e-21 2.6380000000000002e-20 0.0 46.56 0.0
S285163 275.2355 38.1596 3.811e-16 3.212e-16 1.672e-16 0.0 50.79 0.0
S285164 275.3077 37.8676 7.279999999999999e-22 2.074e-21 1.376e-20 0.0 55.49 0.0
S285165 275.3742 37.8049 6.589e-21 1.3100000000000002e-20 4.086e-20 0.0 47.24 0.0
S285166 275.6629 37.9416 9.382e-16 7.787e-16 3.923e-16 0.0 54.32 0.0
S285167 275.0759 37.8402 1.98e-16 1.873e-16 1.202e-16 0.0 51.97 0.0
S285168 275.32 37.878 1.504e-20 1.097e-20 4.3e-21 0.0 45.85 0.0
S285169 275.2945 38.1593 1.585e-19 2.638e-19 5.192e-19 0.0 44.02 0.0
S285170 275.2368 38.0836 3.139e-17 3.422e-17 2.851e-17 0.0 50.67 0.0
S285171 275.0523 37.8397 9.461e-18 1.099e-17 1.077e-17 0.0 48.67 0.0
S285172 275.4669 38.048 9.473e-12 7.061e-12 2.91e-12 0.0 47.16 0.0
S285173 275.5864 38.2814 6.838e-16 1.025e-15 1.625e-15 0.0 45.76 0.0
S285174 275.8348 38.0813 2.326e-18 3e-18 3.686e-18 0.0 44.88 0.0
S285175 275.6433 37.8849 2.275e-16 1.93e-16 9.754e-17 0.0 50.66 0.0
S285176 275.3124 37.9738 1.366e-17 1.505e-17 1.316e-17 0.0 48.78 0.0
S285177 275.6702 38.2037 2.179e-16 4.145e-16 1.088e-15 0.0 52.03 0.0
S285178 275.4751 37.9666 1.404e-18 1.819e-18 2.244e-18 0.0 45.46 0.0
S285179 275.7456 37.8761 1.541e-16 2.635e-16 5.677e-16 0.0 55.61 0.0
S285180 275.6415 38.0036 3.125e-19 5.07e-19 9.872e-19 0.0 53.02 0.0
S285181 275.7621 38.1829 9.425e-24 3.579e-23 4.1519999999999995e-22 0.0 50.14 0.0
S285182 275.6528 37.9872 2.639e-18 3.28e-18 3.611e-18 0.0 54.16 0.0
S285183 275.3868 38.1663 5.66e-12 4.045e-12 1.512e-12 0.0 46.35 0.0
S285184 275.5092 38.0231 2.009e-21 4.863e-21 2.2140000000000002e-20 0.0 47.99 0.0
S285185 275.6329 37.9717 2.222e-16 3.984e-16 9.349e-16 0.0 50.21 0.0
S285186 275.3839 38.4256 1.9310000000000002e-20 1.342e-20 4.81e-21 0.0 54.85 0.0
S285187 275.765 38.1124 4.041e-18 4.777e-18 4.747e-18 0.0 44.99 0.0
S285188 275.3304 37.9443 1.555e-21 3.912e-21 1.8990000000000003e-20 0.001 45.82 0.0
S285189 275.8093 37.972 4.846999999999999e-22 1.393e-21 9.2e-21 0.0 44.88 0.0
S285190 275.3752 38.1454 2.8699999999999997e-22 8.294999999999999e-22 5.378e-21 0.0 49.68 0.0
S285191 275.5298 37.9604 5.731e-18 6.633e-18 6.535e-18 0.0 44.42 0.0
S285192 275.4513 38.2664 1.2460000000000002e-20 2.886e-20 1.165e-19 0.0 53.23 0.0
S285193 275.6517 38.1382 1.264e-16 1.152e-16 7.024e-17 0.0 55.12 0.0
S285194 275.9918 38.1282 7.302e-18 8.133e-18 7.652e-18 0.0 54.82 0.0
S285195 275.4593 38.1181 6.502e-17 6.308e-17 4.287e-17 0.0 53.73 0.0
S285196 275.2923 38.0765 5.361e-13 8.015e-13 1.321e-12 0.0 46.97 0.0
S285197 275.3841 38.0797 3.188e-19 4.887e-19 8.693e-19 0.0 47.89 0.0
S285198 275.2474 38.0029 5.916e-17 5.822e-17 4.148e-17 0.0 45.27 0.0
S285199 275.9883 38.1414 3.497e-21 7.768e-21 2.904e-20 0.0 50.93 0.0
S285200 275.565 37.9688 7.671e-18 8.38e-18 7.336e-18 0.0 49.84 0.0
S285201 275.1878 38.0483 1.645e-16 3.377e-16 1.065e-15 0.0 51.15 0.0
S285202 275.2502 37.724 5.625e-18 6.433e-18 6.302e-18 0.0 51.24 0.0
S285203 275.8618 37.9581 9.936e-19 1.379e-18 1.943e-18 0.0 53.88 0.0
S285204 275.3319 37.931 3.703e-18 4.445e-18 4.711e-18 0.0 54.9 0.0
S285205 275.8299 37.9977 1.398e-16 1.355e-16 9.23e-17 0.0 48.44 0.0
S285206 275.5572 38.3308 3.31e-19 5.356e-19 1.058e-18 0.0 46.14 0.0
S285207 275.3348 37.8475 4.57e-16 3.922e-16 2.029e-16 0.0 54.25 0.0
S285208 275.4568 37.9748 1.456e-16 2.467e-16 5.294e-16 0.0 50.76 0.0
S285209 275.4287 38.0684 4.0730000000000006e-20 7.426e-20 1.816e-19 0.001 47.11 0.0
S285210 276.2629 38.1125 1.477e-17 1.588e-17 1.343e-17 0.001 55.97 0.0
S285211 275.2501 37.9243 1.029e-17 1.178e-17 1.109e-17 0.0 49.79 0.0
S285212 275.9426 37.9639 1.474e-15 3.862e-15 2.002e-14 0.0 49.23 1.0
S285213 275.8516 37.9431 4.437e-16 3.743e-16 1.87e-16 0.0 49.33 0.0
S285214 275.8772 37.9952 1.584e-16 1.387e-16 7.881e-17 0.0 45.37 0.0
S285215 275.5747 38.0067 2.053e-20 1.4230000000000002e-20 5.041e-21 0.0 49.15 0.0
S285216 275.1972 38.1637 1.853e-16 1.564e-16 8.285e-17 0.0 51.72 0.0
S285217 275.7268 38.1857 1.689e-18 2.21e-18 2.729e-18 0.0 54.09 0.0
S285218 275.2561 37.8524 1.051e-16 9.623e-17 5.909e-17 0.0 50.81 0.0
S285219 275.8568 37.8695 1.698e-20 1.2210000000000001e-20 4.4050000000000004e-21 0.0 50.39 0.0
S285220 275.9526 38.0831 1.484e-18 1.981e-18 2.617e-18 0.001 48.8 0.0
S285221 275.3473 37.9609 9.362000000000001e-20 1.643e-19 3.928e-19 0.0 53.52 0.0
S285222 275.9645 38.1387 5.094e-12 3.606e-12 1.305e-12 0.0 53.95 0.0
S285223 275.5352 38.0265 1.22e-14 8.742e-15 3.241e-15 0.0 53.64 0.0
S285224 275.5351 38.0257 1.072e-15 8.223e-16 3.636e-16 0.0 42.77 0.0
S285225 275.5344 38.0263 3.572e-15 2.737e-15 1.156e-15 0.0 60.9 1.0
S285226 275.5347 38.0264 3.314e-15 2.424e-15 9.86e-16 0.0 52.52 0.0
S285227 275.5349 38.0261 1.063e-15 8.371e-16 3.87e-16 0.0 39.01 0.0
S285228 275.8716 38.646 3.475e-23 1.091e-22 8.842e-22 0.0 48.42 0.0
S285233 275.1866 38.27 1.6240000000000002e-20 3.2260000000000004e-20 9.700000000000001e-20 0.0 59.34 0.0
S285239 275.4406 37.3694 1.917e-19 3.174e-19 6.237e-19 0.0 55.66 0.0
S285240 274.8138 37.929 1.254e-18 1.727e-18 2.352e-18 0.0 53.13 0.0
S285244 275.1947 37.4113 1.269e-16 1.183e-16 7.566e-17 0.0 50.89 0.0
S285245 274.4583 37.3935 2.0000000000000002e-20 1.4030000000000002e-20 4.921e-21 0.0 51.63 0.0
S285248 276.3071 38.2778 4.1999999999999997e-22 1.178e-21 7.115e-21 0.0 47.72 0.0
S285253 275.2067 38.5219 7.631000000000001e-20 1.295e-19 2.742e-19 0.0 57.23 0.0
S285255 276.1146 38.1926 2.571e-20 5.059e-20 1.528e-19 0.0 51.4 0.0
S285261 275.3442 38.2493 2.989e-21 6.742e-21 2.5820000000000003e-20 0.0 54.63 0.0
S285271 274.9084 39.1516 1.1720000000000001e-20 2.5040000000000002e-20 9.077e-20 0.0 46.45 0.0
S285274 274.9121 37.9623 2.786e-19 4.48e-19 8.649e-19 0.0 42.63 0.0
S285285 275.9398 38.3995 3.431e-16 5.627e-16 1.109e-15 0.0 59.81 0.0
S285293 275.774 36.927 3.7150000000000006e-20 7.129e-20 1.996e-19 0.0 49.91 0.0
S285294 275.9257 38.2762 1.2830000000000001e-20 2.8200000000000003e-20 1.014e-19 0.0 60.87 0.0
S285295 274.2685 38.6452 7.344e-21 1.5440000000000002e-20 5.1390000000000004e-20 0.0 57.76 0.0
S285297 275.5589 37.867 1.554e-19 2.535e-19 5.104e-19 0.0 45.55 0.0
S285299 274.8798 37.7095 3.022e-22 7.946999999999999e-22 4.489e-21 0.0 48.26 0.0
S285301 275.5265 38.3786 7.912e-21 1.7340000000000002e-20 6.354000000000001e-20 0.0 49.62 0.0
S285303 274.9301 37.419 3.154e-16 7.076e-16 2.848e-15 0.0 42.75 1.0
S285305 275.0851 37.7066 1.469e-21 3.621e-21 1.7400000000000003e-20 0.0 58.24 0.0
S285307 274.9651 38.4163 4.835e-19 7.243e-19 1.175e-18 0.0 48.6 0.0
S285311 274.6236 37.7115 1.007e-18 1.347e-18 1.823e-18 0.0 41.65 0.0
S285334 274.335 38.299 2.1410000000000002e-20 1.46e-20 5.123e-21 0.0 41.99 0.0
S285343 276.0512 37.7673 5.207e-24 2.343e-23 3.9879999999999994e-22 0.0 53.43 0.0
S285352 274.6408 38.6777 5.236e-23 1.611e-22 1.201e-21 0.0 51.28 0.0
S285354 275.0947 37.4432 7.484e-21 1.6330000000000003e-20 6.216000000000001e-20 0.001 54.63 0.0
S285356 275.2371 36.9787 3.43e-17 3.461e-17 2.55e-17 0.0 56.15 0.0
S285358 276.086 38.562 1.315e-19 2.353e-19 5.702e-19 0.0 41.31 0.0
S285361 276.346 39.0405 6.384e-23 2.345e-22 2.453e-21 0.0 55.86 0.0
S285373 276.2802 37.754 7.697e-17 1.086e-16 1.526e-16 0.0 53.83 0.0
S285380 274.5476 37.2574 5.096e-23 1.9869999999999997e-22 2.524e-21 0.0 45.87 0.0
S285387 276.205 38.5092 1.974e-16 3.827e-16 1.106e-15 0.0 54.86 1.0
S285391 275.0762 37.3243 2.543e-18 3.046e-18 3.338e-18 0.0 48.39 0.0
S285396 275.5115 38.4046 2.257e-21 5.532e-21 2.5620000000000003e-20 0.0 47.17 0.0
S285398 274.4118 38.2026 3.0460000000000002e-21 7.283e-21 3.245e-20 0.0 40.17 0.0
S285402 274.1634 37.4681 2.103e-23 8.005e-23 9.546999999999999e-22 0.0 40.71 0.0
S285405 275.9254 37.7956 2.402e-17 2.629e-17 2.261e-17 0.0 50.56 0.0
S285406 275.046 37.8163 2.162e-21 5.23e-21 2.4380000000000002e-20 0.0 55.3 0.0
S285410 274.8002 37.7818 9.8e-20 1.582e-19 3.135e-19 0.0 51.82 0.0
S285412 275.2291 37.5793 1.992e-16 1.692e-16 9.028e-17 0.0 45.6 0.0
S285413 274.4297 38.3152 1.009e-19 1.756e-19 3.935e-19 0.0 59.39 0.0
S285418 274.8566 38.9404 2.026e-20 1.4130000000000002e-20 5.103e-21 0.0 54.28 0.0
S285419 274.9529 37.0457 1.4429999999999999e-22 4.0799999999999996e-22 2.5290000000000002e-21 0.0 39.47 0.0
S285426 274.6789 37.8626 2.696e-25 1.533e-24 4.341e-23 0.0 58.94 0.0
S285427 275.1418 38.1801 2.294e-19 3.635e-19 6.784e-19 0.0 51.28 0.0
S285429 275.7281 37.4364 4.577e-17 4.729e-17 3.603e-17 0.0 50.18 0.0
S285439 275.128 38.7218 3.797e-21 8.979e-21 3.7380000000000004e-20 0.0 54.46 0.0
S285444 275.2698 37.5174 3.329e-24 1.368e-23 1.9509999999999998e-22 0.0 52.59 0.0
S285448 276.2658 38.1932 5.154e-18 6.373e-18 6.937e-18 0.0 55.91 0.0
S285449 275.8377 38.5225 3.145e-17 3.217e-17 2.493e-17 0.0 45.43 0.0
S285450 275.1066 38.73 1.771e-22 5.452e-22 4.117e-21 0.0 47.61 0.0
S285454 274.7616 37.0867 9.057e-17 1.666e-16 4.128e-16 0.0 40.69 0.0
S285462 276.0404 38.5846 7.291e-20 1.283e-19 2.963e-19 0.0 49.85 0.0
S285465 273.9072 37.719 1.261e-14 4.038e-14 3.175e-13 0.0 39.8 1.0
S285473 274.3553 38.6432 4.459e-18 5.439e-18 5.818e-18 0.0 54.0 0.0
S285476 274.8472 37.8573 5.888e-23 1.8769999999999998e-22 1.45e-21 0.001 49.01 0.0
S285479 275.3799 38.5169 1.523e-19 2.5e-19 4.945e-19 0.0 46.6 0.0
S285480 276.1556 37.6517 2.248e-22 5.885999999999999e-22 3.211e-21 0.0 44.12 0.0
S285481 273.9259 37.619 6.073e-17 5.584e-17 3.5e-17 0.0 51.16 0.0
S285488 275.2719 37.3694 2.392e-23 9.162999999999999e-23 1.033e-21 0.0 43.9 0.0
S285494 274.936 37.3309 1.7729999999999998e-22 5.333999999999999e-22 3.845e-21 0.0 40.45 0.0
S285497 275.6325 37.3112 1.2459999999999999e-22 3.7359999999999995e-22 2.688e-21 0.0 55.93 0.0
S285499 275.578 37.6258 1.595e-20 2.9700000000000005e-20 7.865000000000001e-20 0.0 45.62 0.0
S285500 275.7304 38.3535 2.987e-18 3.749e-18 4.297e-18 0.0 45.87 0.0
S285504 274.3077 38.4158 2.3270000000000002e-21 5.947e-21 2.988e-20 0.0 56.26 0.0
S285513 274.1051 38.4796 2.4210000000000002e-20 1.6470000000000003e-20 5.586e-21 0.0 41.2 0.0
S285519 274.6472 38.7978 5.142e-18 6.395e-18 7.491e-18 0.0 43.69 0.0
S285524 274.3874 38.1895 5.726e-17 5.982e-17 4.533e-17 0.0 59.95 0.0
S285531 276.0556 38.5712 3.2249999999999996e-22 9.387e-22 6.315e-21 0.0 43.65 0.0
S285532 275.248 37.5264 1.862e-18 2.331e-18 2.761e-18 0.0 42.82 0.0
S285537 274.4511 37.4576 4.264e-19 6.2e-19 9.804e-19 0.0 43.73 0.0
S285538 274.5368 38.6918 1.011e-17 1.147e-17 1.078e-17 0.0 59.46 0.0
S285540 275.0951 38.2167 4.4560000000000004e-20 8.228e-20 2.101e-19 0.0 59.14 0.0
S285543 274.3088 37.3968 2.052e-18 2.741e-18 3.644e-18 0.0 50.85 0.0
S285544 275.9917 38.4057 2.383e-12 1.718e-12 6.494e-13 0.0 39.95 0.0
S285546 275.8753 37.0566 7.079e-19 9.989e-19 1.437e-18 0.0 44.28 0.0
S285548 275.6808 38.1127 2.06e-21 5.076e-21 2.3970000000000002e-20 0.0 46.92 0.0
S285563 275.254 38.7268 1.127e-18 1.59e-18 2.304e-18 0.0 48.78 0.0
S285565 275.6821 38.4997 3.606e-23 1.251e-22 1.152e-21 0.001 53.86 0.0
S285578 275.4138 38.5221 9.053e-17 8.995e-17 6.503e-17 0.0 45.54 0.0
S285580 275.3227 37.681 4.172e-17 3.864e-17 2.475e-17 0.0 52.49 0.0
S285582 274.8308 38.4695 1.7799999999999998e-22 4.764e-22 2.658e-21 0.0 53.36 0.0
S285586 275.7251 37.0914 1.416e-17 1.569e-17 1.38e-17 0.0 51.12 0.0
S285592 276.0099 37.8406 4.791e-21 1.0070000000000001e-20 3.2870000000000005e-20 0.0 43.91 0.0
S285599 275.894 38.6344 2.826e-16 6.24e-16 2.303e-15 0.0 58.56 0.0
S285607 274.2552 37.373 8.679999999999998e-22 2.3150000000000002e-21 1.2670000000000001e-20 0.0 48.6 0.0
S285613 275.6796 37.1659 2.1350000000000002e-20 1.4640000000000003e-20 5.1180000000000004e-21 0.0 41.31 0.0
S285614 275.052 38.2587 3.662e-18 4.647e-18 5.442e-18 0.0 54.62 0.0
S285617 274.2388 37.9279 6.328999999999999e-22 1.6510000000000001e-21 8.845000000000001e-21 0.0 51.65 0.0
S285619 274.9672 37.7213 1.79e-12 1.208e-12 3.855e-13 0.0 59.94 0.0
S285627 275.3121 37.3538 8.049999999999999e-23 2.3719999999999997e-22 1.602e-21 0.0 45.21 0.0
S285631 276.0993 37.7831 9.812e-20 1.666e-19 3.619e-19 0.0 45.21 0.0
S285634 275.4469 37.2956 2.982e-20 5.922e-20 1.779e-19 0.0 49.39 0.0
S285645 275.8777 38.0927 2.432e-20 1.673e-20 5.666e-21 0.0 45.05 0.0
S285648 275.6039 37.724 5.574e-21 1.163e-20 3.74e-20 0.0 49.74 0.0
S285650 276.4084 37.8265 5.033e-21 4.426e-21 2.361e-21 0.0 47.86 0.0
S285656 274.7612 37.3927 5.04e-19 7.125e-19 1.072e-18 0.0 56.86 0.0
S285657 274.2885 37.5747 6.313e-18 7.684e-18 8.53e-18 0.0 52.67 0.0
S285661 274.3534 37.9522 1.649e-20 3.313e-20 1.003e-19 0.0 42.89 0.0
S285663 274.6372 38.179 3.071e-20 5.797000000000001e-20 1.568e-19 0.0 54.7 0.0
S285666 274.7222 39.1461 1.11e-16 1.029e-16 6.53e-17 0.0 49.31 0.0
S285679 274.4323 37.8111 1.3409999999999998e-22 4.1909999999999996e-22 3.241e-21 0.0 42.46 0.0
S285685 274.3125 37.7581 1.2370000000000001e-26 1.011e-25 5.918e-24 0.0 59.42 0.0
S285687 274.3808 37.8798 1.515e-17 1.723e-17 1.626e-17 0.0 49.88 0.0
S285695 274.075 37.7698 5.664e-18 6.809e-18 7.202e-18 0.0 47.89 0.0
S285699 275.3065 38.1909 7.894e-21 1.684e-20 5.804000000000001e-20 0.001 44.68 0.0
S285707 273.9387 37.8025 2.821e-16 2.431e-16 1.331e-16 0.0 50.97 0.0
S285716 275.1318 38.708 2.457e-18 2.876e-18 2.745e-18 0.0 50.93 0.0
S285719 274.4117 38.3461 3.512e-16 5.289e-16 8.803e-16 0.0 44.33 0.0
S285726 274.3493 37.6982 2.505e-20 1.7030000000000002e-20 5.854e-21 0.0 44.02 0.0
S285729 275.1314 37.2598 1.538e-16 2.619e-16 5.777e-16 0.0 42.37 0.0
S285732 274.2049 37.9382 2.351e-23 8.379e-23 8.318999999999999e-22 0.0 58.63 0.0
S285735 275.8946 38.3646 5.779e-18 6.998e-18 7.677e-18 0.0 51.12 0.0
S285738 274.4112 38.5413 9.645e-19 1.359e-18 2.046e-18 0.0 59.51 0.0
S285739 274.6278 38.7317 7.022e-21 1.4890000000000002e-20 5.0470000000000006e-20 0.0 60.68 0.0
S285745 275.9962 38.8176 5.417e-17 5.598e-17 4.124e-17 0.0 45.48 0.0
S285754 274.3487 37.5805 4.532999999999999e-22 1.15e-21 5.751e-21 0.0 42.5 0.0
S285761 274.8552 38.7599 6.52e-18 7.987e-18 8.484e-18 0.0 47.71 0.0
S285764 274.308 37.4796 2.607e-22 7.800999999999999e-22 5.495e-21 0.0 52.14 0.0
S285767 274.3767 37.453 8.385999999999999e-22 2.111e-21 1.0340000000000001e-20 0.0 57.49 0.0
S285771 274.7636 37.6469 1.144e-16 1.908e-16 3.873e-16 0.0 49.13 0.0
S285773 274.338 38.1439 5.592e-18 6.583e-18 6.514e-18 0.0 44.06 0.0
S285774 274.2943 38.8299 1.083e-18 1.502e-18 2.032e-18 0.0 48.96 0.0
S285775 275.9058 38.4628 7.316e-21 1.5200000000000002e-20 4.9570000000000006e-20 0.0 51.13 0.0
S285777 274.9266 37.6384 4.85e-18 5.984e-18 6.694e-18 0.0 48.82 0.0
S285782 274.5136 38.5852 1.308e-19 2.19e-19 4.504e-19 0.0 52.66 0.0
S285788 275.6077 38.166 1.066e-16 1.849e-16 4.13e-16 0.0 51.84 0.0
S285793 275.7426 38.6397 2.236e-17 2.404e-17 2.077e-17 0.0 54.77 0.0
S285796 275.618 38.1302 1.62e-17 1.815e-17 1.691e-17 0.0 54.2 0.0
S285799 275.1236 38.1531 3.066e-18 3.818e-18 4.311e-18 0.0 48.32 0.0
S285802 274.5719 38.3308 1.032e-20 2.1590000000000002e-20 7.263000000000001e-20 0.0 51.21 0.0
S285807 276.0806 38.1825 2.033e-21 4.807e-21 2.0660000000000002e-20 0.0 47.36 0.0
S285808 275.6062 37.4665 4.413e-21 9.827e-21 3.761e-20 0.0 46.36 0.0
S285814 275.9124 37.2872 2.481e-20 1.676e-20 5.763e-21 0.0 50.32 0.0
S285815 275.1528 38.3541 3.376e-21 7.581e-21 3.0480000000000003e-20 0.0 56.63 0.0
S285817 276.0038 38.4995 1.546e-21 3.101e-21 9.403e-21 0.0 41.72 0.0
S285819 274.9455 39.0396 1.972e-21 4.293e-21 1.5410000000000002e-20 0.0 39.22 0.0
S285821 275.5005 38.382 5.789e-16 5.104e-16 2.805e-16 0.0 41.26 0.0
S285828 274.5367 38.4477 1.251e-22 3.719e-22 2.564e-21 0.0 42.74 0.0
S285830 274.3377 38.2774 1.667e-23 5.88e-23 5.942999999999999e-22 0.0 42.62 0.0
S285837 274.9975 37.9605 1.306e-21 3.42e-21 1.849e-20 0.0 46.45 0.0
S285839 275.5556 37.632 5.653e-18 6.328e-18 5.718e-18 0.0 60.97 0.0
S285846 274.8993 39.1284 1.149e-18 1.675e-18 2.576e-18 0.0 52.39 0.0
S285848 275.7013 37.0784 4.2600000000000006e-26 3.074e-25 1.354e-23 0.0 52.66 0.0
S285851 275.1779 38.5016 3.1100000000000003e-20 5.62e-20 1.352e-19 0.001 47.4 0.0
S285856 275.4708 37.2069 1.9359999999999998e-22 4.918e-22 2.501e-21 0.0 44.8 0.0
S285857 274.4702 38.218 1.3240000000000001e-20 2.8320000000000005e-20 9.634e-20 0.0 43.9 0.0
S285859 275.8835 38.8289 6.203e-21 1.394e-20 5.427e-20 0.001 59.57 0.0
S285861 274.679 38.2133 1.768e-19 2.868e-19 5.583e-19 0.0 48.64 0.0
S285862 274.5045 38.5061 1.4230000000000002e-20 1.0500000000000001e-20 4.09e-21 0.0 45.08 0.0
S285863 274.5183 37.3252 3.9579999999999994e-22 1.061e-21 5.904e-21 0.0 53.96 0.0
S285864 275.843 37.4237 2.635e-16 2.414e-16 1.458e-16 0.0 54.81 0.0
S285865 275.1644 38.0382 7.296e-21 1.639e-20 6.459000000000001e-20 0.0 54.96 0.0
S285868 275.1988 37.3679 2.062e-17 2.211e-17 1.841e-17 0.0 40.1 0.0
S285876 275.3333 37.9536 1.048e-11 8.077e-12 3.506e-12 0.0 45.57 1.0
S285877 274.829 37.891 5.384e-19 7.468e-19 1.076e-18 0.0 55.12 0.0
S285884 275.38 38.7807 6.568e-17 6.507e-17 4.676e-17 0.0 50.9 0.0
S285885 274.649 37.4636 4.105e-22 1.14e-21 6.974e-21 0.0 51.1 0.0
S285890 274.0899 38.075 4.53e-19 6.407e-19 9.449e-19 0.0 57.94 0.0
S285892 274.0809 37.7383 8.663e-21 1.646e-20 4.7230000000000006e-20 0.0 49.42 0.0
S285893 274.3729 38.5281 5.251e-20 9.920000000000001e-20 2.666e-19 0.0 47.26 0.0
S285896 275.5987 37.4758 2.42e-22 6.818999999999999e-22 4.183e-21 0.001 56.24 0.0
S285897 273.9523 38.0783 2.37e-20 4.5650000000000005e-20 1.26e-19 0.0 46.94 0.0
S285900 273.9819 38.3683 4.8570000000000003e-20 8.990000000000001e-20 2.335e-19 0.0 55.86 0.0
S285906 276.0328 38.1943 1.265e-21 3.175e-21 1.5370000000000002e-20 0.0 52.56 0.0
S285908 274.8557 37.803 6.07e-23 1.975e-22 1.646e-21 0.0 44.88 0.0
S285911 273.8535 38.0149 6.399e-18 7.951e-18 8.887e-18 0.0 39.84 0.0
S285916 275.1804 37.6273 7.562e-20 1.296e-19 2.78e-19 0.001 50.76 0.0
S285921 275.6411 38.1156 9.148e-22 2.347e-21 1.1710000000000001e-20 0.0 39.65 0.0
S285926 275.3313 38.7144 3.283e-17 3.333e-17 2.507e-17 0.0 46.7 0.0
S285929 275.6994 37.1258 2.814e-22 8.639e-22 6.336e-21 0.0 47.54 0.0
S285932 274.8856 38.2839 1.209e-19 2.037e-19 4.357e-19 0.0 59.53 0.0
S285933 274.4916 38.7241 8.810000000000001e-20 1.575e-19 3.616e-19 0.0 52.65 0.0
S285941 275.4105 37.07 3.9800000000000003e-20 7.552e-20 2.018e-19 0.0 55.53 0.0
S285945 276.3016 38.3227 2.728e-18 3.848e-18 5.455e-18 0.0 57.75 0.0
S285950 274.0665 37.5818 9.543e-19 1.298e-18 1.733e-18 0.0 40.52 0.0
S285958 275.7238 37.7557 3.013e-22 8.1489999999999995e-22 4.772e-21 0.0 50.64 0.0
S285959 275.6808 37.2554 3.071e-18 3.736e-18 4.122e-18 0.0 43.82 0.0
S285965 276.2888 38.4138 6.741e-19 9.532e-19 1.467e-18 0.0 50.0 0.0
S285970 275.8266 38.2308 1.101e-20 2.263e-20 7.287000000000001e-20 0.0 54.38 0.0
S285972 274.7065 37.7514 1.9590000000000002e-20 3.7860000000000004e-20 1.112e-19 0.0 59.48 0.0
S285974 274.8967 38.5412 7.366e-22 1.882e-21 9.765e-21 0.0 48.42 0.0
S285978 275.4204 38.6357 1.766e-16 2.819e-16 5.396e-16 0.0 57.0 0.0
S285987 274.8349 37.3878 2.2e-16 5.494e-16 2.614e-15 0.0 43.49 1.0
S285989 276.0021 38.339 1.148e-21 2.695e-21 1.0980000000000001e-20 0.0 39.82 0.0
S285990 276.0712 37.8362 4.071e-19 6.672e-19 1.318e-18 0.0 56.81 0.0
S285996 274.4626 38.9489 9.145e-22 2.3150000000000002e-21 1.123e-20 0.0 41.56 0.0
S285999 276.4236 38.2622 4.328e-20 7.530000000000001e-20 1.711e-19 0.0 40.92 0.0
S286000 275.9852 37.436 3.636e-18 4.656e-18 5.58e-18 0.0 55.31 0.0
S286001 275.246 37.0745 8.467e-13 5.526e-13 1.74e-13 0.0 54.94 0.0
S286002 275.6416 38.6883 4.598e-21 1.099e-20 4.659e-20 0.0 39.98 0.0
S286006 275.1634 37.8687 1.866e-17 1.945e-17 1.556e-17 0.0 44.07 0.0
S286010 275.5378 37.7393 1.971e-21 4.87e-21 2.325e-20 0.0 43.96 0.0
S286011 274.61 39.007 1.1260000000000001e-20 2.4400000000000004e-20 8.830000000000001e-20 0.0 49.41 0.0
S286012 275.2917 37.789 1.216e-20 2.6850000000000004e-20 9.744e-20 0.0 47.87 0.0
S286013 275.3728 38.315 1.862e-16 1.736e-16 1.104e-16 0.0 44.63 0.0
S286019 275.7481 38.1378 2.243e-19 3.452e-19 6.151e-19 0.0 52.52 0.0
S286020 275.1997 37.9269 1.939e-20 3.788e-20 1.11e-19 0.0 47.84 0.0
S286021 274.773 38.0886 1.1160000000000001e-21 2.4580000000000002e-21 9.309e-21 0.0 48.73 0.0
S286026 274.4867 37.8164 9.18e-17 8.251e-17 4.974e-17 0.0 52.08 0.0
S286028 275.0239 37.3194 1.144e-19 1.853e-19 3.799e-19 0.0 40.46 0.0
S286030 275.7642 37.1599 4.89e-18 5.679e-18 5.324e-18 0.0 56.76 0.0
S286036 275.9222 38.1506 6.961e-21 1.607e-20 6.523e-20 0.0 51.27 0.0
S286040 275.8557 38.3132 5.411e-25 2.835e-24 6.647e-23 0.0 39.21 0.0
S286042 276.3752 39.1831 1.978e-16 1.77e-16 1.057e-16 0.0 59.35 0.0
S286052 274.9346 38.3288 3.6820000000000004e-20 6.980000000000001e-20 1.85e-19 0.0 45.51 0.0
S286063 275.5968 37.2472 4.1919999999999997e-22 1.148e-21 6.87e-21 0.0 44.37 0.0
S286065 275.4257 38.0021 2.388e-20 4.589e-20 1.242e-19 0.0 49.75 1.0
S286066 274.5099 39.1032 4.103e-19 6.386e-19 1.174e-18 0.0 49.97 0.0
S286071 275.3166 38.7827 7.306e-21 1.5510000000000002e-20 5.287000000000001e-20 0.0 46.14 0.0
S286073 275.6596 37.2801 1.617e-23 6.122e-23 6.897999999999999e-22 0.0 53.93 0.0
S286075 275.393 38.0055 4.74e-17 4.594e-17 3.088e-17 0.0 52.03 0.0
S286079 274.6215 39.07 2.005e-21 4.924e-21 2.3040000000000002e-20 0.0 55.52 0.0
S286083 273.929 37.5612 6.564e-22 1.67e-21 8.605e-21 0.0 54.31 0.0
S286085 275.1025 37.2297 1.1670000000000001e-20 2.2620000000000002e-20 6.543000000000001e-20 0.0 50.29 0.0
S286086 274.241 37.8667 3.77e-12 4.086e-12 3.506e-12 0.0 48.46 0.0
S286088 275.916 38.2967 2.2580000000000003e-20 4.8430000000000003e-20 1.736e-19 0.001 45.49 0.0
S286095 275.2037 37.3602 1.6139999999999999e-22 5.105e-22 3.9530000000000004e-21 0.0 41.53 0.0
S286099 275.0106 38.6385 2.988e-17 3.049e-17 2.222e-17 0.0 46.22 0.0
S286106 275.2879 38.77 4.134e-21 1.028e-20 4.733e-20 0.0 45.12 0.0
S286110 274.7474 38.9782 2.7769999999999997e-23 1.0629999999999998e-22 1.3e-21 0.0 39.62 0.0
S286112 275.6639 37.2441 2.9439999999999997e-22 7.550999999999999e-22 3.903e-21 0.0 39.94 0.0
S286116 273.9675 38.0325 4.153e-21 9.559000000000001e-21 4.0280000000000003e-20 0.0 49.37 0.0
S286117 276.3674 37.9111 2.0060000000000003e-20 3.907e-20 1.088e-19 0.0 55.77 0.0
S286118 275.8702 38.194 5.685e-19 8.202e-19 1.289e-18 0.0 46.21 0.0
S286119 274.1794 37.7111 5.782e-21 1.1710000000000001e-20 3.7360000000000005e-20 0.0 45.64 0.0
S286131 275.821 38.5428 8.602e-17 8.359e-17 5.648e-17 0.0 58.0 0.0
S286141 274.0698 37.9432 1.311e-18 1.697e-18 2.075e-18 0.0 53.06 0.0
S286142 275.0084 38.3434 4.205e-21 9.993e-21 4.3770000000000006e-20 0.0 58.91 0.0
S286143 275.6866 37.2944 3.312e-22 9.143e-22 5.167e-21 0.0 54.39 0.0
S286145 275.9276 38.2989 1.032e-17 1.227e-17 1.258e-17 0.0 47.01 0.0
S286149 275.0118 37.4328 2.011e-17 2.14e-17 1.723e-17 0.001 44.76 0.0
S286151 276.1821 38.8214 5.491e-18 6.675e-18 7.045e-18 0.0 52.61 0.0
S286153 274.9934 38.4756 2.188e-18 2.833e-18 3.483e-18 0.0 60.0 0.0
S286154 275.3692 36.9278 7.455000000000001e-20 1.363e-19 3.471e-19 0.0 48.76 0.0
S286161 274.2876 38.3353 2.3349999999999997e-22 6.554999999999999e-22 3.968e-21 0.0 53.88 0.0
S286169 275.8148 37.8231 1.1640000000000001e-20 2.4940000000000002e-20 8.899000000000001e-20 0.0 47.22 0.0
S286173 274.933 38.8273 1.45e-18 1.962e-18 2.612e-18 0.0 49.52 0.0
S286187 275.2605 37.0651 3.298e-16 4.674e-16 6.974e-16 0.0 48.84 0.0
S286192 274.85 37.62 2.9930000000000002e-21 6.932e-21 2.869e-20 0.0 54.49 0.0
S286193 275.3749 37.9306 3.851e-21 8.475e-21 3.121e-20 0.0 49.15 0.0
S286199 274.7063 38.5912 3.114e-20 5.975000000000001e-20 1.658e-19 0.0 60.37 0.0
S286200 275.0054 39.1126 8.216e-17 7.886e-17 5.311e-17 0.0 46.85 0.0
S286202 273.9241 37.6721 1.4689999999999999e-22 4.0479999999999995e-22 2.35e-21 0.0 59.36 0.0
S286206 275.018 38.4555 6.877999999999999e-22 1.925e-21 1.1910000000000001e-20 0.0 42.84 0.0
S286207 273.8311 37.6854 4.673e-22 1.242e-21 6.992e-21 0.0 47.06 0.0
S286222 275.1456 38.465 1.414e-21 3.141e-21 1.201e-20 0.0 50.3 0.0
S286227 275.491 37.8431 2.816e-20 5.19e-20 1.345e-19 0.0 55.59 0.0
S286231 275.4381 37.5962 5.001e-21 1.1400000000000001e-20 4.5580000000000005e-20 0.0 56.92 0.0
S286232 275.7335 38.1462 1.9959999999999998e-22 6.468999999999999e-22 5.283e-21 0.0 47.44 0.0
S286234 274.9599 39.0889 4.2840000000000003e-20 8.622000000000001e-20 2.713e-19 0.0 50.45 0.0
S286235 274.5734 38.4135 6.491e-18 7.877e-18 8.5e-18 0.0 59.21 0.0
S286236 275.2454 38.8539 1.13e-21 2.793e-21 1.3120000000000001e-20 0.0 50.52 0.0
S286237 274.7024 37.9374 6.001e-19 9.14e-19 1.589e-18 0.0 42.97 0.0
S286241 275.1279 39.1349 2.1690000000000002e-20 1.512e-20 5.31e-21 0.0 46.32 0.0
S286243 274.994 38.3855 2.494e-17 2.614e-17 2.062e-17 0.0 48.21 0.0
S286244 274.779 39.0633 8.095e-12 7.399e-12 4.623e-12 0.0 40.92 1.0
S286247 274.6188 37.9684 1.14e-16 1.048e-16 6.412e-17 0.0 43.21 0.0
S286250 276.0295 38.2177 6.237e-22 1.809e-21 1.1650000000000002e-20 0.0 53.23 0.0
S286253 276.1102 38.1244 6.661999999999999e-22 1.689e-21 8.522e-21 0.0 52.09 0.0
S286260 276.4383 38.231 6.091e-20 1.091e-19 2.536e-19 0.0 56.53 0.0
S286261 274.9336 37.4881 5.8790000000000004e-21 1.318e-20 5.0340000000000005e-20 0.0 55.64 0.0
S286262 274.0274 38.1758 2.6e-16 2.218e-16 1.193e-16 0.0 55.43 0.0
S286263 275.6059 37.3926 8.219e-23 2.643e-22 2.082e-21 0.0 47.91 0.0
S286267 274.2108 37.9957 1.1240000000000001e-20 2.3450000000000002e-20 7.852e-20 0.0 53.41 0.0
S286268 275.0181 37.6257 1.718e-21 4.103e-21 1.7920000000000003e-20 0.0 55.61 0.0
S286269 275.2016 38.8828 3.883e-21 9.491e-21 4.3930000000000004e-20 0.0 43.4 0.0
S286273 275.071 37.9339 6.896e-18 7.915e-18 7.897e-18 0.0 40.84 0.0
S286275 274.3898 37.8523 1.318e-20 2.781e-20 9.174000000000001e-20 0.0 59.43 0.0
S286279 275.4734 37.4245 1.069e-19 1.843e-19 4.113e-19 0.0 55.97 0.0
S286283 273.91 37.6016 3.0459999999999995e-22 8.546e-22 5.206e-21 0.001 45.03 0.0
S286284 276.4841 39.2431 5.566e-19 8.025e-19 1.262e-18 0.0 56.52 0.0
S286291 275.5569 37.5473 7.992e-18 9.75e-18 1.096e-17 0.0 53.8 0.0
S286295 275.3592 36.9275 6.631999999999999e-22 1.722e-21 9.211e-21 0.0 60.39 0.0
S286317 275.4278 38.0451 7.5e-16 6.203e-16 3.046e-16 0.0 49.12 0.0
S286318 275.3168 38.5785 8.567e-17 8.259e-17 5.598e-17 0.0 43.32 0.0
S286324 275.4271 37.73 1.247e-19 2.096e-19 4.411e-19 0.0 44.08 0.0
S286326 276.4279 38.3191 3.6390000000000006e-20 7.295e-20 2.269e-19 0.0 51.66 0.0
S286331 275.8266 37.9264 5.722e-18 7.209e-18 8.143e-18 0.001 41.74 0.0
S286333 275.9138 37.8146 7.058e-19 1.073e-18 1.851e-18 0.0 53.86 0.0
S286342 274.0535 38.5121 7.38e-17 1.47e-16 4.203e-16 0.001 48.95 0.0
S286345 274.9531 37.9601 1.483e-19 2.556e-19 5.713e-19 0.0 47.81 0.0
S286350 274.4616 38.1281 2.142e-21 4.941e-21 2.0930000000000002e-20 0.0 55.28 0.0
S286356 276.2903 38.2073 1.538e-20 3.2040000000000006e-20 1.081e-19 0.0 54.79 0.0
S286359 276.3725 39.0951 3.6340000000000004e-20 7.177000000000001e-20 2.12e-19 0.0 50.08 0.0
S286360 274.8134 37.0891 2.089e-19 3.283e-19 6.121e-19 0.0 40.43 0.0
S286362 275.881 38.4149 3.676e-23 1.3039999999999998e-22 1.293e-21 0.0 48.2 0.0
S286366 275.5567 37.6 3.4359999999999998e-22 9.793e-22 6.148e-21 0.0 54.33 0.0
S286371 275.1753 38.6354 1.438e-20 2.7560000000000005e-20 7.377e-20 0.0 56.72 0.0
S286372 276.359 38.4724 7.844000000000001e-20 1.463e-19 3.742e-19 0.0 50.83 0.0
S286375 274.4603 38.0886 3.248e-21 7.369e-21 2.8890000000000003e-20 0.0 45.65 0.0
S286376 276.2504 38.0516 1.9290000000000002e-21 4.694e-21 2.063e-20 0.0 55.8 0.0
S286379 276.0918 37.673 1.582e-19 2.524e-19 4.637e-19 0.0 41.26 0.0
S286389 275.0814 38.7725 1.802e-19 2.873e-19 5.254e-19 0.0 47.9 0.0
S286390 275.8345 37.1693 7.995e-21 1.642e-20 5.473e-20 0.0 58.54 0.0
S286391 275.2942 38.2042 6.875e-22 2.032e-21 1.39e-20 0.0 42.12 0.0
S286397 274.4047 38.6203 2.265e-22 6.240999999999999e-22 3.583e-21 0.0 52.3 0.0
S286400 275.0992 37.5806 4.4079999999999996e-23 1.5449999999999997e-22 1.475e-21 0.0 49.39 0.0
S286403 276.2795 37.8391 7.546e-12 6.555e-12 3.575e-12 0.001 46.44 1.0
S286408 275.8284 38.0911 4.2620000000000004e-21 9.52e-21 3.615e-20 0.0 59.46 0.0
S286411 274.8688 38.8258 5.523e-22 1.481e-21 8.265e-21 0.0 55.39 0.0
S286412 275.7265 37.3902 3.546e-23 1.2829999999999999e-22 1.377e-21 0.0 47.18 0.0
S286413 274.2228 38.2526 1.101e-19 1.798e-19 3.55e-19 0.0 50.45 0.0
S286414 276.0571 38.8887 2.618e-18 3.222e-18 3.665e-18 0.0 47.73 0.0
S286419 274.3094 38.1915 3.777e-19 5.641e-19 9.559e-19 0.0 43.23 0.0
S286422 275.162 37.0649 2.265e-17 2.362e-17 1.883e-17 0.0 49.5 0.0
S286424 276.0671 38.6223 7.01e-19 1.014e-18 1.55e-18 0.001 42.08 0.0
S286425 274.7549 37.7763 3.061e-17 3.171e-17 2.49e-17 0.0 49.79 0.0
S286433 276.0369 38.1927 3.178e-19 4.951e-19 8.96e-19 0.0 48.0 0.0
S286438 275.3129 37.2238 8.016e-21 1.6650000000000002e-20 5.429e-20 0.001 40.41 0.0
S286446 274.65 38.1821 3.95e-22 1.075e-21 6.476e-21 0.0 47.06 0.0
S286447 274.4703 38.5522 2.105e-19 3.552e-19 7.501e-19 0.0 48.77 0.0
S286449 275.1872 37.2426 1.981e-19 3.163e-19 5.975e-19 0.0 53.86 0.0
S286452 275.0653 38.4353 4.783e-21 1.109e-20 4.5360000000000006e-20 0.0 48.78 0.0
S286456 275.3427 38.4312 1.291e-19 2.111e-19 4.07e-19 0.0 42.87 0.0
S286460 274.3133 37.7698 1.489e-21 3.8580000000000004e-21 2.06e-20 0.0 43.33 0.0
S286469 274.3649 38.2922 2.659e-18 3.381e-18 4.059e-18 0.0 40.11 0.0
S286471 274.4308 38.868 2.588e-18 3.274e-18 3.847e-18 0.0 44.31 0.0
S286474 276.1893 39.0413 1.0220000000000001e-20 2.218e-20 7.678000000000001e-20 0.0 50.6 0.0
S286478 275.8482 37.5444 2.853e-19 4.49e-19 8.137e-19 0.0 51.21 0.0
S286479 274.8882 39.0214 3.782e-21 8.986e-21 3.808e-20 0.0 41.88 0.0
S286480 276.2832 39.0306 3.426e-21 6.795e-21 1.9790000000000002e-20 0.0 52.99 0.0
S286489 275.1114 38.6091 1.848e-16 3.26e-16 7.359e-16 0.001 48.91 0.0
S286498 275.9759 38.1861 4.301e-19 6.443e-19 1.072e-18 0.0 53.6 0.0
S286504 274.5995 37.4829 1.56e-19 2.568e-19 5.199e-19 0.0 47.58 0.0
S286509 273.7508 37.7823 1.45e-18 1.929e-18 2.589e-18 0.0 48.46 0.0
S286512 274.1479 37.5443 1.249e-17 1.44e-17 1.392e-17 0.0 54.19 0.0
S286514 275.6065 38.7467 1.187e-17 1.271e-17 1.032e-17 0.001 47.61 0.0
S286515 274.2484 38.1012 3.0239999999999995e-22 8.424999999999999e-22 5.223e-21 0.0 45.23 0.0
S286519 274.264 38.2467 7.261e-21 1.635e-20 6.58e-20 0.0 50.83 0.0
S286521 275.4836 37.1155 4.255e-25 2.3449999999999998e-24 6.027999999999999e-23 0.0 55.08 0.0
S286523 275.5642 37.5474 7.96e-21 1.546e-20 4.3930000000000004e-20 0.0 48.87 0.0
S286525 274.4272 37.5238 2.996e-17 3.056e-17 2.374e-17 0.0 55.21 0.0
S286526 275.9085 37.7222 3.366e-18 4.146e-18 4.516e-18 0.0 47.96 1.0
S286532 274.5062 38.488 5.033e-19 7.277e-19 1.1e-18 0.0 50.73 0.0
S286543 273.9939 37.5677 9.746e-20 1.79e-19 4.47e-19 0.001 57.03 0.0
S286544 274.9087 38.7173 3.996e-17 3.999e-17 2.862e-17 0.0 44.13 0.0
S286559 276.2781 38.3872 2.7030000000000003e-20 5.0000000000000005e-20 1.318e-19 0.0 46.77 0.0
S286560 274.5656 38.4615 3.7659999999999995e-22 1.093e-21 7.186e-21 0.0 46.33 0.0
S286563 275.1087 38.8123 1.066e-11 7.892e-12 3.202e-12 0.0 52.4 0.0
S286564 275.5844 38.8039 3.6210000000000003e-20 7.019e-20 1.928e-19 0.0 48.76 0.0
S286566 274.7327 37.354 5.3730000000000005e-20 1.022e-19 2.758e-19 0.0 47.51 0.0
S286567 274.699 37.4935 2.742e-17 2.77e-17 2.05e-17 0.0 52.52 0.0
S286572 274.581 38.4261 1.652e-17 1.786e-17 1.529e-17 0.0 59.84 0.0
S286574 274.4855 37.3739 1.976e-18 2.593e-18 3.257e-18 0.0 44.65 0.0
S286576 276.0763 37.9201 7.32e-23 2.361e-22 1.916e-21 0.0 44.7 0.0
S286581 275.0893 37.6553 5.907e-22 1.5e-21 7.721e-21 0.0 60.64 0.0
S286587 275.1359 36.9372 6.031e-22 1.6390000000000001e-21 9.33e-21 0.0 52.28 0.0
S286589 275.2429 37.9589 1.3420000000000001e-21 3.504e-21 1.8480000000000002e-20 0.0 51.95 0.0
S286590 276.1588 38.4536 2.9099999999999996e-23 1.061e-22 1.1340000000000001e-21 0.0 42.89 0.0
S286593 275.7182 37.5026 2.311e-23 8.188999999999999e-23 8.040999999999999e-22 0.001 48.16 0.0
S286599 275.8528 38.3649 1.8860000000000002e-20 3.6480000000000004e-20 1.001e-19 0.001 58.16 0.0
S286600 275.1574 36.9916 1.059e-20 2.357e-20 8.524000000000001e-20 0.0 50.29 0.0
S286601 274.845 38.9248 1.457e-20 1.056e-20 4.035e-21 0.0 55.53 0.0
S286604 276.0635 38.3996 1.657e-16 1.565e-16 9.873e-17 0.0 44.04 0.0
S286607 275.2019 38.2898 7.445e-21 1.683e-20 6.658000000000001e-20 0.0 60.19 0.0
S286609 275.335 38.4312 1.147e-18 1.631e-18 2.331e-18 0.0 48.32 0.0
S286626 276.1707 38.6694 1.848e-16 1.727e-16 1.097e-16 0.0 46.82 0.0
S286630 275.6886 38.443 5.663e-21 1.3400000000000001e-20 5.545e-20 0.0 53.96 0.0
S286633 275.3065 38.4189 2.2680000000000003e-20 1.55e-20 5.4150000000000004e-21 0.0 60.87 0.0
S286636 274.6203 38.0792 2.17e-17 2.392e-17 2.188e-17 0.0 54.32 0.0
S286642 275.0294 37.576 1.278e-23 4.9059999999999997e-23 5.761e-22 0.0 43.54 0.0
S286646 275.6752 38.5174 1.815e-20 3.325e-20 8.199000000000001e-20 0.0 45.05 0.0
S286654 275.184 38.2936 1.014e-18 1.44e-18 2.225e-18 0.0 49.7 0.0
S286656 275.6322 37.9644 2.4830000000000002e-20 4.562e-20 1.18e-19 0.0 53.31 0.0
S286657 275.344 37.4689 1.433e-21 3.467e-21 1.5860000000000002e-20 0.0 56.08 0.0
S286658 274.0709 38.0075 1.105e-23 4.18e-23 4.736e-22 0.0 51.0 0.0
S286664 274.9489 37.2189 4.042e-18 5.124e-18 6.071e-18 0.0 50.86 0.0
S286669 275.8973 37.5425 2.618e-21 6.352e-21 2.838e-20 0.0 48.64 0.0
S286672 275.3178 38.4086 1.929e-17 2.101e-17 1.872e-17 0.0 47.52 0.0
S286674 273.8574 38.1744 8.721e-18 9.718e-18 8.996e-18 0.0 49.47 0.0
S286677 274.9053 37.3272 1.1590000000000001e-20 2.4660000000000002e-20 8.333000000000001e-20 0.0 51.62 0.0
S286683 275.062 38.4861 8.557e-18 9.481e-18 8.661e-18 0.0 55.38 0.0
S286686 275.5263 38.8447 7.334e-17 1.532e-16 5.181e-16 0.0 44.25 0.0
S286687 275.0811 37.1872 1.437e-18 1.953e-18 2.64e-18 0.0 38.7 0.0
S286696 274.8347 38.7356 1.908e-19 3.145e-19 6.609e-19 0.0 48.75 0.0
S286703 275.4611 37.2115 6.868e-18 7.826e-18 7.528e-18 0.0 53.73 0.0
S286705 274.6052 38.2547 1.444e-18 1.951e-18 2.573e-18 0.0 49.73 0.0
S286706 276.2394 38.7396 8.808e-19 1.269e-18 1.862e-18 0.001 46.33 0.0
S286710 275.3077 38.1622 2.704e-21 6.328e-21 2.731e-20 0.0 56.89 0.0
S286713 276.2832 38.3042 9.296e-22 2.423e-21 1.2530000000000002e-20 0.0 43.16 0.0
S286714 275.3987 37.87 5.732e-19 8.206e-19 1.282e-18 0.0 52.3 0.0
S286715 274.2238 37.8755 2.1930000000000002e-20 1.504e-20 5.2610000000000004e-21 0.0 43.08 0.0
S286719 275.2138 37.813 2.146e-20 1.4850000000000002e-20 5.298e-21 0.0 54.19 0.0
S286721 274.344 38.2772 1.481e-16 2.288e-16 4.164e-16 0.0 54.44 0.0
S286723 274.1624 38.4356 6.525999999999999e-22 1.604e-21 7.433e-21 0.0 46.92 0.0
S286726 275.5037 37.2937 1.07e-22 3.638e-22 3.345e-21 0.0 51.27 0.0
S286727 275.5086 37.0338 4.833e-19 7.259e-19 1.242e-18 0.0 50.33 0.0
S286728 275.2211 38.6572 8.536e-21 1.8100000000000002e-20 6.282e-20 0.0 43.32 0.0
S286735 273.6613 37.7683 6.127e-23 1.934e-22 1.527e-21 0.0 49.63 0.0
S286736 276.0621 37.5549 3.8929999999999995e-22 1.048e-21 5.763e-21 0.0 47.48 0.0
S286739 275.3964 37.8713 5.794e-21 1.2150000000000002e-20 4.2890000000000005e-20 0.0 50.32 0.0
S286742 276.322 38.4074 3.133e-20 6.405000000000001e-20 1.956e-19 0.0 52.22 0.0
S286744 274.9095 38.3519 9.629000000000001e-20 1.681e-19 3.912e-19 0.0 50.96 0.0
S286748 274.2524 38.7472 8.814e-22 2.5e-21 1.539e-20 0.001 40.16 0.0
S286749 274.1797 38.3189 1.2260000000000001e-20 2.714e-20 9.951000000000001e-20 0.0 59.09 0.0
S286751 275.2262 37.0043 2.552e-22 7.247e-22 4.539e-21 0.0 57.56 0.0
S286753 275.6008 38.2661 4.198e-17 4.184e-17 3.052e-17 0.001 52.17 0.0
S286754 275.5613 38.6469 9.601e-19 1.282e-18 1.646e-18 0.0 50.67 0.0
S286761 274.3419 38.5581 1.224e-21 3.061e-21 1.501e-20 0.0 50.35 0.0
S286762 275.547 37.7397 5.976999999999999e-22 1.612e-21 9.557000000000001e-21 0.0 45.33 0.0
S286767 274.0854 37.9442 3.853e-16 3.164e-16 1.59e-16 0.0 51.6 0.0
S286774 275.0191 38.2351 2.285e-19 3.76e-19 7.222e-19 0.0 43.82 0.0
S286779 275.9712 38.2128 5.065e-25 2.756e-24 6.887e-23 0.0 49.04 0.0
S286781 275.9187 37.8556 4.224e-16 6.996e-16 1.431e-15 0.0 50.16 0.0
S286785 275.0396 37.1486 3.386e-22 8.532999999999998e-22 4.205e-21 0.0 52.01 0.0
S286787 274.8161 38.7989 1.957e-21 4.893e-21 2.3680000000000003e-20 0.0 53.97 0.0
S286790 275.7107 37.6602 2.36e-21 5.568e-21 2.4870000000000002e-20 0.0 60.24 0.0
S286791 274.5082 37.4534 6.769e-27 6.171e-26 4.305e-24 0.0 42.97 0.0
S286792 274.6338 38.1064 2.5339999999999998e-24 1.16e-23 1.9889999999999999e-22 0.0 46.54 0.0
S286793 275.9091 37.8418 6.407000000000001e-20 1.133e-19 2.65e-19 0.0 49.07 0.0
S286794 274.9691 36.9421 1.2170000000000001e-20 2.374e-20 7.025000000000001e-20 0.0 46.67 0.0
S286798 275.6108 37.2415 9.06e-22 2.206e-21 1.0010000000000002e-20 0.0 52.12 1.0
S286800 273.9581 37.6705 1.394e-23 4.8409999999999997e-23 4.723e-22 0.0 52.57 0.0
S286802 274.5921 38.5851 2.14e-19 3.55e-19 7.507e-19 0.0 44.63 0.0
S286803 275.2664 38.698 1.751e-17 1.885e-17 1.613e-17 0.001 53.71 0.0
S286807 275.65 37.7938 4.8309999999999997e-23 1.6099999999999999e-22 1.398e-21 0.001 61.08 0.0
S286810 275.6899 38.4911 2.621e-17 2.686e-17 2.069e-17 0.001 47.81 0.0
S286811 274.919 37.2786 6.435e-20 1.102e-19 2.401e-19 0.0 49.66 0.0
S286812 274.1887 37.8103 2.9440000000000004e-20 5.455e-20 1.355e-19 0.0 51.45 0.0
S286815 276.1513 38.9015 3.053e-18 3.943e-18 4.823e-18 0.0 53.43 0.0
S286818 275.213 38.962 2.059e-17 2.26e-17 1.88e-17 0.0 50.02 0.0
S286822 274.9879 39.18 1.441e-17 1.559e-17 1.326e-17 0.0 52.67 0.0
S286826 274.0824 38.2435 3.284e-18 4.232e-18 5.088e-18 0.0 45.67 0.0
S286829 274.5802 37.1028 2.06e-22 6.813e-22 5.989e-21 0.0 59.62 0.0
S286834 276.171 38.2778 3.217e-18 4.03e-18 4.43e-18 0.0 45.09 0.0
S286836 274.5523 39.1237 1.073e-16 1.945e-16 5.013e-16 0.0 42.99 0.0
S286838 274.7881 38.6525 7.837e-12 5.529e-12 1.943e-12 0.0 52.6 0.0
S286846 274.7146 37.295 1.311e-18 1.768e-18 2.339e-18 0.0 51.84 0.0
S286848 274.6691 37.8001 2.0949999999999998e-22 5.615999999999999e-22 3.138e-21 0.0 54.36 0.0
S286849 275.2107 37.1133 1.835e-20 3.3840000000000005e-20 8.813e-20 0.0 45.64 0.0
S286857 274.6128 37.8312 1.439e-18 1.946e-18 2.502e-18 0.001 54.55 0.0
S286860 275.0446 38.1597 2.442e-18 3.29e-18 4.41e-18 0.0 48.64 0.0
S286868 274.2014 38.3104 1.063e-21 2.82e-21 1.5650000000000002e-20 0.0 45.22 0.0
S286874 274.6715 38.9439 1.163e-19 1.977e-19 4.301e-19 0.0 54.79 0.0
S286878 274.9002 37.5679 3.747e-18 4.707e-18 5.341e-18 0.0 44.17 0.0
S286880 275.7694 37.0308 2.114e-23 7.575e-23 7.761999999999999e-22 0.0 52.88 0.0
S287502 276.2741 38.5654 1.467e-19 2.432e-19 4.905e-19 0.0 46.13 0.0
S287515 275.7027 37.7312 3.214e-16 2.875e-16 1.723e-16 0.0 45.99 0.0
S287579 276.0397 37.7765 3.454e-19 5.525e-19 1.047e-18 0.0 45.43 0.0
S287818 276.0952 38.2505 1.1e-16 1.977e-16 4.811e-16 0.0 54.97 0.0
S287914 276.0606 37.9895 3.9e-20 7.025000000000001e-20 1.635e-19 0.0 53.29 0.0
S287921 276.3202 37.7417 1.348e-19 2.308e-19 5.122e-19 0.0 50.68 0.0
S288104 275.9751 38.7357 4.496e-22 1.312e-21 8.708e-21 0.0 50.49 0.0
S288142 276.4371 38.3367 1.5340000000000002e-20 1.1030000000000001e-20 4.194e-21 0.0 50.06 0.0
S288176 276.3565 37.7869 1.574e-20 3.2270000000000004e-20 1.027e-19 0.0 45.35 0.0
S288184 276.1211 37.6185 2.621e-16 5.27e-16 1.562e-15 0.0 55.34 0.0
S288221 276.3275 37.9716 3.61e-16 6.356e-16 1.493e-15 0.0 50.01 0.0
S288312 276.0846 38.5439 2.9790000000000003e-20 2.026e-20 6.792e-21 0.0 45.31 0.0
S288323 276.4224 37.7821 2.063e-16 3.816e-16 9.534e-16 0.0 48.05 0.0
S288357 276.3233 38.3808 1.677e-21 3.8460000000000004e-21 1.4930000000000002e-20 0.0 54.58 0.0
S288361 275.7369 38.6697 2.896e-22 7.850999999999999e-22 4.497e-21 0.0 50.13 0.0
