Name Equatorial Polar BlueF GreenF RedF Parallax RadialVelocity Variable?
S236601 293.4323 48.3879 6.033e-19 7.017e-19 6.912e-19 0.0 137.78 0.0
S236602 293.4635 48.397 2.976e-24 1.104e-23 1.1929999999999998e-22 0.0 137.37 0.0
S236603 293.4923 48.3052 1.052e-24 4.188e-24 5.374999999999999e-23 0.0 137.59 0.0
S236604 293.5251 48.338 7.765e-18 1.395e-17 3.36e-17 0.0 136.21 0.0
S236605 293.5199 48.3971 5.611e-23 1.5389999999999998e-22 8.844e-22 0.0 136.72 0.0
S236606 293.5578 48.2227 8.37e-23 2.249e-22 1.278e-21 0.0 133.7 0.0
S236607 293.5376 48.2744 9.256e-13 7.129e-13 3.085e-13 0.0 134.06 1.0
S236608 293.5132 48.2563 2.273e-21 4.115e-21 9.833e-21 0.0 133.96 0.0
S236609 293.5146 48.2661 1.009e-23 3.23e-23 2.605e-22 0.0 134.26 0.0
S236610 293.4031 48.3364 7.245e-21 1.163e-20 2.2300000000000003e-20 0.0 137.21 0.0
S236611 293.496 48.3034 2.723e-24 1.006e-23 1.107e-22 0.0 135.11 0.0
S236612 293.4921 48.2464 2.9009999999999998e-22 5.948999999999999e-22 1.933e-21 0.0 134.67 0.0
S236613 293.479 48.3144 9.494e-18 9.023e-18 5.706e-18 0.0 137.15 0.0
S236614 293.481 48.2967 3.202e-21 5.78e-21 1.4540000000000002e-20 0.0 135.76 0.0
S236615 293.4471 48.3192 1.024e-18 1.121e-18 9.704e-19 0.0 136.92 0.0
S236616 293.486 48.3333 9.794e-18 9.045e-18 5.476e-18 0.0 137.17 0.0
S236617 293.5138 48.2704 3.6089999999999997e-23 9.874e-23 5.646999999999999e-22 0.0 134.04 0.0
S236618 293.572 48.2635 2.82e-22 7.187e-22 3.71e-21 0.0 134.11 0.0
S236619 293.5151 48.3061 4.686e-20 6.550000000000001e-20 9.621000000000001e-20 0.0 135.45 0.0
S236620 293.4639 48.3023 1.1019999999999999e-23 3.25e-23 2.271e-22 0.0 136.27 0.0
S236621 293.4936 48.297 1.21e-19 1.687e-19 2.406e-19 0.0 135.34 0.0
S236622 293.5425 48.1773 5.773e-20 8.508000000000001e-20 1.365e-19 0.0 134.09 0.0
S236623 293.5228 48.3054 1.744e-21 3.356e-21 9.625e-21 0.0 135.24 0.0
S236624 293.4293 48.3484 1.761e-23 5.332e-23 3.8719999999999996e-22 0.0 137.51 0.0
S236625 293.5008 48.3047 1.429e-25 7.386e-25 1.635e-23 0.0 134.16 0.0
S236626 293.5235 48.2926 1.928e-18 2.157e-18 2.002e-18 0.0 134.48 0.0
S236627 293.4733 48.2779 9.029e-22 1.988e-21 7.387e-21 0.0 135.33 0.0
S236628 293.5353 48.1918 5.183e-25 2.191e-24 3.151e-23 0.0 133.9 0.0
S236629 293.4295 48.3032 2.5260000000000002e-26 1.545e-25 4.732e-24 0.0 136.38 0.0
S236630 293.7236 48.1643 5.898e-17 1.362e-16 5.659e-16 0.0 133.88 1.0
S236631 293.5373 48.3335 1.08e-20 1.8860000000000002e-20 4.21e-20 0.0 135.9 0.0
S236632 293.4888 48.3113 3.9040000000000003e-20 5.776000000000001e-20 9.51e-20 0.0 136.98 0.0
S236633 293.4991 48.2877 9.812999999999999e-22 1.859e-21 5.067e-21 0.0 134.57 0.0
S236634 293.5003 48.3025 9.206e-19 1.051e-18 9.78e-19 0.0 134.9 0.0
S236635 293.4821 48.3026 1.739e-23 4.8699999999999997e-23 2.9489999999999995e-22 0.0 136.12 0.0
S236636 293.5867 48.3657 2.089e-17 3.44e-17 6.993e-17 0.0 135.9 0.0
S236637 293.4978 48.3213 1.026e-21 2.103e-21 6.63e-21 0.0 136.55 0.0
S236638 293.5161 48.3075 4.252999999999999e-22 8.64e-22 2.682e-21 0.0 135.28 0.0
S236639 293.3989 48.471 2.716e-19 3.571e-19 4.617e-19 0.0 137.61 0.0
S236640 293.4142 48.4218 2.087e-21 1.46e-21 5.159999999999999e-22 0.0 137.76 0.0
S236641 293.5108 48.3484 3.288e-22 7.452e-22 2.901e-21 0.0 136.54 0.0
S236642 293.4159 48.3709 1.484e-22 3.1869999999999995e-22 1.143e-21 0.0 137.7 0.0
S236643 293.487 48.3022 1.292e-19 1.688e-19 2.079e-19 0.0 136.15 0.0
S236644 293.4894 48.3092 3.283e-17 6.732e-17 2.148e-16 0.0 136.72 0.0
S236645 293.473 48.3106 7.786999999999999e-22 1.515e-21 4.233e-21 0.0 136.89 0.0
S236646 293.4659 48.3544 1.505e-18 1.655e-18 1.388e-18 0.0 137.54 0.0
S236647 293.4376 48.3337 4.925e-21 9.363e-21 2.5940000000000002e-20 0.0 137.24 0.0
S236648 293.4934 48.3138 6.726e-23 1.8219999999999999e-22 1.048e-21 0.0 136.47 0.0
S236649 293.5144 48.3139 2.035e-20 3.1790000000000003e-20 5.945e-20 0.001 135.79 0.0
S236650 293.4921 48.3087 7.097e-22 1.515e-21 5.396e-21 0.0 137.23 0.0
S236651 293.4966 48.3048 3.129e-23 9.999999999999999e-23 8.295999999999999e-22 0.0 136.94 0.0
S236652 293.4917 48.2801 9.682e-13 9.009e-13 5.568e-13 0.0 134.74 1.0
S236653 293.5237 48.2886 6.6160000000000004e-21 1.2080000000000002e-20 3.1640000000000004e-20 0.0 134.39 0.0
S236654 293.5695 48.2435 1.763e-21 1.2290000000000001e-21 4.4049999999999995e-22 0.0 133.77 0.0
S236655 293.5311 48.1911 5.533e-21 1.004e-20 2.577e-20 0.0 134.02 0.0
S236656 293.4944 48.3045 7.373e-19 8.593e-19 8.169e-19 0.0 138.19 0.0
S236657 293.4933 48.3019 4.011e-23 1.1559999999999998e-22 7.5e-22 0.0 135.16 1.0
S236658 293.4873 48.3491 2.426e-20 3.7230000000000005e-20 6.510000000000001e-20 0.0 137.05 0.0
S236659 293.4862 48.3086 7.842999999999999e-22 1.574e-21 4.675e-21 0.0 136.79 0.0
S236660 293.4988 48.3116 4.428e-25 1.811e-24 2.384e-23 0.0 136.11 0.0
S236661 293.5228 48.2922 1.415e-18 1.549e-18 1.376e-18 0.0 134.44 0.0
S236662 293.5258 48.295 2.471e-23 7.599999999999999e-23 5.690999999999999e-22 0.0 134.8 0.0
S236663 293.5634 48.3102 1.249e-21 9.359e-22 3.741e-22 0.0 135.3 0.0
S236664 293.4967 48.3015 1.593e-21 3.199e-21 9.562e-21 0.0 135.32 0.0
S236665 293.4781 48.2065 8.244e-21 1.477e-20 3.485e-20 0.0 134.64 0.0
S236666 293.5167 48.3013 1.264e-17 1.12e-17 6.519e-18 0.0 134.96 0.0
S236667 293.4873 48.2968 3.63e-21 6.72e-21 1.7200000000000002e-20 0.0 135.52 0.0
S236668 293.5298 48.3508 2.934e-23 8.038999999999999e-23 4.781e-22 0.0 136.33 1.0
S236669 293.5 48.3046 3.257e-21 6.335e-21 1.887e-20 0.0 135.36 0.0
S236670 293.4598 48.326 2.429e-21 1.65e-21 5.592999999999999e-22 0.0 137.29 0.0
S236671 293.4923 48.2985 2.843e-22 6.6489999999999995e-22 2.667e-21 0.0 134.29 0.0
S236672 293.5001 48.3117 1.324e-23 4.2329999999999997e-23 3.3089999999999997e-22 0.0 136.07 0.0
S236673 293.5809 48.2727 6.304e-23 1.5469999999999999e-22 7.358999999999999e-22 0.0 134.2 0.0
S236674 293.5298 48.3106 2.3339999999999996e-22 5.268e-22 2.089e-21 0.0 135.33 0.0
S236675 293.4969 48.2949 2.765e-19 3.388e-19 3.665e-19 0.0 134.93 0.0
S236676 293.4978 48.2953 3.678e-23 1.043e-22 6.849999999999999e-22 0.0 134.34 0.0
S236677 293.4992 48.3043 5.368e-18 5.263e-18 3.673e-18 0.0 135.16 0.0
S236678 293.4965 48.2714 1.318e-19 1.751e-19 2.251e-19 0.0 134.59 0.0
S236679 293.482 48.3465 3.476e-24 1.1799999999999999e-23 1.102e-22 0.0 137.29 0.0
S236680 293.492 48.3218 2.906e-23 7.610999999999999e-23 3.9549999999999997e-22 0.0 136.72 0.0
S236681 293.4969 48.3021 3.345e-19 4.443e-19 5.688e-19 0.0 134.18 0.0
S236682 293.52 48.2631 5.835e-23 1.5059999999999999e-22 8.021999999999999e-22 0.0 133.91 0.0
S236683 293.4961 48.2969 3.9e-20 5.895000000000001e-20 9.995000000000001e-20 0.0 135.19 0.0
S236684 293.5076 48.2758 3.3e-18 3.469e-18 2.727e-18 0.0 134.18 0.0
S236685 293.5029 48.2976 2.4600000000000002e-26 1.524e-25 4.76e-24 0.0 134.65 0.0
S236686 293.4273 48.3564 1.467e-22 3.9529999999999996e-22 2.187e-21 0.0 137.6 0.0
S236687 293.4992 48.312 1.868e-21 1.3300000000000001e-21 4.652999999999999e-22 0.0 136.63 0.0
S236688 293.5464 48.2565 2.099e-21 4.141e-21 1.1600000000000001e-20 0.0 133.84 0.0
S236689 293.4796 48.3085 3.083e-21 5.453e-21 1.2810000000000001e-20 0.0 136.6 0.0
S236690 293.494 48.2884 2.412e-18 2.473e-18 1.897e-18 0.0 134.43 0.0
S236691 293.6472 48.2383 1.047e-20 1.887e-20 4.5040000000000004e-20 0.0 134.09 0.0
S236692 293.6529 48.198 3.487e-18 3.483e-18 2.506e-18 0.0 133.7 0.0
S236693 293.495 48.3157 1.2770000000000002e-20 2.125e-20 4.25e-20 0.0 136.9 0.0
S236694 293.496 48.304 4.955e-19 5.647e-19 5.149e-19 0.0 135.82 0.0
S236695 293.4284 48.2433 8.728999999999999e-23 2.3429999999999997e-22 1.352e-21 0.0 135.39 0.0
S236696 293.4926 48.3078 5.1370000000000006e-20 7.472000000000001e-20 1.182e-19 0.0 137.24 0.0
S236697 293.3907 48.3383 8.362e-26 3.979e-25 7.54e-24 0.0 136.98 0.0
S236698 293.4927 48.3141 1.367e-25 6.698e-25 1.362e-23 0.0 137.04 0.0
S236699 293.5278 48.2912 1.906e-17 3.99e-17 1.32e-16 0.0 134.6 0.0
S236700 293.4954 48.3008 3.391e-19 4.395e-19 5.342e-19 0.0 134.67 0.0
S236701 293.4911 48.3192 1.574e-17 1.429e-17 8.349e-18 0.0 136.93 0.0
S236702 293.5091 48.313 1.1310000000000001e-21 2.292e-21 7.028e-21 0.0 135.84 0.0
S236703 293.4328 48.4067 2.188e-22 5.055999999999999e-22 2.061e-21 0.0 137.73 0.0
S236704 293.5626 48.2582 6.541e-23 1.819e-22 1.109e-21 0.0 133.92 0.0
S236705 293.6098 48.2857 1.105e-19 1.542e-19 2.178e-19 0.0 134.64 0.0
S236706 293.5777 48.2292 2.5830000000000002e-21 4.701e-21 1.1840000000000002e-20 0.0 133.87 0.0
S236707 293.4834 48.2813 6.264e-23 1.6539999999999998e-22 9.190999999999999e-22 0.0 135.02 0.0
S236708 293.5336 48.2168 1.277e-23 3.931e-23 3.0569999999999998e-22 0.0 133.84 0.0
S236709 293.4546 48.2959 1.572e-17 1.443e-17 8.849e-18 0.0 136.07 0.0
S236710 293.4633 48.3331 8.317e-24 2.4039999999999998e-23 1.556e-22 0.0 137.48 0.0
S236711 293.5177 48.2766 8.955e-24 2.6299999999999998e-23 1.7839999999999998e-22 0.0 134.03 0.0
S236712 293.5438 48.2741 3.033e-18 3.108e-18 2.345e-18 0.0 134.03 0.0
S236713 293.5023 48.3123 4.214e-24 1.459e-23 1.3899999999999998e-22 0.0 136.96 0.0
S236714 293.4916 48.3021 7.708e-19 8.592e-19 7.731e-19 0.0 136.03 0.0
S236715 293.478 48.3713 3.613e-21 6.786e-21 1.808e-20 0.001 137.35 0.0
S236716 293.4917 48.3154 5.4860000000000004e-21 1.0150000000000001e-20 2.7000000000000003e-20 0.0 136.89 0.0
S236717 293.4946 48.303 4.065e-18 4.168e-18 3.272e-18 0.0 134.14 0.0
S236718 293.4621 48.3014 3.257e-21 6.457e-21 1.936e-20 0.0 136.28 0.0
S236719 293.4944 48.2172 1.553e-24 5.748e-24 6.105999999999999e-23 0.0 134.56 0.0
S236720 293.3568 48.2881 7.127e-21 1.2950000000000001e-20 3.1240000000000003e-20 0.0 136.21 0.0
S236721 293.4975 48.3258 7.801e-21 1.3890000000000002e-20 3.216e-20 0.0 136.73 0.0
S236722 293.4797 48.2952 6.49e-20 9.838000000000001e-20 1.714e-19 0.0 135.67 0.0
S236723 293.5131 48.3002 3.996e-17 3.393e-17 1.787e-17 0.0 135.0 1.0
S236724 293.491 48.3094 5.476e-22 1.146e-21 3.865e-21 0.0 136.55 0.0
S236725 293.5299 48.3812 6.861e-21 1.1780000000000001e-20 2.6030000000000003e-20 0.0 136.6 0.0
S236726 293.4923 48.3109 1.323e-21 2.698e-21 8.427e-21 0.0 137.09 0.0
S236727 293.5005 48.2978 2.663e-19 3.341e-19 3.861e-19 0.0 135.01 0.0
S236728 293.511 48.2065 2.94e-20 4.5390000000000003e-20 8.180000000000001e-20 0.0 134.35 0.0
S236729 293.4674 48.3191 8.877e-19 1.033e-18 1.015e-18 0.0 137.26 0.0
S236730 293.5213 48.2793 2.668e-23 6.440999999999999e-23 2.9729999999999996e-22 0.001 134.03 0.0
S236731 293.4753 48.304 7.178e-17 1.163e-16 2.283e-16 0.0 136.47 0.0
S236732 293.5652 48.2812 1.726e-22 4.09e-22 1.744e-21 0.001 134.38 0.0
S236733 293.4821 48.3095 1.796e-25 8.51e-25 1.516e-23 0.0 137.13 0.0
S236734 293.6333 48.3103 2.4409999999999997e-23 6.715e-23 3.9209999999999994e-22 0.0 134.95 0.0
S236735 293.5061 48.2635 1.834e-23 4.979e-23 2.865e-22 0.0 134.28 0.0
S236736 293.5441 48.2285 1.77e-19 2.194e-19 2.482e-19 0.0 133.77 0.0
S236737 293.4724 48.3165 5.549e-24 1.8009999999999998e-23 1.4569999999999998e-22 0.0 137.04 0.0
S236738 293.4969 48.3031 3.707e-21 7.132e-21 1.9760000000000002e-20 0.0 133.64 0.0
S236739 293.4654 48.3399 3.371e-18 3.509e-18 2.662e-18 0.0 137.48 0.0
S236740 293.4955 48.3099 9.127e-19 1.126e-18 1.214e-18 0.0 136.64 0.0
S236741 293.4517 48.2975 3.503e-21 6.238e-21 1.512e-20 0.0 136.17 0.0
S236742 293.4954 48.3492 1.166e-21 2.349e-21 7.437e-21 0.0 137.02 0.0
S236743 293.4901 48.3013 2.797e-19 3.488e-19 4.036e-19 0.0 136.97 0.0
S236744 293.497 48.3199 3.8939999999999996e-24 1.229e-23 9.617e-23 0.0 136.9 0.0
S236745 293.5346 48.2898 6.121e-18 6.063e-18 4.321e-18 0.0 134.58 0.0
S236746 293.4469 48.2885 1.067e-19 1.485e-19 2.102e-19 0.0 136.07 0.0
S236747 293.5557 48.2907 4.1869999999999996e-23 1.1789999999999999e-22 7.556e-22 0.0 134.69 0.0
S236748 293.4531 48.284 7.305e-21 1.3430000000000001e-20 3.2550000000000003e-20 0.0 135.79 0.0
S236749 293.5713 48.2895 3.502e-19 4.416e-19 5.017e-19 0.0 134.68 0.0
S236750 293.4913 48.2651 4.194e-22 1.0210000000000001e-21 4.592e-21 0.0 134.69 0.0
S236751 293.5162 48.2927 1.4930000000000002e-20 2.3780000000000003e-20 4.3990000000000005e-20 0.0 134.39 1.0
S236752 293.4974 48.3029 1.6839999999999998e-22 4.297999999999999e-22 2.138e-21 0.0 135.37 0.0
S236753 293.508 48.3045 7.591999999999999e-22 5.972999999999999e-22 2.701e-22 0.0 135.3 0.0
S236754 293.455 48.3488 8.623e-21 1.428e-20 2.9430000000000004e-20 0.0 137.59 0.0
S236755 293.4703 48.254 8.326e-23 2.0019999999999998e-22 9.224999999999999e-22 0.0 135.04 0.0
S236756 293.5079 48.287 4.641e-19 5.98e-19 7.023e-19 0.0 134.36 0.0
S236757 293.5717 48.3259 3.304e-22 8.191999999999999e-22 3.868e-21 0.0 135.4 0.0
S236758 293.5097 48.3049 6.126e-21 1.0390000000000002e-20 2.2450000000000002e-20 0.0 135.41 0.0
S236759 293.4924 48.2736 1.741e-22 4.001e-22 1.611e-21 0.0 134.78 0.0
S236760 293.5092 48.31 1.327e-18 1.541e-18 1.478e-18 0.0 135.64 0.0
S236761 293.4866 48.3032 2.811e-13 2.958e-13 2.436e-13 0.0 137.02 1.0
S236762 293.4677 48.2897 3.044e-21 5.74e-21 1.5620000000000002e-20 0.0 135.82 0.0
S236763 293.518 48.2984 1.661e-21 1.168e-21 4.2279999999999996e-22 0.0 134.69 0.0
S236764 293.4544 48.3006 9.007e-24 2.983e-23 2.57e-22 0.0 136.37 0.0
S236765 293.6974 48.1948 1.095e-17 1.058e-17 6.863e-18 0.0 133.93 0.0
S236766 293.5202 48.2982 1.581e-23 4.608e-23 3.1289999999999996e-22 0.0 134.85 0.0
S236767 293.4913 48.2658 4.478e-21 7.862e-21 1.804e-20 0.0 134.63 0.0
S236768 293.5058 48.3094 5.064e-22 1.0180000000000001e-21 3.173e-21 0.0 135.77 0.0
S236769 293.4241 48.3244 1.6879999999999999e-22 4.1309999999999996e-22 1.913e-21 0.0 137.02 0.0
S236770 293.4769 48.2893 4.09e-19 5.155e-19 5.927e-19 0.0 135.57 0.0
S236771 293.5009 48.3141 2.117e-23 6.153e-23 3.919e-22 0.0 136.26 0.0
S236772 293.4359 48.3265 1.412e-21 1.0240000000000001e-21 3.9389999999999996e-22 0.0 136.99 0.0
S236773 293.4927 48.3078 8.214e-13 6.368e-13 2.652e-13 0.0 137.2 1.0
S236774 293.5209 48.2878 4.603e-16 1.371e-15 9.463e-15 0.0 134.28 1.0
S236775 293.4636 48.2838 5.333e-18 5.5e-18 4.069e-18 0.0 135.53 0.0
S236776 293.5196 48.3044 2.181e-19 2.866e-19 3.71e-19 0.0 135.23 0.0
S236777 293.4569 48.3572 4.642000000000001e-25 1.905e-24 2.603e-23 0.0 137.58 0.0
S236778 293.4918 48.3065 1.5339999999999998e-22 4.0399999999999994e-22 2.298e-21 0.0 136.36 0.0
S236779 293.5697 48.3431 1.15e-21 2.396e-21 8.051e-21 0.0 135.87 0.0
S236780 293.5089 48.278 7.985e-20 1.109e-19 1.582e-19 0.0 134.1 0.0
S236781 293.3922 48.3256 1.961e-18 2.026e-18 1.582e-18 0.0 136.92 0.0
S236782 293.5058 48.2321 1.731e-19 2.259e-19 2.876e-19 0.0 134.38 0.0
S236783 293.4935 48.3042 2.757e-21 5.496e-21 1.595e-20 0.0 136.21 0.0
S236784 293.4883 48.3093 1.001e-18 1.174e-18 1.139e-18 0.0 136.92 0.0
S236785 293.4913 48.3289 1.082e-24 4.396e-24 5.816999999999999e-23 0.0 136.91 1.0
S236786 293.4922 48.3274 4.2129999999999996e-22 9.285999999999999e-22 3.502e-21 0.0 136.92 0.0
S236787 293.4844 48.3118 3.837e-23 1.114e-22 7.199e-22 0.0 137.04 0.0
S236788 293.5933 48.2796 1.073e-23 3.649e-23 3.3309999999999997e-22 0.0 134.44 0.0
S236789 293.5701 48.2594 3.211e-23 8.22e-23 4.1449999999999995e-22 0.0 133.99 0.0
S236790 293.4891 48.3063 1.275e-20 1.97e-20 3.5450000000000003e-20 0.001 137.17 0.0
S236791 293.4342 48.4051 8.387e-18 7.446e-18 4.239e-18 0.0 137.6 0.0
S236792 293.4276 48.3714 1.8319999999999998e-23 5.503e-23 3.9429999999999994e-22 0.0 137.77 0.0
S236793 293.4954 48.3038 2.753e-17 4.651e-17 1.001e-16 0.0 136.24 0.0
S236794 293.4962 48.3321 3.021e-22 7.074999999999999e-22 2.955e-21 0.0 136.59 0.0
S236795 293.4025 48.3473 9.758e-20 1.316e-19 1.753e-19 0.0 137.27 0.0
S236796 293.5147 48.3224 5.1740000000000004e-20 7.828e-20 1.295e-19 0.0 136.0 0.0
S236797 293.4617 48.3443 1.593e-19 2.012e-19 2.413e-19 0.0 137.43 0.0
S236798 293.4948 48.2995 5.837e-19 6.409e-19 5.568e-19 0.0 134.29 0.0
S236799 293.4763 48.3008 2.219e-22 5.455999999999999e-22 2.4820000000000002e-21 0.0 136.14 0.0
S236800 293.4957 48.3031 1.224e-18 1.349e-18 1.234e-18 0.001 132.12 0.0
S236801 293.4977 48.3042 3.4569999999999997e-22 8.063e-22 3.423e-21 0.0 133.64 0.0
S236802 293.5449 48.2789 7.262e-22 1.456e-21 4.593e-21 0.0 134.21 0.0
S236803 293.4127 48.2553 3.932e-19 4.928e-19 5.746e-19 0.0 135.78 0.0
S236804 293.5616 48.3805 1.0340000000000001e-20 1.835e-20 4.327e-20 0.0 136.08 0.0
S236805 293.5103 48.3195 2.179e-21 1.514e-21 5.24e-22 0.0 136.1 0.0
S236806 293.5131 48.3004 1.972e-19 2.701e-19 3.709e-19 0.0 134.87 0.0
S236807 293.5054 48.2635 4.089e-19 4.835e-19 4.811e-19 0.0 134.38 0.0
S236808 293.4836 48.3105 1.251e-20 1.9580000000000002e-20 3.525e-20 0.0 136.79 0.0
S236809 293.5 48.2939 7.931e-20 1.191e-19 1.948e-19 0.0 134.34 0.0
S236810 293.5683 48.283 7.666e-13 5.678e-13 2.145e-13 0.0 134.61 0.0
S236811 293.5606 48.3726 4.414e-22 9.291e-22 3.251e-21 0.0 136.15 0.0
S236812 293.5256 48.2605 2.807e-21 5.0110000000000004e-21 1.2590000000000001e-20 0.0 133.8 0.0
S236813 293.4693 48.3704 4.402999999999999e-22 1.057e-21 4.934e-21 0.0 137.57 0.0
S236814 293.4849 48.3265 2.838e-18 3.071e-18 2.578e-18 0.0 137.12 0.0
S236815 293.4929 48.2884 2.535e-18 2.735e-18 2.366e-18 0.0 134.59 0.0
S236816 293.4891 48.313 2.7770000000000005e-20 4.4250000000000006e-20 8.073000000000001e-20 0.0 136.83 0.0
S236817 293.4679 48.3095 1.266e-19 1.72e-19 2.302e-19 0.0 136.68 0.0
S236818 293.4654 48.2989 6.798e-22 1.32e-21 3.9e-21 0.0 136.19 0.0
S236819 293.5861 48.2164 6.491e-23 1.704e-22 9.157999999999998e-22 0.0 133.7 0.0
S236820 293.5352 48.3055 1.067e-19 1.472e-19 2.1e-19 0.0 135.13 0.0
S236821 293.4933 48.3021 4.461e-23 1.121e-22 5.394999999999999e-22 0.0 135.5 0.0
S236822 293.49 48.3078 3.2050000000000005e-20 4.921e-20 8.651000000000001e-20 0.0 136.66 0.0
S236823 293.5076 48.3193 2.52e-21 4.759e-21 1.3120000000000001e-20 0.0 136.12 0.0
S236824 293.5784 48.3209 1.019e-21 2.175e-21 7.665e-21 0.0 135.3 0.0
S236825 293.4626 48.3141 1.553e-19 2.106e-19 2.8e-19 0.0 136.84 0.0
S236826 293.5034 48.3353 7.456999999999999e-22 1.59e-21 5.529e-21 0.0 136.72 1.0
S236827 293.426 48.3915 1.086e-23 3.305e-23 2.3659999999999998e-22 0.0 137.67 0.0
S236828 293.4824 48.3097 7.811999999999999e-24 2.7279999999999996e-23 2.748e-22 0.0 136.71 0.0
S236829 293.5044 48.2934 1.296e-22 3.423e-22 1.877e-21 0.0 134.44 0.0
S236830 293.5088 48.2618 2.469e-18 2.614e-18 2.154e-18 0.0 134.28 0.0
S236831 293.506 48.3085 1.392e-22 3.253e-22 1.394e-21 0.0 135.64 0.0
S236832 293.469 48.3378 1.904e-20 3.0330000000000004e-20 5.653e-20 0.0 137.59 0.0
S236833 293.511 48.3043 1.8979999999999998e-22 5.219999999999999e-22 3.031e-21 0.0 135.23 0.0
S236834 293.4982 48.2904 1.262e-17 2.428e-17 6.548e-17 0.0 134.59 0.0
S236835 293.5017 48.2982 6.183e-21 1.0240000000000001e-20 2.077e-20 0.0 134.5 0.0
S236836 293.5502 48.2246 6.176e-22 1.355e-21 4.8210000000000004e-21 0.0 133.71 0.0
S236837 293.4961 48.2998 3.468e-23 9.829e-23 6.255999999999999e-22 0.0 134.61 0.0
S236838 293.5366 48.3273 3.868e-22 8.050999999999999e-22 2.649e-21 0.0 135.82 0.0
S236839 293.5455 48.262 2.935e-25 1.356e-24 2.3129999999999998e-23 0.0 133.95 0.0
S236840 293.48 48.3149 3.5640000000000005e-20 5.901e-20 1.199e-19 0.0 137.19 0.0
S236841 293.523 48.2488 1.772e-19 2.148e-19 2.303e-19 0.0 134.14 0.0
S236842 293.454 48.4465 1.6130000000000002e-20 2.574e-20 4.997e-20 0.0 137.47 0.0
S236843 293.5051 48.307 2.126e-19 2.842e-19 3.584e-19 0.0 135.58 0.0
S236844 293.4931 48.323 9.674e-18 1.747e-17 4.321e-17 0.0 136.98 0.0
S236845 293.5054 48.2355 7.211e-23 1.574e-22 5.573999999999999e-22 0.0 134.35 0.0
S236846 293.4756 48.328 4.002e-21 7.593e-21 2.0380000000000002e-20 0.0 137.54 0.0
S236847 293.497 48.2994 2.871e-20 4.548e-20 8.327e-20 0.0 134.99 0.0
S236848 293.4242 48.3624 5.427999999999999e-22 1.185e-21 4.222e-21 0.0 137.73 0.0
S236849 293.4861 48.3352 8.349e-18 7.934e-18 5.194e-18 0.0 137.06 0.0
S236850 293.4957 48.3234 3.675e-18 3.795e-18 2.875e-18 0.0 136.85 0.0
S236851 293.5033 48.3053 2.765e-17 2.322e-17 1.202e-17 0.0 134.38 0.0
S236852 293.5215 48.3075 3.949e-21 6.84e-21 1.546e-20 0.0 135.39 0.0
S236853 293.4881 48.2971 3.8909999999999995e-23 1.0379999999999999e-22 5.722999999999999e-22 0.0 135.2 0.0
S236854 293.4232 48.3104 5.218999999999999e-22 1.146e-21 4.367e-21 0.0 136.64 0.0
S236855 293.5071 48.2947 8.567999999999999e-22 1.647e-21 4.731e-21 0.0 134.43 0.0
S236856 293.4851 48.3216 3.3370000000000004e-20 5.428e-20 1.065e-19 0.0 137.11 0.0
S236857 293.5138 48.3077 9.867000000000001e-20 1.405e-19 2.126e-19 0.0 135.51 0.0
S236858 293.5224 48.2506 4.194e-22 7.998999999999999e-22 2.265e-21 0.0 133.9 0.0
S236859 293.5108 48.2697 7.652e-21 1.2390000000000002e-20 2.4590000000000002e-20 0.0 134.08 0.0
S236860 293.3699 48.2236 2.426e-20 3.733e-20 6.72e-20 0.0 135.67 0.0
S236861 293.5151 48.2446 4.528e-22 1.029e-21 4.129e-21 0.0 134.07 0.0
S236862 293.5311 48.3056 1.388e-17 1.244e-17 7.161e-18 0.0 135.23 0.0
S236863 293.4627 48.3921 9.658e-21 1.677e-20 3.865e-20 0.0 137.48 0.0
S236864 293.4563 48.3563 6.5149999999999995e-22 1.4580000000000001e-21 5.705e-21 0.0 137.54 0.0
S236865 293.4912 48.3021 2.279e-21 4.6310000000000004e-21 1.49e-20 0.0 135.77 0.0
S236866 293.545 48.2531 2.369e-23 6.423999999999999e-23 3.704e-22 0.001 133.69 0.0
S236867 293.4854 48.3117 3.41e-20 5.1370000000000006e-20 8.601000000000001e-20 0.0 136.95 0.0
S236868 293.4883 48.3274 1.536e-23 4.323e-23 2.6479999999999997e-22 0.0 137.0 0.0
S236869 293.4896 48.3025 5.8910000000000004e-21 1.021e-20 2.263e-20 0.0 135.94 0.0
S236870 293.5061 48.2903 2.508e-19 3.1e-19 3.515e-19 0.0 134.39 0.0
S236871 293.492 48.3047 8.952e-19 1.056e-18 1.039e-18 0.0 136.54 0.0
S236872 293.4557 48.3174 1.154e-20 1.9340000000000002e-20 3.9920000000000005e-20 0.0 137.08 0.0
S236873 293.4808 48.3027 1.091e-19 1.512e-19 2.113e-19 0.0 136.47 0.0
S236874 293.5063 48.3015 1.216e-18 1.351e-18 1.232e-18 0.0 134.45 0.0
S236875 293.4644 48.3142 2.0669999999999999e-22 5.250999999999999e-22 2.555e-21 0.0 136.98 0.0
S236876 293.4861 48.2208 1.57e-19 2.087e-19 2.771e-19 0.0 134.66 0.0
S236877 293.4761 48.302 1.354e-19 1.941e-19 2.951e-19 0.0 136.14 0.0
S236878 293.4937 48.3644 3.4e-22 7.669999999999999e-22 3.045e-21 0.0 137.03 0.0
S236879 293.4962 48.3069 2.1259999999999998e-23 5.96e-23 3.6869999999999997e-22 0.0 136.17 0.0
S236880 293.4832 48.3047 1.316e-21 2.567e-21 7.454000000000001e-21 0.0 137.11 0.0
S236881 293.4904 48.3008 5.204e-18 4.925e-18 3.265e-18 0.0 134.68 0.0
S236882 293.5325 48.2815 2.938e-19 3.74e-19 4.267e-19 0.0 134.24 0.0
S236883 293.5109 48.3073 7.526000000000001e-20 1.021e-19 1.385e-19 0.0 135.41 0.0
S236884 293.4928 48.2996 6.399e-23 1.778e-22 1.071e-21 0.0 134.25 0.0
S236885 293.4931 48.3054 9.708e-22 2.069e-21 7.15e-21 0.0 136.14 0.0
S236886 293.5177 48.3071 1.329e-23 4.013e-23 2.798e-22 0.0 135.4 0.0
S236887 293.5152 48.294 4.798e-18 9.232e-18 2.551e-17 0.0 134.44 0.0
S236888 293.4928 48.3019 1.477e-21 1.086e-21 4.1479999999999997e-22 0.0 134.87 0.0
S236889 293.5456 48.334 5.754e-21 1.04e-20 2.5660000000000002e-20 0.0 135.81 0.0
S236890 293.487 48.3095 3.945e-23 1.1039999999999998e-22 6.754e-22 0.0 136.44 0.0
S236891 293.4948 48.3178 2.308e-17 4.645e-17 1.43e-16 0.0 136.58 0.0
S236892 293.4527 48.3149 1.276e-21 2.619e-21 8.59e-21 0.0 136.95 0.0
S236893 293.4999 48.3228 3.101e-21 6.527e-21 2.1380000000000002e-20 0.0 136.73 0.0
S236894 293.4908 48.302 5.02e-22 1.1160000000000001e-21 4.258e-21 0.0 136.63 0.0
S236895 293.4634 48.291 1.1969999999999998e-22 3.2309999999999995e-22 1.778e-21 0.0 135.75 0.0
S236896 293.4759 48.3058 3.072e-27 2.2260000000000002e-26 1.032e-24 0.0 136.32 0.0
S236897 293.4822 48.3301 1.108e-23 3.215e-23 2.0929999999999999e-22 0.0 137.42 0.0
S236898 293.4862 48.224 1.064e-12 8.785e-13 4.268e-13 0.0 134.59 1.0
S236899 293.5109 48.323 1.073e-20 1.88e-20 4.3460000000000003e-20 0.0 136.12 0.0
S236900 293.457 48.3224 1.395e-22 3.512e-22 1.6570000000000001e-21 0.0 137.34 0.0
S236901 293.5212 48.3424 3.7649999999999994e-22 8.615e-22 3.568e-21 0.0 136.23 0.0
S236902 293.5566 48.245 8.387e-19 8.958e-19 7.45e-19 0.0 133.84 0.0
S236903 293.5012 48.3079 2.474e-24 8.599999999999999e-24 8.485999999999999e-23 0.0 135.83 0.0
S236904 293.4458 48.3022 1.848e-21 3.457e-21 9.371e-21 0.0 136.44 0.0
S236905 293.4865 48.3084 1.7129999999999998e-22 4.0209999999999996e-22 1.659e-21 0.0 136.49 0.0
S236906 293.4856 48.3071 1.8839999999999998e-22 4.636999999999999e-22 2.288e-21 0.0 136.48 0.0
S236907 293.498 48.2998 3.074e-25 1.306e-24 1.907e-23 0.0 134.53 0.0
S236908 293.4621 48.2823 4.463e-14 2.906e-14 9.018e-15 0.0 135.49 0.0
S236909 293.4726 48.3192 6.418e-13 5.195e-13 2.457e-13 0.0 137.3 1.0
S236910 293.4706 48.2944 3.458e-17 2.954e-17 1.523e-17 0.0 135.9 0.0
S236911 293.4714 48.3069 6.015e-27 4.064e-26 1.506e-24 0.0 136.63 0.0
S236912 293.5393 48.2607 1.846e-19 2.347e-19 2.746e-19 0.0 133.8 0.0
S236913 293.501 48.3201 7.593e-18 7.255e-18 4.81e-18 0.0 136.75 0.0
S236914 293.4658 48.3072 9.716e-18 8.985e-18 5.572e-18 0.0 137.39 0.0
S236915 293.5048 48.2737 3.868e-16 2.915e-16 1.171e-16 0.0 134.01 0.0
S236916 293.5265 48.3105 2.417e-17 3.607e-17 5.925e-17 0.0 135.14 0.0
S236917 293.4596 48.3114 1.026e-18 1.15e-18 1.048e-18 0.001 137.1 0.0
S236918 293.4956 48.319 2.145e-17 3.191e-17 5.145e-17 0.0 137.12 0.0
S236919 293.5164 48.3071 2.438e-18 2.697e-18 2.336e-18 0.0 135.34 0.0
S236920 293.4899 48.2796 5.3500000000000007e-20 8.077000000000001e-20 1.346e-19 0.0 134.58 0.0
S236921 293.4627 48.3154 6.389000000000001e-20 9.762000000000001e-20 1.685e-19 0.0 137.41 0.0
S236922 293.5047 48.2843 7.108e-18 1.384e-17 3.972e-17 0.0 134.11 0.0
S236923 293.4939 48.3486 1.495e-23 4.235e-23 2.62e-22 0.0 137.62 0.0
S236924 293.5176 48.3114 6.398e-19 7.276e-19 6.666e-19 0.0 135.52 0.0
S236925 293.4787 48.29 8.135e-21 1.4170000000000002e-20 3.3220000000000005e-20 0.001 134.85 0.0
S236926 293.4962 48.322 1.62e-15 1.111e-15 3.831e-16 0.0 137.08 0.0
S236927 293.479 48.2906 6.96e-19 7.767e-19 6.877e-19 0.0 135.46 0.0
S236928 293.5452 48.2989 1.432e-17 2.987e-17 9.846e-17 0.0 133.84 0.0
S236929 293.4484 48.2801 1.969e-18 2.12e-18 1.769e-18 0.0 135.81 0.0
S236930 293.5259 48.3204 4.728e-21 8.494e-21 2.043e-20 0.001 135.85 0.0
S236931 293.4981 48.3174 6.371e-18 6.289e-18 4.324e-18 0.0 137.0 0.0
S236932 293.4893 48.2855 1.954e-21 1.351e-21 4.743999999999999e-22 0.0 134.55 0.0
S236933 293.4927 48.3138 2.894e-18 3.127e-18 2.651e-18 0.0 137.07 0.0
S236934 293.4754 48.2808 2.077e-19 2.648e-19 3.186e-19 0.0 135.08 0.0
S236935 293.5273 48.3069 1.154e-22 3.2049999999999997e-22 1.952e-21 0.0 135.29 0.0
S236936 293.4761 48.3053 2.49e-17 3.821e-17 6.431e-17 0.0 136.37 0.0
S236937 293.442 48.2796 3.2159999999999995e-22 7.641999999999999e-22 3.2e-21 0.0 135.88 0.0
S236938 293.5016 48.2777 2.404e-21 4.699e-21 1.3240000000000001e-20 0.0 134.04 0.0
S236939 293.4807 48.3146 4.763e-19 5.544e-19 5.369e-19 0.0 137.04 0.0
S236940 293.4587 48.3163 2.243e-20 3.7920000000000005e-20 7.922e-20 0.0 137.48 0.0
S236941 293.4721 48.281 2.296e-19 3.16e-19 4.467e-19 0.0 135.01 0.0
S236942 293.4871 48.3011 2.396e-19 3.019e-19 3.493e-19 0.0 135.89 0.0
S236943 293.4674 48.3127 4.239e-18 4.307e-18 3.241e-18 0.0 136.91 0.0
S236944 293.4785 48.3373 1.039e-15 7.305e-16 2.599e-16 0.0 137.38 0.0
S236945 293.5083 48.2735 2.456e-25 1.044e-24 1.548e-23 0.0 133.98 0.0
S236946 293.4752 48.3175 8.939e-20 1.269e-19 1.88e-19 0.0 137.26 0.0
S236947 293.4858 48.2791 9.566e-18 8.987e-18 5.664e-18 0.0 134.86 0.0
S236948 293.5115 48.3257 4.683e-17 3.943e-17 1.957e-17 0.0 137.52 0.0
S236949 293.5056 48.3155 2.563e-19 3.165e-19 3.579e-19 0.0 137.13 0.0
S236950 293.4616 48.336 1.881e-20 3.0480000000000003e-20 5.949000000000001e-20 0.0 137.5 0.0
S236951 293.5271 48.3034 1.106e-22 2.9669999999999997e-22 1.665e-21 0.0 134.63 1.0
S236952 293.4588 48.3222 1.011e-17 9.569e-18 6.114e-18 0.0 137.51 0.0
S236953 293.5112 48.282 2.601e-18 2.763e-18 2.257e-18 0.0 134.25 0.0
S236954 293.4576 48.309 8.648e-17 7.261e-17 3.709e-17 0.0 136.83 0.0
S236955 293.5051 48.2836 2.523e-18 2.666e-18 2.173e-18 0.0 134.25 0.0
S236956 293.5229 48.284 4.275e-18 4.07e-18 2.718e-18 0.0 134.1 0.0
S236957 293.4872 48.3326 9.424e-24 3.301e-23 3.238e-22 0.0 137.32 0.0
S236958 293.4442 48.2987 2.182e-19 2.966e-19 3.887e-19 0.0 136.44 0.0
S236959 293.5 48.3289 1.627e-17 1.472e-17 8.66e-18 0.0 136.61 0.0
S236960 293.472 48.3264 4.308e-18 4.234e-18 3.089e-18 0.0 137.41 0.0
S236961 293.4769 48.2984 8.059e-18 7.867e-18 5.222e-18 0.0 136.08 0.0
S236962 293.4856 48.3111 5.9260000000000004e-21 1.109e-20 2.961e-20 0.0 136.72 0.0
S236963 293.4967 48.2884 1.3480000000000001e-21 2.858e-21 9.568e-21 0.0 134.65 0.0
S236964 293.5013 48.3012 8.275000000000001e-21 1.515e-20 3.8140000000000003e-20 0.0 135.42 0.0
S236965 293.4955 48.3206 1.518e-18 1.656e-18 1.41e-18 0.0 137.04 0.0
S236966 293.4863 48.2908 3.425e-21 6.927e-21 2.122e-20 0.0 135.41 0.0
S236967 293.4729 48.3222 1.306e-17 2.455e-17 6.744e-17 0.0 137.35 0.0
S236968 293.4545 48.3145 1.2970000000000001e-20 2.1680000000000003e-20 4.4470000000000005e-20 0.0 137.12 0.0
S236969 293.4918 48.3017 7.780000000000001e-20 1.071e-19 1.43e-19 0.0 135.8 0.0
S236970 293.5217 48.2811 2.073e-17 1.752e-17 9.035e-18 0.0 134.33 0.0
S236971 293.5012 48.3215 6.197e-23 1.396e-22 5.487999999999999e-22 0.0 137.03 0.0
S236972 293.4912 48.2975 2.905e-19 3.611e-19 4.126e-19 0.001 135.45 0.0
S236973 293.5021 48.2897 2.75e-24 9.685e-24 9.551e-23 0.0 134.39 0.0
S236974 293.4838 48.3047 4.22e-17 9.262e-17 3.523e-16 0.0 136.17 1.0
S236975 293.4834 48.3133 9.353e-18 9.03e-18 5.831e-18 0.0 136.74 0.0
S236976 293.4555 48.2845 8.455e-17 6.876e-17 3.372e-17 0.0 135.92 0.0
S236977 293.5191 48.3155 1.772e-17 2.843e-17 5.464e-17 0.0 135.74 0.0
S236978 293.4966 48.3288 3.314e-23 9.193e-23 5.554e-22 0.0 136.99 0.0
S236979 293.5087 48.2903 2.2e-21 1.507e-21 5.105e-22 0.0 134.37 0.0
S236980 293.52 48.3085 2.574e-23 6.74e-23 3.6179999999999995e-22 0.0 135.21 0.0
S236981 293.5172 48.2787 2.221e-19 2.852e-19 3.446e-19 0.0 134.15 0.0
S236982 293.4854 48.3099 5.891999999999999e-23 1.4079999999999998e-22 6.023999999999999e-22 0.0 136.46 0.0
S236983 293.5413 48.3131 4.712e-19 5.688e-19 5.983e-19 0.0 134.95 0.0
S236984 293.5012 48.2952 8.101e-24 2.749e-23 2.4539999999999997e-22 0.0 134.78 0.0
S236985 293.5308 48.2793 6.305e-13 4.557e-13 1.808e-13 0.0 134.35 0.0
S236986 293.4843 48.2879 1.954e-17 3.181e-17 6.144e-17 0.0 135.24 0.0
S236987 293.4816 48.3194 1.128e-18 1.31e-18 1.319e-18 0.0 137.04 0.0
S236988 293.5218 48.3126 2.168e-18 2.254e-18 1.763e-18 0.0 134.82 0.0
S236989 293.5214 48.2956 9.232e-19 1.036e-18 9.664e-19 0.0 134.61 0.0
S236990 293.5034 48.3505 1.299e-17 2.69e-17 8.707e-17 0.0 136.93 0.0
S236991 293.5211 48.3124 6.794e-19 8.295e-19 9.124e-19 0.0 135.41 0.0
S236992 293.479 48.3118 1.42e-23 4.4929999999999997e-23 3.6129999999999997e-22 0.0 136.84 0.0
S236993 293.5424 48.3027 1.009e-17 1.687e-17 3.488e-17 0.0 134.05 0.0
S236994 293.5126 48.2915 6.801000000000001e-21 1.206e-20 2.8730000000000005e-20 0.0 134.39 0.0
S236995 293.476 48.2845 2.18e-17 3.747e-17 8.179e-17 0.0 134.23 1.0
S236996 293.4852 48.2703 1.901e-20 3.1490000000000005e-20 6.331e-20 0.0 134.15 0.0
S236997 293.4977 48.2935 8.94e-18 8.566e-18 5.587e-18 0.0 134.45 0.0
S236998 293.4933 48.3023 1.27e-18 1.386e-18 1.224e-18 0.0 135.69 0.0
S236999 293.5112 48.3027 3.891e-18 4.023e-18 3.051e-18 0.0 135.16 0.0
S237000 293.4822 48.294 1.483e-18 1.626e-18 1.475e-18 0.0 135.54 0.0
S237001 293.5265 48.3029 2.169e-21 1.501e-21 5.280999999999999e-22 0.0 134.7 0.0
S237002 293.5 48.3433 5.868e-19 7.38e-19 8.763e-19 0.0 137.54 0.0
S237003 293.4831 48.2804 1.81e-17 3.456e-17 9.652e-17 0.0 134.94 0.0
S237004 293.4563 48.3107 2.873e-19 3.556e-19 4.133e-19 0.0 137.52 0.0
S237005 293.5446 48.2698 2.355e-21 4.362e-21 1.0980000000000001e-20 0.0 133.87 0.0
S237006 293.5035 48.3228 2.4760000000000002e-20 4.1910000000000006e-20 8.555000000000001e-20 0.0 137.06 0.0
S237007 293.5065 48.3201 1.127e-19 1.466e-19 1.859e-19 0.0 136.53 0.0
S237008 293.5095 48.3159 7.114e-19 7.867e-19 7.194e-19 0.0 136.28 0.0
S237009 293.4854 48.3253 1.06e-17 9.927e-18 6.115e-18 0.0 137.01 0.0
S237010 293.4674 48.2998 4.566e-18 8.408e-18 2.171e-17 0.0 136.95 0.0
S237011 293.4916 48.2934 2.46e-21 1.655e-21 5.5489999999999995e-22 0.0 135.31 0.0
S237012 293.462 48.2933 5.283e-19 6.314e-19 6.455e-19 0.0 137.11 0.0
S237013 293.4819 48.3089 1.587e-13 2.007e-13 2.325e-13 0.0 136.49 0.0
S237014 293.509 48.2998 2.35e-18 2.619e-18 2.283e-18 0.0 135.03 0.0
S237015 293.47 48.3144 5.507e-19 6.022e-19 5.389e-19 0.0 137.25 0.0
S237016 293.4751 48.2901 3.1560000000000005e-20 4.795e-20 8.212e-20 0.0 134.12 0.0
S237017 293.4925 48.3207 1.003e-12 7.254e-13 2.818e-13 0.0 136.75 0.0
S237018 293.5451 48.3394 8.046999999999999e-23 2.377e-22 1.606e-21 0.0 137.27 0.0
S237019 293.5002 48.3106 6.096e-19 7.051e-19 7.052e-19 0.0 135.9 0.0
S237020 293.5314 48.3369 3.169e-17 2.62e-17 1.301e-17 0.0 136.59 0.0
S237021 293.4856 48.2809 2.251e-21 1.528e-21 5.203999999999999e-22 0.0 134.87 0.0
S237022 293.5308 48.2873 2.463e-17 2.078e-17 1.067e-17 0.0 133.98 0.0
S237023 293.4943 48.3088 6.474e-17 1.051e-16 2.065e-16 0.0 136.07 0.0
S237024 293.4905 48.2827 9.607e-24 3.096e-23 2.532e-22 0.0 134.7 0.0
S237025 293.5129 48.3136 3.205e-17 2.744e-17 1.474e-17 0.0 136.11 0.0
S237026 293.476 48.3007 9.813000000000001e-20 1.359e-19 1.893e-19 0.0 136.58 0.0
S237027 293.5359 48.2889 3.05e-20 4.7670000000000003e-20 8.850000000000001e-20 0.0 133.91 0.0
S237028 293.4448 48.3222 3.636e-18 3.755e-18 2.92e-18 0.0 137.0 0.0
S237029 293.5094 48.2936 6.631e-21 1.2210000000000001e-20 3.065e-20 0.0 134.54 0.0
S237030 293.5152 48.3078 1.8990000000000002e-21 1.314e-21 4.644e-22 0.0 135.32 0.0
S237031 293.4911 48.3249 1.21e-18 1.405e-18 1.331e-18 0.0 137.27 0.0
S237032 293.4517 48.3135 1.705e-17 2.786e-17 5.478e-17 0.0 137.46 0.0
S237033 293.5068 48.2901 1.722e-17 1.54e-17 8.909e-18 0.0 134.41 0.0
S237034 293.4701 48.3174 1.919e-17 1.734e-17 1.015e-17 0.0 137.33 0.0
S237035 293.5122 48.3267 1.986e-21 1.377e-21 4.9e-22 0.0 136.46 0.0
S237036 293.4588 48.325 1.029e-17 9.442e-18 5.718e-18 0.0 137.27 0.0
S237037 293.4762 48.2696 7.608999999999999e-24 2.203e-23 1.463e-22 0.0 134.32 0.0
S237038 293.5221 48.2998 1.759e-21 1.24e-21 4.520999999999999e-22 0.0 134.92 0.0
S237039 293.4867 48.3072 2.467e-20 3.7160000000000005e-20 6.222e-20 0.0 136.42 0.0
S237040 293.473 48.3022 2.864e-17 5.887e-17 1.905e-16 0.0 135.94 0.0
S237041 293.4707 48.334 7.786000000000001e-21 1.3790000000000002e-20 3.181e-20 0.0 137.58 0.0
S237042 293.5002 48.3254 3.835e-17 5.913e-17 1.044e-16 0.0 136.69 0.0
S237043 293.4784 48.2908 3.752e-19 4.627e-19 5.11e-19 0.0 135.47 0.0
S237044 293.4801 48.2965 1.111e-19 1.521e-19 2.161e-19 0.0 135.73 0.0
S237045 293.5152 48.329 1.1369999999999998e-22 2.649e-22 1.13e-21 0.0 136.49 0.0
S237046 293.4703 48.2856 1.684e-20 2.822e-20 5.882e-20 0.0 135.53 0.0
S237047 293.4662 48.2924 1.9790000000000003e-26 1.208e-25 3.785e-24 0.0 136.02 0.0
S237048 293.5053 48.2872 1.6859999999999997e-22 4.428e-22 2.388e-21 0.0 134.57 0.0
S237049 293.4916 48.2578 1.879e-17 3.023e-17 5.72e-17 0.0 134.74 0.0
S237050 293.472 48.3131 1.981e-16 1.526e-16 6.662e-17 0.0 136.76 1.0
S237051 293.533 48.304 2.3e-25 1.021e-24 1.651e-23 0.0 134.9 0.0
S237052 293.4936 48.3169 5.768e-21 1.0450000000000001e-20 2.6420000000000002e-20 0.0 136.73 0.0
S237053 293.5253 48.2882 2.472e-19 3.201e-19 4.004e-19 0.0 134.5 0.0
S237054 293.5147 48.2893 6.884999999999999e-22 1.47e-21 5.081e-21 0.0 134.29 0.0
S237055 293.4948 48.2967 5.2140000000000005e-20 7.689000000000001e-20 1.244e-19 0.0 135.32 0.0
S237056 293.4956 48.321 8.887e-22 1.825e-21 5.7480000000000004e-21 0.0 136.7 0.0
S237057 293.4425 48.3132 1.07e-16 9.052e-17 4.577e-17 0.0 137.56 0.0
S237058 293.5397 48.2771 2.692e-18 2.703e-18 2.018e-18 0.0 134.17 0.0
S237059 293.478 48.3253 4.978999999999999e-22 1.155e-21 4.731e-21 0.0 137.14 0.0
S237060 293.4499 48.2912 1.374e-20 2.3730000000000002e-20 5.314e-20 0.0 136.56 0.0
S237061 293.5062 48.2959 1.16e-17 2.164e-17 5.566e-17 0.0 134.55 0.0
S237062 293.4886 48.3084 1.558e-21 1.123e-21 4.046e-22 0.0 136.92 0.0
S237063 293.5148 48.2951 1.577e-17 2.616e-17 5.456e-17 0.0 134.68 0.0
S237064 293.5144 48.29 2.048e-18 2.154e-18 1.729e-18 0.0 134.29 0.0
S237065 293.5085 48.2989 4.209e-17 3.497e-17 1.744e-17 0.0 134.74 0.0
S237066 293.5176 48.2941 4.229e-18 4.187e-18 2.952e-18 0.0 134.33 0.0
S237067 293.5129 48.2896 3.361e-20 5.2670000000000007e-20 9.395000000000001e-20 0.0 134.42 0.0
S237068 293.4822 48.309 8.991e-21 1.636e-20 3.9870000000000003e-20 0.0 136.77 0.0
S237069 293.4762 48.3118 1.912e-18 2.068e-18 1.717e-18 0.0 136.83 0.0
S237070 293.4735 48.3107 1.005e-18 1.147e-18 1.105e-18 0.0 136.76 0.0
S237071 293.5095 48.2964 9.091e-16 6.614e-16 2.518e-16 0.0 134.67 0.0
S237072 293.478 48.3078 3.584e-18 3.701e-18 2.808e-18 0.0 136.75 0.0
S237073 293.5111 48.293 2.9419999999999995e-22 6.602999999999999e-22 2.576e-21 0.0 134.57 0.0
S237074 293.5079 48.2865 7.541e-17 6.316e-17 3.29e-17 0.0 134.21 0.0
S237075 293.5158 48.2935 2.364e-20 4.072e-20 8.819000000000001e-20 0.0 134.36 0.0
S237076 293.4846 48.3132 1.182e-16 9.123e-17 3.908e-17 0.0 136.94 1.0
S237077 293.4791 48.3136 1.5349999999999998e-22 3.392e-22 1.285e-21 0.0 137.08 0.0
S237078 293.5132 48.2867 2.163e-19 2.643e-19 2.978e-19 0.0 134.18 0.0
S237079 293.5089 48.3001 1.378e-19 1.808e-19 2.311e-19 0.0 134.91 0.0
S237080 293.5174 48.2889 1.992e-17 3.819e-17 1.028e-16 0.0 134.16 0.0
S237081 293.5156 48.2936 9.883e-21 1.7450000000000002e-20 4.0630000000000003e-20 0.0 134.59 0.0
S237082 293.477 48.3114 4.65e-22 1.066e-21 4.142e-21 0.0 136.69 0.0
S237083 293.5158 48.2913 3.449e-19 4.016e-19 4.131e-19 0.0 134.23 0.0
S237084 293.4703 48.3086 1.726e-17 3.255e-17 8.958e-17 0.0 136.9 0.0
S237085 293.5165 48.2879 3.135e-21 6.359e-21 2.0380000000000002e-20 0.0 134.34 0.0
S237086 293.4743 48.3131 4.921e-19 5.651e-19 5.653e-19 0.0 137.1 0.0
S237087 293.4758 48.3104 8.473e-13 6.29e-13 2.438e-13 0.0 137.02 0.0
S237088 293.5205 48.2956 2.105e-21 1.482e-21 5.238e-22 0.0 134.66 0.0
S237089 293.513 48.2929 3.65e-19 4.589e-19 5.36e-19 0.0 134.65 0.0
S237090 293.515 48.2933 5.551e-22 1.257e-21 4.978e-21 0.0 134.4 0.0
S237091 293.4661 48.314 3.1150000000000005e-20 4.9230000000000006e-20 8.894000000000001e-20 0.0 136.98 0.0
S237092 293.5061 48.2966 1.431e-23 4.089e-23 2.651e-22 0.0 134.72 0.0
S237093 293.5035 48.2932 4.809e-22 1.097e-21 4.385e-21 0.0 134.48 0.0
S237094 293.5058 48.2958 4.9399999999999995e-22 1.039e-21 3.533e-21 0.0 134.64 0.0
S237095 293.5129 48.2931 1.414e-22 3.2929999999999996e-22 1.401e-21 0.0 134.49 0.0
S237096 293.4872 48.3096 3.7319999999999997e-22 8.465999999999999e-22 3.2960000000000002e-21 0.0 136.9 0.0
S237097 293.5158 48.291 4.812e-21 8.89e-21 2.184e-20 0.0 134.42 0.0
S237098 293.5171 48.2965 1.92e-21 1.362e-21 4.834999999999999e-22 0.0 134.58 0.0
S237099 293.5131 48.2918 1.339e-19 1.741e-19 2.24e-19 0.0 134.44 0.0
S237100 293.5244 48.2864 7.043e-17 5.727e-17 2.729e-17 0.0 134.2 0.0
S237101 293.4691 48.3129 9.167e-13 9.217e-13 6.519e-13 0.0 136.83 1.0
S237102 293.5146 48.2867 1.321e-17 2.952e-17 1.118e-16 0.0 134.21 0.0
S237103 293.5331 48.29 3.801e-21 7.022e-21 1.7300000000000003e-20 0.0 134.38 0.0
S237104 293.4814 48.3102 4.151e-18 4.174e-18 3.023e-18 0.0 136.64 0.0
S237105 293.4775 48.311 6.391e-19 7.494e-19 7.75e-19 0.0 136.99 0.0
S237106 293.5133 48.2954 1.5400000000000003e-20 2.615e-20 5.567e-20 0.0 134.45 0.0
S237107 293.5101 48.2889 8.422999999999999e-22 1.5560000000000001e-21 3.974e-21 0.0 134.3 0.0
S237108 293.5117 48.2996 9.035000000000001e-21 1.4400000000000003e-20 2.776e-20 0.0 135.0 0.0
S237109 293.4765 48.3237 2.562e-19 3.409e-19 4.487e-19 0.0 137.31 0.0
S237110 293.5199 48.2915 2.105e-20 3.2690000000000003e-20 5.866e-20 0.0 134.47 0.0
S237111 293.4789 48.3108 4.075e-16 2.962e-16 1.174e-16 0.0 136.96 0.0
S237112 293.4795 48.304 4.7299999999999996e-23 1.4279999999999999e-22 1.0120000000000001e-21 0.0 136.52 0.0
S237113 293.5157 48.2863 1.462e-21 2.64e-21 6.551e-21 0.0 134.43 0.0
S237114 293.5225 48.29 2.874e-18 3.177e-18 2.81e-18 0.001 134.32 0.0
S237115 293.4641 48.3203 8.111e-20 1.112e-19 1.54e-19 0.0 137.32 0.0
S237116 293.5125 48.2962 1.609e-19 2.096e-19 2.694e-19 0.0 134.78 0.0
S237117 293.5119 48.2977 3.499e-21 6.476e-21 1.628e-20 0.0 134.76 0.0
S237118 293.5155 48.2976 1.166e-22 2.9879999999999996e-22 1.5230000000000001e-21 0.0 134.71 0.0
S237119 293.4747 48.3157 1.943e-23 5.154e-23 2.844e-22 0.0 137.13 0.0
S237120 293.5141 48.2954 3.141e-18 3.252e-18 2.555e-18 0.0 134.62 0.0
S237121 293.5265 48.2866 2.3119999999999996e-22 5.022e-22 1.844e-21 0.0 134.29 0.0
S237122 293.5265 48.284 3.987e-19 4.845e-19 5.206e-19 0.0 134.1 0.0
S237123 293.5237 48.2893 2.278e-17 2.049e-17 1.224e-17 0.0 134.34 0.0
S237124 293.5229 48.2905 1.434e-16 1.058e-16 4.072e-17 0.0 134.41 0.0
S237125 293.5302 48.2902 6.291e-27 4.3130000000000006e-26 1.764e-24 0.0 134.47 0.0
S237126 293.4634 48.3148 1.269e-19 1.693e-19 2.213e-19 0.0 137.02 0.0
S237127 293.4828 48.3132 1.47e-24 5.11e-24 5.0519999999999997e-23 0.0 136.99 0.0
S237128 293.4753 48.3182 7.846e-19 8.73e-19 8.021e-19 0.0 137.12 0.0
S237129 293.4761 48.3131 1.158e-17 2.005e-17 4.577e-17 0.0 136.96 0.0
S237130 293.4656 48.3141 1.065e-17 9.772e-18 6.023e-18 0.0 136.99 0.0
S237131 293.5144 48.2883 3.411e-25 1.3989999999999999e-24 1.92e-23 0.0 134.31 1.0
S237132 293.5221 48.2899 1.292e-18 1.435e-18 1.322e-18 0.0 134.34 0.0
S237133 293.5222 48.2896 4.3210000000000004e-21 8.505e-21 2.4920000000000003e-20 0.0 134.43 0.0
S237134 293.4667 48.3202 4.427e-19 5.116e-19 5.195e-19 0.0 137.24 0.0
S237135 293.4593 48.3213 2.647e-19 3.261e-19 3.493e-19 0.0 137.13 0.0
S237136 293.467 48.3173 1.292e-16 1.034e-16 4.737e-17 0.0 137.09 1.0
S237137 293.4771 48.315 1.181e-17 2.11e-17 4.861e-17 0.0 137.01 0.0
S237138 293.5167 48.2943 1.852e-21 1.312e-21 4.662e-22 0.0 134.47 0.0
S237139 293.5256 48.2804 5.162e-13 3.597e-13 1.263e-13 0.0 134.15 0.0
S237140 293.5237 48.289 2.706e-17 4.905e-17 1.224e-16 0.0 134.44 0.0
S237141 293.4628 48.3187 1.659e-18 1.881e-18 1.774e-18 0.0 137.2 0.0
S237142 293.4679 48.3139 3.749e-18 3.747e-18 2.696e-18 0.0 137.05 0.0
S237143 293.5073 48.2989 9.699e-24 3.0039999999999996e-23 2.25e-22 0.0 134.93 0.0
S237144 293.4665 48.3145 1.457e-21 2.917e-21 9.137e-21 0.0 137.01 0.0
S237145 293.4597 48.3156 1.488e-18 1.778e-18 1.822e-18 0.0 136.95 0.0
S237146 293.4686 48.3201 1.143e-17 1.058e-17 6.474e-18 0.0 137.36 0.0
S237147 293.5189 48.288 1.9610000000000003e-20 3.2270000000000004e-20 6.354000000000001e-20 0.0 134.26 0.0
S237148 293.5182 48.2893 4.562e-23 1.0929999999999998e-22 4.610999999999999e-22 0.0 134.3 0.0
S237149 293.5227 48.2933 4.6310000000000004e-21 8.266e-21 1.949e-20 0.0 134.38 0.0
S237150 293.4606 48.3207 2.025e-20 3.298e-20 6.700000000000001e-20 0.0 137.15 0.0
S237151 293.4603 48.3161 1.512e-20 2.4930000000000002e-20 4.9950000000000003e-20 0.0 137.02 0.0
S237152 293.5354 48.2885 1.017e-22 2.6249999999999997e-22 1.368e-21 0.0 134.36 0.0
S237153 293.4646 48.3106 2.5739999999999998e-22 5.879e-22 2.385e-21 0.0 136.8 0.0
S237154 293.4639 48.3183 5.334e-17 4.482e-17 2.29e-17 0.0 137.2 0.0
S237155 293.5195 48.2925 1.892e-18 2.061e-18 1.791e-18 0.0 134.57 0.0
S237156 293.5305 48.2774 1.279e-21 2.707e-21 9.346e-21 0.0 133.93 0.0
S237157 293.5236 48.2851 1.1040000000000001e-21 8.265999999999999e-22 3.3169999999999998e-22 0.0 134.11 0.0
S237158 293.5211 48.2963 1.678e-22 3.8659999999999997e-22 1.62e-21 0.0 134.72 0.0
S237159 293.5242 48.2906 1.767e-21 1.2410000000000001e-21 4.475999999999999e-22 0.0 134.24 0.0
S237160 293.534 48.2763 1.16e-17 2.245e-17 6.238e-17 0.0 134.11 0.0
S237161 293.4666 48.3192 1.5899999999999998e-22 3.6409999999999996e-22 1.476e-21 0.0 137.21 0.0
S237162 293.4682 48.3136 1.7769999999999999e-22 4.298999999999999e-22 1.955e-21 0.0 137.01 0.0
S237163 293.5249 48.2887 1.677e-17 2.898e-17 6.732e-17 0.0 134.31 0.0
S237164 293.4538 48.3212 1.507e-19 2.001e-19 2.583e-19 0.0 137.13 0.0
S237165 293.5264 48.2803 4.588e-17 3.874e-17 2.021e-17 0.0 134.01 0.0
S237166 293.5164 48.2897 4.7600000000000003e-20 7.100000000000001e-20 1.14e-19 0.0 134.27 0.0
S237167 293.462 48.3195 9.943e-13 7.236e-13 2.721e-13 0.0 137.08 0.0
S237168 293.5287 48.2871 3.506e-27 2.599e-26 1.238e-24 0.0 134.31 0.0
S237169 293.4584 48.3193 1.4710000000000003e-20 2.4620000000000002e-20 4.9940000000000004e-20 0.0 137.26 0.0
S237170 293.456 48.3206 5.734e-22 1.272e-21 4.7e-21 0.001 137.18 0.0
S237171 293.5247 48.2878 3.27e-20 4.996e-20 8.382000000000001e-20 0.001 134.2 0.0
S237172 293.5271 48.2949 5.097999999999999e-22 1.054e-21 3.506e-21 0.0 134.57 0.0
S237173 293.5425 48.2883 1.167e-21 2.469e-21 8.462e-21 0.0 134.38 0.0
S237174 293.5334 48.2828 1.491e-18 1.7e-18 1.631e-18 0.0 134.16 0.0
S237175 293.4555 48.3258 3.353e-19 4.226e-19 4.891e-19 0.0 137.29 0.0
S237176 293.4633 48.3233 2.533e-20 4.0830000000000004e-20 7.607000000000001e-20 0.0 137.29 0.0
S237177 293.5256 48.2858 1.959e-21 1.355e-21 4.753e-22 0.0 134.2 0.0
S237178 293.5186 48.2875 1.773e-21 1.247e-21 4.514e-22 0.0 134.21 0.0
S237179 293.5361 48.2842 1.146e-17 1.836e-17 3.381e-17 0.0 134.2 0.0
S237180 293.5351 48.2796 9.817e-18 9.131e-18 5.736e-18 0.0 134.18 0.0
S237181 293.5299 48.2841 3.095e-21 2.092e-21 6.699e-22 0.0 134.09 0.0
S237182 293.4462 48.327 2.738e-19 3.479e-19 4.161e-19 0.0 137.33 0.0
S237183 293.5316 48.2814 5.869e-18 5.909e-18 4.309e-18 0.0 134.2 0.0
S237184 293.4604 48.3186 8.091e-13 5.86e-13 2.199e-13 0.0 137.16 0.0
S237185 293.5411 48.2841 5.381e-19 6.339e-19 6.461e-19 0.0 134.31 0.0
S237186 293.4615 48.318 1.084e-17 9.921e-18 6.111e-18 0.0 137.04 0.0
S237187 293.4385 48.3211 2.132e-19 2.843e-19 3.799e-19 0.0 137.16 0.0
S237188 293.5232 48.2894 6.401e-18 1.096e-17 2.446e-17 0.0 134.33 0.0
S237189 293.5288 48.2855 2.1569999999999997e-22 5.105e-22 2.1370000000000002e-21 0.0 134.23 0.0
S237190 293.5371 48.2825 3.871e-17 5.784e-17 9.806e-17 0.0 134.28 0.0
S237191 293.5443 48.2785 4.8490000000000004e-20 7.533000000000001e-20 1.353e-19 0.0 134.24 0.0
S237192 293.5376 48.2849 7.571e-20 1.153e-19 1.952e-19 0.0 134.18 0.0
S237193 293.4529 48.3214 4.253e-17 3.692e-17 1.95e-17 0.0 137.36 0.0
S237194 293.4518 48.3184 1.326e-17 2.113e-17 4.161e-17 0.0 137.22 0.0
S237195 293.5313 48.2769 2.865e-21 5.502e-21 1.519e-20 0.0 134.0 0.0
S237196 293.4528 48.3267 2.112e-17 1.886e-17 1.102e-17 0.0 137.25 0.0
S237197 293.5358 48.2755 4.459e-19 5.417e-19 5.794e-19 0.0 134.2 0.0
S237198 293.5261 48.2863 1.423e-17 1.288e-17 7.353e-18 0.0 134.35 0.0
S237199 293.5311 48.2808 2.083e-17 1.798e-17 9.531e-18 0.0 134.36 0.0
S237200 293.4503 48.3225 9.52e-21 1.6580000000000002e-20 3.678e-20 0.0 137.11 0.0
S237201 293.4616 48.3216 1.227e-21 2.747e-21 1.049e-20 0.0 137.32 0.0
S237202 293.5284 48.2844 1.4199999999999998e-22 3.3449999999999996e-22 1.457e-21 0.0 134.2 0.0
S237203 293.4551 48.325 9.313e-18 9.047e-18 6.023e-18 0.0 137.14 0.0
S237204 293.5462 48.2874 9.393e-19 1.082e-18 1.037e-18 0.0 134.34 0.0
S237205 293.5261 48.2847 7.810000000000001e-21 1.376e-20 3.2200000000000004e-20 0.0 134.24 0.0
S237206 293.5402 48.2771 2.9729999999999996e-22 7.119999999999999e-22 3.172e-21 0.0 134.05 0.0
S237207 293.4405 48.3286 1.031e-19 1.393e-19 1.832e-19 0.0 137.26 0.0
S237208 293.4545 48.3285 3.172e-18 3.298e-18 2.548e-18 0.0 137.18 0.0
S237209 293.446 48.3266 1.73e-16 1.326e-16 5.75e-17 0.0 137.14 0.0
S237210 293.5464 48.281 2.41e-21 1.637e-21 5.5639999999999995e-22 0.0 134.24 0.0
S237211 293.5412 48.281 3.228e-21 6.225e-21 1.767e-20 0.0 134.16 0.0
S237212 293.5381 48.2809 4.585e-24 1.804e-23 2.279e-22 0.0 134.21 0.0
S237213 293.5394 48.2831 1.222e-16 9.657e-17 4.4e-17 0.0 134.29 0.0
S237214 293.5371 48.2822 4.049e-17 8.26e-17 2.639e-16 0.0 134.25 0.0
S237215 293.5269 48.2943 1.423e-21 1.041e-21 3.9749999999999996e-22 0.0 134.71 0.0
S237216 293.5315 48.2856 1.801e-20 2.945e-20 5.766e-20 0.0 134.18 0.0
S237217 293.448 48.3254 3.812e-13 2.669e-13 9.334e-14 0.0 137.28 0.0
S237218 293.4526 48.3312 5.124e-18 5.176e-18 3.73e-18 0.0 137.44 0.0
S237219 293.5419 48.2714 4.4890000000000005e-20 6.922000000000001e-20 1.241e-19 0.0 134.0 0.0
S237220 293.4513 48.3222 1.4250000000000001e-21 2.983e-21 9.863e-21 0.0 137.05 0.0
S237221 293.4647 48.314 1.101e-19 1.646e-19 2.594e-19 0.0 137.05 0.0
S237222 293.5432 48.2798 1.702e-18 1.751e-18 1.365e-18 0.0 134.19 0.0
S237223 293.5514 48.2786 6.468999999999999e-22 1.472e-21 5.737e-21 0.0 134.22 0.0
S237224 293.4475 48.3242 2.872e-21 5.538e-21 1.5100000000000002e-20 0.0 137.11 0.0
S237225 293.449 48.3283 4.359e-18 4.205e-18 2.796e-18 0.0 137.19 0.0
S237226 293.5338 48.2795 6.282e-19 7.544e-19 7.902e-19 0.0 134.04 0.0
S237227 293.5473 48.2811 1.499e-22 4.142e-22 2.543e-21 0.0 134.24 0.0
S237228 293.5424 48.2818 2.79e-22 5.724999999999999e-22 1.8220000000000002e-21 0.0 134.32 0.0
S237229 293.5516 48.2846 5.558e-13 3.809e-13 1.333e-13 0.0 134.41 0.0
S237230 293.4475 48.3225 7.206e-21 1.2770000000000002e-20 2.9970000000000005e-20 0.0 137.2 0.0
S237231 293.5488 48.2711 1.602e-21 3.343e-21 1.1380000000000001e-20 0.0 134.03 0.0
S237232 293.4508 48.3332 5.173e-17 1.05e-16 3.271e-16 0.0 137.39 1.0
S237233 293.4431 48.3297 8.932e-18 8.425e-18 5.461e-18 0.0 137.28 0.0
S237234 293.4362 48.3284 2.052e-17 3.7e-17 9.241e-17 0.0 137.0 1.0
S237235 293.4399 48.3277 4.0680000000000005e-20 6.135e-20 1.013e-19 0.0 137.35 0.0
S237236 293.5447 48.279 2.091e-21 1.444e-21 5.105e-22 0.0 134.15 0.0
S237237 293.4386 48.3339 4.065e-19 4.988e-19 5.278e-19 0.0 137.19 0.0
S237238 293.4391 48.3223 9.021e-24 2.703e-23 1.8389999999999998e-22 0.0 137.17 0.0
S237239 293.548 48.2756 5.993e-19 7.291e-19 7.914e-19 0.0 134.15 0.0
S237240 293.5526 48.2785 9.765e-23 2.248e-22 9.181e-22 0.0 134.29 0.0
S237241 293.4425 48.3278 5.393999999999999e-22 1.246e-21 5.027e-21 0.0 137.37 0.0
S237242 293.4448 48.3295 2.4400000000000002e-21 1.647e-21 5.584e-22 0.0 137.18 0.0
S237243 293.4326 48.3323 2.2260000000000002e-21 1.527e-21 5.274e-22 0.0 137.31 0.0
S237244 293.5581 48.2739 9.975e-17 7.706e-17 3.287e-17 0.0 134.05 1.0
S237245 293.4354 48.3279 1.961e-19 2.579e-19 3.263e-19 0.0 137.23 0.0
S237246 293.5583 48.2751 6.498e-17 1.338e-16 4.337e-16 0.0 134.16 1.0
S237247 293.4401 48.3263 1.1930000000000001e-20 1.888e-20 3.629e-20 0.0 137.3 0.0
S237248 293.4488 48.3256 5.17e-18 5.142e-18 3.652e-18 0.0 137.18 0.0
S237249 293.4426 48.3333 2.105e-21 1.444e-21 5.041999999999999e-22 0.0 137.37 0.0
S237250 293.5505 48.2718 4.722e-17 4.022e-17 2.082e-17 0.0 134.18 0.0
S237251 293.4446 48.3271 1.265e-17 2.357e-17 6.227e-17 0.0 137.24 0.0
S237252 293.436 48.3356 2.727e-18 2.986e-18 2.549e-18 0.0 137.45 0.0
S237253 293.547 48.2793 2.0930000000000002e-20 3.486e-20 7.33e-20 0.0 134.02 0.0
S237254 293.5656 48.2715 1.925e-17 3.057e-17 5.637e-17 0.0 134.25 0.0
S237255 293.4446 48.3296 2.874e-17 5.148e-17 1.226e-16 0.0 137.23 0.0
S237256 293.4414 48.333 1.755e-21 3.818e-21 1.388e-20 0.0 137.22 0.0
S237257 293.5522 48.2673 6.276e-13 4.588e-13 1.814e-13 0.0 134.17 0.0
S237258 293.4395 48.3356 1.364e-12 1.033e-12 4.211e-13 0.0 137.15 0.0
S237259 293.5484 48.2761 3.681e-17 8.301e-17 3.294e-16 0.001 134.18 1.0
S237260 293.546 48.2739 1.615e-24 6.306e-24 7.916999999999999e-23 0.0 134.14 0.0
S237261 293.4323 48.3259 1.153e-18 1.269e-18 1.114e-18 0.0 137.14 0.0
S237262 293.5613 48.2744 9.033e-18 8.634e-18 5.537e-18 0.0 134.26 0.0
S237263 293.4342 48.3287 1.321e-17 2.356e-17 5.564e-17 0.0 137.16 0.0
S237264 293.5524 48.2734 1.485e-24 5.899e-24 7.262e-23 0.0 134.03 0.0
S237265 293.5628 48.2694 3.413e-19 4.182e-19 4.412e-19 0.0 134.18 0.0
S237266 293.4952 48.3035 1.698e-13 1.148e-13 3.853e-14 0.0 138.78 0.0
S237267 293.495 48.3033 3.439e-16 2.665e-16 1.151e-16 0.0 134.42 0.0
S237268 293.4952 48.3034 1.19e-17 1.144e-17 7.751e-18 0.0 139.97 0.0
S237269 293.495 48.3033 4.813e-16 3.766e-16 1.66e-16 0.0 136.1 0.0
S237270 293.4953 48.3034 1.361e-13 9.113e-14 2.92e-14 0.0 130.16 0.0
S237271 293.4951 48.3033 2.915e-17 5.231e-17 1.276e-16 0.0 131.87 0.0
S237272 293.4953 48.3035 3.841e-13 2.693e-13 9.587e-14 0.0 138.88 0.0
S237273 293.4951 48.3033 1.071e-15 7.463e-16 2.674e-16 0.0 132.35 0.0
S237274 293.4953 48.3033 4.415e-16 3.288e-16 1.31e-16 0.0 133.93 0.0
S237275 293.4954 48.3032 2.526e-17 2.175e-17 1.153e-17 0.0 130.65 0.0
S237276 293.4951 48.3034 4.009e-16 3.009e-16 1.206e-16 0.0 140.02 0.0
S237277 293.4321 48.3379 2.543e-16 2.036e-16 9.14e-17 0.0 137.37 1.0
S237278 293.5569 48.2719 2.609e-16 1.899e-16 7.645e-17 0.0 134.21 0.0
S237279 293.5568 48.2726 1.818e-15 1.266e-15 4.307e-16 0.0 134.27 0.0
S237280 293.5594 48.2754 7.953e-16 5.759e-16 2.184e-16 0.0 134.31 0.0
S237281 293.5567 48.2793 6.601e-18 1.081e-17 2.226e-17 0.0 134.3 0.0
S237282 293.559 48.2794 3.1e-19 3.95e-19 4.552e-19 0.0 134.4 0.0
S237283 293.4352 48.3213 2.48e-15 1.668e-15 5.709e-16 0.0 136.95 0.0
S237284 293.559 48.2842 1.861e-15 1.286e-15 4.454e-16 0.0 134.57 0.0
S237285 293.4271 48.3203 6.163e-16 4.674e-16 1.936e-16 0.0 136.92 1.0
S237286 293.4302 48.3141 9.908e-17 8.2e-17 4.179e-17 0.0 136.67 0.0
S237287 293.5653 48.2892 6.528e-16 4.757e-16 1.853e-16 0.0 134.8 0.0
S237288 293.5611 48.2962 5.495e-15 3.782e-15 1.297e-15 0.0 134.72 0.0
S237289 293.4311 48.3097 1.354e-16 1.027e-16 4.394e-17 0.0 136.45 1.0
S237290 293.5617 48.3038 1.231e-17 2.132e-17 4.722e-17 0.0 135.04 0.0
S237291 293.5574 48.3081 2.539e-15 1.785e-15 6.455e-16 0.0 135.26 0.0
S237292 293.5555 48.3079 1.232e-15 8.714e-16 3.244e-16 0.0 135.29 0.0
S237293 293.433 48.2945 6.343e-19 7.478e-19 7.486e-19 0.0 136.32 0.0
S237294 293.4372 48.288 1.104e-14 7.184e-15 2.228e-15 0.0 136.03 0.0
S237295 293.5478 48.3226 1.177e-16 9.174e-17 4.065e-17 0.0 135.64 1.0
S237296 293.4473 48.2857 4.845e-16 3.523e-16 1.396e-16 0.0 135.86 0.0
S237297 293.5439 48.3287 3.332e-13 2.281e-13 7.518e-14 0.0 135.57 0.0
S237298 293.5399 48.3334 4.152e-17 3.409e-17 1.636e-17 0.0 135.88 0.0
S237299 293.5351 48.3419 1.133e-15 7.878e-16 2.856e-16 0.0 136.02 0.0
S237300 293.5338 48.3409 1.127e-15 8.494e-16 3.361e-16 0.0 136.08 0.0
S237301 293.4631 48.2625 3.27e-15 2.316e-15 8.525e-16 0.0 135.24 0.0
S237302 293.528 48.3446 1.042e-15 7.373e-16 2.698e-16 0.0 136.06 0.0
S237303 293.5227 48.3515 5.105e-18 8.222e-18 1.6e-17 0.0 136.21 0.0
S237304 293.4732 48.2504 5.618e-15 3.861e-15 1.307e-15 0.0 135.0 0.0
S237305 293.4755 48.245 4.189e-17 3.44e-17 1.702e-17 0.0 134.82 0.0
S237306 293.5107 48.3633 2.264e-16 1.715e-16 7.118e-17 0.0 136.71 1.0
S237307 293.5062 48.3619 1.884e-16 1.391e-16 5.342e-17 0.0 136.72 0.0
S237308 293.4891 48.2361 4.558e-16 3.352e-16 1.33e-16 0.0 134.59 0.0
S237309 293.4971 48.3704 6.988e-16 5.29e-16 2.172e-16 0.0 136.95 0.0
S237310 293.4981 48.2345 2.827e-16 2.113e-16 8.384e-17 0.0 134.46 0.0
S237311 293.5029 48.2311 4.812e-16 3.651e-16 1.511e-16 0.0 134.35 1.0
S237312 293.5048 48.2292 4.304e-17 8.152e-17 2.181e-16 0.0 134.35 0.0
S237313 293.5114 48.2291 1.982e-19 2.467e-19 2.792e-19 0.0 134.22 0.0
S237314 293.4755 48.3834 4.245e-16 3.199e-16 1.325e-16 0.0 137.31 0.0
S237315 293.4687 48.3845 8.513e-13 7.305e-13 3.732e-13 0.0 137.43 1.0
S237316 293.4641 48.3897 1.267e-21 9.451999999999998e-22 3.726e-22 0.0 137.35 0.0
S237317 293.5325 48.22 1.26e-16 1.058e-16 5.584e-17 0.0 133.96 0.0
S237318 293.4523 48.3917 2.112e-15 1.491e-15 5.352e-16 0.0 137.48 0.0
S237319 293.5412 48.2179 4.301e-17 3.7e-17 1.919e-17 0.0 133.86 0.0
S237320 293.5406 48.218 3.054e-15 2.141e-15 7.525e-16 0.0 133.9 0.0
S237321 293.5468 48.2192 6.435e-16 4.636e-16 1.727e-16 0.0 133.78 0.0
S237322 293.5547 48.2193 3.816e-20 6.039e-20 1.115e-19 0.0 133.83 0.0
S237323 293.4317 48.3883 1.23e-18 1.366e-18 1.226e-18 0.0 137.89 0.0
S237324 293.565 48.2182 4.661e-17 4.163e-17 2.383e-17 0.0 133.74 0.0
S237325 293.5649 48.2194 7.266e-17 5.679e-17 2.466e-17 0.0 133.75 0.0
S237326 293.5743 48.2194 1.079e-17 1.835e-17 3.845e-17 0.0 133.66 0.0
S237327 293.4123 48.3905 1.491e-15 1.111e-15 4.506e-16 0.0 137.83 0.0
S237328 293.4118 48.3886 6.904e-15 4.58e-15 1.523e-15 0.0 137.83 0.0
S237329 293.5783 48.223 3.097e-16 2.303e-16 9.18e-17 0.0 133.62 0.0
S237330 293.4044 48.383 8.296e-13 6.43e-13 2.727e-13 0.0 137.8 1.0
S237331 293.5896 48.2259 4.203e-17 6.803e-17 1.33e-16 0.0 133.73 0.0
S237332 293.5926 48.2284 9.636e-16 7.068e-16 2.734e-16 0.0 133.74 0.0
S237333 293.3998 48.3745 1.2e-18 1.352e-18 1.213e-18 0.0 137.76 0.0
S237334 293.3943 48.3758 2.141e-16 1.674e-16 7.494e-17 0.0 137.61 1.0
S237335 293.5988 48.2326 3.043e-15 2.137e-15 7.574e-16 0.0 133.94 0.0
S237336 293.5929 48.2421 6.623e-17 5.463e-17 2.609e-17 0.0 133.91 0.0
S237337 293.3905 48.3639 1.271e-15 8.899e-16 3.177e-16 0.0 137.49 0.0
S237338 293.384 48.3622 1.268e-16 1.014e-16 4.575e-17 0.0 137.51 1.0
S237339 293.3924 48.3534 6.633e-15 4.488e-15 1.522e-15 0.0 137.36 0.0
S237340 293.5919 48.2595 8.926999999999999e-22 1.943e-21 7.385e-21 0.0 134.09 0.0
S237341 293.6145 48.2532 4.467e-16 3.365e-16 1.358e-16 0.0 134.16 0.0
S237342 293.5991 48.2654 5.045e-17 4.222e-17 2.159e-17 0.0 134.33 0.0
S237343 293.5993 48.2707 4.512e-17 3.716e-17 1.807e-17 0.0 134.31 0.0
S237344 293.387 48.3359 1.73e-15 1.26e-15 4.871e-16 0.0 137.1 0.0
S237345 293.3777 48.3362 2.167e-16 1.638e-16 6.661e-17 0.0 137.0 1.0
S237346 293.6043 48.2808 1.188e-16 9.259e-17 3.968e-17 0.0 134.57 0.0
S237347 293.5978 48.29 5.032e-17 4.232e-17 2.165e-17 0.0 134.75 0.0
S237348 293.3884 48.314 4.575e-15 3.072e-15 1.011e-15 0.0 136.66 0.0
S237349 293.3989 48.3058 5.655e-18 1.22e-17 4.355e-17 0.0 136.55 0.0
S237350 293.5954 48.3041 1.993e-15 1.413e-15 5.221e-16 0.0 135.02 0.0
S237351 293.3981 48.2973 8.773e-18 8.448e-18 5.716e-18 0.0 136.31 0.0
S237352 293.5887 48.3134 1.081e-17 1.021e-17 6.531e-18 0.0 135.13 0.0
S237353 293.5893 48.3158 5.257e-17 4.393e-17 2.206e-17 0.0 135.07 0.0
S237354 293.5795 48.3264 6.41e-13 4.64e-13 1.721e-13 0.0 135.5 0.0
S237355 293.4151 48.2756 4.202e-16 3.175e-16 1.31e-16 0.0 135.94 1.0
S237356 293.5678 48.3335 3.04e-17 4.371e-17 6.999e-17 0.0 135.73 0.0
S237357 293.4242 48.2653 2.21e-16 1.686e-16 6.931e-17 0.0 135.71 1.0
S237358 293.427 48.2609 3.892e-18 4.065e-18 3.109e-18 0.0 135.66 0.0
S237359 293.4328 48.2584 4.284e-13 3.015e-13 1.042e-13 0.0 135.48 0.0
S237360 293.5517 48.3563 1.849e-17 3.213e-17 7.382e-17 0.0 136.03 0.0
S237361 293.543 48.3715 2.885e-15 2.01e-15 7.017e-16 0.0 136.32 0.0
S237362 293.4476 48.2382 9.597e-13 8.141e-13 4.422e-13 0.0 135.14 1.0
S237363 293.5346 48.3767 7.605e-16 5.288e-16 1.912e-16 0.0 136.35 0.0
S237364 293.4599 48.2273 2.783e-15 1.838e-15 6.022e-16 0.0 135.03 0.0
S237365 293.5238 48.3769 4.861e-16 3.695e-16 1.538e-16 0.0 136.7 1.0
S237366 293.4717 48.2146 1.173e-16 9.826e-17 4.809e-17 0.0 134.74 0.0
S237367 293.4791 48.2163 7.314e-16 5.235e-16 2.008e-16 0.0 134.65 0.0
S237368 293.5058 48.3915 6.718e-17 5.375e-17 2.483e-17 0.0 136.83 0.0
S237369 293.4985 48.3997 1.79e-16 1.357e-16 5.679e-17 0.0 137.02 1.0
S237370 293.4924 48.3983 2.075e-15 1.428e-15 4.789e-16 0.0 137.0 0.0
S237371 293.5043 48.2035 1.443e-15 9.98e-16 3.627e-16 0.0 134.46 0.0
S237372 293.511 48.1999 6.286e-18 6.419e-18 4.817e-18 0.0 134.38 0.0
S237373 293.4761 48.4097 1.518e-17 2.196e-17 3.414e-17 0.0 137.2 0.0
S237374 293.4643 48.4143 4.738e-17 3.951e-17 2.034e-17 0.0 137.36 0.0
S237375 293.4603 48.4108 1.288e-16 1.016e-16 4.607e-17 0.0 137.44 1.0
S237376 293.454 48.4146 2.397e-17 2.194e-17 1.313e-17 0.0 137.55 0.0
S237377 293.4488 48.4194 3.938e-18 4.026e-18 3.046e-18 0.0 137.56 0.0
S237378 293.5518 48.1823 1.289e-16 1.016e-16 4.428e-17 0.0 133.89 1.0
S237379 293.4339 48.4186 1.299e-17 2.89e-17 1.122e-16 0.0 137.61 0.0
S237380 293.4284 48.4197 3.674e-16 2.798e-16 1.161e-16 0.0 137.81 1.0
S237381 293.4231 48.4187 3.353e-18 3.394e-18 2.451e-18 0.0 137.65 0.0
S237382 293.4163 48.421 1.829e-16 1.445e-16 6.435e-17 0.0 137.75 1.0
S237383 293.4149 48.4195 7.683e-16 5.484e-16 1.97e-16 0.0 137.67 0.0
S237384 293.403 48.4245 7.36e-18 1.577e-17 5.539e-17 0.0 137.9 0.0
S237385 293.5915 48.1824 6.108e-13 4.39e-13 1.623e-13 0.0 133.56 0.0
S237386 293.6074 48.1822 1.29e-15 9.233e-16 3.362e-16 0.0 133.68 0.0
S237387 293.5978 48.1924 1.304e-16 1.037e-16 4.739e-17 0.0 133.56 1.0
S237388 293.3886 48.419 1.869e-17 1.648e-17 9.122e-18 0.0 137.81 0.0
S237389 293.6063 48.2011 2.061e-17 1.796e-17 9.907e-18 0.0 133.53 0.0
S237390 293.3757 48.4095 5.762e-17 4.741e-17 2.342e-17 0.0 137.78 0.0
S237391 293.3726 48.4078 8.177e-16 5.954e-16 2.293e-16 0.0 137.85 0.0
S237392 293.3796 48.401 2.912e-16 2.294e-16 1.055e-16 0.0 137.79 1.0
S237393 293.3691 48.401 6.351e-18 6.681e-18 5.191e-18 0.0 137.72 0.0
S237394 293.6246 48.2087 5.105e-16 3.784e-16 1.51e-16 0.0 133.71 0.0
S237395 293.3575 48.3952 2.63e-19 3.378e-19 4.073e-19 0.0 137.71 0.0
S237396 293.6295 48.2188 1.486e-17 1.375e-17 8.599e-18 0.0 133.89 0.0
S237397 293.3593 48.3825 5.841e-15 3.915e-15 1.31e-15 0.0 137.56 0.0
S237398 293.358 48.3768 3.645e-15 2.481e-15 8.515e-16 0.0 137.43 1.0
S237399 293.3647 48.3693 1.933e-17 4.183e-17 1.576e-16 0.0 137.54 0.0
S237400 293.6415 48.2378 3.374e-17 2.972e-17 1.644e-17 0.0 134.09 0.0
S237401 293.6361 48.2442 2.918e-21 1.956e-21 6.363999999999999e-22 0.0 134.15 0.0
S237402 293.3556 48.3566 8.173e-17 7e-17 3.672e-17 0.0 137.3 0.0
S237403 293.3519 48.3536 1.391e-16 1.09e-16 4.782e-17 0.0 137.15 0.0
S237404 293.6294 48.2652 2.38e-17 2.08e-17 1.154e-17 0.0 134.3 0.0
S237405 293.3606 48.3369 4.639e-17 3.731e-17 1.737e-17 0.0 136.97 0.0
S237406 293.3589 48.3336 1.52e-16 1.227e-16 5.901e-17 0.0 136.74 0.0
S237407 293.6354 48.278 4.05e-16 2.957e-16 1.131e-16 0.0 134.68 0.0
S237408 293.3698 48.3174 2.207e-16 1.744e-16 7.793e-17 0.0 136.74 1.0
S237409 293.3712 48.3095 8.488e-16 6.016e-16 2.248e-16 0.0 136.71 0.0
S237410 293.3655 48.3056 1.7e-18 1.805e-18 1.458e-18 0.0 136.41 0.0
S237411 293.3752 48.2986 7.73e-17 6.336e-17 3.028e-17 0.0 136.41 0.0
S237412 293.6114 48.3233 6.97e-15 4.766e-15 1.607e-15 0.0 135.21 0.0
S237413 293.6118 48.3152 9.81e-18 9.583e-18 6.616e-18 0.0 135.27 0.0
S237414 293.3917 48.2793 1.001e-17 1.401e-17 2.027e-17 0.0 136.15 0.0
S237415 293.6052 48.3342 3.585e-16 2.646e-16 1.072e-16 0.0 135.36 0.0
S237416 293.3928 48.263 6.758e-16 4.966e-16 1.984e-16 0.0 135.8 0.0
S237417 293.4025 48.251 3.003e-16 2.266e-16 9.833e-17 0.0 135.64 1.0
S237418 293.4111 48.2522 4.378e-16 3.227e-16 1.319e-16 0.0 135.71 0.0
S237419 293.5769 48.3524 1.222e-16 9.5e-17 4.158e-17 0.0 135.9 1.0
S237420 293.5683 48.3674 2.012e-15 1.462e-15 5.592e-16 0.0 135.99 0.0
S237421 293.424 48.2371 3.324e-17 2.769e-17 1.422e-17 0.0 135.45 0.0
S237422 293.4349 48.222 5.426e-13 3.747e-13 1.303e-13 0.0 135.23 0.0
S237423 293.5483 48.3859 2.228e-15 1.506e-15 5.098e-16 0.0 136.34 0.0
S237424 293.5404 48.3913 3.988e-15 2.667e-15 8.847e-16 0.0 136.5 0.0
S237425 293.5347 48.3954 1.563e-15 1.089e-15 3.862e-16 0.0 136.39 0.0
S237426 293.4643 48.2017 5.124e-15 3.536e-15 1.225e-15 0.0 134.88 0.0
S237427 293.4745 48.1966 3.706e-17 3.198e-17 1.745e-17 0.0 134.86 0.0
S237428 293.4816 48.1913 1.135e-15 8.295e-16 3.124e-16 0.0 134.57 0.0
S237429 293.5019 48.4213 2.056e-17 1.833e-17 1.078e-17 0.0 136.98 0.0
S237430 293.5626 48.2752 1.289e-14 8.681e-15 2.861e-15 0.0 134.27 0.0
S237431 293.4387 48.324 7.93e-23 2.1259999999999996e-22 1.254e-21 0.0 137.06 0.0
S237432 293.5517 48.2837 1.672e-17 2.692e-17 5.228e-17 0.0 134.52 0.0
S237433 293.4335 48.3219 5.521e-15 3.693e-15 1.207e-15 0.0 137.15 0.0
S237434 293.4329 48.3223 9.363999999999999e-24 2.5859999999999998e-23 1.51e-22 0.0 136.8 0.0
S237435 293.4252 48.3255 9.885e-16 7.331e-16 2.865e-16 0.0 136.98 0.0
S237436 293.5629 48.2874 1.629e-16 1.305e-16 5.75e-17 0.0 134.62 1.0
S237437 293.5652 48.2879 8.284e-22 1.763e-21 6.191e-21 0.0 134.62 0.0
S237438 293.4367 48.3096 8.285e-17 6.704e-17 3.124e-17 0.0 136.64 0.0
S237439 293.5599 48.2954 5.878e-13 4.357e-13 1.684e-13 0.0 134.69 0.0
S237440 293.5528 48.2995 2.319e-17 2.013e-17 1.103e-17 0.0 134.95 0.0
S237441 293.4383 48.3058 1.008e-18 1.123e-18 1.007e-18 0.0 136.48 0.0
S237442 293.5496 48.3017 2.342e-17 4.309e-17 1.087e-16 0.0 135.04 0.0
S237443 293.4405 48.3011 1.794e-17 3.398e-17 9.454e-17 0.0 136.25 0.0
S237444 293.547 48.3069 7.133e-13 5.28e-13 2.034e-13 0.0 135.27 0.0
S237445 293.5515 48.3102 2.573e-16 1.962e-16 8.542e-17 0.0 135.2 1.0
S237446 293.5373 48.3244 4.795e-24 1.543e-23 1.2669999999999998e-22 0.0 135.81 0.0
S237447 293.5516 48.3167 1.09e-16 8.99e-17 4.424e-17 0.0 135.46 0.0
S237448 293.5446 48.317 9.743e-17 1.675e-16 3.788e-16 0.0 135.46 0.0
S237449 293.4348 48.2844 1.819e-21 1.255e-21 4.504999999999999e-22 0.0 135.97 0.0
S237450 293.5467 48.3221 4.5030000000000005e-20 6.632000000000001e-20 1.07e-19 0.0 135.45 0.0
S237451 293.5425 48.3264 1.107e-15 8.078e-16 3.166e-16 0.0 135.67 0.0
S237452 293.5399 48.3282 1.134e-16 9.596e-17 4.885e-17 0.0 135.65 0.0
S237453 293.454 48.2737 2.55e-17 3.964e-17 7.166e-17 0.0 135.54 0.0
S237454 293.5343 48.3321 1.711e-17 3.07e-17 7.42e-17 0.0 136.02 0.0
S237455 293.5356 48.3358 1.064e-17 9.965e-18 6.514e-18 0.0 136.03 0.0
S237456 293.5307 48.3371 1.031e-17 9.654e-18 6.202e-18 0.0 136.08 0.0
S237457 293.4585 48.2702 1.545e-21 1.103e-21 4.0709999999999995e-22 0.0 135.4 0.0
S237458 293.4668 48.2658 4.692e-18 4.948e-18 3.936e-18 0.0 135.24 0.0
S237459 293.4698 48.2532 4.3e-19 5.161e-19 5.531e-19 0.0 135.06 0.0
S237460 293.4688 48.2595 6.609e-16 4.953e-16 1.966e-16 0.0 135.1 0.0
S237461 293.5187 48.3531 2.709e-17 6.533e-17 2.879e-16 0.0 136.4 1.0
S237462 293.4756 48.2502 5.854999999999999e-22 1.283e-21 4.708e-21 0.0 135.0 0.0
S237463 293.4804 48.2513 5.03e-18 4.897e-18 3.325e-18 0.0 134.88 0.0
S237464 293.4809 48.246 2.496e-17 5.565e-17 2.07e-16 0.0 134.83 0.0
S237465 293.5059 48.3555 1.432e-18 1.532e-18 1.314e-18 0.0 136.86 0.0
S237466 293.504 48.3725 3.96e-16 2.995e-16 1.277e-16 0.0 136.77 1.0
S237467 293.4905 48.2324 1.853e-16 1.449e-16 6.311e-17 0.0 134.55 1.0
S237468 293.4959 48.3715 1.1970000000000001e-20 1.936e-20 3.9100000000000004e-20 0.0 136.85 0.0
S237469 293.4936 48.3701 6.581e-18 6.481e-18 4.509e-18 0.0 136.91 0.0
S237470 293.4887 48.3677 1.839e-20 3.0400000000000004e-20 6.389000000000001e-20 0.0 137.02 0.0
S237471 293.5019 48.23 1.613e-18 1.839e-18 1.805e-18 0.0 134.37 0.0
S237472 293.4812 48.3752 1.486e-17 2.954e-17 8.525e-17 0.0 137.15 0.0
S237473 293.4759 48.3749 3.389e-16 2.564e-16 1.008e-16 0.0 137.2 0.0
S237474 293.5139 48.2249 9.718e-17 7.676e-17 3.362e-17 0.0 134.04 1.0
S237475 293.4718 48.3869 2.538e-17 2.369e-17 1.466e-17 0.0 137.42 0.0
S237476 293.4683 48.3832 2.898e-18 3.184e-18 2.694e-18 0.0 137.38 0.0
S237477 293.4628 48.3826 1.887e-18 2.124e-18 1.943e-18 0.0 137.47 0.0
S237478 293.5259 48.2178 5.351999999999999e-22 1.178e-21 4.384e-21 0.0 134.1 0.0
S237479 293.5346 48.2265 2.281e-22 5.494e-22 2.401e-21 0.0 133.92 0.0
S237480 293.461 48.3819 5.08e-23 1.2969999999999998e-22 6.5739999999999995e-22 0.0 137.49 0.0
S237481 293.5373 48.2238 8.686e-18 8.332e-18 5.582e-18 0.0 133.91 0.0
S237482 293.5485 48.2187 9.356e-13 6.909e-13 2.775e-13 0.0 133.8 0.0
S237483 293.5466 48.2213 2.197e-18 2.302e-18 1.834e-18 0.0 133.83 0.0
S237484 293.4442 48.3875 8.297e-13 5.773e-13 2.098e-13 0.001 137.76 0.0
S237485 293.5502 48.2258 8.106e-24 2.424e-23 1.804e-22 0.0 133.78 0.0
S237486 293.4245 48.3882 6.446e-17 4.921e-17 2.04e-17 0.0 137.66 0.0
S237487 293.4279 48.3841 5.259999999999999e-22 1.27e-21 5.654e-21 0.0 137.82 0.0
S237488 293.5582 48.2238 3.8719999999999996e-23 1.0049999999999999e-22 5.241e-22 0.0 133.77 0.0
S237489 293.5598 48.2237 1.181e-19 1.611e-19 2.116e-19 0.0 133.7 0.0
S237490 293.5705 48.2202 1.541e-17 1.356e-17 7.853e-18 0.0 133.67 0.0
S237491 293.5697 48.2248 7.17e-13 5.254e-13 2.117e-13 0.0 133.68 0.0
S237492 293.571 48.2172 1.234e-12 9.851e-13 4.68e-13 0.0 133.69 1.0
S237493 293.4156 48.3837 2.302e-22 5.529999999999999e-22 2.442e-21 0.0 137.61 0.0
S237494 293.4016 48.3879 3.162e-20 4.789e-20 8.002e-20 0.0 137.79 0.0
S237495 293.5707 48.2301 8.861e-19 1.039e-18 1.011e-18 0.0 133.61 0.0
S237496 293.5844 48.2266 4.563e-18 4.412e-18 3.03e-18 0.0 133.73 0.0
S237497 293.3972 48.3818 1.3e-16 1.039e-16 4.751e-17 0.0 137.53 0.0
S237498 293.3906 48.3839 8.062e-18 7.49e-18 4.871e-18 0.0 137.76 0.0
S237499 293.5799 48.2358 1.479e-16 1.14e-16 4.858e-17 0.0 133.75 1.0
S237500 293.5896 48.2353 5.126e-17 4.34e-17 2.221e-17 0.0 133.87 0.0
S237501 293.4026 48.3748 1.695e-18 1.826e-18 1.517e-18 0.0 137.69 0.0
S237502 293.39 48.3765 7.462e-18 7.044e-18 4.617e-18 0.0 137.6 0.0
S237503 293.401 48.3655 2.818e-13 1.949e-13 6.672e-14 0.0 137.63 0.0
S237504 293.5989 48.2372 9.003e-22 1.752e-21 5.0820000000000004e-21 0.0 133.96 0.0
S237505 293.4002 48.3624 1.275e-17 2.406e-17 6.692e-17 0.0 137.54 0.0
S237506 293.6081 48.245 1.436e-17 1.293e-17 7.637e-18 0.0 134.08 0.0
S237507 293.5927 48.2547 1.1570000000000001e-20 1.9590000000000002e-20 4.2050000000000006e-20 0.0 133.98 0.0
S237508 293.402 48.3465 1.466e-16 1.113e-16 4.753e-17 0.0 137.33 1.0
S237509 293.6087 48.25 2.933e-18 3.124e-18 2.551e-18 0.0 134.18 0.0
S237510 293.3948 48.347 1.4419999999999998e-23 4.0249999999999997e-23 2.5509999999999997e-22 0.0 137.31 0.0
S237511 293.3933 48.3454 5.856999999999999e-22 1.175e-21 3.643e-21 0.0 137.15 0.0
S237512 293.5961 48.2672 1.116e-16 9.156e-17 4.284e-17 0.0 134.33 0.0
S237513 293.5956 48.2722 1.926e-21 1.328e-21 4.624999999999999e-22 0.0 134.38 0.0
S237514 293.5883 48.2766 4.117e-23 1.0539999999999999e-22 5.585e-22 0.0 134.52 0.0
S237515 293.3957 48.3313 5.092e-18 9.311e-18 2.372e-17 0.0 137.06 0.0
S237516 293.3802 48.3352 4.237e-15 2.908e-15 9.974e-16 0.0 136.93 0.0
S237517 293.4064 48.3183 1.36e-18 1.436e-18 1.157e-18 0.0 136.71 0.0
S237518 293.6092 48.2811 3.295e-17 2.824e-17 1.475e-17 0.0 134.45 0.0
S237519 293.3812 48.3205 1.905e-24 6.687e-24 6.55e-23 0.0 136.58 0.0
S237520 293.3918 48.3143 2.864e-21 5.1650000000000004e-21 1.2520000000000001e-20 0.0 136.66 0.0
S237521 293.393 48.3136 5.448e-17 4.23e-17 1.899e-17 0.0 136.7 0.0
S237522 293.6121 48.2832 2.987e-20 4.742e-20 8.849000000000001e-20 0.0 134.74 0.0
S237523 293.5969 48.3106 4.607e-24 1.4289999999999998e-23 1.1009999999999999e-22 0.0 135.08 0.0
S237524 293.6009 48.3005 1.938e-16 1.428e-16 5.827e-17 0.0 134.94 0.0
S237525 293.4031 48.3 1.53e-19 2.127e-19 2.907e-19 0.0 136.31 0.0
S237526 293.3987 48.2918 4.844e-17 4.281e-17 2.433e-17 0.0 136.39 0.0
S237527 293.4066 48.2937 2.435e-19 2.988e-19 3.249e-19 0.0 136.33 0.0
S237528 293.5813 48.3214 1.543e-17 1.421e-17 8.799e-18 0.0 135.53 0.0
S237529 293.4247 48.2802 3.131e-16 2.337e-16 9.491e-17 0.0 136.01 0.0
S237530 293.42 48.2717 2.588e-17 2.236e-17 1.178e-17 0.0 135.86 0.0
S237531 293.5702 48.3424 9.336e-17 7.514e-17 3.571e-17 0.0 135.74 0.0
S237532 293.5672 48.3338 1.454e-17 1.271e-17 6.98e-18 0.0 135.65 0.0
S237533 293.57 48.3482 1.59e-21 3.158e-21 9.851e-21 0.0 135.76 0.0
S237534 293.4311 48.2618 1.191e-17 1.103e-17 6.558e-18 0.0 135.47 0.0
S237535 293.4334 48.2555 5.073e-17 4.206e-17 2.155e-17 0.0 135.5 0.0
S237536 293.5479 48.3547 1.705e-15 1.192e-15 4.298e-16 0.0 136.16 0.0
S237537 293.5489 48.3684 1.041e-17 1.016e-17 6.746e-18 0.0 136.16 0.0
S237538 293.5494 48.3592 1.118e-16 9.065e-17 4.264e-17 0.0 136.15 0.0
S237539 293.452 48.2383 3.803e-17 3.112e-17 1.523e-17 0.0 135.11 0.0
S237540 293.4524 48.2446 2.545e-16 1.863e-16 7.352e-17 0.0 135.25 0.0
S237541 293.4551 48.2358 7.338e-19 8.236e-19 7.532e-19 0.0 135.06 0.0
S237542 293.5282 48.376 4.413e-17 3.406e-17 1.486e-17 0.0 136.54 0.0
S237543 293.5221 48.3827 2.602e-16 1.974e-16 8.013e-17 0.0 136.57 0.0
S237544 293.4676 48.2118 6.88e-21 1.2210000000000001e-20 2.8050000000000004e-20 0.0 134.81 0.0
S237545 293.476 48.2134 1.681e-17 1.5e-17 8.58e-18 0.001 134.67 0.0
S237546 293.5087 48.3811 4.6e-18 4.803e-18 3.695e-18 0.0 136.8 0.0
S237547 293.4845 48.2222 1.217e-17 1.119e-17 6.736e-18 0.0 134.6 0.0
S237548 293.4891 48.208 1.8139999999999998e-22 4.616e-22 2.27e-21 0.0 134.45 0.0
S237549 293.4912 48.2145 5.391e-14 3.519e-14 1.114e-14 0.0 134.56 0.0
S237550 293.4987 48.2089 2.359e-17 2.055e-17 1.155e-17 0.0 134.25 0.0
S237551 293.5038 48.1912 5.856e-18 1.243e-17 4.17e-17 0.0 134.31 0.0
S237552 293.5091 48.1979 1.6360000000000001e-21 3.04e-21 8.195e-21 0.0 134.28 0.0
S237553 293.4773 48.399 1.218e-21 9.092e-22 3.6419999999999996e-22 0.0 137.3 0.0
S237554 293.4718 48.4029 1.041e-17 9.598e-18 6.186e-18 0.0 137.31 0.0
S237555 293.4645 48.4209 1.88e-17 1.655e-17 9.48e-18 0.0 137.39 0.0
S237556 293.4662 48.4206 1.178e-17 1.093e-17 6.678e-18 0.0 137.36 0.0
S237557 293.4576 48.4145 1.012e-17 1.683e-17 3.518e-17 0.0 137.4 0.0
S237558 293.4527 48.4143 8.915e-14 5.932e-14 1.925e-14 0.0 137.32 0.0
S237559 293.4515 48.4186 1.255e-18 1.327e-18 1.118e-18 0.0 137.57 0.0
S237560 293.445 48.4215 8.094e-17 6.374e-17 2.873e-17 0.0 137.4 0.0
S237561 293.4458 48.4254 1.094e-22 2.4759999999999997e-22 9.985e-22 0.0 137.57 0.0
S237562 293.56 48.1803 4.49e-18 4.528e-18 3.466e-18 0.0 133.89 0.0
S237563 293.4353 48.4181 1.867e-21 1.3150000000000001e-21 4.593999999999999e-22 0.0 137.74 0.0
S237564 293.4206 48.4247 1.132e-19 1.492e-19 1.963e-19 0.0 137.78 0.0
S237565 293.4235 48.4177 1.104e-17 1.014e-17 6.184e-18 0.0 137.8 0.0
S237566 293.5754 48.1924 2.5599999999999998e-23 8.303999999999999e-23 6.844e-22 0.0 133.71 0.0
S237567 293.5746 48.1839 1.1549999999999999e-23 3.871e-23 3.4879999999999998e-22 0.0 133.68 0.0
S237568 293.5846 48.1806 1.4129999999999999e-22 3.793e-22 2.094e-21 0.0 133.63 0.0
S237569 293.5836 48.195 1.5249999999999998e-23 4.2849999999999997e-23 2.636e-22 0.0 133.7 0.0
S237570 293.5849 48.1956 4.058e-17 3.553e-17 1.949e-17 0.0 133.6 0.0
S237571 293.5911 48.1922 3.97e-19 4.849e-19 5.19e-19 0.0 133.58 0.0
S237572 293.6162 48.1843 7.108e-18 6.629e-18 4.279e-18 0.0 133.61 0.0
S237573 293.6176 48.1887 5.321e-21 9.442e-21 2.2160000000000003e-20 0.0 133.62 0.0
S237574 293.5979 48.2004 4.88e-19 5.778e-19 5.693e-19 0.0 133.65 0.0
S237575 293.5869 48.2081 8.065e-13 6.686e-13 3.291e-13 0.0 133.72 1.0
S237576 293.394 48.3991 3.391e-17 6.141e-17 1.547e-16 0.0 137.74 0.0
S237577 293.6343 48.194 4.663e-17 3.945e-17 2.003e-17 0.0 133.83 0.0
S237578 293.3719 48.4154 2.286e-16 1.788e-16 7.936e-17 0.0 137.88 1.0
S237579 293.3674 48.4031 5.251e-19 6.348e-19 6.671e-19 0.0 137.81 0.0
S237580 293.3739 48.3944 2.054e-23 5.527e-23 3.0699999999999996e-22 0.0 137.63 0.0
S237581 293.3803 48.3884 5.037e-17 4.181e-17 2.073e-17 0.0 137.71 0.0
S237582 293.6348 48.2058 1.241e-17 1.122e-17 6.648e-18 0.0 133.65 0.0
S237583 293.3736 48.3892 1.893e-17 1.618e-17 8.909e-18 0.0 137.54 0.0
S237584 293.6282 48.2166 1.918e-18 2.127e-18 1.868e-18 0.0 134.01 0.0
S237585 293.3551 48.3875 3.652e-17 6.069e-17 1.316e-16 0.0 137.63 0.0
S237586 293.6283 48.2253 2.32e-16 1.762e-16 7.357e-17 0.0 133.98 1.0
S237587 293.6144 48.2376 1.498e-17 3.012e-17 9.454e-17 0.0 133.95 0.0
S237588 293.6398 48.2306 2.217e-21 1.536e-21 5.343e-22 0.0 133.87 0.0
S237589 293.3601 48.3706 9.285e-18 1.329e-17 2.061e-17 0.0 137.33 0.0
S237590 293.6394 48.2373 1.736e-16 4.703e-16 2.659e-15 0.0 134.14 1.0
S237591 293.3728 48.3556 1.482e-13 1e-13 3.2e-14 0.0 137.17 0.0
S237592 293.3551 48.3646 2.419e-20 3.6970000000000003e-20 6.703e-20 0.0 137.21 0.0
S237593 293.3525 48.3589 3.755e-15 2.559e-15 8.582e-16 0.0 137.24 0.0
S237594 293.6454 48.2459 1.509e-17 2.729e-17 6.672e-17 0.0 134.35 0.0
S237595 293.3497 48.3466 3.312e-16 2.565e-16 1.134e-16 0.001 137.05 1.0
S237596 293.3434 48.3473 1.466e-16 1.154e-16 5.03e-17 0.0 137.12 1.0
S237597 293.3541 48.3434 9.707e-16 6.856e-16 2.507e-16 0.0 137.01 0.0
S237598 293.3596 48.3278 1.813e-17 2.897e-17 5.481e-17 0.0 136.95 0.0
S237599 293.6268 48.2791 5.541e-16 4.128e-16 1.653e-16 0.0 134.65 0.0
S237600 293.3532 48.3216 3.086e-17 2.64e-17 1.361e-17 0.0 136.85 0.0
S237601 293.3587 48.3215 1.295e-16 1.019e-16 4.735e-17 0.0 136.68 1.0
S237602 293.6418 48.2879 2.39e-17 2.209e-17 1.327e-17 0.0 134.62 0.0
S237603 293.3671 48.3177 1.207e-17 1.107e-17 6.699e-18 0.0 136.74 0.0
S237604 293.6125 48.3035 2.37e-17 4.856e-17 1.5e-16 0.0 135.02 0.0
S237605 293.3802 48.2894 4.059e-16 3.11e-16 1.283e-16 0.0 136.25 1.0
S237606 293.6095 48.3009 1.267e-19 1.778e-19 2.582e-19 0.0 135.08 0.0
S237607 293.385 48.2847 1.9679999999999997e-22 5.066e-22 2.5410000000000002e-21 0.0 136.16 0.0
S237608 293.3808 48.278 6.301e-18 6.074e-18 4.171e-18 0.0 136.03 0.0
S237609 293.379 48.2793 4.796e-17 1.269e-16 7.029e-16 0.0 136.21 1.0
S237610 293.3895 48.2555 4.956e-16 3.682e-16 1.471e-16 0.0 135.9 0.0
S237611 293.388 48.2664 2.6320000000000002e-20 4.0540000000000005e-20 7.345000000000001e-20 0.0 135.99 0.0
S237612 293.5782 48.3499 5.125e-16 3.838e-16 1.53e-16 0.0 135.85 0.0
S237613 293.399 48.2463 3.517e-16 2.746e-16 1.255e-16 0.0 135.71 1.0
S237614 293.5674 48.3541 4.133e-16 3.318e-16 1.558e-16 0.0 135.85 0.0
S237615 293.4065 48.2484 4.119e-17 3.482e-17 1.83e-17 0.0 135.67 0.0
S237616 293.5822 48.3749 1.65e-19 2.189e-19 2.778e-19 0.0 136.02 0.0
S237617 293.4181 48.2567 2.179e-16 1.749e-16 8.175e-17 0.0 135.71 0.0
S237618 293.565 48.371 4.903e-17 4.071e-17 2.011e-17 0.0 136.29 0.0
S237619 293.4377 48.2279 6.162e-17 5.07e-17 2.581e-17 0.0 135.13 0.0
S237620 293.5551 48.3687 6.195e-19 7.419e-19 8.014e-19 0.0 136.14 0.0
S237621 293.4429 48.2241 3.611e-17 3.206e-17 1.866e-17 0.0 135.02 0.0
S237622 293.4498 48.2006 1.343e-17 1.193e-17 6.968e-18 0.0 134.92 0.0
S237623 293.5319 48.4053 3.314e-16 2.512e-16 1.029e-16 0.0 136.76 1.0
S237624 293.529 48.4001 1.463e-17 1.305e-17 7.369e-18 0.0 136.52 0.0
S237625 293.5213 48.3984 2.419e-16 1.947e-16 8.673e-17 0.0 136.62 1.0
S237626 293.5178 48.4129 1.542e-17 1.391e-17 8.37e-18 0.0 136.5 0.0
S237627 293.4775 48.182 3.2169999999999995e-22 7.559e-22 3.199e-21 0.0 134.6 0.0
S237628 293.4848 48.1932 5.434e-16 4.028e-16 1.59e-16 0.0 134.55 0.0
S237629 293.5019 48.4063 3.756e-17 3.317e-17 1.822e-17 0.0 136.93 0.0
S237630 293.498 48.4357 5.864e-21 1.0460000000000001e-20 2.498e-20 0.0 136.96 0.0
S237631 293.4921 48.4327 2.048e-17 1.791e-17 9.923e-18 0.0 137.16 0.0
S237632 293.5072 48.1838 3.382e-17 2.926e-17 1.54e-17 0.0 134.31 0.0
S237633 293.4779 48.4323 1.483e-16 1.198e-16 5.557e-17 0.0 137.18 0.0
S237634 293.5159 48.1607 2.695e-18 2.862e-18 2.347e-18 0.0 134.22 0.0
