Name Equatorial Polar BlueF GreenF RedF Parallax RadialVelocity Variable?
S365406 294.5352 162.1975 1.177e-24 4.688e-24 5.752e-23 0.001 149.62 0.0
S365407 294.4966 162.2042 2.522e-19 3.12e-19 3.515e-19 0.0 150.8 0.0
S365408 294.36 162.1856 8.159e-21 1.344e-20 2.734e-20 0.0 153.33 0.0
S365409 294.4717 162.2048 7.725e-24 2.681e-23 2.4829999999999996e-22 0.0 152.71 0.0
S365410 294.4702 162.1942 2.672e-23 8.002e-23 5.758e-22 0.0 151.85 0.0
S365411 294.4798 162.2033 4.485e-21 8.181e-21 2.0480000000000002e-20 0.0 152.83 0.0
S365412 294.5028 162.2024 8.482e-23 2.144e-22 1.093e-21 0.0 149.85 0.0
S365413 294.3688 162.1904 2.043e-24 7.323e-24 7.47e-23 0.0 152.79 0.0
S365414 294.7203 162.2209 2.025e-21 1.353e-21 4.378e-22 0.0 148.86 0.0
S365415 294.4831 162.189 3.9240000000000004e-20 5.871e-20 9.311e-20 0.0 151.48 0.0
S365416 294.5835 162.2048 9.352e-19 1.006e-18 8.164e-19 0.0 149.27 0.0
S365417 294.5343 162.2124 2.34e-22 5.856999999999999e-22 2.81e-21 0.0 150.41 0.0
S365418 294.484 162.1982 6.288e-18 1.24e-17 3.611e-17 0.0 151.7 0.0
S365419 294.5675 162.2063 4.971e-18 7.699e-18 1.404e-17 0.0 149.48 0.0
S365420 294.4687 162.1785 1.998e-19 2.591e-19 3.133e-19 0.0 151.48 0.0
S365421 294.7143 162.2165 1.9020000000000001e-25 9.063000000000001e-25 1.61e-23 0.0 149.0 0.0
S365422 294.4871 162.1994 2.091e-20 3.2890000000000004e-20 6.14e-20 0.0 149.48 0.0
S365423 294.4806 162.1928 2.4349999999999998e-23 6.099e-23 2.895e-22 0.0 151.41 0.0
S365424 294.502 162.1982 1.15e-19 1.519e-19 1.939e-19 0.0 150.31 0.0
S365425 294.4052 162.1973 1.308e-21 2.56e-21 7.489000000000001e-21 0.0 153.11 0.0
S365426 294.6483 162.2003 3.323e-17 2.664e-17 1.235e-17 0.0 149.07 0.0
S365427 294.4803 162.2038 2.941e-23 7.859999999999999e-23 4.292e-22 0.0 152.56 0.0
S365428 294.4909 162.1964 1.164e-23 3.2739999999999996e-23 2.1279999999999997e-22 0.0 149.9 0.0
S365429 294.5018 162.2031 3.632e-17 5.669e-17 9.93e-17 0.0 150.2 0.0
S365430 294.311 162.1917 8.193e-20 1.107e-19 1.432e-19 0.0 153.5 0.0
S365431 294.7896 162.2072 2.3179999999999998e-23 6.465e-23 3.986e-22 0.0 149.25 0.0
S365432 294.5437 162.2044 1.344e-20 2.088e-20 3.8680000000000005e-20 0.0 150.55 0.0
S365433 293.9928 162.1741 5.826e-20 8.163e-20 1.183e-19 0.0 153.89 0.0
S365434 294.5066 162.1948 3.886e-21 7.116e-21 1.76e-20 0.001 151.12 0.0
S365435 294.4716 162.1986 1.473e-20 2.325e-20 4.3290000000000006e-20 0.0 151.81 0.0
S365436 294.4561 162.1978 7.072000000000001e-20 9.726000000000001e-20 1.396e-19 0.0 151.78 0.0
S365437 294.1628 162.1671 8.165e-24 2.606e-23 2.0419999999999997e-22 0.0 152.87 0.0
S365438 294.2899 162.1922 1.861e-19 2.406e-19 2.849e-19 0.0 153.06 0.0
S365439 294.4632 162.1936 3.667e-22 8.152e-22 3.06e-21 0.0 151.6 0.0
S365440 294.4179 162.1943 1.967e-22 4.0449999999999998e-22 1.317e-21 0.0 152.87 0.0
S365441 294.4838 162.1965 2.353e-24 8.032e-24 7.456e-23 0.0 151.35 0.0
S365442 294.6063 162.2134 3.069e-13 2.109e-13 7.255e-14 0.0 149.97 0.0
S365443 294.1352 162.188 9.186e-18 8.358e-18 5.256e-18 0.0 153.33 0.0
S365444 294.6113 162.2053 6.077e-27 4.3110000000000003e-26 1.935e-24 0.0 149.14 0.0
S365445 294.4967 162.212 6.239000000000001e-20 7.869000000000001e-20 9.487e-20 0.0 149.7 0.0
S365446 294.5125 162.2024 1.587e-21 3.336e-21 1.0830000000000001e-20 0.0 149.84 0.0
S365447 294.4264 162.1907 5.686e-23 1.552e-22 8.906e-22 0.0 152.17 0.0
S365448 294.4804 162.1975 1.12e-19 1.516e-19 2.01e-19 0.0 152.55 0.0
S365449 294.4823 162.2034 2.592e-17 3.783e-17 5.996e-17 0.0 151.32 0.0
S365450 294.6072 162.2155 1.903e-19 2.449e-19 2.962e-19 0.0 149.36 0.0
S365451 294.5251 162.203 2.857e-20 4.4060000000000005e-20 8.108000000000001e-20 0.0 150.56 0.0
S365452 294.4679 162.2037 4.651e-20 6.732e-20 1.052e-19 0.0 151.68 0.0
S365453 294.5465 162.2025 6.196e-24 2.0559999999999998e-23 1.8219999999999999e-22 0.0 149.72 0.0
S365454 294.6218 162.2051 1.9719999999999997e-22 4.1999999999999997e-22 1.418e-21 0.001 149.8 0.0
S365455 294.4846 162.1959 1.279e-21 2.586e-21 7.778e-21 0.0 152.53 0.0
S365456 294.4491 162.2076 4.223e-21 7.689e-21 1.864e-20 0.0 152.57 0.0
S365457 294.5089 162.2005 2.931e-23 7.089e-23 3.1969999999999997e-22 0.0 149.84 0.0
S365458 294.425 162.2025 1.8449999999999998e-23 5.196e-23 3.1679999999999997e-22 0.0 152.8 0.0
S365459 294.5029 162.2006 4.411e-25 1.714e-24 2.083e-23 0.0 150.29 0.0
S365460 294.5408 162.2088 2.595e-19 3.129e-19 3.476e-19 0.0 149.9 0.0
S365461 294.3878 162.2013 1.2780000000000001e-20 2.1550000000000002e-20 4.6350000000000004e-20 0.0 152.71 0.0
S365462 294.4467 162.1924 2.536e-21 4.906e-21 1.3850000000000002e-20 0.0 152.49 0.0
S365463 294.4204 162.1924 2.6679999999999998e-24 1.0549999999999999e-23 1.2969999999999998e-22 0.0 152.97 0.0
S365464 294.4068 162.1924 6.055e-18 1.049e-17 2.384e-17 0.0 153.09 0.0
S365465 294.2961 162.1854 3.446e-24 1.2229999999999999e-23 1.2269999999999998e-22 0.001 153.48 0.0
S365466 294.4545 162.2069 7.745999999999999e-22 1.528e-21 4.569e-21 0.0 151.73 0.0
S365467 294.6179 162.2121 3.698e-21 7.113e-21 2.0160000000000003e-20 0.0 149.09 0.0
S365468 294.4758 162.2036 2.214e-19 2.952e-19 3.722e-19 0.0 151.42 1.0
S365469 294.3959 162.191 4.651e-20 6.652e-20 1.04e-19 0.0 153.22 0.0
S365470 294.4764 162.2022 4.973e-19 5.595e-19 5.19e-19 0.0 151.76 0.0
S365471 294.447 162.2004 2.072e-21 4.106e-21 1.256e-20 0.0 152.53 0.0
S365472 294.4799 162.1992 7.055000000000001e-20 1.035e-19 1.561e-19 0.0 152.89 0.0
S365473 294.5742 162.2044 1.657e-20 2.5830000000000002e-20 4.726e-20 0.0 149.79 0.0
S365474 294.4058 162.1954 4.5240000000000004e-20 6.962000000000001e-20 1.195e-19 0.0 153.12 0.0
S365475 294.6278 162.2078 9.3e-21 1.5480000000000002e-20 3.209e-20 0.0 149.84 0.0
S365476 294.4321 162.1794 3.702e-23 1.072e-22 6.785e-22 0.0 151.66 0.0
S365477 294.4573 162.1998 1.6020000000000003e-20 2.5250000000000002e-20 4.6690000000000004e-20 0.0 152.66 0.0
S365478 294.4703 162.1884 2.7369999999999998e-24 9.374e-24 8.927e-23 0.0 151.53 0.0
S365479 294.4706 162.2021 1.405e-21 2.699e-21 7.422e-21 0.0 151.89 0.0
S365480 294.4585 162.1948 5.28e-23 1.4089999999999998e-22 7.642999999999999e-22 0.0 152.65 0.0
S365481 294.4787 162.2017 3.568e-20 5.3460000000000004e-20 9.092000000000001e-20 0.0 152.94 0.0
S365482 294.4642 162.2051 6.991e-23 1.6119999999999998e-22 6.427e-22 0.0 152.4 0.0
S365483 294.2542 162.2023 1.477e-19 1.843e-19 2.156e-19 0.0 152.32 0.0
S365484 294.5646 162.2019 3.914e-19 4.852e-19 5.368e-19 0.0 149.66 0.0
S365485 294.3907 162.1972 3.8179999999999995e-22 7.700999999999999e-22 2.404e-21 0.0 153.23 0.0
S365486 294.4954 162.2008 1.43e-21 9.995999999999999e-22 3.518e-22 0.0 150.98 0.0
S365487 294.3075 162.1927 6.744e-21 1.18e-20 2.7070000000000002e-20 0.0 152.93 1.0
S365488 294.5156 162.2007 1.24e-17 1.113e-17 6.518e-18 0.0 150.23 0.0
S365489 294.3578 162.1998 6.812e-23 1.7289999999999999e-22 8.672e-22 0.0 153.02 0.0
S365490 294.4756 162.2059 2.5900000000000002e-20 3.7860000000000004e-20 6.124e-20 0.0 152.16 0.0
S365491 294.5048 162.2055 1.409e-23 4.196e-23 2.9059999999999996e-22 0.0 151.04 0.0
S365492 294.4351 162.1987 1.7310000000000001e-25 8.538e-25 1.661e-23 0.0 152.82 0.0
S365493 294.5389 162.2047 5.5e-24 1.719e-23 1.3409999999999998e-22 0.0 150.37 0.0
S365494 294.5369 162.2058 6.953e-23 1.5079999999999998e-22 5.434e-22 0.0 149.65 0.0
S365495 294.5263 162.2129 5.092e-23 1.415e-22 8.197999999999999e-22 0.0 150.77 0.0
S365496 294.1788 162.1969 1.249e-17 1.99e-17 3.867e-17 0.0 153.18 0.0
S365497 294.3448 162.1824 1.378e-17 2.303e-17 4.726e-17 0.0 152.25 0.0
S365498 294.5924 162.2091 1.112e-18 1.184e-18 9.674e-19 0.0 149.23 0.0
S365499 294.4311 162.2009 7.123000000000001e-26 3.817e-25 8.924999999999999e-24 0.0 152.93 0.0
S365500 294.5701 162.2119 7.322999999999999e-22 1.466e-21 4.374e-21 0.0 150.53 0.0
S365501 294.5839 162.2112 3.3e-24 1.0639999999999999e-23 9.147999999999999e-23 0.0 149.29 0.0
S365502 294.4257 162.2036 7.243e-27 4.7230000000000006e-26 1.694e-24 0.0 152.24 0.0
S365503 294.4659 162.1925 4.911e-21 8.686e-21 1.9930000000000002e-20 0.0 152.45 0.0
S365504 294.4874 162.1965 2.777e-21 5.244e-21 1.4100000000000002e-20 0.0 152.76 0.0
S365505 294.4436 162.1958 8.486e-19 9.566e-19 8.672e-19 0.0 151.82 0.0
S365506 294.6366 162.2182 1.618e-19 2.098e-19 2.559e-19 0.0 149.96 0.0
S365507 294.4541 162.202 3.129e-23 9.031999999999999e-23 5.734999999999999e-22 0.0 152.34 0.0
S365508 294.5194 162.2121 1.321e-18 1.428e-18 1.202e-18 0.0 150.66 0.0
S365509 294.6513 162.2229 4.224e-23 1.265e-22 9.124999999999998e-22 0.0 149.85 0.0
S365510 294.4926 162.2081 2.557e-17 5.062e-17 1.523e-16 0.0 150.62 0.0
S365511 294.8019 162.222 6.921999999999999e-22 1.4250000000000001e-21 4.708e-21 0.0 149.0 0.0
S365512 294.2707 162.183 4.7020000000000006e-20 6.863e-20 1.072e-19 0.0 153.21 0.0
S365513 294.5104 162.2063 4.889e-21 8.845000000000001e-21 2.1960000000000003e-20 0.0 150.33 0.0
S365514 294.4383 162.1966 3.642e-19 4.542e-19 5.289e-19 0.0 152.01 0.0
S365515 294.4833 162.1995 6.274000000000001e-20 8.924000000000001e-20 1.275e-19 0.0 151.49 0.0
S365516 294.5762 162.1985 1.2869999999999999e-22 3.3019999999999997e-22 1.641e-21 0.0 149.8 0.0
S365517 293.9968 162.1771 4.118e-23 1.017e-22 4.737e-22 0.0 153.28 0.0
S365518 294.371 162.2035 1.009e-20 1.659e-20 3.2390000000000005e-20 0.0 153.29 0.0
S365519 294.6148 162.2089 4.507e-21 8.932e-21 2.7220000000000004e-20 0.0 149.08 0.0
S365520 294.3071 162.1841 8.894e-25 3.608e-24 4.9209999999999995e-23 0.0 153.7 0.0
S365521 294.6577 162.2139 6.966e-21 1.261e-20 3.2050000000000005e-20 0.0 149.04 0.0
S365522 294.5444 162.1963 4.855e-19 5.989e-19 6.528e-19 0.0 150.17 0.0
S365523 294.6234 162.1993 1.587e-23 4.3399999999999996e-23 2.422e-22 0.0 150.31 0.0
S365524 294.3492 162.195 7.006e-23 1.815e-22 9.691999999999998e-22 0.0 153.52 0.0
S365525 294.5242 162.2023 2.377e-21 4.787e-21 1.4540000000000002e-20 0.0 149.73 0.0
S365526 294.5166 162.2013 3.2869999999999997e-22 7.434999999999999e-22 2.873e-21 0.0 150.0 0.0
S365527 294.0434 162.1784 5.911e-18 1.054e-17 2.612e-17 0.0 153.88 0.0
S365528 294.6243 162.2026 2.281e-23 6.807999999999999e-23 4.614e-22 0.0 149.47 0.0
S365529 294.5585 162.2166 2.4340000000000002e-21 4.656e-21 1.273e-20 0.0 150.87 0.0
S365530 294.4881 162.2078 3.173e-21 6.34e-21 1.833e-20 0.0 151.14 0.0
S365531 294.4681 162.2059 2.611e-19 3.417e-19 4.428e-19 0.0 152.65 0.0
S365532 294.2987 162.1895 1.6690000000000002e-20 2.6200000000000003e-20 4.6690000000000004e-20 0.0 153.41 0.0
S365533 294.4718 162.2029 1.365e-18 1.372e-18 1.019e-18 0.0 152.81 0.0
S365534 294.2925 162.1852 5.609e-13 4.345e-13 1.852e-13 0.0 153.27 1.0
S365535 294.5723 162.2084 2.5629999999999998e-23 7.879999999999999e-23 5.945999999999999e-22 0.0 149.49 0.0
S365536 294.4923 162.2015 1.718e-18 1.779e-18 1.357e-18 0.0 151.15 0.0
S365537 294.1829 162.1869 9.477e-18 1.422e-17 2.386e-17 0.0 153.66 0.0
S365538 294.2819 162.1896 2.533e-18 2.542e-18 1.917e-18 0.0 153.65 0.0
S365539 294.193 162.1769 2.421e-23 6.468e-23 3.741e-22 0.0 153.39 0.0
S365540 294.5445 162.1971 4.328999999999999e-22 9.654e-22 3.645e-21 0.0 150.36 0.0
S365541 294.4481 162.1894 3.603e-17 3.046e-17 1.583e-17 0.0 152.8 0.0
S365542 294.4093 162.194 4.13e-23 9.924e-23 4.424e-22 0.0 153.12 0.0
S365543 294.501 162.1966 1.075e-23 3.2639999999999996e-23 2.426e-22 0.0 150.49 0.0
S365544 294.5224 162.2042 1.245e-18 1.354e-18 1.143e-18 0.0 150.41 0.0
S365545 294.5069 162.2006 3.581e-21 6.633e-21 1.7470000000000003e-20 0.0 150.82 0.0
S365546 294.4193 162.1953 3.326e-26 1.84e-25 4.672e-24 0.0 152.89 0.0
S365547 294.4404 162.1981 5.006e-18 5.024e-18 3.656e-18 0.0 152.04 1.0
S365548 294.3326 162.1927 1.334e-23 3.709e-23 2.265e-22 0.001 153.55 0.0
S365549 294.3004 162.1879 4.379e-19 5.173e-19 5.24e-19 0.0 153.57 0.0
S365550 294.4538 162.1934 4.097e-21 7.878e-21 2.181e-20 0.0 152.51 0.0
S365551 294.5173 162.1977 1.401e-19 1.761e-19 2.078e-19 0.0 150.78 0.0
S365552 294.5558 162.2003 2.914e-21 5.191e-21 1.225e-20 0.0 149.84 0.0
S365553 294.4148 162.1994 1.939e-21 3.61e-21 9.32e-21 0.0 152.4 0.0
S365554 294.5456 162.2072 2.181e-22 4.729999999999999e-22 1.708e-21 0.0 150.06 0.0
S365555 294.542 162.2025 7.596999999999999e-22 1.573e-21 5.089e-21 0.0 150.02 0.0
S365556 294.591 162.216 8.305e-23 2.0649999999999997e-22 9.875999999999999e-22 0.0 150.09 0.0
S365557 294.477 162.2011 3.8610000000000005e-20 5.765e-20 9.611e-20 0.0 151.49 0.0
S365558 294.5536 162.2082 4.872e-19 5.975e-19 6.416e-19 0.0 149.52 0.0
S365559 294.7134 162.2039 3.031e-19 3.504e-19 3.348e-19 0.0 149.01 0.0
S365560 294.4655 162.1988 1.302e-19 1.705e-19 2.139e-19 0.0 151.82 0.0
S365561 294.4749 162.1999 1.9589999999999999e-22 4.71e-22 2.086e-21 0.0 151.77 0.0
S365562 294.5094 162.1953 3.96e-24 1.1849999999999999e-23 8.378e-23 0.0 150.87 0.0
S365563 294.3469 162.1896 1.089e-18 1.237e-18 1.148e-18 0.0 153.47 0.0
S365564 294.4855 162.1996 5.743e-21 1.0070000000000001e-20 2.2550000000000002e-20 0.0 153.31 0.0
S365565 294.4555 162.2114 7.842e-19 8.941e-19 8.346e-19 0.0 151.57 0.0
S365566 294.0118 162.1766 8.657000000000001e-20 1.202e-19 1.687e-19 0.0 153.64 0.0
S365567 294.4432 162.1941 8.459999999999999e-22 1.76e-21 5.714e-21 0.0 152.95 0.0
S365568 294.4198 162.1882 1.607e-21 3.268e-21 1.03e-20 0.0 152.72 0.0
S365569 294.5046 162.1984 1.902e-19 2.458e-19 2.981e-19 0.0 150.24 1.0
S365570 294.266 162.161 2.806e-24 1.06e-23 1.214e-22 0.0 151.98 0.0
S365571 294.5217 162.2025 3.827e-23 1.0389999999999999e-22 6.086e-22 0.0 150.23 0.0
S365572 294.4615 162.2082 5.864e-20 8.406e-20 1.238e-19 0.0 151.44 0.0
S365573 294.5549 162.1873 8.407999999999999e-23 1.9959999999999998e-22 8.649e-22 0.0 151.0 0.0
S365574 294.4869 162.1993 2.4640000000000002e-21 5.191e-21 1.697e-20 0.0 151.28 0.0
S365575 294.451 162.1957 2.963e-23 7.645e-23 4.0499999999999996e-22 0.0 152.1 0.0
S365576 294.2659 162.1894 1.718e-20 2.713e-20 5.03e-20 0.0 153.47 0.0
S365577 294.3741 162.1799 1.8969999999999998e-23 5.535e-23 3.7329999999999998e-22 0.0 152.01 0.0
S365578 294.2971 162.1944 1.14e-21 2.322e-21 7.29e-21 0.001 153.19 0.0
S365579 294.4814 162.2063 6.407e-19 7.735e-19 8.154e-19 0.0 151.32 0.0
S365580 294.516 162.1985 7.546e-19 8.886e-19 8.835e-19 0.0 149.81 0.0
S365581 294.4725 162.1966 5.093e-21 8.865e-21 1.998e-20 0.0 152.72 0.0
S365582 294.6424 162.2127 1.552e-22 3.7749999999999996e-22 1.704e-21 0.0 149.02 0.0
S365583 294.4545 162.2014 7.448e-21 1.2340000000000002e-20 2.477e-20 0.0 151.85 0.0
S365584 294.4064 162.1916 6.633e-17 1.797e-16 1.035e-15 0.0 152.92 1.0
S365585 294.6316 162.2215 8.604e-23 1.9279999999999998e-22 7.656999999999999e-22 0.0 150.42 0.0
S365586 294.5071 162.2016 2.776e-22 6.684e-22 2.925e-21 0.0 150.5 0.0
S365587 294.4815 162.2023 1.73e-17 1.58e-17 9.354e-18 0.0 151.6 0.0
S365588 294.4827 162.2054 1.466e-18 1.488e-18 1.112e-18 0.0 151.43 0.0
S365589 294.5008 162.2024 5.343e-22 1.179e-21 4.518e-21 0.0 150.94 0.0
S365590 294.4735 162.2012 1.291e-17 2.541e-17 7.584e-17 0.0 151.59 0.0
S365591 294.5718 162.2037 2.4450000000000002e-20 3.6970000000000003e-20 6.108000000000001e-20 0.0 149.41 0.0
S365592 294.5796 162.2031 1.9999999999999999e-22 4.968999999999999e-22 2.367e-21 0.0 149.68 0.0
S365593 294.4626 162.1977 2.342e-21 4.444e-21 1.1780000000000001e-20 0.0 152.38 0.0
S365594 294.3934 162.1909 1.934e-23 5.461999999999999e-23 3.245e-22 0.0 153.28 0.0
S365595 294.516 162.2 4.314e-24 1.4339999999999998e-23 1.296e-22 0.0 150.1 0.0
S365596 294.4331 162.2072 1.142e-19 1.615e-19 2.37e-19 0.0 152.07 0.0
S365597 294.4217 162.1934 1.095e-21 2.275e-21 7.344e-21 0.0 152.98 0.0
S365598 294.4737 162.1988 1.77e-19 2.335e-19 2.959e-19 0.0 151.57 0.0
S365599 294.0923 162.1673 4.05e-18 3.829e-18 2.487e-18 0.0 153.48 0.0
S365600 294.2837 162.1802 1.7769999999999999e-22 4.3009999999999995e-22 1.945e-21 0.0 152.87 0.0
S365601 294.5649 162.2064 9.788e-23 2.1939999999999997e-22 8.501e-22 0.0 149.4 0.0
S365602 294.4863 162.2022 2.423e-14 1.602e-14 5.005e-15 0.0 151.05 0.0
S365603 294.5773 162.209 1.689e-18 1.704e-18 1.268e-18 0.0 149.42 0.0
S365604 294.4839 162.205 1.7090000000000003e-20 2.767e-20 5.471e-20 0.0 151.25 0.0
S365605 294.4866 162.2003 5.3250000000000004e-20 7.676e-20 1.194e-19 0.0 147.48 0.0
S365606 293.979 162.1533 2.098e-19 2.594e-19 2.769e-19 0.0 153.75 0.0
S365607 294.5134 162.206 2.876e-19 3.585e-19 3.939e-19 0.0 150.22 0.0
S365608 294.4142 162.195 5.269e-17 1.046e-16 3.104e-16 0.0 152.6 1.0
S365609 294.4535 162.2004 2.202e-20 3.527e-20 6.435e-20 0.0 152.34 0.0
S365610 293.9419 162.1614 1.576e-20 2.3890000000000003e-20 4.2010000000000003e-20 0.0 153.89 0.0
S365611 294.3675 162.1909 9.978e-24 2.866e-23 1.8569999999999997e-22 0.0 153.3 0.0
S365612 294.2609 162.1862 2.451e-22 5.952e-22 2.783e-21 0.0 153.61 0.0
S365613 294.4992 162.1968 1.313e-23 3.79e-23 2.4309999999999996e-22 0.0 149.86 0.0
S365614 294.5864 162.2032 1.9069999999999999e-22 3.86e-22 1.233e-21 0.0 149.55 0.0
S365615 294.5948 162.2027 5.24e-19 6.193e-19 6.469e-19 0.0 149.37 0.0
S365616 294.3895 162.1951 6.057e-22 1.381e-21 5.545e-21 0.0 152.86 0.0
S365617 294.9065 162.2274 7.975e-22 1.514e-21 3.983e-21 0.0 148.73 0.0
S365618 294.4967 162.2085 1.887e-19 2.472e-19 3.038e-19 0.0 149.84 0.0
S365619 294.3709 162.2112 5.135e-21 9.435e-21 2.412e-20 0.0 151.88 0.0
S365620 294.4043 162.1919 2.694e-19 3.312e-19 3.611e-19 0.0 153.12 0.0
S365621 294.3011 162.1878 2.119e-19 2.552e-19 2.795e-19 0.0 153.51 0.0
S365622 294.3477 162.196 2.3900000000000002e-20 3.638e-20 6.262000000000001e-20 0.0 152.99 0.0
S365623 294.4718 162.1963 1.134e-19 1.515e-19 1.922e-19 0.0 152.06 0.0
S365624 294.4508 162.1944 6.705999999999999e-22 1.463e-21 5.217e-21 0.0 152.82 0.0
S365625 294.4938 162.1997 1.339e-23 4.167e-23 3.1439999999999996e-22 0.001 150.18 0.0
S365626 294.4808 162.1975 3.321e-20 4.9190000000000003e-20 7.974000000000001e-20 0.0 151.58 0.0
S365627 294.4951 162.2005 7.971e-20 1.074e-19 1.45e-19 0.0 150.94 0.0
S365628 294.4162 162.2005 8.434e-21 1.412e-20 3.064e-20 0.0 152.44 0.0
S365629 294.6493 162.2062 7.348999999999999e-24 2.4929999999999997e-23 2.2669999999999996e-22 0.0 149.54 0.0
S365630 294.4711 162.2031 3.613e-23 8.393e-23 3.526e-22 0.0 152.09 0.0
S365631 294.4979 162.205 6.218e-18 1.057e-17 2.261e-17 0.0 150.67 0.0
S365632 294.4826 162.1952 1.826e-24 6.417e-24 6.362e-23 0.0 151.45 0.0
S365633 294.4689 162.1932 2.288e-17 4.182e-17 1.057e-16 0.0 152.3 0.0
S365634 294.4795 162.2016 1.151e-21 2.406e-21 7.949e-21 0.0 152.99 0.0
S365635 294.4184 162.1991 2.625e-19 3.201e-19 3.409e-19 0.0 152.7 0.0
S365636 294.4909 162.2055 2.889e-24 8.908e-24 6.936e-23 0.0 150.49 0.0
S365637 294.5935 162.2054 1.622e-20 2.4870000000000002e-20 4.264e-20 0.0 149.31 0.0
S365638 294.3025 162.1864 4.899e-21 8.961e-21 2.1660000000000002e-20 0.0 153.55 0.0
S365639 294.4667 162.1842 1.193e-21 2.467e-21 7.6e-21 0.0 151.51 0.0
S365640 294.3863 162.1995 5.002e-22 1.0210000000000001e-21 3.18e-21 0.0 152.69 0.0
S365641 294.4681 162.192 2.204e-19 2.719e-19 3.05e-19 0.0 151.53 0.0
S365642 294.5415 162.2035 1.781e-21 3.531e-21 1.023e-20 0.0 149.95 0.0
S365643 294.5736 162.2072 9.005e-18 1.404e-17 2.572e-17 0.0 149.42 0.0
S365644 294.5993 162.1967 2.747e-22 5.721999999999999e-22 1.916e-21 0.0 150.54 0.0
S365645 294.4456 162.1951 1.7090000000000002e-21 3.414e-21 1.0430000000000001e-20 0.0 152.87 0.0
S365646 294.4148 162.1865 7.047e-17 5.977e-17 3.166e-17 0.0 151.78 0.0
S365647 294.4875 162.2017 3.068e-21 5.846e-21 1.594e-20 0.0 151.27 0.0
S365648 294.5336 162.1998 2.263e-21 4.433e-21 1.2760000000000001e-20 0.0 149.76 0.0
S365649 293.9188 162.1652 3.347e-20 4.811000000000001e-20 7.584000000000001e-20 0.0 153.94 0.0
S365650 294.4954 162.1946 1.6499999999999998e-22 3.9699999999999997e-22 1.785e-21 0.0 151.21 0.0
S365651 294.4554 162.1964 6.504e-22 1.346e-21 4.505e-21 0.0 152.02 0.0
S365652 294.3746 162.1852 9.966999999999999e-22 1.995e-21 6.418e-21 0.0 152.73 0.0
S365653 294.4812 162.198 2.608e-24 8.042e-24 6.183999999999999e-23 0.0 151.45 0.0
S365654 294.4878 162.202 1.6e-23 5.037e-23 3.9309999999999996e-22 0.0 150.18 0.0
S365655 294.9783 162.2057 1.421e-24 5.153e-24 5.581e-23 0.0 149.91 0.0
S365656 294.3268 162.1956 1.684e-19 2.078e-19 2.408e-19 0.0 153.41 0.0
S365657 294.4817 162.206 2.189e-19 2.765e-19 3.263e-19 0.0 151.46 0.0
S365658 294.5783 162.2053 2.166e-24 8.074e-24 9.106e-23 0.0 149.35 0.0
S365659 294.5001 162.1998 6.202e-23 1.459e-22 6.326e-22 0.0 150.78 0.0
S365660 294.5158 162.2056 9.409e-24 2.665e-23 1.7269999999999997e-22 0.0 149.83 0.0
S365661 294.5644 162.207 1.4379999999999998e-22 3.4649999999999997e-22 1.614e-21 0.0 150.08 0.0
S365662 294.5041 162.207 3.407e-21 6.49e-21 1.7440000000000002e-20 0.0 150.59 0.0
S365663 294.5124 162.2098 5.683e-20 8.39e-20 1.351e-19 0.0 150.26 0.0
S365664 294.526 162.1944 7.005e-18 6.424e-18 3.969e-18 0.0 151.01 0.0
S365665 294.346 162.1931 4.607e-17 6.602e-17 1.01e-16 0.0 153.18 0.0
S365666 294.4989 162.202 9.111e-24 2.812e-23 2.0649999999999997e-22 0.0 150.14 0.0
S365667 294.462 162.2012 2.6040000000000002e-20 3.8730000000000006e-20 6.221e-20 0.0 152.64 0.0
S365668 294.5738 162.2091 2.221e-21 1.518e-21 4.988e-22 0.0 149.78 0.0
S365669 294.4582 162.201 4.31e-18 6.631e-18 1.193e-17 0.0 152.18 0.0
S365670 294.3399 162.1911 2.461e-19 2.955e-19 3.187e-19 0.0 153.05 0.0
S365671 294.4805 162.2001 1.342e-23 3.873e-23 2.568e-22 0.0 152.23 0.0
S365672 294.5002 162.2003 2.313e-21 4.389e-21 1.1960000000000002e-20 0.0 149.87 0.0
S365673 294.4776 162.2019 1.128e-24 4.524e-24 6.141e-23 0.0 152.92 0.0
S365674 294.4858 162.2019 2.909e-22 6.304999999999999e-22 2.308e-21 0.0 150.76 0.0
S365675 294.6245 162.2066 9.914000000000001e-25 3.656e-24 3.893e-23 0.0 149.04 0.0
S365676 293.9122 162.1743 4.3150000000000006e-20 6.558e-20 1.074e-19 0.0 153.8 0.0
S365677 294.4789 162.1898 8.062e-25 3.138e-24 3.805e-23 0.0 151.45 0.0
S365678 294.6427 162.2047 1.62e-17 3.361e-17 1.078e-16 0.0 149.11 0.0
S365679 294.4239 162.1976 1.091e-19 1.449e-19 1.823e-19 0.0 152.37 0.0
S365680 294.6003 162.211 2.22e-23 5.492e-23 2.615e-22 0.0 149.89 0.0
S365681 294.4385 162.2102 1.242e-21 2.575e-21 8.508e-21 0.0 152.19 0.0
S365682 294.4792 162.2218 1.047e-18 1.15e-18 9.676e-19 0.0 151.24 0.0
S365683 294.4604 162.1993 1.738e-18 1.722e-18 1.212e-18 0.0 151.82 0.0
S365684 294.2485 162.1829 3.167e-18 3.077e-18 2.046e-18 0.0 153.71 0.0
S365685 294.3555 162.1801 2.6970000000000002e-20 4.015e-20 6.744000000000001e-20 0.0 152.0 0.0
S365686 294.5051 162.2076 3.734e-19 4.66e-19 5.374e-19 0.0 150.42 0.0
S365687 294.5387 162.2137 3.0609999999999995e-22 6.696e-22 2.472e-21 0.0 150.83 0.0
S365688 294.4153 162.1915 4.35e-22 9.894e-22 3.943e-21 0.0 152.08 0.0
S365689 294.5059 162.2077 1.243e-22 3.0619999999999996e-22 1.389e-21 0.0 150.06 0.0
S365690 294.6705 162.2097 1.966e-23 5.834e-23 4.023e-22 0.0 148.9 0.0
S365691 294.3814 162.1929 8.819e-21 1.452e-20 2.89e-20 0.0 153.22 0.0
S365692 294.3818 162.2006 1.755e-24 5.949e-24 5.345999999999999e-23 0.0 152.55 0.0
S365693 294.7353 162.2276 6.754e-19 7.729e-19 7.169e-19 0.0 149.52 0.0
S365694 294.5184 162.2091 8.509e-23 2.155e-22 1.076e-21 0.0 149.82 0.0
S365695 294.3579 162.1962 2.538e-21 4.489e-21 1.0070000000000001e-20 0.0 152.98 0.0
S365696 294.4229 162.2006 9.845e-23 2.5509999999999997e-22 1.289e-21 0.0 152.34 0.0
S365697 294.4584 162.1773 4.207e-21 7.676e-21 1.9100000000000002e-20 0.0 152.81 0.0
S365698 294.467 162.1545 3.535e-19 4.465e-19 5.24e-19 0.0 153.52 0.0
S365699 294.5761 162.2279 1.498e-21 3.032e-21 8.985e-21 0.0 149.18 0.0
S365700 294.4473 162.2081 5.031e-21 9.15e-21 2.236e-20 0.0 152.34 0.0
S365701 294.477 162.2081 1.099e-17 1.056e-17 6.686e-18 0.0 151.4 0.0
S365702 294.5698 162.2048 1.542e-19 1.981e-19 2.395e-19 0.0 149.4 0.0
S365703 294.6027 162.2034 6.994e-19 7.852e-19 7.19e-19 0.0 149.18 0.0
S365704 294.425 162.231 8.793e-18 8.207e-18 5.135e-18 0.0 152.3 0.0
S365705 294.5215 162.2225 1.9539999999999998e-22 4.737e-22 2.1190000000000002e-21 0.0 149.46 0.0
S365706 294.4749 162.2173 1.018e-17 2.467e-17 1.134e-16 0.0 151.3 0.0
S365707 294.39 162.19 4.0959999999999996e-23 1.098e-22 6.2919999999999995e-22 0.0 153.31 0.0
S365708 294.4789 162.2069 2.779e-19 3.403e-19 3.728e-19 0.0 151.41 0.0
S365709 294.5123 162.2069 2.297e-19 3.046e-19 3.884e-19 0.0 150.32 0.0
S365710 294.4332 162.2053 1.883e-19 2.459e-19 3.008e-19 0.0 152.17 0.0
S365711 294.4855 162.1822 1.471e-18 1.611e-18 1.347e-18 0.0 151.61 0.0
S365712 294.5388 162.2248 5.2910000000000004e-20 7.516000000000001e-20 1.15e-19 0.0 149.29 0.0
S365713 294.3816 162.2035 3.258e-13 3.091e-13 2.018e-13 0.0 153.14 1.0
S365714 294.5462 162.2053 1.644e-17 2.425e-17 3.875e-17 0.0 149.65 0.0
S365715 294.5398 162.186 5.135e-24 1.743e-23 1.6159999999999998e-22 0.0 150.34 0.0
S365716 294.3927 162.1775 5.031e-20 7.22e-20 1.124e-19 0.0 153.44 0.0
S365717 294.3842 162.1759 2.457e-20 3.775e-20 6.797e-20 0.0 153.3 0.0
S365718 294.3511 162.1938 3.1490000000000005e-20 4.7800000000000004e-20 8.104e-20 0.0 153.4 0.0
S365719 294.4661 162.1653 3.641e-19 4.275e-19 4.418e-19 0.0 153.05 0.0
S365720 294.5402 162.2079 9.129999999999999e-22 1.998e-21 6.96e-21 0.0 149.98 0.0
S365721 294.458 162.187 1.004e-18 1.096e-18 9.699e-19 0.0 152.88 0.0
S365722 294.4666 162.2031 5.568e-18 5.324e-18 3.416e-18 0.0 152.41 0.0
S365723 294.5998 162.218 1.222e-21 8.770999999999998e-22 3.349e-22 0.0 149.12 0.0
S365724 294.4012 162.1796 5.764e-17 4.784e-17 2.429e-17 0.0 153.24 0.0
S365725 294.5295 162.1974 1.4030000000000002e-20 2.3650000000000003e-20 4.8430000000000003e-20 0.0 150.72 0.0
S365726 294.4149 162.2235 1.099e-21 8.025999999999999e-22 2.9529999999999998e-22 0.0 152.57 0.0
S365727 294.5626 162.221 2.209e-16 1.687e-16 7.084e-17 0.0 150.08 1.0
S365728 294.447 162.2224 7.437e-18 6.826e-18 4.235e-18 0.0 151.95 0.0
S365729 294.4596 162.2066 1.603e-17 1.498e-17 9.361e-18 0.0 152.74 0.0
S365730 294.517 162.2246 7.087e-17 5.659e-17 2.658e-17 0.0 149.76 0.0
S365731 294.4417 162.2117 3.727e-23 8.494999999999999e-23 3.4269999999999997e-22 0.0 152.07 0.0
S365732 294.4174 162.1924 2.315e-17 3.708e-17 7.188e-17 0.0 152.93 0.0
S365733 294.5295 162.2208 6.013e-13 4.437e-13 1.737e-13 0.0 149.9 0.0
S365734 294.4651 162.1691 7.89e-17 6.42e-17 3.053e-17 0.0 152.33 0.0
S365735 294.541 162.2096 2.773e-20 4.148e-20 6.977e-20 0.0 149.93 0.0
S365736 294.502 162.1735 1.4230000000000002e-20 2.4030000000000003e-20 5.238e-20 0.0 151.41 0.0
S365737 294.4234 162.1824 6.38e-23 1.4969999999999998e-22 6.047999999999999e-22 0.001 153.05 0.0
S365738 294.4293 162.1955 2.09e-18 2.321e-18 1.988e-18 0.0 152.54 0.0
S365739 294.433 162.2101 1.155e-16 9.259e-17 4.375e-17 0.0 152.79 0.0
S365740 294.5079 162.1789 1.704e-19 2.3e-19 3.08e-19 0.0 151.02 0.0
S365741 294.4893 162.216 8.073e-25 3.271e-24 4.3079999999999997e-23 0.0 150.98 0.0
S365742 294.4349 162.1855 1.4400000000000001e-21 1.013e-21 3.6869999999999997e-22 0.0 153.06 0.0
S365743 294.5564 162.2063 5.824e-19 6.627e-19 6.023e-19 0.0 149.51 0.0
S365744 294.474 162.1975 1.433e-17 2.482e-17 5.718e-17 0.0 151.61 0.0
S365745 294.4376 162.2214 2.3660000000000002e-20 3.843e-20 7.365e-20 0.0 152.23 0.0
S365746 294.461 162.1935 1.551e-22 3.5599999999999996e-22 1.49e-21 0.0 152.32 0.0
S365747 294.3411 162.2252 3.163e-18 3.065e-18 2.089e-18 0.0 153.17 0.0
S365748 294.5506 162.2147 1.5860000000000002e-20 2.5830000000000002e-20 5.238e-20 0.0 149.85 0.0
S365749 294.5265 162.189 2.992e-18 3.1e-18 2.479e-18 0.0 150.52 0.0
S365750 294.4106 162.1786 7.312999999999999e-22 1.643e-21 6.305e-21 0.0 152.87 0.0
S365751 294.5344 162.2053 6.526e-21 1.1050000000000001e-20 2.346e-20 0.0 150.37 0.0
S365752 294.4931 162.2091 4.4409999999999997e-23 1.4009999999999998e-22 1.105e-21 0.0 150.97 0.0
S365753 294.4751 162.1716 8.703e-20 1.195e-19 1.646e-19 0.0 152.0 0.0
S365754 294.534 162.1837 5.952e-13 4.204e-13 1.508e-13 0.0 150.41 0.0
S365755 294.4577 162.2048 6.362e-19 7.492e-19 7.698e-19 0.0 152.28 0.0
S365756 294.496 162.2267 3.504e-17 6.909e-17 2.022e-16 0.0 149.9 0.0
S365757 294.4009 162.1898 1.68e-21 1.16e-21 4.024e-22 0.0 152.97 0.0
S365758 294.5743 162.1852 2.909e-22 6.451999999999999e-22 2.442e-21 0.0 149.24 0.0
S365759 294.4671 162.2104 1.533e-22 3.6169999999999995e-22 1.592e-21 0.0 151.62 0.0
S365760 294.5065 162.1662 7.967e-21 1.366e-20 2.9840000000000005e-20 0.0 151.36 0.0
S365761 294.4612 162.1999 7.096e-17 5.701e-17 2.659e-17 0.0 152.76 0.0
S365762 294.4515 162.1813 1.056e-17 1.842e-17 4.333e-17 0.0 151.97 0.0
S365763 294.5355 162.1914 1.683e-18 1.828e-18 1.541e-18 0.0 150.5 0.0
S365764 294.5398 162.1945 6.337000000000001e-20 9.228000000000001e-20 1.409e-19 0.0 149.61 0.0
S365765 294.5391 162.2075 7.964e-21 1.2930000000000001e-20 2.602e-20 0.0 149.98 1.0
S365766 294.5662 162.1949 8.515e-17 2.456e-16 1.628e-15 0.0 149.8 1.0
S365767 294.5311 162.1985 6.403999999999999e-22 1.382e-21 4.775e-21 0.0 150.01 0.0
S365768 294.4249 162.1827 1.97e-21 1.341e-21 4.578999999999999e-22 0.0 153.13 0.0
S365769 294.5117 162.2049 1.44e-17 3.279e-17 1.242e-16 0.0 150.13 0.0
S365770 294.5524 162.1871 8.542e-17 1.716e-16 5.287e-16 0.0 149.87 1.0
S365771 294.6353 162.1939 1.524e-21 1.072e-21 3.8179999999999995e-22 0.0 149.02 0.0
S365772 294.4808 162.1756 8.331000000000001e-25 3.039e-24 3.1669999999999997e-23 0.0 152.14 0.0
S365773 294.5375 162.2047 1.2e-17 1.064e-17 5.841e-18 0.0 150.04 0.0
S365774 294.5388 162.1978 5.905e-18 5.435e-18 3.311e-18 0.0 149.85 0.0
S365775 294.5858 162.1845 1.623e-17 2.607e-17 4.899e-17 0.0 149.54 0.0
S365776 294.5498 162.1957 4.551999999999999e-22 9.704e-22 3.315e-21 0.0 150.0 0.0
S365777 294.4997 162.2328 1.686e-21 3.324e-21 1.0150000000000001e-20 0.0 150.24 0.0
S365778 294.4755 162.1884 4.674e-21 8.357e-21 2.018e-20 0.0 152.03 0.0
S365779 294.467 162.2015 3.9490000000000006e-20 6.092000000000001e-20 1.052e-19 0.0 152.37 0.0
S365780 294.5957 162.1898 4.463e-21 8.022e-21 1.9650000000000002e-20 0.0 149.68 0.0
S365781 294.5126 162.1551 1.858e-19 2.345e-19 2.808e-19 0.0 151.8 0.0
S365782 294.5307 162.1849 5.586999999999999e-22 1.221e-21 4.447e-21 0.0 150.66 0.0
S365783 294.5134 162.214 3.137e-17 2.65e-17 1.381e-17 0.0 149.72 0.0
S365784 294.5898 162.1868 4.064e-18 8.007e-18 2.297e-17 0.0 149.46 0.0
S365785 294.3957 162.2034 1.496e-23 4.539e-23 3.3309999999999997e-22 0.0 153.1 0.0
S365786 294.5359 162.1788 2.565e-19 3.116e-19 3.507e-19 0.0 150.55 0.0
S365787 294.5372 162.1666 2.071e-18 2.241e-18 1.925e-18 0.0 150.05 0.0
S365788 294.4628 162.1901 2.227e-17 3.462e-17 6.266e-17 0.0 152.78 0.0
S365789 294.5374 162.2012 3.206e-17 2.782e-17 1.53e-17 0.0 149.74 0.0
S365790 294.5174 162.1826 5.265e-17 4.281e-17 1.966e-17 0.0 150.78 0.0
S365791 294.4636 162.202 9.806e-18 9.061e-18 5.527e-18 0.0 152.0 0.0
S365792 294.5013 162.2298 6.976e-26 3.554e-25 7.811999999999999e-24 0.0 149.32 0.0
S365793 294.3752 162.1856 2.022e-21 3.705e-21 9.493e-21 0.0 153.37 0.0
S365794 294.4888 162.2026 4.5910000000000006e-20 6.693000000000001e-20 1.046e-19 0.0 151.19 0.0
S365795 294.409 162.2148 2.732e-17 2.142e-17 9.539e-18 0.0 152.59 0.0
S365796 294.5393 162.2076 1.303e-18 1.434e-18 1.282e-18 0.0 150.28 0.0
S365797 294.4423 162.2091 2.7789999999999996e-22 6.283999999999999e-22 2.386e-21 0.0 152.06 0.0
S365798 294.4442 162.1996 3.27e-20 5.113e-20 9.333000000000001e-20 0.0 152.07 1.0
S365799 294.4242 162.2053 8.901e-17 2.189e-16 1.041e-15 0.0 152.49 1.0
S365800 294.5588 162.2142 1.357e-19 1.756e-19 2.162e-19 0.0 149.44 0.0
S365801 294.4123 162.2021 1.8349999999999998e-22 4.0429999999999996e-22 1.512e-21 0.0 152.98 0.0
S365802 294.4049 162.1882 1.3270000000000001e-21 9.334999999999998e-22 3.282e-22 0.0 153.22 0.0
S365803 294.4485 162.1979 6.579e-20 8.957000000000001e-20 1.23e-19 0.0 152.31 0.0
S365804 294.458 162.1989 2.168e-19 2.498e-19 2.46e-19 0.0 152.18 0.0
S365805 294.4873 162.1841 7.839e-22 1.7e-21 5.941e-21 0.0 151.79 0.0
S365806 294.4394 162.1958 3.936e-19 4.699e-19 4.856e-19 0.0 152.62 0.0
S365807 294.5735 162.1904 2.517e-21 4.489e-21 1.0890000000000002e-20 0.0 149.64 0.0
S365808 294.5032 162.205 1.6e-21 1.101e-21 3.9079999999999995e-22 0.0 150.67 0.0
S365809 294.6371 162.2001 1.2699999999999999e-24 5.161e-24 6.839e-23 0.0 149.0 0.0
S365810 294.4739 162.1798 1.097e-17 9.896e-18 5.756e-18 0.0 152.76 0.0
S365811 294.511 162.209 1.456e-18 1.498e-18 1.192e-18 0.0 150.27 0.0
S365812 294.4444 162.1761 4.638e-17 3.752e-17 1.802e-17 0.0 152.37 0.0
S365813 294.5541 162.2221 1.561e-23 4.5319999999999997e-23 3.1129999999999995e-22 0.0 149.27 0.0
S365814 294.5491 162.2163 1.165e-18 1.267e-18 1.133e-18 0.0 149.6 0.0
S365815 294.4607 162.1844 8.219e-19 9.844e-19 1.026e-18 0.0 152.26 0.0
S365816 294.5363 162.207 2.504e-19 3.05e-19 3.24e-19 0.0 149.69 0.0
S365817 294.4096 162.1976 2.1049999999999998e-23 5.62e-23 3.0169999999999996e-22 0.0 152.9 0.0
S365818 294.4668 162.1719 4.1619999999999996e-22 9.411e-22 3.7150000000000004e-21 0.0 152.09 0.0
S365819 294.4881 162.1754 2.26e-18 2.251e-18 1.668e-18 0.0 152.04 0.0
S365820 294.5666 162.2042 1.301e-21 2.496e-21 6.733e-21 0.0 149.51 0.0
S365821 294.531 162.1866 7.642999999999999e-22 1.603e-21 5.246e-21 0.0 150.35 0.0
S365822 294.4152 162.1694 3.9429999999999995e-23 1.1629999999999998e-22 8.004999999999999e-22 0.0 153.02 0.0
S365823 294.4257 162.2027 5.181e-19 6.191e-19 6.251e-19 0.0 152.87 0.0
S365824 294.5501 162.2022 1.0889999999999998e-22 2.805e-22 1.4250000000000001e-21 0.0 150.01 0.0
S365825 294.536 162.2106 1.133e-18 1.2e-18 9.76e-19 0.0 149.96 0.0
S365826 294.4633 162.2397 5.274e-21 9.684e-21 2.401e-20 0.0 150.75 0.0
S365827 294.5227 162.2165 1.38e-16 1.066e-16 4.616e-17 0.0 150.15 1.0
S365828 294.6119 162.2212 1.905e-16 1.489e-16 6.473e-17 0.0 149.19 1.0
S365829 294.3762 162.1909 6e-17 4.662e-17 2.063e-17 0.0 152.97 0.0
S365830 294.5645 162.1968 1.485e-17 1.289e-17 7.063e-18 0.0 149.96 0.0
S365831 294.4164 162.1699 1.423e-17 1.197e-17 6.102e-18 0.0 153.36 0.0
S365832 294.4171 162.2152 1.9239999999999998e-22 4.076e-22 1.388e-21 0.0 152.36 0.0
S365833 294.4659 162.229 1.103e-21 2.281e-21 7.285e-21 0.0 151.4 0.0
S365834 294.4789 162.1676 1.204e-19 1.684e-19 2.351e-19 0.0 151.92 0.0
S365835 294.4246 162.2035 3.155e-18 3.19e-18 2.378e-18 0.0 152.35 0.0
S365836 294.4324 162.1842 3.8929999999999995e-22 8.911e-22 3.69e-21 0.0 152.8 0.0
S365837 294.3858 162.2147 1.426e-19 1.856e-19 2.328e-19 0.0 153.43 0.0
S365838 294.3869 162.1822 1.3920000000000002e-20 2.2040000000000002e-20 4.0130000000000005e-20 0.0 153.31 0.0
S365839 294.4189 162.214 7.42e-19 8.038e-19 7.033e-19 0.0 152.76 0.0
S365840 294.5207 162.2168 3.355e-20 4.899e-20 7.918000000000001e-20 0.0 150.31 0.0
S365841 294.5033 162.2014 5.935e-18 5.389e-18 3.132e-18 0.0 150.59 0.0
S365842 294.45 162.198 9.878e-18 1.957e-17 6.018e-17 0.0 152.2 0.0
S365843 294.467 162.2041 8.703e-13 6.487e-13 2.565e-13 0.0 151.97 0.0
S365844 294.5227 162.2042 5.535e-18 5.36e-18 3.535e-18 0.0 150.32 0.0
S365845 294.452 162.2078 3.681e-18 3.76e-18 2.843e-18 0.0 152.52 0.0
S365846 294.4947 162.1963 5.629000000000001e-20 7.74e-20 1.051e-19 0.0 150.95 0.0
S365847 294.5295 162.2004 9.557e-22 1.904e-21 5.9140000000000004e-21 0.0 150.28 0.0
S365848 294.4792 162.2047 3.225e-19 3.784e-19 3.788e-19 0.0 151.41 0.0
S365849 294.5095 162.2044 1.32e-21 2.46e-21 6.528e-21 0.0 150.59 0.0
S365850 294.4963 162.1991 4.399999999999999e-22 8.904e-22 2.699e-21 0.0 151.07 0.0
S365851 294.4767 162.2008 1.387e-17 1.279e-17 7.919e-18 0.0 151.67 0.0
S365852 294.4656 162.2019 5.699e-23 1.4309999999999998e-22 7.1979999999999995e-22 0.0 151.79 1.0
S365853 294.4636 162.1965 1.508e-23 4.6419999999999996e-23 3.342e-22 0.001 152.0 0.0
S365854 294.5113 162.1968 3.131e-17 2.683e-17 1.399e-17 0.0 150.67 0.0
S365855 294.5171 162.2038 1.441e-16 1.09e-16 4.617e-17 0.0 150.5 1.0
S365856 294.4772 162.2013 1.069e-19 1.493e-19 2.112e-19 0.0 151.53 0.0
S365857 294.5374 162.2014 2.311e-19 2.943e-19 3.641e-19 0.0 149.9 0.0
S365858 294.4396 162.1991 1.689e-13 1.13e-13 3.676e-14 0.0 152.27 0.0
S365859 294.5019 162.1976 1.472e-21 1.046e-21 3.6799999999999997e-22 0.0 150.91 0.0
S365860 294.5344 162.2046 1.006e-18 1.175e-18 1.195e-18 0.0 150.24 0.0
S365861 294.5218 162.1977 2.46e-19 3.098e-19 3.556e-19 0.0 150.43 0.0
S365862 294.538 162.2032 6.47e-18 9.945e-18 1.723e-17 0.0 150.09 0.0
S365863 294.5213 162.1975 1.0880000000000001e-20 1.801e-20 3.6330000000000005e-20 0.0 150.51 0.0
S365864 294.5196 162.1996 5.428e-13 4.018e-13 1.584e-13 0.0 150.4 0.0
S365865 294.4408 162.1953 1.241e-18 1.398e-18 1.26e-18 0.0 152.5 0.0
S365866 294.5359 162.2018 1.58e-17 1.408e-17 8.296e-18 0.0 150.09 0.0
S365867 294.5197 162.1998 7.595e-18 1.377e-17 3.366e-17 0.0 150.57 0.0
S365868 294.5222 162.2007 2.8940000000000005e-20 4.4130000000000005e-20 7.635000000000001e-20 0.0 150.4 0.0
S365869 294.4958 162.1995 1.399e-18 1.444e-18 1.104e-18 0.0 151.08 0.0
S365870 294.5236 162.2 4.696e-19 5.516e-19 5.462e-19 0.0 150.23 0.0
S365871 294.5248 162.1975 7e-17 5.45e-17 2.417e-17 0.0 150.39 0.0
S365872 294.4518 162.1965 1.636e-24 5.757e-24 5.474e-23 0.0 152.16 0.0
S365873 294.4457 162.1961 1.081e-21 2.259e-21 7.482e-21 0.0 152.23 0.0
S365874 294.5195 162.2018 7.412e-19 8.781e-19 8.703e-19 0.0 150.44 0.0
S365875 294.4417 162.1981 8.227e-16 5.907e-16 2.264e-16 0.0 152.5 0.0
S365876 294.4599 162.2 1.186e-16 9.208e-17 4.019e-17 0.0 151.9 1.0
S365877 294.4405 162.1991 5.18e-18 5.072e-18 3.532e-18 0.0 152.36 0.0
S365878 294.5439 162.1962 8.599e-21 1.3960000000000002e-20 2.719e-20 0.0 150.24 0.0
S365879 294.4749 162.1991 3.606e-19 4.329e-19 4.606e-19 0.0 151.66 0.0
S365880 294.4544 162.1966 4.646e-19 5.562e-19 5.841e-19 0.0 152.66 0.0
S365881 294.5108 162.1977 4.072e-23 1.0089999999999999e-22 4.709e-22 0.0 150.64 0.0
S365882 294.5276 162.2011 5.241e-17 4.45e-17 2.207e-17 0.0 150.16 0.0
S365883 294.5184 162.1991 3.678e-19 4.661e-19 5.413e-19 0.0 150.43 0.0
S365884 294.4367 162.1989 6.813e-20 9.308000000000001e-20 1.287e-19 0.0 152.26 0.0
S365885 294.542 162.2077 4.672e-20 6.767e-20 1.057e-19 0.0 149.89 0.0
S365886 294.4513 162.197 2.137e-18 2.178e-18 1.616e-18 0.0 152.1 0.0
S365887 294.4531 162.1995 5.862999999999999e-23 1.5169999999999999e-22 8.002e-22 0.0 151.95 0.0
S365888 294.4739 162.2044 3.244e-21 5.7600000000000004e-21 1.3530000000000002e-20 0.0 151.54 0.0
S365889 294.5286 162.1995 5.19e-20 7.930000000000001e-20 1.339e-19 0.0 150.27 0.0
S365890 294.5212 162.2017 1.462e-20 2.3420000000000002e-20 4.5510000000000005e-20 0.0 150.5 0.0
S365891 294.4286 162.1974 3.013e-22 6.519e-22 2.391e-21 0.0 152.53 1.0
S365892 294.4494 162.2039 8.125e-17 6.499e-17 3.051e-17 0.0 152.04 0.0
S365893 294.5181 162.2007 2.944e-21 5.686e-21 1.591e-20 0.0 150.58 0.0
S365894 294.5334 162.1994 3.299e-17 2.835e-17 1.51e-17 0.0 150.36 0.0
S365895 294.5193 162.1949 1.941e-18 2.142e-18 1.886e-18 0.0 150.75 0.0
S365896 294.4558 162.2052 7.379e-18 6.794e-18 4.138e-18 0.0 151.76 0.0
S365897 294.5284 162.2034 1.4190000000000001e-21 2.979e-21 1.0050000000000001e-20 0.0 150.41 0.0
S365898 294.5161 162.201 3.491e-21 6.834e-21 1.9030000000000002e-20 0.0 150.65 0.0
S365899 294.4723 162.2011 1.962e-17 3.158e-17 5.824e-17 0.0 151.69 0.0
S365900 294.4233 162.2043 1.288e-17 2.719e-17 9.609e-17 0.0 152.4 0.0
S365901 294.5324 162.1988 4.68e-18 4.689e-18 3.344e-18 0.0 150.26 0.0
S365902 294.5175 162.1974 3.568e-21 5.92e-21 1.1950000000000001e-20 0.0 150.62 0.0
S365903 294.5198 162.2004 2.0309999999999997e-22 4.745999999999999e-22 1.944e-21 0.0 150.45 0.0
S365904 294.527 162.2006 7.731e-23 1.923e-22 9.144e-22 0.0 150.36 0.0
S365905 294.5069 162.2092 2.144e-22 4.1769999999999996e-22 1.168e-21 0.0 150.68 0.0
S365906 294.5279 162.2019 2.3330000000000002e-21 4.431e-21 1.254e-20 0.0 150.25 0.0
S365907 294.4641 162.2027 1.283e-21 9.106999999999999e-22 3.3869999999999995e-22 0.0 151.71 0.0
S365908 294.4977 162.1979 9.41e-18 1.369e-17 2.163e-17 0.0 151.06 0.0
S365909 294.4137 162.1956 6.562e-18 1.197e-17 2.954e-17 0.0 152.62 0.0
S365910 294.5136 162.1963 8.738000000000001e-21 1.414e-20 2.691e-20 0.0 150.74 0.0
S365911 294.5464 162.2015 3.126e-19 3.673e-19 3.662e-19 0.0 150.29 0.0
S365912 294.5116 162.1984 5.339e-18 5.317e-18 3.77e-18 0.0 150.76 0.0
S365913 294.4387 162.2013 6.785e-19 7.665e-19 6.982e-19 0.0 152.2 0.0
S365914 294.4452 162.2028 1.902e-21 1.308e-21 4.384e-22 0.0 152.11 0.0
S365915 294.4472 162.2001 2.155e-23 5.715999999999999e-23 3.081e-22 0.0 152.1 0.0
S365916 294.4593 162.2043 1.7860000000000002e-21 1.2170000000000001e-21 4.032e-22 0.0 151.78 0.0
S365917 294.5467 162.1996 3.068e-13 3.386e-13 2.895e-13 0.0 150.26 0.0
S365918 294.5386 162.2035 5.749e-18 5.866e-18 4.261e-18 0.0 150.18 0.0
S365919 294.5239 162.2064 6.025e-19 6.944e-19 6.719e-19 0.0 150.31 0.0
S365920 294.5221 162.2024 3.419e-23 9.826999999999999e-23 6.475e-22 0.0 150.58 0.0
S365921 294.4735 162.2006 2.208e-17 1.933e-17 1.078e-17 0.0 151.55 0.0
S365922 294.4504 162.1999 9.788000000000001e-20 1.272e-19 1.557e-19 0.0 152.0 0.0
S365923 294.4468 162.1957 3.331e-21 5.954e-21 1.415e-20 0.0 152.16 0.0
S365924 294.426 162.1999 2.865e-17 2.539e-17 1.422e-17 0.0 152.36 0.0
S365925 294.4544 162.2004 9.453e-24 2.6759999999999996e-23 1.73e-22 0.0 151.99 0.0
S365926 294.4366 162.2003 2.597e-18 2.791e-18 2.296e-18 0.0 152.2 0.0
S365927 294.5549 162.1968 4.2490000000000003e-20 6.186e-20 9.654000000000001e-20 0.0 150.3 0.0
S365928 294.4575 162.1957 8.518e-18 7.507e-18 4.317e-18 0.0 152.07 0.0
S365929 294.5204 162.203 5.16e-18 5.016e-18 3.388e-18 0.0 150.56 0.0
S365930 294.4376 162.1994 8.507e-18 1.522e-17 3.55e-17 0.0 152.26 0.0
S365931 294.4227 162.2039 2.625e-26 1.508e-25 4.086e-24 0.0 152.37 0.0
S365932 294.457 162.197 2.1070000000000002e-20 3.4130000000000004e-20 6.666e-20 0.0 151.91 0.0
S365933 294.5457 162.2049 4.4e-18 4.352e-18 2.958e-18 0.0 150.15 0.0
S365934 294.4141 162.198 7.322e-18 6.855e-18 4.463e-18 0.0 152.51 0.0
S365935 294.4518 162.2004 5.275e-18 5.183e-18 3.483e-18 0.0 151.94 0.0
S365936 294.4594 162.2042 6.472e-17 5.278e-17 2.588e-17 0.0 152.01 0.0
S365937 294.4263 162.2053 2.62e-17 5.836e-17 2.195e-16 0.0 152.41 1.0
S365938 294.4701 162.1948 2.645e-24 8.938e-24 8.020999999999999e-23 0.001 151.72 0.0
S365939 294.5262 162.1993 2.753e-22 6.629999999999999e-22 2.977e-21 0.0 150.54 0.0
S365940 294.435 162.2012 1.0069999999999999e-24 3.792e-24 4.329e-23 0.0 152.27 0.0
S365941 294.5365 162.2027 9.344999999999999e-23 2.322e-22 1.1340000000000001e-21 0.0 150.28 0.0
S365942 294.4487 162.2012 6.080999999999999e-22 1.373e-21 5.6290000000000004e-21 0.0 152.02 0.0
S365943 294.5444 162.1974 8.32e-18 1.263e-17 2.223e-17 0.0 150.25 0.0
S365944 294.4212 162.195 2.23e-28 2.144e-27 1.7210000000000002e-25 0.0 152.38 0.0
S365945 294.448 162.1997 4.223e-13 2.89e-13 1.01e-13 0.0 151.94 0.0
S365946 294.4207 162.202 1.357e-19 1.767e-19 2.271e-19 0.0 152.33 0.0
S365947 294.4394 162.2019 1.406e-17 1.97e-17 2.807e-17 0.0 152.21 0.0
S365948 294.5604 162.2037 9.86e-18 8.733e-18 4.85e-18 0.0 149.95 0.0
S365949 294.4374 162.2002 1.81e-17 1.542e-17 7.894e-18 0.0 152.14 0.0
S365950 294.4431 162.201 2.117e-17 1.821e-17 9.949e-18 0.0 152.01 0.0
S365951 294.5404 162.2056 5.293e-18 4.99e-18 3.227e-18 0.0 150.35 0.0
S365952 294.539 162.2027 8.728e-21 1.4750000000000002e-20 3.1220000000000005e-20 0.0 150.27 0.0
S365953 294.4155 162.2013 8.224e-24 2.302e-23 1.4189999999999998e-22 0.0 152.52 0.0
S365954 294.432 162.2001 3.912e-18 3.701e-18 2.418e-18 0.0 152.26 0.0
S365955 294.5579 162.1999 7.963e-13 6.72e-13 3.458e-13 0.0 150.05 1.0
S365956 294.5373 162.2011 2.815e-19 3.27e-19 3.209e-19 0.0 150.35 0.0
S365957 294.4339 162.1993 1.229e-18 1.336e-18 1.137e-18 0.0 152.35 0.0
S365958 294.4303 162.1984 3.553e-18 3.597e-18 2.599e-18 0.0 152.34 0.0
S365959 294.4634 162.1985 2.1229999999999998e-23 5.685e-23 3.147e-22 0.0 151.82 0.0
S365960 294.5383 162.1984 1.099e-22 3.02e-22 1.796e-21 0.0 150.48 0.0
S365961 294.5293 162.2023 1.0639999999999999e-22 2.708e-22 1.331e-21 0.0 150.53 0.0
S365962 294.4239 162.2023 1.587e-17 1.321e-17 6.862e-18 0.0 152.28 0.0
S365963 294.4334 162.1936 3.297e-22 7.993999999999999e-22 3.484e-21 0.0 152.31 0.0
S365964 294.4205 162.2028 2.445e-19 3.052e-19 3.498e-19 0.0 152.38 0.0
S365965 294.5198 162.2004 1.218e-16 9.297e-17 3.915e-17 0.0 150.64 1.0
S365966 294.4292 162.2006 1.493e-21 2.927e-21 8.543e-21 0.0 152.16 0.0
S365967 294.4368 162.1977 1.718e-17 3.027e-17 6.863e-17 0.0 152.16 0.0
S365968 294.5436 162.2016 3.819e-27 2.8170000000000004e-26 1.362e-24 0.0 150.37 0.0
S365969 294.5183 162.2038 6.379e-17 1.084e-16 2.366e-16 0.0 150.66 0.0
S365970 294.4174 162.1971 1.371e-19 1.947e-19 2.93e-19 0.0 152.42 0.0
S365971 294.5503 162.206 1.5260000000000001e-21 1.055e-21 3.734e-22 0.0 150.2 0.0
S365972 294.5383 162.1949 4.447999999999999e-22 9.845999999999999e-22 3.712e-21 0.0 150.56 0.0
S365973 294.5541 162.2044 2.535e-13 2.726e-13 2.327e-13 0.0 150.29 0.0
S365974 294.5469 162.2015 8.686e-18 1.69e-17 4.737e-17 0.0 150.37 0.0
S365975 294.4356 162.2013 4.0809999999999997e-22 8.439999999999999e-22 2.805e-21 0.0 152.04 0.0
S365976 294.4308 162.1966 2.89e-24 9.854e-24 8.921e-23 0.0 152.25 0.0
S365977 294.4229 162.2039 1.6539999999999998e-22 3.548e-22 1.271e-21 0.001 152.39 0.0
S365978 294.4247 162.2028 8.165e-22 1.552e-21 4.263e-21 0.0 152.17 0.0
S365979 294.5667 162.2051 1.997e-17 2.943e-17 4.736e-17 0.0 150.14 0.0
S365980 294.4417 162.2033 6.941e-17 1.207e-16 2.656e-16 0.0 151.99 1.0
S365981 294.4391 162.202 1.308e-17 2.615e-17 7.649e-17 0.0 152.09 0.0
S365982 294.5316 162.1979 4.452e-18 7.453e-18 1.637e-17 0.0 150.61 0.0
S365983 294.5519 162.1985 2.717e-18 2.8e-18 2.232e-18 0.0 150.28 0.0
S365984 294.5543 162.1946 5.822e-22 1.246e-21 4.425e-21 0.0 150.39 0.0
S365985 294.5567 162.2014 2.189e-23 6.029e-23 3.6879999999999997e-22 0.0 150.24 0.0
S365986 294.4235 162.1987 4.982999999999999e-22 1.1310000000000001e-21 4.506e-21 0.0 152.28 0.0
S365987 294.4287 162.2058 1.997e-17 3.836e-17 1.075e-16 0.0 152.12 0.0
S365988 294.5579 162.1986 8.546e-17 6.653e-17 2.993e-17 0.0 150.17 1.0
S365989 294.5526 162.2003 3.139e-18 3.267e-18 2.488e-18 0.0 150.33 0.0
S365990 294.4112 162.1987 5.681e-19 6.484e-19 6.163e-19 0.0 152.53 0.0
S365991 294.4241 162.1983 2.417e-17 2.017e-17 9.875e-18 0.0 152.18 0.0
S365992 294.5523 162.2027 4.884e-23 1.07e-22 3.9879999999999994e-22 0.0 150.23 0.0
S365993 294.4229 162.1972 1.344e-17 1.239e-17 7.183e-18 0.0 152.27 0.0
S365994 294.5632 162.1961 3.382e-18 3.538e-18 2.689e-18 0.0 150.33 0.0
S365995 294.428 162.1978 9.588e-18 1.693e-17 4.08e-17 0.0 152.11 0.0
S365996 294.553 162.2039 5.771e-18 5.855e-18 4.257e-18 0.0 150.34 0.0
S365997 294.5518 162.2035 1.349e-21 2.596e-21 7.42e-21 0.0 150.34 0.0
S365998 294.4113 162.1988 8.86e-18 7.763e-18 4.337e-18 0.0 152.42 0.0
S365999 294.4177 162.1968 3.678e-17 6.038e-17 1.253e-16 0.0 152.29 0.0
S366000 294.3981 162.1992 2.308e-20 3.5780000000000005e-20 6.369e-20 0.0 152.56 0.0
S366001 294.5409 162.2015 5.068e-17 4.245e-17 2.192e-17 0.0 150.51 0.0
S366002 294.5787 162.2041 1.675e-23 5.825e-23 5.559999999999999e-22 0.0 149.89 0.0
S366003 294.4387 162.1993 4.197e-17 3.254e-17 1.443e-17 0.0 152.02 0.0
S366004 294.5444 162.2006 4.8220000000000003e-20 6.904e-20 1.084e-19 0.0 150.51 0.0
S366005 294.4021 162.1996 7.361e-16 5.314e-16 1.987e-16 0.0 152.48 0.0
S366006 294.5554 162.2003 1.774e-22 4.179e-22 1.77e-21 0.0 150.34 0.0
S366007 294.411 162.205 9.017e-18 1.454e-17 2.784e-17 0.0 152.14 0.0
S366008 294.4305 162.1994 2.093e-25 9.299e-25 1.466e-23 0.0 152.02 0.0
S366009 294.5705 162.1951 6.796e-17 1.038e-16 1.808e-16 0.0 150.39 0.0
S366010 294.5374 162.2028 1.492e-21 1.035e-21 3.6129999999999997e-22 0.0 150.52 0.0
S366011 294.5716 162.1972 3.279e-13 2.313e-13 8.197e-14 0.0 150.25 0.0
S366012 294.4153 162.1996 1.706e-18 1.793e-18 1.435e-18 0.0 152.28 0.0
S366013 294.4062 162.2002 3.184e-19 3.822e-19 3.919e-19 0.0 152.28 0.0
S366014 294.5574 162.2001 6.729e-13 5.071e-13 2.071e-13 0.0 150.33 1.0
S366015 294.4134 162.2036 1.767e-17 3.179e-17 7.536e-17 0.0 152.28 0.0
S366016 294.4081 162.2024 5.4299999999999995e-22 1.219e-21 4.925e-21 0.0 152.19 0.0
S366017 294.5552 162.2021 2.559e-17 2.069e-17 1.001e-17 0.0 150.44 0.0
S366018 294.4119 162.1969 6.25e-23 1.808e-22 1.138e-21 0.0 152.33 0.0
S366019 294.5745 162.2 1.621e-17 1.355e-17 6.925e-18 0.0 150.31 0.0
S366020 294.4034 162.1966 2.153e-19 2.726e-19 3.172e-19 0.0 152.53 0.0
S366021 294.3941 162.2 5.500999999999999e-22 1.188e-21 4.188e-21 0.0 152.43 0.0
S366022 294.4027 162.1932 1.233e-17 1.058e-17 5.684e-18 0.0 152.33 0.0
S366023 294.5576 162.1993 1.9e-18 1.92e-18 1.392e-18 0.0 150.44 0.0
S366024 294.4323 162.1981 1.066e-24 3.657e-24 3.3489999999999997e-23 0.0 152.15 0.0
S366025 294.5515 162.1992 1.645e-18 1.755e-18 1.486e-18 0.0 150.46 0.0
S366026 294.4072 162.1955 1.516e-18 1.532e-18 1.174e-18 0.0 152.17 0.0
S366027 294.3995 162.2021 1.1200000000000002e-20 1.8470000000000003e-20 3.693e-20 0.0 152.27 0.0
S366028 294.5667 162.1991 1.21e-17 1.131e-17 6.976e-18 0.0 150.36 0.0
S366029 294.4175 162.2006 6.087e-21 1.0620000000000001e-20 2.439e-20 0.0 152.16 0.0
S366030 294.5959 162.2018 1.693e-21 1.163e-21 3.9959999999999995e-22 0.0 150.06 0.0
S366031 294.3904 162.1999 8.116e-23 2.138e-22 1.174e-21 0.001 152.35 0.0
S366032 294.4103 162.2019 5.853999999999999e-22 1.168e-21 3.519e-21 0.0 152.13 0.0
S366033 294.5874 162.2019 7.277e-19 8.444e-19 8.353e-19 0.0 150.26 0.0
S366034 294.4862 162.2002 1.613e-15 1.117e-15 3.941e-16 0.0 155.6 0.0
S366035 294.5619 162.1984 8.138e-18 1.556e-17 4.286e-17 0.0 150.47 0.0
S366036 294.5741 162.2019 2.967e-17 2.494e-17 1.293e-17 0.0 150.33 0.0
S366037 294.3892 162.2007 4.994e-17 4.169e-17 2.022e-17 0.0 152.34 0.0
S366038 294.3803 162.2005 1.735e-16 1.323e-16 5.56e-17 0.0 152.44 1.0
S366039 294.6029 162.2005 2.955e-16 2.206e-16 8.737e-17 0.0 149.98 0.0
S366040 294.3591 162.1954 1.58e-16 1.193e-16 5.031e-17 0.0 152.67 1.0
S366041 294.3516 162.1974 4.038e-17 1.094e-16 6.289e-16 0.0 152.81 1.0
S366042 294.3342 162.1966 7.693e-15 5.14e-15 1.713e-15 0.0 152.92 0.0
S366043 294.6536 162.2062 2.174e-16 1.672e-16 6.908e-17 0.0 149.51 1.0
S366044 294.6459 162.207 2.831e-17 2.282e-17 1.051e-17 0.0 149.5 0.0
S366045 294.6785 162.2083 9.583e-16 6.603e-16 2.28e-16 0.0 149.44 0.0
S366046 294.6833 162.2084 5.195e-16 3.706e-16 1.423e-16 0.0 149.3 0.0
S366047 294.2795 162.1908 1.008e-17 9.457e-18 6.008e-18 0.0 153.41 0.0
S366048 294.696 162.2083 2.618e-17 4.871e-17 1.271e-16 0.0 149.23 0.0
S366049 294.718 162.211 6.476e-18 1.413e-17 5.031e-17 0.0 149.08 0.0
S366050 294.258 162.187 3.562e-19 4.654e-19 5.697e-19 0.0 153.55 0.0
S366051 294.2525 162.1875 1.342e-16 1.07e-16 5.005e-17 0.0 153.6 0.0
S366052 294.7318 162.2129 1.559e-16 1.152e-16 4.674e-17 0.0 148.97 0.0
S366053 294.2288 162.1872 2.791e-17 4.59e-17 9.021e-17 0.0 153.67 0.0
S366054 294.2182 162.1843 2.57e-17 4.492e-17 9.829e-17 0.0 153.69 0.0
S366055 294.2281 162.1841 4.04e-16 3.007e-16 1.186e-16 0.0 153.75 0.0
S366056 294.2246 162.1833 1.212e-17 1.061e-17 5.896e-18 0.0 153.75 0.0
S366057 294.2288 162.1852 1.28e-17 2.111e-17 4.362e-17 0.0 153.78 0.0
S366058 294.2032 162.1816 4.731e-17 3.998e-17 2.094e-17 0.0 153.78 0.0
S366059 294.224 162.1824 7.46e-18 1.319e-17 3.049e-17 0.0 153.78 0.0
S366060 294.7508 162.2179 2.451e-16 1.949e-16 8.762e-17 0.0 148.83 1.0
S366061 294.2308 162.1821 7.751e-16 5.664e-16 2.189e-16 0.0 153.69 0.0
S366062 294.2176 162.1822 9.921e-18 9.607e-18 6.633e-18 0.0 153.7 0.0
S366063 294.203 162.1785 9.843e-19 1.095e-18 1.029e-18 0.0 153.68 0.0
S366064 294.7413 162.2208 3.659e-16 2.836e-16 1.238e-16 0.0 148.97 0.0
S366065 294.7444 162.2189 8.067e-13 6.473e-13 2.931e-13 0.0 149.02 1.0
S366066 294.7406 162.2211 3.96e-16 2.899e-16 1.15e-16 0.0 149.05 0.0
S366067 294.2483 162.181 2.545e-17 2.157e-17 1.131e-17 0.0 153.41 0.0
S366068 294.7352 162.2215 1.5e-15 1.055e-15 3.901e-16 0.0 149.21 0.0
S366069 294.7263 162.2205 1.951e-17 1.762e-17 9.904e-18 0.0 149.3 0.0
S366070 294.2665 162.1805 6.372e-19 7.376e-19 7.408e-19 0.0 153.21 0.0
S366071 294.7013 162.2195 4.547e-16 3.173e-16 1.159e-16 0.0 149.5 0.0
S366072 294.6918 162.2209 7.959e-16 5.714e-16 2.176e-16 0.0 149.55 0.0
S366073 294.6757 162.2197 8.29e-16 5.948e-16 2.245e-16 0.0 149.72 0.0
S366074 294.3076 162.1792 1.381e-16 1.123e-16 5.491e-17 0.0 152.8 0.0
S366075 294.6622 162.2194 2.739e-17 4.453e-17 8.327e-17 0.0 149.81 0.0
S366076 294.6339 162.2198 8.269e-14 5.54e-14 1.779e-14 0.0 150.03 0.0
S366077 294.337 162.1829 1.645e-17 4.358e-17 2.35e-16 0.0 152.5 1.0
S366078 294.606 162.2168 6.783e-16 4.702e-16 1.668e-16 0.0 150.32 0.0
S366079 294.6266 162.2198 1.917e-18 2.163e-18 1.925e-18 0.0 150.2 0.0
S366080 294.5886 162.2179 3.108e-17 2.746e-17 1.498e-17 0.0 150.43 0.0
S366081 294.4011 162.1853 3.605e-16 2.647e-16 1.001e-16 0.0 151.97 0.0
S366082 294.5628 162.2139 7.801e-16 5.565e-16 2.096e-16 0.0 150.64 0.0
S366083 294.4536 162.1866 2.588e-15 1.767e-15 6.023e-16 0.0 151.61 0.0
S366084 294.4662 162.1906 1.303e-17 1.271e-17 8.703e-18 0.0 151.48 0.0
S366085 294.4779 162.1893 1.217e-15 8.376e-16 2.949e-16 0.0 151.43 0.0
S366086 294.4777 162.2096 3.021e-16 2.254e-16 8.917e-17 0.0 151.33 0.0
S366087 294.4586 162.2092 1.808e-16 1.378e-16 5.735e-17 0.001 151.44 1.0
S366088 294.4406 162.2082 6.312e-16 4.735e-16 1.92e-16 0.0 151.6 0.0
S366089 294.423 162.2064 2.097e-18 2.273e-18 1.913e-18 0.0 151.71 0.0
S366090 294.5737 162.1922 1.486e-15 1.046e-15 3.761e-16 0.0 150.7 0.0
S366091 294.3645 162.2033 1.576e-15 1.097e-15 3.882e-16 0.0 152.09 0.0
S366092 294.6196 162.197 1.163e-17 2.355e-17 7.378e-17 0.001 150.41 0.0
S366093 294.3381 162.2002 5.516e-18 9.904e-18 2.455e-17 0.0 152.3 0.0
S366094 294.317 162.2009 8.613e-19 9.592e-19 8.549e-19 0.0 152.42 0.0
S366095 294.6706 162.2024 5.147e-16 3.848e-16 1.513e-16 0.0 150.04 0.0
S366096 294.6941 162.2033 5.529e-16 3.988e-16 1.524e-16 0.0 149.94 0.0
S366097 294.2738 162.1947 7.242e-18 1.125e-17 2.026e-17 0.0 152.83 0.0
S366098 294.7278 162.2054 9.752e-18 8.991e-18 5.664e-18 0.0 149.64 0.0
S366099 294.2274 162.1927 4.19e-15 2.9e-15 1.018e-15 0.0 153.08 0.0
S366100 294.7559 162.2101 5.291e-16 3.845e-16 1.425e-16 0.0 149.43 0.0
S366101 294.1949 162.1904 1.792e-16 1.385e-16 5.843e-17 0.0 153.23 1.0
S366102 294.7844 162.2099 3.198e-19 3.878e-19 4.161e-19 0.0 149.21 0.0
S366103 294.1831 162.1875 1.228e-16 9.208e-17 3.727e-17 0.0 153.41 0.0
S366104 294.1525 162.186 5.357e-13 3.767e-13 1.354e-13 0.001 153.52 0.0
S366105 294.1677 162.1853 9.994e-16 7.01e-16 2.512e-16 0.0 153.62 0.0
S366106 294.8334 162.215 2.595e-15 1.754e-15 5.848e-16 0.0 149.03 0.0
S366107 294.8519 162.2182 2.668e-18 2.791e-18 2.165e-18 0.0 148.85 0.0
S366108 294.8572 162.2187 1.053e-17 2.147e-17 6.82e-17 0.0 148.78 0.0
S366109 294.1193 162.1801 9.598e-16 6.804e-16 2.516e-16 0.0 153.76 0.0
S366110 294.127 162.1815 6.283e-17 5.149e-17 2.52e-17 0.0 153.78 0.0
S366111 294.119 162.1782 2.39e-16 1.846e-16 7.727e-17 0.0 153.8 1.0
S366112 294.0811 162.1756 5.732e-16 4.069e-16 1.489e-16 0.0 153.89 0.0
S366113 294.1 162.1782 2.176e-16 1.623e-16 6.5e-17 0.0 153.87 0.0
S366114 294.0822 162.1752 5.669e-17 4.828e-17 2.536e-17 0.0 153.87 0.0
S366115 294.8989 162.2257 8.973e-18 1.901e-17 6.56e-17 0.0 148.61 0.0
S366116 294.8973 162.2268 3.871e-13 2.676e-13 9.245e-14 0.0 148.62 0.0
S366117 294.0806 162.1727 1.537e-17 1.413e-17 8.575e-18 0.0 153.9 0.0
S366118 294.0935 162.1718 9.976e-17 8.121e-17 3.848e-17 0.0 153.85 0.0
S366119 294.1026 162.1721 2.077e-21 1.388e-21 4.433999999999999e-22 0.0 153.75 0.0
S366120 294.8732 162.2296 2.262e-17 1.854e-17 9.364e-18 0.0 148.75 0.0
S366121 294.8843 162.2286 5.508e-15 3.583e-15 1.127e-15 0.0 148.83 0.0
S366122 294.8695 162.2287 4.841e-18 4.742e-18 3.285e-18 0.0 148.85 0.0
S366123 294.8157 162.2283 4.068e-16 2.957e-16 1.159e-16 0.0 148.99 0.0
S366124 294.1233 162.1707 7.218e-16 5.258e-16 1.985e-16 0.0 153.6 0.0
S366125 294.8407 162.2289 1.607e-15 1.12e-15 3.845e-16 0.0 149.09 0.0
S366126 294.8146 162.2277 1.991e-16 1.424e-16 5.451e-17 0.0 149.18 0.0
S366127 294.8166 162.2289 1e-16 7.841e-17 3.51e-17 0.0 149.22 1.0
S366128 294.8248 162.2289 2.021e-21 1.373e-21 4.654999999999999e-22 0.0 149.26 0.0
S366129 294.7843 162.2282 1.181e-17 2.253e-17 6.383e-17 0.0 149.47 0.0
S366130 294.2045 162.1718 9.669e-18 1.719e-17 3.988e-17 0.0 153.03 0.0
S366131 294.7576 162.2272 6.057e-16 4.403e-16 1.686e-16 0.0 149.69 0.0
S366132 294.7183 162.2245 3.596e-17 3.009e-17 1.456e-17 0.0 149.82 0.0
S366133 294.7178 162.2249 1.031e-17 9.13e-18 5.33e-18 0.0 149.86 0.0
S366134 294.6571 162.2237 2.091e-18 2.283e-18 2.022e-18 0.0 150.15 0.0
S366135 294.3318 162.1794 2.7350000000000005e-20 4.2840000000000003e-20 7.644e-20 0.0 152.32 0.0
S366136 294.6295 162.2216 2.565e-17 3.981e-17 7.002e-17 0.0 150.37 0.0
S366137 294.6215 162.2213 1.244e-14 8.074e-15 2.434e-15 0.0 150.44 0.0
S366138 294.3586 162.1791 2.191e-16 1.604e-16 6.376e-17 0.0 152.12 0.0
S366139 294.4103 162.1814 4.188e-17 7.916e-17 2.118e-16 0.0 151.82 0.0
S366140 294.5503 162.2174 3.104e-16 2.17e-16 7.794e-17 0.0 150.84 0.0
S366141 294.5188 162.2147 1.443e-16 1.147e-16 5.27e-17 0.0 151.03 0.0
S366142 294.5003 162.2143 2.969e-16 2.236e-16 9.331e-17 0.0 151.15 1.0
S366143 294.4523 162.2136 2.715e-17 2.216e-17 1.056e-17 0.0 151.42 0.0
S366144 294.4444 162.2119 1.201e-17 2.103e-17 4.978e-17 0.0 151.48 0.0
S366145 294.5603 162.1893 2.358e-17 2.065e-17 1.131e-17 0.0 150.92 0.0
S366146 294.3985 162.2077 6.283e-17 5.026e-17 2.429e-17 0.0 151.78 0.0
S366147 294.6045 162.1945 1.091e-16 9.161e-17 4.682e-17 0.0 150.64 0.0
S366148 294.3583 162.2054 1.673e-17 1.476e-17 8.481e-18 0.0 151.99 0.0
S366149 294.3117 162.2047 2.664e-17 2.335e-17 1.267e-17 0.0 152.21 0.0
S366150 294.2843 162.2022 6.483e-16 4.798e-16 1.883e-16 0.0 152.35 0.0
S366151 294.7013 162.2029 2.662e-16 2.009e-16 8.127e-17 0.0 150.11 0.0
S366152 294.7244 162.202 3.546e-16 2.651e-16 1.08e-16 0.0 150.02 1.0
S366153 294.7432 162.2049 1.581e-17 1.432e-17 8.543e-18 0.0 149.87 0.0
S366154 294.7596 162.2058 4.247e-13 2.897e-13 9.85e-14 0.0 149.72 0.0
S366155 294.2141 162.192 2.468e-19 3.073e-19 3.429e-19 0.0 153.0 0.0
S366156 294.1619 162.1897 7.477e-16 5.382e-16 2.033e-16 0.0 153.07 0.0
S366157 294.1331 162.1882 1.104e-16 8.407e-17 3.572e-17 0.0 153.21 1.0
S366158 294.1469 162.1879 1.933e-16 1.484e-16 6.382e-17 0.0 153.25 1.0
S366159 294.0993 162.1857 9.499e-17 7.358e-17 3.238e-17 0.0 153.33 1.0
S366160 294.0886 162.1842 3.993e-17 3.362e-17 1.696e-17 0.0 153.48 0.0
S366161 294.9094 162.2187 1.277e-15 9.307e-16 3.441e-16 0.0 149.06 0.0
S366162 294.9268 162.2208 3.254e-17 6.348e-17 1.854e-16 0.0 148.83 0.0
S366163 294.9278 162.2195 2.379e-16 1.883e-16 8.847e-17 0.0 148.93 0.0
S366164 294.0624 162.1782 4.165e-18 8.914e-18 3.104e-17 0.0 153.76 0.0
S366165 294.0199 162.1749 6.166e-18 5.693e-18 3.608e-18 0.0 153.88 0.0
S366166 294.9586 162.2252 7.855e-16 5.626e-16 2.11e-16 0.0 148.72 0.0
S366167 294.9799 162.2272 6.979e-18 6.972e-18 5.001e-18 0.0 148.69 0.0
S366168 294.9749 162.2271 2.693e-17 2.3e-17 1.184e-17 0.0 148.64 0.0
S366169 293.9872 162.1705 1.038e-17 1.845e-17 4.521e-17 0.0 154.0 0.0
S366170 293.9969 162.1703 9.631e-17 7.9e-17 3.895e-17 0.0 153.97 0.0
S366171 295.0122 162.234 4.004e-17 3.445e-17 1.828e-17 0.0 148.58 0.0
S366172 295.0255 162.2332 2.192e-16 1.698e-16 7.46e-17 0.0 148.62 1.0
S366173 293.9955 162.1665 5.962e-16 4.633e-16 1.977e-16 0.0 153.93 0.0
S366174 294.9477 162.2312 8.781000000000001e-20 1.221e-19 1.667e-19 0.0 148.65 0.0
S366175 293.987 162.1658 5.13e-17 4.111e-17 1.982e-17 0.0 153.98 0.0
S366176 294.9708 162.2345 4.162e-19 5.035e-19 5.288e-19 0.0 148.64 0.0
S366177 294.9513 162.2342 7.38e-18 6.727e-18 4.05e-18 0.0 148.75 0.0
S366178 294.0182 162.1642 2.166e-16 1.588e-16 6.132e-17 0.0 153.81 0.0
S366179 294.9393 162.2334 1.935e-17 1.718e-17 9.356e-18 0.0 148.84 0.0
S366180 294.5835 162.2001 2.476e-17 4.435e-17 1.066e-16 0.0 150.09 0.0
S366181 294.37 162.1993 2.733e-25 1.344e-24 2.723e-23 0.0 152.64 0.0
S366182 294.3582 162.1986 6.393e-18 1.2e-17 3.221e-17 0.0 152.66 0.0
S366183 294.6103 162.2043 2.488e-17 2.246e-17 1.304e-17 0.0 149.85 0.0
S366184 294.3547 162.1961 5.467e-16 3.979e-16 1.494e-16 0.0 152.84 0.0
S366185 294.6437 162.2049 6.669e-16 4.857e-16 1.899e-16 0.0 149.6 0.0
S366186 294.6408 162.2052 6.721e-19 7.37e-19 6.587e-19 0.0 149.66 0.0
S366187 294.6444 162.2067 1.178e-18 1.27e-18 1.04e-18 0.0 149.44 0.0
S366188 294.6637 162.2036 1.943e-18 2.187e-18 2.037e-18 0.0 149.42 0.0
S366189 294.2935 162.1924 1.906e-19 2.449e-19 2.997e-19 0.0 153.23 0.0
S366190 294.6866 162.2091 1.747e-19 2.254e-19 2.624e-19 0.0 149.29 0.0
S366191 294.6885 162.2081 1.662e-18 1.775e-18 1.424e-18 0.0 149.19 0.0
S366192 294.278 162.1907 2.298e-19 2.873e-19 3.33e-19 0.0 153.41 0.0
S366193 294.2834 162.1904 5.177e-19 5.843e-19 5.395e-19 0.0 153.41 0.0
S366194 294.7021 162.2112 7.108e-18 6.844e-18 4.717e-18 0.0 149.12 0.0
S366195 294.7002 162.2078 3.496e-16 2.552e-16 9.973e-17 0.0 149.14 0.0
S366196 294.7235 162.2129 2.381e-18 2.396e-18 1.831e-18 0.0 148.94 0.0
S366197 294.7155 162.2111 2.6229999999999997e-23 6.826e-23 3.5679999999999997e-22 0.0 149.03 0.0
S366198 294.2488 162.1884 6.847e-18 1.124e-17 2.336e-17 0.0 153.65 0.0
S366199 294.2267 162.185 1.096e-16 9.065e-17 4.595e-17 0.0 153.74 0.0
S366200 294.191 162.181 1.283e-18 1.399e-18 1.212e-18 0.0 153.79 0.0
S366201 294.7218 162.2151 2.769e-18 2.786e-18 2.037e-18 0.0 148.9 0.0
S366202 294.252 162.1845 1.602e-17 1.49e-17 9.265e-18 0.0 153.69 0.0
S366203 294.7394 162.2142 1.907e-18 2.088e-18 1.824e-18 0.001 148.81 0.0
S366204 294.7656 162.2195 1.363e-16 1.061e-16 4.449e-17 0.0 148.83 1.0
S366205 294.7593 162.2173 7.555e-19 8.306e-19 7.4e-19 0.0 148.8 0.0
S366206 294.2149 162.1841 2.056e-16 1.566e-16 6.774e-17 0.0 153.78 1.0
S366207 294.2079 162.1808 9.956e-24 3.36e-23 3.0319999999999996e-22 0.0 153.89 0.0
S366208 294.7436 162.2162 5.367e-18 5.067e-18 3.347e-18 0.0 148.81 0.0
S366209 294.7552 162.2156 8.988e-18 1.729e-17 4.667e-17 0.0 148.81 0.0
S366210 294.1715 162.1766 2.56e-16 1.953e-16 8.425e-17 0.0 153.77 1.0
S366211 294.2267 162.1807 1.319e-17 1.257e-17 8.053e-18 0.0 153.72 0.0
S366212 294.2257 162.1831 2.025e-21 1.34e-21 4.368e-22 0.0 153.69 0.0
S366213 294.2028 162.1741 1.4280000000000001e-21 2.776e-21 8.117e-21 0.0 153.66 0.0
S366214 294.2125 162.1799 4.474e-17 3.845e-17 1.981e-17 0.0 153.6 0.0
S366215 294.7426 162.2212 1.275e-17 1.19e-17 7.444e-18 0.0 148.98 0.0
S366216 294.2342 162.1791 1.823e-17 1.625e-17 9.022e-18 0.0 153.52 0.0
S366217 294.219 162.1841 5.457999999999999e-22 1.222e-21 4.716e-21 0.0 153.49 0.0
S366218 294.7503 162.2226 4.259e-18 7.604e-18 1.871e-17 0.0 149.14 0.0
S366219 294.7001 162.2173 8.23e-23 2.1169999999999997e-22 1.1100000000000001e-21 0.0 149.27 0.0
S366220 294.2657 162.1817 7.277999999999999e-22 1.542e-21 5.268e-21 0.0 153.26 0.0
S366221 294.242 162.1757 7.972e-17 6.321e-17 2.976e-17 0.0 153.29 0.0
S366222 294.2466 162.1761 7.219e-18 6.759e-18 4.35e-18 0.0 153.18 0.0
S366223 294.7227 162.2218 4.088e-24 1.527e-23 1.6869999999999998e-22 0.0 149.36 0.0
S366224 294.2552 162.1797 1.749e-19 2.33e-19 3e-19 0.0 153.2 0.0
S366225 294.6596 162.2183 9.32e-18 1.426e-17 2.51e-17 0.0 149.74 0.0
S366226 294.2891 162.1819 1.418e-24 5.412e-24 6.323e-23 0.0 152.88 0.0
S366227 294.6873 162.2186 1.637e-16 1.269e-16 5.659e-17 0.0 149.69 1.0
S366228 294.3113 162.1799 2.412e-16 1.861e-16 7.964e-17 0.0 152.78 1.0
S366229 294.3431 162.182 1.296e-17 2.6e-17 8.074e-17 0.0 152.54 0.0
S366230 294.6378 162.2187 8.905e-16 6.434e-16 2.456e-16 0.0 149.99 0.0
S366231 294.3378 162.1824 1.1160000000000001e-21 2.368e-21 8.028e-21 0.0 152.52 0.0
S366232 294.3488 162.1852 1.413e-21 9.919e-22 3.5579999999999995e-22 0.0 152.53 0.0
S366233 294.3431 162.1815 2.063e-24 7.725e-24 8.384999999999999e-23 0.0 152.57 0.0
S366234 294.3514 162.1838 2.339e-17 1.975e-17 1.056e-17 0.0 152.4 0.0
S366235 294.3979 162.1836 3.18e-17 2.743e-17 1.443e-17 0.0 152.02 0.0
S366236 294.3951 162.1831 1.738e-17 1.639e-17 1.039e-17 0.0 152.07 0.0
S366237 294.5606 162.2154 6.481e-18 6.013e-18 3.72e-18 0.0 150.63 0.0
S366238 294.5471 162.2143 8.815e-21 1.4340000000000002e-20 2.959e-20 0.0 150.77 0.0
S366239 294.4317 162.1851 8.692e-18 1.901e-17 6.796e-17 0.0 151.78 0.0
S366240 294.4963 162.2144 2.324e-19 2.94e-19 3.421e-19 0.0 151.17 0.0
S366241 294.5169 162.213 4.608e-17 9.961e-17 3.615e-16 0.0 151.01 1.0
S366242 294.5031 162.2131 4.44e-19 5.327e-19 5.353e-19 0.0 151.12 0.0
S366243 294.4738 162.2125 1.328e-19 1.659e-19 1.869e-19 0.0 151.33 0.0
S366244 294.502 162.1917 6.619e-18 1.106e-17 2.329e-17 0.0 151.19 0.0
S366245 294.4396 162.2097 1.502e-17 2.394e-17 4.622e-17 0.0 151.57 0.0
S366246 294.4481 162.2042 1.5470000000000003e-20 2.443e-20 4.6550000000000005e-20 0.0 151.55 0.0
S366247 294.4387 162.2082 1.7920000000000002e-21 3.627e-21 1.1270000000000002e-20 0.0 151.62 0.0
S366248 294.408 162.2051 1.4060000000000002e-20 2.433e-20 5.4200000000000006e-20 0.0 151.83 0.0
S366249 294.598 162.1942 3.801e-18 6.417e-18 1.374e-17 0.0 150.59 0.0
S366250 294.5694 162.2011 1.374e-16 1.026e-16 4.243e-17 0.0 150.61 1.0
S366251 294.3701 162.201 4.894e-19 5.564e-19 5.151e-19 0.0 152.14 0.0
S366252 294.3537 162.2008 4.456e-17 3.606e-17 1.668e-17 0.0 152.25 0.0
S366253 294.6297 162.1973 1.8040000000000002e-21 1.227e-21 4.0929999999999995e-22 0.0 150.24 0.0
S366254 294.6775 162.2044 2.084e-21 4.164e-21 1.23e-20 0.0 150.11 0.0
S366255 294.6468 162.2022 2.769e-18 2.874e-18 2.258e-18 0.0 150.02 0.0
S366256 294.6863 162.2056 1.311e-16 1.034e-16 4.681e-17 0.0 149.95 1.0
S366257 294.6946 162.1986 4.799e-17 4.083e-17 2.073e-17 0.0 149.83 0.0
S366258 294.701 162.2063 8.754000000000001e-26 4.1310000000000002e-25 7.585e-24 0.0 149.77 0.0
S366259 294.2389 162.1948 1.498e-19 1.982e-19 2.565e-19 0.0 152.92 0.0
S366260 294.2271 162.1952 7.248e-18 7.043e-18 4.948e-18 0.0 152.95 0.0
S366261 294.7279 162.2087 3.963e-19 4.52e-19 4.214e-19 0.0 149.61 0.0
S366262 294.7553 162.2075 1.971e-17 1.712e-17 9.435e-18 0.0 149.46 0.0
S366263 294.2165 162.1929 6.162e-19 7.304e-19 7.556e-19 0.0 153.1 0.0
S366264 294.7868 162.2108 5.574e-17 4.709e-17 2.411e-17 0.0 149.34 0.0
S366265 294.7564 162.2119 2.236e-20 3.3300000000000004e-20 5.500000000000001e-20 0.0 149.27 0.0
S366266 294.7668 162.2098 4.438e-17 9.186e-17 2.953e-16 0.001 149.36 1.0
S366267 294.1714 162.187 3.822e-17 8.954e-17 3.672e-16 0.0 153.58 1.0
S366268 294.7819 162.2158 1.086e-17 1.709e-17 3.226e-17 0.0 149.05 0.0
S366269 294.8162 162.2147 1.98e-17 1.728e-17 9.566e-18 0.0 148.95 0.0
S366270 294.1614 162.1837 4.289e-19 5.031e-19 4.971e-19 0.0 153.68 0.0
S366271 294.1506 162.1828 7.436e-16 5.446e-16 2.078e-16 0.0 153.74 0.0
S366272 294.1108 162.1813 2.641e-17 2.286e-17 1.259e-17 0.0 153.72 0.0
S366273 294.8864 162.2232 1.697e-16 1.342e-16 6.122e-17 0.0 148.77 1.0
S366274 294.15 162.1786 1.732e-16 1.342e-16 5.992e-17 0.0 153.79 1.0
S366275 294.8397 162.2156 1.822e-23 5.17e-23 3.2179999999999996e-22 0.0 148.83 0.0
S366276 294.1104 162.1811 4.753e-22 1.005e-21 3.444e-21 0.0 153.82 0.0
S366277 294.8674 162.2229 1.034e-18 1.126e-18 9.523e-19 0.0 148.66 0.0
S366278 294.925 162.2278 1.881e-18 1.983e-18 1.567e-18 0.0 148.65 0.0
S366279 294.0786 162.176 1.268e-16 9.724e-17 4.202e-17 0.0 153.9 1.0
S366280 294.8774 162.2231 1.521e-20 2.46e-20 4.8430000000000003e-20 0.0 148.66 0.0
S366281 294.1169 162.1777 1.08e-18 1.184e-18 1.053e-18 0.0 153.89 0.0
S366282 294.911 162.2242 4.893e-17 3.874e-17 1.738e-17 0.0 148.6 0.0
S366283 294.8757 162.2205 1.408e-15 9.781e-16 3.383e-16 0.0 148.74 0.0
S366284 294.0483 162.1702 4.919e-21 8.327e-21 1.7690000000000002e-20 0.0 153.94 0.0
S366285 294.8625 162.2282 2.152e-18 2.178e-18 1.577e-18 0.0 148.74 0.0
S366286 294.0985 162.1736 1.65e-17 1.383e-17 6.868e-18 0.0 153.88 0.0
S366287 294.126 162.1732 3.545e-19 4.345e-19 4.855e-19 0.0 153.84 0.0
S366288 294.1226 162.175 6.91e-18 6.385e-18 3.836e-18 0.0 153.75 0.0
S366289 294.1261 162.1758 2.04e-18 2.092e-18 1.535e-18 0.0 153.74 0.0
S366290 294.1019 162.1743 1.893e-24 6.86e-24 7.459e-23 0.0 153.7 0.0
S366291 294.0955 162.1673 2.21e-18 2.342e-18 1.949e-18 0.0 153.69 0.0
S366292 294.173 162.1769 1.88e-19 2.444e-19 3.111e-19 0.0 153.57 0.0
S366293 294.0897 162.1709 8.154e-20 1.118e-19 1.549e-19 0.0 153.64 0.0
S366294 294.1104 162.1707 7.64e-18 7.187e-18 4.672e-18 0.001 153.52 0.0
S366295 294.145 162.1713 1.304e-19 1.787e-19 2.475e-19 0.001 153.49 0.0
S366296 294.8338 162.2296 8.65e-19 1.02e-18 1.016e-18 0.0 149.15 0.0
S366297 294.1811 162.1788 1.382e-17 3.083e-17 1.207e-16 0.0 153.33 0.0
S366298 294.7667 162.2229 2.105e-18 2.186e-18 1.739e-18 0.0 149.36 0.0
S366299 294.1827 162.173 2.485e-16 1.891e-16 7.919e-17 0.0 153.29 1.0
S366300 294.7782 162.2315 1.989e-19 2.464e-19 2.705e-19 0.0 149.44 0.0
S366301 294.2301 162.1715 7.384e-18 1.196e-17 2.319e-17 0.0 152.95 0.0
S366302 294.2289 162.1723 5.871e-17 4.608e-17 2.073e-17 0.0 152.99 0.0
S366303 294.2008 162.1696 5.428e-16 4.01e-16 1.56e-16 0.0 153.0 0.0
S366304 294.7728 162.2257 7.976999999999999e-22 1.784e-21 6.882e-21 0.0 149.63 0.0
S366305 294.3017 162.1802 1.428e-15 1.032e-15 3.922e-16 0.0 152.48 0.0
S366306 294.7227 162.2254 3.315e-18 3.34e-18 2.484e-18 0.0 149.9 0.0
S366307 294.2716 162.1776 1.354e-17 1.133e-17 5.812e-18 0.0 152.63 0.0
S366308 294.3571 162.1818 6.936e-18 1.248e-17 3.045e-17 0.0 152.22 0.0
S366309 294.2972 162.175 2.336e-17 2.04e-17 1.099e-17 0.0 152.41 0.0
S366310 294.3464 162.18 4.577e-18 4.495e-18 3.081e-18 0.001 152.22 0.0
S366311 294.3582 162.1792 3.92e-20 5.58e-20 8.238e-20 0.0 152.09 0.0
S366312 294.6066 162.2222 3.556e-22 6.779999999999999e-22 1.868e-21 0.0 150.5 0.0
S366313 294.6115 162.2186 5.053e-21 8.926e-21 2.136e-20 0.0 150.52 0.0
S366314 294.3863 162.1819 4.188e-19 4.848e-19 4.867e-19 0.0 152.0 0.0
S366315 294.5504 162.2213 3.02e-18 4.677e-18 8.466e-18 0.0 150.85 0.0
S366316 294.4575 162.1871 1.55e-18 1.671e-18 1.375e-18 0.0 151.53 0.0
S366317 294.5214 162.2121 6.492e-16 4.831e-16 1.952e-16 0.0 151.04 0.0
S366318 294.4672 162.1849 1.466e-17 2.692e-17 6.942e-17 0.0 151.44 0.0
S366319 294.4889 162.2179 2.616e-17 3.78e-17 6.028e-17 0.0 151.23 0.0
S366320 294.4342 162.2103 4.019e-18 3.82e-18 2.504e-18 0.0 151.54 0.0
S366321 294.4775 162.2072 6.859e-18 1.137e-17 2.36e-17 0.0 151.32 0.0
S366322 294.5528 162.1898 7.265e-18 6.981e-18 4.755e-18 0.0 150.95 0.0
S366323 294.5591 162.1895 1.985e-17 1.736e-17 9.931e-18 0.0 150.85 0.0
S366324 294.5877 162.1929 6.198e-25 2.263e-24 2.528e-23 0.0 150.74 0.0
S366325 294.3718 162.207 4.127e-17 3.507e-17 1.874e-17 0.0 151.96 0.0
S366326 294.6346 162.1943 5.528e-17 1.205e-16 4.188e-16 0.0 150.51 1.0
S366327 294.6289 162.1946 3.556e-19 4.356e-19 4.546e-19 0.0 150.44 0.0
S366328 294.3353 162.2015 1.439e-19 1.942e-19 2.648e-19 0.0 152.28 0.0
S366329 294.6895 162.1998 1.257e-21 9.068999999999998e-22 3.2919999999999996e-22 0.0 150.2 0.0
S366330 294.2798 162.198 1.76e-21 1.201e-21 4.1459999999999996e-22 0.0 152.47 0.0
S366331 294.7083 162.2042 1.061e-21 2.16e-21 6.859e-21 0.0 150.02 0.0
S366332 294.7501 162.2052 6.791e-19 7.408e-19 6.376e-19 0.0 149.95 0.0
S366333 294.1965 162.1949 5.792000000000001e-20 8.345e-20 1.269e-19 0.0 152.7 0.0
S366334 294.1938 162.1972 1.568e-18 1.634e-18 1.283e-18 0.0 152.8 0.0
S366335 294.7736 162.2097 3.862e-17 3.235e-17 1.658e-17 0.0 149.55 0.0
S366336 294.8059 162.2103 4.305e-18 4.345e-18 3.105e-18 0.0 149.64 0.0
S366337 294.178 162.1896 1.2190000000000001e-20 2.132e-20 4.873e-20 0.0 153.12 0.0
S366338 294.8261 162.21 4.465e-16 3.209e-16 1.206e-16 0.0 149.36 0.0
S366339 294.8178 162.2158 1.305e-14 8.508e-15 2.667e-15 0.0 149.25 0.0
S366340 294.8521 162.2127 5.513e-23 1.5689999999999999e-22 1.02e-21 0.0 149.36 0.0
S366341 294.1387 162.1876 1.32e-16 1.018e-16 4.407e-17 0.0 153.34 1.0
S366342 294.0696 162.1838 1.195e-16 9.177e-17 3.873e-17 0.0 153.46 1.0
S366343 294.0765 162.1833 5.639e-17 4.674e-17 2.419e-17 0.0 153.56 0.0
S366344 294.8561 162.2162 2.375e-17 5.722e-17 2.571e-16 0.0 148.96 1.0
S366345 294.0895 162.1771 4.209e-24 1.273e-23 9.323999999999999e-23 0.0 153.6 0.0
S366346 294.0232 162.1795 2.889e-16 2.114e-16 8.384e-17 0.0 153.66 0.0
S366347 294.0299 162.1719 9.943e-18 1.721e-17 3.68e-17 0.0 153.83 0.0
S366348 294.9574 162.2195 2.283e-17 3.671e-17 7.026e-17 0.0 148.82 0.0
S366349 294.1039 162.1781 3.013e-19 3.658e-19 4.079e-19 0.0 153.8 0.0
S366350 294.0353 162.1757 1.7569999999999998e-22 3.7149999999999996e-22 1.2230000000000001e-21 0.0 153.77 0.0
S366351 293.9705 162.1705 1.057e-23 3.6609999999999997e-23 3.6639999999999996e-22 0.0 153.91 0.0
S366352 294.9627 162.2262 8.944e-18 1.667e-17 4.43e-17 0.0 148.69 0.0
S366353 294.0153 162.1737 2.137e-18 4.392e-18 1.379e-17 0.0 153.92 0.0
S366354 293.9929 162.1671 3.419e-18 3.48e-18 2.564e-18 0.0 153.94 0.0
S366355 293.9937 162.1678 9.041e-16 6.377e-16 2.33e-16 0.0 153.97 0.0
S366356 295.0075 162.2302 1.083e-18 1.155e-18 9.777e-19 0.0 148.55 0.0
S366357 294.9009 162.2251 3.3889999999999996e-22 7.259e-22 2.532e-21 0.0 148.65 0.0
S366358 294.9785 162.2322 4.616e-17 3.761e-17 1.8e-17 0.0 148.63 0.0
S366359 293.9574 162.1686 6.397e-13 5.029e-13 2.201e-13 0.0 154.0 1.0
S366360 294.0013 162.168 1.151e-18 1.263e-18 1.149e-18 0.0 153.95 0.0
S366361 294.9762 162.2272 1.4009999999999998e-22 3.393e-22 1.5e-21 0.0 148.6 0.0
S366362 294.0465 162.1691 6.228e-18 5.651e-18 3.462e-18 0.0 153.85 0.0
S366363 294.0298 162.1676 5.1240000000000005e-20 7.473e-20 1.194e-19 0.0 153.83 0.0
S366364 294.0197 162.1646 7.552e-18 6.865e-18 4.059e-18 0.0 153.88 0.0
S366365 294.9516 162.2311 1.1039999999999998e-22 2.6679999999999996e-22 1.171e-21 0.0 148.77 0.0
S366366 294.0224 162.1669 3.052e-17 2.706e-17 1.532e-17 0.0 153.77 0.0
S366367 294.0311 162.1662 6.573999999999999e-23 1.8399999999999998e-22 1.117e-21 0.0 153.74 0.0
S366368 294.932 162.2347 3.739e-17 3.179e-17 1.671e-17 0.0 148.9 0.0
S366369 294.0505 162.1646 8.714e-17 6.941e-17 3.183e-17 0.0 153.62 0.0
S366370 294.8513 162.2284 7.499e-17 2.061e-16 1.219e-15 0.0 149.04 1.0
S366371 294.0724 162.1631 3.764e-17 3.308e-17 1.848e-17 0.0 153.54 0.0
S366372 294.9189 162.236 4.222e-16 3.247e-16 1.406e-16 0.0 149.06 0.0
