Name Equatorial Polar BlueF GreenF RedF Parallax RadialVelocity Variable?
S140894 309.2347 61.999 4.334e-20 6.214e-20 9.399000000000001e-20 0.0 171.2 0.0
S140932 309.3 61.8789 2.246e-23 6.217e-23 3.5799999999999995e-22 0.0 164.09 0.0
S140970 309.6416 61.9319 1.7210000000000002e-21 3.216e-21 8.125e-21 0.0 166.33 0.0
S141085 309.3307 61.9228 9.507000000000001e-20 1.371e-19 2.112e-19 0.0 174.57 0.0
S141128 309.2867 61.8879 2.006e-24 7.524e-24 8.902999999999999e-23 0.0 167.22 0.0
S141222 309.5042 61.9537 5.273e-22 1.3390000000000001e-21 6.562e-21 0.0 169.06 0.0
S141339 309.3385 61.9218 1.058e-17 1.006e-17 6.471e-18 0.0 172.31 0.0
S141342 309.2376 61.9272 2.312e-21 1.643e-21 5.895e-22 0.0 176.62 0.0
S141382 309.5256 61.8371 2.162e-19 2.895e-19 3.82e-19 0.0 172.31 0.0
S141401 309.2613 61.8616 3.3220000000000005e-20 4.9110000000000004e-20 8.145000000000001e-20 0.0 170.55 0.0
S141482 309.3517 61.8656 3.972e-22 1.007e-21 5.258e-21 0.0 165.65 0.0
S141485 309.2395 61.9727 2.035e-17 2.876e-17 4.273e-17 0.0 171.36 0.0
S141545 309.2775 61.9158 2.122e-17 1.851e-17 1.024e-17 0.0 164.06 0.0
S141592 309.4418 61.8378 5.86e-18 5.595e-18 3.794e-18 0.0 174.5 0.0
S141639 309.4487 61.9326 1.282e-24 5.2139999999999996e-24 6.966e-23 0.0 163.41 0.0
S141696 309.2822 61.9364 1.141e-12 1.008e-12 5.563e-13 0.0 169.95 1.0
S141725 309.3344 61.8477 1.492e-17 1.368e-17 8.279e-18 0.0 163.02 0.0
S141765 309.3575 61.9813 1.252e-19 1.698e-19 2.326e-19 0.0 171.48 0.0
S141821 309.3781 61.9499 4.8269999999999995e-23 1.303e-22 7.224999999999999e-22 0.0 171.23 0.0
S141831 309.5941 61.951 5.016e-17 4.341e-17 2.323e-17 0.0 177.21 0.0
S141864 309.2489 61.8671 1.192e-18 1.331e-18 1.177e-18 0.0 163.45 0.0
S141885 309.2876 62.0237 8.588e-21 1.4340000000000002e-20 2.9710000000000004e-20 0.0 170.57 0.0
S141943 309.5177 61.922 1.6370000000000002e-20 2.598e-20 4.9080000000000007e-20 0.0 172.96 0.0
S141974 309.2505 62.0348 7.183e-24 2.45e-23 2.2009999999999997e-22 0.0 171.76 0.0
S141996 309.461 61.7894 2.2550000000000002e-20 3.795e-20 7.803e-20 0.0 169.72 0.0
S142046 309.6943 61.9754 5.947e-21 1.0550000000000001e-20 2.4830000000000002e-20 0.0 173.37 0.0
S142065 309.2406 61.9296 4.128e-22 8.595999999999999e-22 2.808e-21 0.0 170.22 0.0
S142097 309.4029 61.8508 1.059e-21 2.197e-21 7.007e-21 0.0 165.8 0.0
S142102 309.3844 62.0435 2.883e-23 7.707e-23 4.1319999999999996e-22 0.0 172.97 0.0
S142133 309.3357 61.8776 4.361e-22 9.878999999999999e-22 4.057e-21 0.0 169.96 0.0
S142159 309.4112 61.9224 7.967000000000001e-20 1.152e-19 1.783e-19 0.001 172.65 0.0
S142175 309.2943 61.858 1.899e-19 2.616e-19 3.668e-19 0.0 163.22 0.0
S142217 309.2572 62.0163 6.152e-13 4.268e-13 1.559e-13 0.0 172.32 0.0
S142228 309.3819 61.8609 5.925000000000001e-25 2.535e-24 3.91e-23 0.0 163.79 0.0
S142229 309.4175 61.8518 4.152e-21 8.239e-21 2.4960000000000003e-20 0.0 172.04 0.0
S142324 309.4702 61.7939 3.815e-22 8.679e-22 3.514e-21 0.0 175.39 0.0
S142389 309.2798 61.8921 3.005e-23 7.921e-23 4.294e-22 0.0 168.15 0.0
S142444 309.2996 62.0819 6.082000000000001e-20 9.077e-20 1.481e-19 0.0 166.21 0.0
S142490 309.3717 61.9449 2.071e-17 1.933e-17 1.208e-17 0.0 176.2 0.0
S155991 309.5426 62.1655 9.855e-18 9.127e-18 5.705e-18 0.0 174.62 0.0
S155992 309.5217 62.1603 2.275e-21 4.532e-21 1.3530000000000002e-20 0.0 174.84 0.0
S155993 309.5769 62.104 1.325e-18 1.491e-18 1.412e-18 0.0 171.82 0.0
S155994 309.502 62.1413 1.504e-18 1.762e-18 1.717e-18 0.0 172.81 0.0
S155995 309.5097 62.1331 2.0059999999999998e-23 6.141e-23 4.580999999999999e-22 0.0 170.86 0.0
S155996 309.5038 62.1389 1.504e-21 3.141e-21 1.0500000000000001e-20 0.0 172.52 0.0
S155997 309.5539 62.1537 7.574e-21 1.408e-20 3.677e-20 0.0 170.32 0.0
S155998 309.5315 62.1167 2.6380000000000002e-20 3.9860000000000004e-20 6.800000000000001e-20 0.0 170.75 0.0
S155999 309.5231 62.1398 2.809e-17 2.418e-17 1.306e-17 0.0 170.21 0.0
S156000 309.5102 62.1446 5.613e-21 1.0260000000000001e-20 2.553e-20 0.0 171.84 0.0
S156001 309.5318 62.1357 2.4920000000000003e-20 3.8960000000000004e-20 7.245000000000001e-20 0.0 173.51 0.0
S156002 309.5044 62.161 2.04e-19 2.753e-19 3.707e-19 0.0 173.56 0.0
S156003 309.5224 62.1394 3.36e-21 2.295e-21 7.638999999999999e-22 0.0 169.98 0.0
S156004 309.5296 62.1727 1.0009999999999999e-22 2.5139999999999997e-22 1.24e-21 0.0 169.41 0.0
S156005 309.5109 62.143 1.881e-16 1.439e-16 6.288e-17 0.0 170.67 1.0
S156006 309.571 62.1043 6.48e-21 1.1620000000000001e-20 2.795e-20 0.0 172.72 0.0
S156007 309.5158 62.1275 2.829e-21 1.943e-21 6.696e-22 0.0 171.55 0.0
S156008 309.5399 62.1609 1.457e-21 3.139e-21 1.1170000000000001e-20 0.0 171.91 0.0
S156009 309.4829 62.134 1.493e-17 1.336e-17 7.923e-18 0.0 173.05 0.0
S156010 309.5274 62.136 6.165e-23 1.8419999999999997e-22 1.289e-21 0.0 173.26 0.0
S156011 309.5104 62.1686 5.129e-17 4.184e-17 2.028e-17 0.0 175.13 0.0
S156012 309.4902 62.1459 9.69e-17 8.22e-17 4.213e-17 0.0 173.31 0.0
S156013 309.5419 62.1134 7.246999999999999e-23 1.745e-22 7.806999999999999e-22 0.0 173.9 0.0
S156014 309.578 62.1395 2.848e-17 2.519e-17 1.44e-17 0.0 169.95 0.0
S156015 309.4752 62.1207 1.092e-17 1.038e-17 7.026e-18 0.0 174.49 0.0
S156016 309.5332 62.1852 6.559e-18 6.347e-18 4.288e-18 0.0 172.96 0.0
S156017 309.5468 62.1804 5.323999999999999e-22 1.174e-21 4.352e-21 0.0 173.94 0.0
S156018 309.5281 62.1637 1.123e-17 2.14e-17 5.863e-17 0.0 169.25 0.0
S156019 309.5491 62.1331 5.913e-17 5.094e-17 2.69e-17 0.0 170.2 0.0
S156020 309.5874 62.1222 2.3920000000000003e-20 3.7310000000000004e-20 6.762e-20 0.0 174.44 0.0
S156021 309.5488 62.1149 2.5e-21 1.751e-21 6.171999999999999e-22 0.0 173.97 0.0
S156022 309.5532 62.1522 4.065e-17 7.462e-17 1.912e-16 0.0 170.24 0.0
S156023 309.4876 62.1375 2.627e-18 2.898e-18 2.506e-18 0.0 172.36 0.0
S156024 309.5541 62.1255 1.07e-12 8.159e-13 3.422e-13 0.0 173.05 1.0
S156025 309.533 62.1095 1.7210000000000002e-21 3.659e-21 1.244e-20 0.0 173.46 0.0
S156026 309.5343 62.1172 3.143e-21 6.412e-21 1.942e-20 0.0 170.43 0.0
S156027 309.4968 62.145 1.848e-19 2.565e-19 3.644e-19 0.0 174.02 0.0
S156028 309.528 62.1292 3.615e-20 5.763e-20 1.122e-19 0.0 171.87 0.0
S156029 309.5136 62.1288 3.773e-24 1.2669999999999999e-23 1.14e-22 0.0 174.16 0.0
S156030 309.5795 62.1311 2.2560000000000002e-21 1.591e-21 5.621999999999999e-22 0.0 175.63 0.0
S156031 309.5713 62.1324 4.643e-18 4.426e-18 2.843e-18 0.0 169.49 0.0
S156032 309.5129 62.1131 5.758e-20 8.096000000000001e-20 1.204e-19 0.0 174.05 0.0
S156033 309.5134 62.1412 1.352e-18 1.448e-18 1.211e-18 0.0 170.96 0.0
S156034 309.5039 62.129 9.529e-13 9e-13 5.807e-13 0.0 174.96 1.0
S156035 309.5304 62.1126 3.17e-17 4.848e-17 8.342e-17 0.0 171.41 0.0
S156036 309.5282 62.1455 1.872e-24 6.909e-24 7.677e-23 0.0 170.98 0.0
S156037 309.4834 62.1512 1.696e-17 1.527e-17 8.791e-18 0.0 175.54 0.0
S156038 309.546 62.1498 1.551e-21 3.282e-21 1.101e-20 0.0 173.55 0.0
S156039 309.5932 62.1526 4.421e-24 1.64e-23 1.7899999999999997e-22 0.0 169.12 0.0
S156040 309.4764 62.1413 4.235e-18 4.52e-18 3.657e-18 0.0 169.8 0.0
S156041 309.5128 62.1764 2.386e-21 4.681e-21 1.407e-20 0.0 171.0 0.0
S156042 309.5573 62.1305 1.234e-17 1.165e-17 7.369e-18 0.0 172.61 0.0
S156043 309.5238 62.1226 2.436e-20 3.9580000000000004e-20 7.918000000000001e-20 0.0 170.34 0.0
S156044 309.5648 62.1319 1.1450000000000001e-20 1.9820000000000003e-20 4.512e-20 0.0 169.89 0.0
S156045 309.5278 62.1587 2.783e-21 5.385e-21 1.526e-20 0.0 169.73 0.0
S156046 309.4648 62.1845 9.104999999999999e-23 2.189e-22 9.857e-22 0.0 170.48 0.0
S156047 309.4924 62.097 1.667e-21 3.184e-21 8.445e-21 0.001 172.98 0.0
S156048 309.5502 62.1706 1.056e-20 1.8480000000000002e-20 4.0810000000000005e-20 0.0 171.7 0.0
S156049 309.5187 62.1278 2.225e-18 2.487e-18 2.191e-18 0.0 172.89 0.0
S156050 309.5046 62.0912 3.747e-18 4.099e-18 3.55e-18 0.0 169.33 0.0
S156051 309.5722 62.1426 1.713e-18 1.831e-18 1.552e-18 0.0 169.89 0.0
S156052 309.5371 62.1372 1.733e-17 3.305e-17 9.029e-17 0.0 173.64 0.0
S156053 309.5233 62.171 2.747e-17 5.294e-17 1.506e-16 0.0 174.7 0.0
S156054 309.5383 62.1314 5.952999999999999e-23 1.73e-22 1.152e-21 0.0 172.45 0.0
S156055 309.5206 62.1352 1.4190000000000001e-21 2.912e-21 9.552e-21 0.0 170.78 0.0
S156056 309.5788 62.1332 2.621e-21 1.812e-21 6.371e-22 0.0 174.47 0.0
S156057 309.5768 62.1557 4.458e-22 1.162e-21 5.9150000000000005e-21 0.0 172.3 0.0
S156058 309.4975 62.1611 2.966e-21 2.032e-21 6.907999999999999e-22 0.0 170.89 0.0
S156059 309.5074 62.1072 2.1610000000000003e-20 3.394e-20 6.311e-20 0.0 170.83 0.0
S156060 309.5158 62.1635 1.721e-18 1.806e-18 1.453e-18 0.0 173.1 0.0
S156061 309.5442 62.168 3.738e-18 3.754e-18 2.808e-18 0.0 174.7 0.0
S156062 309.5695 62.1777 7.317e-13 5.389e-13 2.037e-13 0.0 174.6 0.0
S156063 309.5386 62.1752 1.945e-22 4.704e-22 2.049e-21 0.0 174.21 0.0
S156064 309.5088 62.1349 6.384e-18 6.504e-18 4.944e-18 0.0 172.58 0.0
S156065 309.5189 62.1302 3.682e-17 7.31e-17 2.106e-16 0.0 173.21 0.0
S156066 309.5342 62.1382 1.121e-18 1.166e-18 9.437e-19 0.0 172.59 0.0
S156067 309.5291 62.1224 2.255e-18 2.555e-18 2.444e-18 0.0 172.98 0.0
S156068 309.5144 62.1554 4.186e-17 1.013e-16 4.455e-16 0.0 171.21 1.0
S156069 309.5499 62.1122 2.32e-19 2.977e-19 3.426e-19 0.0 172.2 0.0
S156070 309.5014 62.1299 5.938e-20 9.436000000000001e-20 1.745e-19 0.0 171.21 0.0
S156071 309.4928 62.1109 1.182e-23 3.384e-23 2.123e-22 0.0 172.54 0.0
S156072 309.4727 62.1386 1.641e-22 4.1819999999999995e-22 2.093e-21 0.0 173.81 0.0
S156073 309.5765 62.1611 2.826e-17 4.871e-17 1.049e-16 0.0 171.12 0.0
S156074 309.5607 62.1181 7.222e-19 8.134e-19 7.68e-19 0.0 175.45 0.0
S156075 309.536 62.1483 2.132e-20 3.6940000000000006e-20 8.335000000000001e-20 0.0 173.88 0.0
S156076 309.5302 62.1084 6.258e-17 5.122e-17 2.456e-17 0.0 174.37 0.0
S156077 309.5964 62.1564 4.634e-19 5.761e-19 6.36e-19 0.0 171.93 0.0
S156078 309.5385 62.1082 3.389e-17 8.285e-17 3.774e-16 0.0 172.94 1.0
S156079 309.4914 62.1214 7.393e-21 1.2660000000000001e-20 2.865e-20 0.0 172.87 0.0
S156080 309.5074 62.1118 1.622e-18 1.848e-18 1.785e-18 0.0 174.97 0.0
S156081 309.5428 62.1436 1.448e-24 6.4e-24 9.965e-23 0.0 170.67 0.0
S156082 309.5477 62.1672 6.136e-24 2.125e-23 2.0439999999999998e-22 0.0 175.07 0.0
S156083 309.5408 62.1004 4.575e-18 7.581e-18 1.585e-17 0.0 173.6 0.0
S156084 309.5321 62.1754 1.158e-16 8.576e-17 3.447e-17 0.0 171.83 0.0
S156085 309.5178 62.1665 9.271e-22 1.965e-21 6.689e-21 0.0 175.03 0.0
S156086 309.5045 62.1469 4.407e-23 1.366e-22 1.052e-21 0.0 172.08 0.0
S156087 309.4698 62.1199 3.231e-20 4.9800000000000004e-20 8.688000000000001e-20 0.0 174.86 0.0
S156088 309.5375 62.1631 1.477e-22 3.4799999999999997e-22 1.552e-21 0.0 172.54 0.0
S156089 309.5717 62.1322 6.988e-21 1.2650000000000002e-20 2.9980000000000005e-20 0.0 175.32 0.0
S156090 309.529 62.1387 2.957e-18 3e-18 2.305e-18 0.0 171.1 0.0
S156091 309.5145 62.1528 2.485e-19 3.097e-19 3.606e-19 0.0 174.59 0.0
S156092 309.5522 62.12 2.096e-21 3.927e-21 1.073e-20 0.0 171.51 0.0
S156093 309.5162 62.1742 3.535e-17 2.979e-17 1.542e-17 0.0 172.72 0.0
S156094 309.4954 62.171 9.774999999999999e-23 2.637e-22 1.508e-21 0.0 173.59 0.0
S156095 309.4948 62.1579 2.343e-21 1.6660000000000001e-21 5.951e-22 0.0 169.83 0.0
S156096 309.5389 62.1146 5.998000000000001e-20 8.653000000000001e-20 1.348e-19 0.0 174.17 0.0
S156097 309.4995 62.1123 8.431e-17 6.897e-17 3.293e-17 0.0 172.06 0.0
S156098 309.5433 62.1696 2.049e-18 2.15e-18 1.674e-18 0.0 171.84 0.0
S156099 309.5748 62.149 1.707e-21 3.478e-21 1.0770000000000002e-20 0.0 175.84 0.0
S156100 309.5075 62.0905 1.119e-18 1.338e-18 1.388e-18 0.001 174.14 0.0
S156101 309.501 62.1491 2.526e-20 4.015e-20 7.673000000000001e-20 0.0 175.58 0.0
S156102 309.4696 62.0986 2.811e-17 2.553e-17 1.533e-17 0.0 169.62 0.0
S156103 309.5093 62.0996 6.108e-23 1.8679999999999997e-22 1.349e-21 0.0 175.58 0.0
S156104 309.5026 62.0938 1.603e-21 3.111e-21 8.882e-21 0.0 175.21 0.0
S156105 309.4847 62.179 1.36e-19 1.932e-19 2.881e-19 0.0 174.82 0.0
S156106 309.5099 62.1191 1.772e-16 1.321e-16 5.236e-17 0.0 171.76 0.0
S156107 309.4805 62.122 1.927e-21 1.383e-21 5.288e-22 0.0 169.72 0.0
S156108 309.5961 62.1437 1.041e-21 2.286e-21 8.528e-21 0.0 173.29 0.0
S156109 309.579 62.1351 1.036e-16 1.934e-16 5.131e-16 0.0 171.49 0.0
S156110 309.5041 62.1587 7.719e-30 1.274e-28 3.1440000000000004e-26 0.0 173.46 0.0
S156111 309.5284 62.1762 1.705e-21 3.474e-21 1.078e-20 0.0 173.3 0.0
S156112 309.5558 62.1575 2.508e-24 9.948999999999999e-24 1.31e-22 0.0 171.17 0.0
S156113 309.5552 62.1454 1.52e-17 1.388e-17 8.327e-18 0.0 170.18 0.0
S156114 309.5069 62.1552 4.94e-23 1.4009999999999998e-22 8.954999999999999e-22 0.0 171.91 0.0
S156115 309.5613 62.1449 1.816e-19 2.318e-19 2.742e-19 0.0 175.37 0.0
S156116 309.5956 62.1953 8.362999999999999e-22 1.794e-21 6.252e-21 0.0 172.41 0.0
S156117 309.5017 62.1146 3.395e-19 4.294e-19 5.067e-19 0.0 175.3 0.0
S156118 309.5221 62.1849 1.188e-18 1.381e-18 1.349e-18 0.0 173.71 0.0
S156119 309.5281 62.1197 8.3e-18 8.165e-18 5.492e-18 0.0 174.66 0.0
S156120 309.5143 62.1537 1.545e-24 5.697e-24 6.379e-23 0.0 170.56 0.0
S156121 309.5351 62.1178 3.529e-23 1.1449999999999998e-22 9.581999999999999e-22 0.0 169.73 0.0
S156122 309.5233 62.1509 6.869999999999999e-22 1.732e-21 8.141e-21 0.0 170.83 0.0
S156123 309.5151 62.1444 4.4390000000000006e-20 6.346e-20 9.733000000000001e-20 0.0 171.68 0.0
S156124 309.5665 62.1467 3.688e-17 3.166e-17 1.69e-17 0.0 171.07 0.0
S156125 309.5514 62.1607 5.009e-17 4.12e-17 2.075e-17 0.001 170.67 0.0
S156126 309.5094 62.1228 1.762e-16 1.44e-16 6.908e-17 0.0 169.82 0.0
S156127 309.5081 62.1095 6.29e-20 9.609000000000001e-20 1.645e-19 0.0 173.74 0.0
S156128 309.543 62.1483 1.039e-18 1.202e-18 1.135e-18 0.0 173.22 0.0
S156129 309.543 62.1621 3.68e-17 3.231e-17 1.761e-17 0.0 170.92 0.0
S156130 309.546 62.2009 1.8040000000000002e-25 8.740000000000001e-25 1.6839999999999998e-23 0.0 171.99 1.0
S156131 309.5113 62.1416 6.646e-17 5.36e-17 2.501e-17 0.0 174.52 0.0
S156132 309.4951 62.1199 7.774e-24 2.4119999999999998e-23 1.8549999999999999e-22 0.0 171.89 0.0
S156133 309.518 62.1896 6.848e-17 5.979e-17 3.326e-17 0.0 170.84 0.0
S156134 309.5211 62.1186 5.994e-17 5.15e-17 2.626e-17 0.0 171.89 0.0
S156135 309.469 62.2116 1.402e-19 1.903e-19 2.604e-19 0.0 171.46 0.0
S156136 309.5332 62.1291 2.2e-17 3.908e-17 8.878e-17 0.0 170.35 0.0
S156137 309.5115 62.1399 1.129e-19 1.526e-19 2.099e-19 0.0 170.49 0.0
S156138 309.5485 62.0729 3.8359999999999997e-22 8.504999999999998e-22 3.105e-21 0.0 168.81 0.0
S156139 309.5059 62.1298 2.95e-24 1.087e-23 1.165e-22 0.0 170.36 0.0
S156140 309.4688 62.1333 1.419e-19 1.924e-19 2.573e-19 0.0 173.6 0.0
S156141 309.4843 62.1625 1.3480000000000002e-20 2.263e-20 4.7730000000000004e-20 0.0 171.07 0.0
S156142 309.5368 62.1434 1.099e-12 9.647e-13 5.289e-13 0.0 174.29 1.0
S156143 309.4964 62.1411 3.613e-21 6.942e-21 1.9760000000000002e-20 0.0 170.84 0.0
S156144 309.5739 62.1235 6.955e-18 6.855e-18 4.725e-18 0.0 169.9 0.0
S156145 309.5157 62.1298 1.564e-19 2.231e-19 3.384e-19 0.0 171.34 0.0
S156146 309.5293 62.0994 4.947e-22 1.059e-21 3.562e-21 0.0 170.09 0.0
S156147 309.5465 62.1145 3.422e-19 4.465e-19 5.373e-19 0.0 171.99 1.0
S156148 309.5237 62.1266 5.596e-23 1.4499999999999998e-22 7.541e-22 0.0 173.26 0.0
S156149 309.4897 62.0975 3.963e-17 3.379e-17 1.835e-17 0.0 171.21 0.0
S156150 309.5313 62.1315 3.288e-17 4.528e-17 6.055e-17 0.0 170.78 0.0
S156151 309.5179 62.1314 4.422e-17 7.708e-17 1.838e-16 0.0 173.04 0.0
S156152 309.5384 62.1371 1.384e-19 1.966e-19 2.869e-19 0.0 172.66 0.0
S156153 309.523 62.135 7.114e-22 1.5590000000000001e-21 5.623e-21 0.0 174.5 0.0
S156154 309.547 62.1395 6.063e-20 8.823000000000001e-20 1.372e-19 0.0 174.27 0.0
S156155 309.5398 62.1868 5.655e-19 6.891e-19 7.241e-19 0.0 175.72 0.0
S156156 309.5418 62.1204 1.343e-12 1.097e-12 5.341e-13 0.0 172.31 1.0
S156157 309.5051 62.1592 3.557e-21 2.3750000000000002e-21 7.909999999999999e-22 0.0 170.17 0.0
S156158 309.5067 62.1243 4.507e-21 8.643e-21 2.477e-20 0.0 173.52 0.0
S156159 309.5402 62.1387 5.342e-18 5.519e-18 4.122e-18 0.0 170.11 0.0
S156160 309.5154 62.1443 7.467e-17 5.969e-17 2.76e-17 0.0 174.28 0.0
S156161 309.5102 62.1193 1.403e-19 1.929e-19 2.59e-19 0.0 172.76 0.0
S156162 309.559 62.0766 2.091e-21 1.494e-21 5.645999999999999e-22 0.0 175.14 0.0
S156163 309.502 62.1592 8.868e-18 8.412e-18 5.448e-18 0.0 171.91 0.0
S156164 309.5293 62.1807 1.583e-17 1.474e-17 9.091e-18 0.0 171.95 0.0
S156165 309.5315 62.1321 1.87e-19 2.436e-19 3.089e-19 0.0 173.0 0.0
S156166 309.5375 62.1191 6.242e-20 9.214000000000001e-20 1.45e-19 0.0 173.38 0.0
S156167 309.4812 62.1155 1.498e-17 2.579e-17 5.684e-17 0.0 171.26 0.0
S156168 309.5556 62.1925 3.6429999999999997e-22 8.804999999999999e-22 3.933e-21 0.0 170.07 0.0
S156169 309.4956 62.1521 1.534e-17 2.237e-17 3.595e-17 0.0 173.27 0.0
S156170 309.5524 62.1325 6.614e-20 9.278000000000001e-20 1.35e-19 0.0 175.33 0.0
S156171 309.5207 62.1662 6.623e-17 5.477e-17 2.785e-17 0.0 172.17 0.0
S156172 309.5383 62.1383 2.77e-22 5.675999999999999e-22 1.891e-21 0.0 170.94 0.0
S156173 309.5641 62.1725 4.923e-23 1.2269999999999998e-22 5.867e-22 0.0 173.6 0.0
S156174 309.4762 62.1282 3.781e-13 2.574e-13 8.984e-14 0.0 170.12 0.0
S156175 309.5454 62.1412 2.9229999999999997e-22 6.477999999999999e-22 2.42e-21 0.0 173.04 0.0
S156176 309.4707 62.1363 4.903e-18 5.006e-18 3.875e-18 0.0 172.09 0.0
S156177 309.5261 62.123 1.108e-19 1.55e-19 2.149e-19 0.0 174.74 0.0
S156178 309.5338 62.1851 1.091e-18 1.27e-18 1.254e-18 0.0 172.55 0.0
S156179 309.6169 62.1146 2.231e-21 4.756e-21 1.6020000000000003e-20 0.0 170.24 0.0
S156180 309.5348 62.1566 1.335e-17 1.23e-17 7.608e-18 0.0 171.51 0.0
S156181 309.5156 62.1453 2.527e-17 5.325e-17 1.827e-16 0.001 172.8 0.0
S156182 309.5692 62.1257 7.899e-18 7.95e-18 5.853e-18 0.0 170.43 0.0
S156183 309.5122 62.1168 4.083e-26 2.394e-25 6.875e-24 0.0 170.26 0.0
S156184 309.517 62.1285 3.659e-19 4.529e-19 4.991e-19 0.0 172.78 0.0
S156185 309.5721 62.1278 1.564e-20 2.553e-20 5.2700000000000004e-20 0.0 173.81 0.0
S156186 309.4859 62.1549 8.345999999999999e-22 1.823e-21 6.751e-21 0.0 171.03 0.0
S156187 309.5575 62.1586 2.004e-20 3.23e-20 6.199000000000001e-20 0.001 175.51 0.0
S156188 309.494 62.156 2.956e-16 2.208e-16 8.977e-17 0.0 174.15 1.0
S156189 309.5243 62.109 2.514e-19 3.22e-19 3.908e-19 0.0 172.46 0.0
S156190 309.5483 62.1365 2.7309999999999996e-23 7.754e-23 4.963999999999999e-22 0.0 171.23 0.0
S156191 309.516 62.1016 1.5530000000000001e-21 3.044e-21 9.073e-21 0.0 171.72 0.0
S156192 309.5026 62.0987 1.408e-17 1.314e-17 8.465e-18 0.0 173.14 0.0
S156193 309.5561 62.1154 7.574e-22 1.7e-21 6.744e-21 0.0 170.69 0.0
S156194 309.5081 62.1125 2.353e-16 6.247e-16 3.478e-15 0.0 173.03 1.0
S156195 309.499 62.1398 2.509e-17 2.241e-17 1.28e-17 0.0 171.51 0.0
S156196 309.4834 62.1399 7.34e-19 8.462e-19 8.161e-19 0.0 170.21 0.0
S156197 309.5395 62.128 4.573e-18 4.338e-18 2.906e-18 0.0 174.83 0.0
S156198 309.5579 62.1414 4.955e-23 1.2719999999999999e-22 6.435999999999999e-22 0.0 169.87 0.0
S156199 309.4792 62.1344 2.2280000000000002e-20 3.4120000000000005e-20 6.168e-20 0.0 175.2 0.0
S156200 309.5282 62.1284 3.923e-24 1.354e-23 1.2889999999999998e-22 0.0 175.2 0.0
S156201 309.5272 62.1089 4.954e-18 5.1e-18 3.943e-18 0.0 171.01 0.0
S156202 309.5392 62.1596 1.263e-18 1.373e-18 1.203e-18 0.0 172.32 0.0
S156203 309.5388 62.1094 6.249e-21 1.1550000000000001e-20 3.044e-20 0.0 175.92 0.0
S156204 309.509 62.1549 1.506e-19 2.179e-19 3.209e-19 0.001 172.12 0.0
S156205 309.5388 62.1682 9.342e-17 2.07e-16 7.874e-16 0.0 175.77 1.0
S156206 309.5247 62.1605 2.974e-20 4.747e-20 9.243000000000001e-20 0.0 172.14 0.0
S156207 309.5357 62.1128 1.657e-19 2.271e-19 3.208e-19 0.0 175.73 0.0
S156208 309.5771 62.1279 6.8e-22 1.503e-21 5.767e-21 0.0 175.23 0.0
S156209 309.4874 62.1041 1.525e-17 1.376e-17 7.983e-18 0.0 170.18 0.0
S156210 309.5391 62.1393 3.6439999999999998e-22 8.242999999999999e-22 3.216e-21 0.0 171.7 0.0
S156211 309.5392 62.1335 1.047e-16 1.946e-16 5.016e-16 0.0 174.5 0.0
S156212 309.5573 62.1316 4.61e-19 5.458e-19 5.439e-19 0.0 174.19 0.0
S156213 309.5283 62.1908 2.2149999999999996e-22 5.255e-22 2.264e-21 0.0 169.59 0.0
S156214 309.5684 62.1371 8.267e-21 1.415e-20 3.1640000000000004e-20 0.0 170.96 0.0
S156215 309.5185 62.0943 1.038e-18 1.217e-18 1.233e-18 0.0 174.53 0.0
S156216 309.552 62.1678 4.274e-18 4.15e-18 2.721e-18 0.0 169.81 0.0
S156217 309.5457 62.1268 3.907e-19 4.82e-19 5.382e-19 0.0 172.81 0.0
S156218 309.5311 62.1143 5.531e-20 8.489000000000001e-20 1.472e-19 0.0 173.4 0.0
S156219 309.5138 62.191 1.315e-16 1.103e-16 5.431e-17 0.0 171.16 0.0
S156220 309.5038 62.1405 1.089e-18 1.3e-18 1.285e-18 0.0 170.58 0.0
S156221 309.4989 62.1174 6.011e-21 1.0260000000000001e-20 2.2400000000000003e-20 0.0 172.19 0.0
S156222 309.5728 62.0815 1.81e-17 3.067e-17 6.614e-17 0.0 169.68 0.0
S156223 309.5599 62.1073 3.162e-17 2.785e-17 1.611e-17 0.0 171.9 0.0
S156224 309.5189 62.1268 5.989e-17 5.245e-17 2.843e-17 0.0 170.54 0.0
S156225 309.5464 62.1127 1.5839999999999999e-22 3.8319999999999994e-22 1.744e-21 0.0 175.4 0.0
S156226 309.5674 62.1388 7.316e-19 9.005e-19 1.01e-18 0.0 172.33 0.0
S156227 309.4919 62.1654 6.268e-19 7.502e-19 7.742e-19 0.0 175.37 0.0
S156228 309.5437 62.1008 8.946e-18 8.375e-18 5.179e-18 0.0 174.65 0.0
S156229 309.4833 62.1563 1.108e-18 1.237e-18 1.094e-18 0.0 175.36 0.0
S156230 309.5876 62.1316 5.879e-23 1.626e-22 9.837999999999998e-22 0.0 172.28 0.0
S156231 309.5524 62.1282 5.999e-17 4.941e-17 2.391e-17 0.0 174.42 0.0
S156232 309.5059 62.1561 7.061e-19 8.116e-19 7.867e-19 0.0 175.73 0.0
S156233 309.5229 62.1423 1.763e-18 1.899e-18 1.575e-18 0.0 174.46 0.0
S156234 309.5545 62.1376 2.745e-16 2.202e-16 1.022e-16 0.0 173.92 0.0
S156235 309.5792 62.1378 2.135e-21 4.355e-21 1.412e-20 0.0 174.82 0.0
S156236 309.5574 62.164 9.406e-24 3.0889999999999997e-23 2.7289999999999997e-22 0.0 172.05 0.0
S156237 309.5414 62.1635 6.624e-17 5.269e-17 2.352e-17 0.0 170.38 0.0
S156238 309.5039 62.1397 1.774e-20 2.786e-20 5.156000000000001e-20 0.0 172.04 0.0
S156239 309.5043 62.1224 5.894e-19 7.482e-19 9.03e-19 0.0 174.6 0.0
S156240 309.5582 62.1564 4.656e-19 5.696e-19 6.257e-19 0.0 172.77 0.0
S156241 309.4999 62.1417 1.1980000000000001e-20 2.1240000000000002e-20 4.9980000000000007e-20 0.0 169.47 0.0
S156242 309.5524 62.1184 3.988e-18 4.199e-18 3.3e-18 0.0 170.54 0.0
S156243 309.5119 62.1676 1.385e-19 1.929e-19 2.781e-19 0.0 170.46 0.0
S156244 309.5224 62.156 6.812e-23 2.1269999999999997e-22 1.685e-21 0.0 173.36 0.0
S156245 309.5212 62.1715 7.805e-17 1.245e-16 2.371e-16 0.0 169.87 0.0
S156246 309.5432 62.1572 3.958e-24 1.34e-23 1.254e-22 0.0 171.1 0.0
S156247 309.5449 62.0892 8.115000000000001e-20 1.175e-19 1.813e-19 0.0 171.13 0.0
S156248 309.5496 62.1181 9.799e-19 1.171e-18 1.168e-18 0.0 172.94 0.0
S156249 309.5231 62.0794 2.868e-18 3.193e-18 2.892e-18 0.0 169.91 0.0
S156250 309.5344 62.1519 4.017e-19 4.977e-19 5.782e-19 0.0 169.92 0.0
S156251 309.5298 62.1524 1.188e-17 1.144e-17 7.666e-18 0.0 173.39 0.0
S156252 309.5041 62.1224 2.595e-21 1.789e-21 6.246999999999999e-22 0.0 170.95 0.0
S156253 309.5059 62.1565 4.88e-19 6.001e-19 6.556e-19 0.0 174.79 0.0
S156254 309.4888 62.1677 4.139e-19 4.843e-19 4.857e-19 0.0 172.82 0.0
S156255 309.5158 62.1495 3.746e-23 1.1409999999999998e-22 8.215999999999999e-22 0.0 171.67 0.0
S156256 309.5008 62.1599 7.845e-19 9.236e-19 9.245e-19 0.0 174.82 0.0
S156257 309.5272 62.0936 2.134e-21 4.175e-21 1.251e-20 0.0 176.05 0.0
S156258 309.5183 62.1111 9.454e-19 1.095e-18 1.092e-18 0.0 173.04 0.0
S156259 309.5259 62.1611 3.858e-17 3.26e-17 1.695e-17 0.0 174.19 0.0
S156260 309.5353 62.1526 2.162e-16 1.655e-16 6.94e-17 0.0 171.52 1.0
S156261 309.4873 62.1459 1.4650000000000002e-20 2.2960000000000003e-20 4.195e-20 0.0 169.48 0.0
S156262 309.5158 62.1305 1.688e-24 6.804e-24 9.263999999999999e-23 0.0 171.68 0.0
S156263 309.5761 62.1845 3.915e-21 7.294e-21 1.9470000000000003e-20 0.0 175.26 0.0
S156264 309.5087 62.1665 1.351e-17 2.393e-17 5.386e-17 0.0 173.66 0.0
S156265 309.5261 62.1409 1.059e-15 7.541e-16 2.85e-16 0.0 166.92 0.0
S156266 309.526 62.141 1.434e-14 9.693e-15 3.33e-15 0.0 172.91 0.0
S156267 309.5258 62.141 2.068e-15 1.53e-15 5.96e-16 0.0 165.47 0.0
S156268 309.526 62.1412 5.661e-16 3.944e-16 1.41e-16 0.0 178.86 0.0
S156269 309.526 62.141 4.118e-17 3.485e-17 1.778e-17 0.0 171.0 0.0
S156270 309.5258 62.141 2.212e-16 1.664e-16 6.956e-17 0.0 166.46 1.0
S156271 309.526 62.1408 2.194e-17 4.642e-17 1.61e-16 0.0 177.88 0.0
S156272 309.5262 62.1412 1.7919999999999999e-22 4.602e-22 2.264e-21 0.0 168.16 1.0
S156273 309.5259 62.141 2.097e-13 1.439e-13 4.854e-14 0.0 166.21 0.0
S156274 309.4334 62.1605 2.508e-18 2.687e-18 2.213e-18 0.0 174.14 0.0
S156275 309.6748 62.243 1.47e-19 1.962e-19 2.605e-19 0.0 167.3 0.0
S156277 309.5692 61.9439 5.317e-21 9.225000000000001e-21 2.0610000000000003e-20 0.0 169.01 0.0
S156279 309.3052 62.2374 2.396e-22 5.844999999999999e-22 2.685e-21 0.0 169.24 0.0
S156281 309.5442 62.2577 2.598e-25 1.242e-24 2.333e-23 0.0 176.81 0.0
S156282 309.2534 62.2882 1.0439999999999999e-22 2.9139999999999996e-22 1.728e-21 0.0 169.63 0.0
S156284 309.308 62.0425 5.174e-23 1.3639999999999998e-22 7.501999999999999e-22 0.0 175.04 0.0
S156286 309.7101 62.27 1.685e-18 1.912e-18 1.789e-18 0.0 173.09 0.0
S156287 309.2547 62.1888 6.323e-22 1.396e-21 5.301e-21 0.0 169.15 0.0
S156289 309.5528 62.2623 3.0820000000000002e-21 2.094e-21 7.055e-22 0.0 172.97 0.0
S156290 309.3814 62.0898 2.705e-21 5.168e-21 1.453e-20 0.0 171.32 0.0
S156292 309.7692 62.0398 7.031e-24 2.348e-23 2.0089999999999997e-22 0.0 170.03 0.0
S156293 309.3962 61.93 8.449999999999999e-22 1.68e-21 5.123e-21 0.0 177.24 0.0
S156294 309.3919 62.1827 2.621e-21 5.252e-21 1.643e-20 0.0 169.08 0.0
S156295 309.6104 62.281 2.0340000000000002e-20 3.562e-20 7.734000000000001e-20 0.0 172.85 0.0
S156296 309.4547 62.1272 8.821e-19 1.014e-18 9.463e-19 0.0 169.43 0.0
S156297 309.4717 62.0702 3.653e-22 8.379999999999999e-22 3.5130000000000004e-21 0.0 175.32 0.0
S156298 309.4791 62.1112 4.6680000000000005e-20 6.931000000000001e-20 1.155e-19 0.0 169.55 0.0
S156299 309.5383 62.3969 5.657999999999999e-23 1.641e-22 1.08e-21 0.0 168.23 0.0
S156300 309.3904 62.2893 2.4e-21 5.211e-21 1.918e-20 0.001 171.82 0.0
S156305 309.7683 62.0763 2.74e-19 3.538e-19 4.23e-19 0.0 168.83 0.0
S156306 309.5375 62.045 6.495e-20 9.223000000000001e-20 1.377e-19 0.0 168.34 0.0
S156307 309.7181 62.3596 6.907e-18 1.489e-17 5.349e-17 0.0 176.9 0.0
S156308 309.3923 61.8343 1.3309999999999998e-22 3.104e-22 1.303e-21 0.0 168.6 0.0
S156310 309.4362 62.1269 1.432e-20 2.308e-20 4.659e-20 0.0 176.14 0.0
S156312 309.4611 61.9995 2.778e-23 8.477999999999999e-23 6.461e-22 0.0 171.56 0.0
S156313 309.5346 62.2864 5.796e-23 1.6359999999999999e-22 1.047e-21 0.0 177.04 0.0
S156314 309.7619 62.0191 6.1849999999999996e-24 1.83e-23 1.236e-22 0.0 175.87 0.0
S156315 309.4549 62.0318 9.359e-21 1.691e-20 4.112e-20 0.0 172.4 0.0
S156316 309.4053 61.981 5.064e-19 6.178e-19 6.63e-19 0.0 177.63 0.0
S156317 309.7472 62.3568 4.023e-21 7.465000000000001e-21 1.8900000000000002e-20 0.0 176.46 0.0
S156318 309.4221 61.921 1.616e-17 2.496e-17 4.318e-17 0.0 169.56 0.0
S156319 309.3063 62.2167 6.109999999999999e-22 1.3270000000000001e-21 4.756e-21 0.0 169.03 0.0
S156320 309.4198 62.0595 6.827e-20 1.043e-19 1.825e-19 0.0 176.48 0.0
S156321 309.6246 62.3198 1.088e-22 2.8089999999999996e-22 1.473e-21 0.0 167.31 0.0
S156322 309.429 62.1082 5.113e-21 9.601e-21 2.643e-20 0.0 175.59 0.0
S156323 309.3009 62.2705 1.8169999999999998e-22 4.295999999999999e-22 1.928e-21 0.0 176.24 0.0
S156324 309.579 62.2486 2.468e-21 4.89e-21 1.446e-20 0.0 173.96 0.0
S156325 309.3155 62.217 1.403e-19 1.885e-19 2.585e-19 0.0 174.75 0.0
S156326 309.3279 61.9099 2.688e-17 4.695e-17 1.078e-16 0.0 168.41 0.0
S156328 309.414 61.971 2.476e-23 7.566e-23 5.586999999999999e-22 0.0 177.44 0.0
S156329 309.4616 62.3197 3.927e-18 4.099e-18 3.166e-18 0.0 174.7 0.0
S156330 309.7076 62.0915 7.875e-23 1.9689999999999998e-22 9.343999999999999e-22 0.0 177.59 0.0
S156332 309.7488 62.1031 2.795e-21 5.553e-21 1.667e-20 0.0 168.22 0.0
S156334 309.2516 61.9357 2.872e-21 1.97e-21 6.824999999999999e-22 0.0 169.74 0.0
S156335 309.7649 62.3191 2.4979999999999996e-22 5.547999999999999e-22 2.109e-21 0.0 175.67 0.0
S156336 309.5087 61.9278 4.362e-17 9.269e-17 3.143e-16 0.0 177.84 0.0
S156337 309.7337 62.3727 1.838e-21 1.335e-21 5.0289999999999995e-22 0.0 175.38 0.0
S156338 309.6677 62.3224 1.643e-21 3.135e-21 8.728e-21 0.0 177.12 0.0
S156340 309.5974 62.0637 1.159e-21 2.609e-21 9.849e-21 0.0 176.47 0.0
S156342 309.5986 62.2459 2.777e-21 5.504e-21 1.619e-20 0.0 170.44 0.0
S156344 309.7093 62.2708 2.093e-21 1.486e-21 5.353999999999999e-22 0.0 168.89 1.0
S156345 309.8168 62.2837 3.237e-20 4.9320000000000004e-20 8.552000000000001e-20 0.0 167.27 0.0
S156346 309.4708 62.3836 1.38e-19 1.764e-19 2.173e-19 0.0 174.74 0.0
S156348 309.4557 62.2904 2.346e-19 3.006e-19 3.684e-19 0.0 173.89 0.0
S156350 309.2901 62.0253 2.337e-17 3.865e-17 7.821e-17 0.0 172.93 0.0
S156352 309.4599 62.1834 2.9899999999999997e-22 7.210999999999999e-22 3.328e-21 0.0 172.68 0.0
S156353 309.6039 62.1233 2.422e-25 1.12e-24 1.948e-23 0.001 174.14 0.0
S156354 309.2712 62.117 4.409e-25 1.86e-24 2.632e-23 0.0 169.2 0.0
S156356 309.7012 62.3138 5.569e-13 3.794e-13 1.273e-13 0.0 171.78 0.0
S156358 309.5164 62.365 1.69e-20 2.7350000000000005e-20 5.1940000000000004e-20 0.0 173.47 0.0
S156359 309.4182 61.997 5.749e-23 1.5719999999999998e-22 9.452999999999998e-22 0.0 169.4 0.0
S156360 309.3391 61.9865 9.476e-22 2.098e-21 7.895e-21 0.0 168.76 0.0
S156361 309.4768 62.1862 2.594e-25 1.223e-24 2.249e-23 0.0 173.82 0.0
S156362 309.4449 61.9197 4.01e-23 1.122e-22 6.760999999999999e-22 0.0 167.07 0.0
S156363 309.4791 62.1505 3.5370000000000004e-21 7.09e-21 2.0960000000000002e-20 0.0 176.68 0.0
S156364 309.2493 62.1681 4.802e-18 4.894e-18 3.723e-18 0.0 177.39 0.0
S156365 309.7861 62.3183 1.2569999999999999e-22 3.2409999999999996e-22 1.693e-21 0.0 176.21 0.0
S156368 309.5093 61.9919 3.723e-13 2.608e-13 9.317e-14 0.0 177.73 0.0
S156369 309.7171 62.2473 3.028e-25 1.3979999999999999e-24 2.4869999999999998e-23 0.0 175.82 0.0
S156371 309.361 61.8338 7.432000000000001e-20 1.089e-19 1.691e-19 0.0 169.77 0.0
S156372 309.6124 61.8748 2.4849999999999998e-23 7.384e-23 4.9989999999999995e-22 0.0 174.77 0.0
S156373 309.7236 62.289 2.6010000000000002e-20 4.0550000000000004e-20 7.597e-20 0.0 170.39 0.0
S156374 309.6479 62.2673 2.15e-15 7.507e-15 7.499e-14 0.0 176.64 1.0
S156375 309.7087 62.152 1.133e-24 4.457e-24 5.761e-23 0.001 168.43 0.0
S156377 309.4752 62.37 1.965e-21 3.907e-21 1.163e-20 0.0 167.84 0.0
S156378 309.6757 61.945 3.984e-23 1.096e-22 6.357999999999999e-22 0.0 172.5 0.0
S156379 309.2608 62.1177 3.255e-17 2.808e-17 1.508e-17 0.0 172.62 0.0
S156380 309.5184 62.2738 3.5959999999999997e-23 9.997999999999999e-23 6.159e-22 0.0 170.06 0.0
S156381 309.3527 62.0407 6.289e-18 6.214e-18 4.463e-18 0.0 170.51 0.0
S156382 309.5805 62.0519 8.225999999999999e-23 1.7719999999999998e-22 6.379999999999999e-22 0.0 171.69 0.0
S156383 309.6268 61.9943 1.299e-21 3.034e-21 1.2760000000000001e-20 0.0 172.85 0.0
S156384 309.3089 62.1846 1.737e-17 1.566e-17 9.255e-18 0.0 168.81 0.0
S156385 309.4821 61.997 4.045e-23 1.0889999999999998e-22 6.186999999999999e-22 0.0 170.31 0.0
S156387 309.5877 62.0191 6.423e-20 8.928e-20 1.266e-19 0.0 174.55 0.0
S156388 309.7804 62.2062 5.781e-19 7.123e-19 7.758e-19 0.0 171.41 0.0
S156389 309.7928 62.2944 4.978000000000001e-25 2.084e-24 2.984e-23 0.0 175.06 0.0
S156390 309.4326 62.1063 8.789000000000001e-20 1.262e-19 1.89e-19 0.001 174.73 0.0
S156393 309.3604 62.3434 3.787e-19 4.817e-19 5.528e-19 0.0 177.92 0.0
S156394 309.7213 62.3452 2.407e-22 5.6379999999999995e-22 2.468e-21 0.0 167.71 0.0
S156395 309.6967 62.2275 3.4869999999999997e-22 7.115999999999999e-22 2.297e-21 0.0 173.18 0.0
S156397 309.4662 62.0956 6.418e-19 7.913e-19 8.624e-19 0.0 168.55 0.0
S156398 309.3773 62.247 4.104e-19 4.928e-19 5.103e-19 0.0 173.38 0.0
S156399 309.4281 62.0434 7.745e-21 1.3550000000000001e-20 3.21e-20 0.0 170.04 0.0
S156400 309.433 61.9085 6.535e-24 2.1019999999999999e-23 1.7979999999999998e-22 0.0 172.68 0.0
S156402 309.2802 62.1252 2.671e-19 3.351e-19 3.917e-19 0.0 173.82 0.0
S156403 309.6403 62.391 4.0779999999999995e-22 9.873999999999999e-22 4.396e-21 0.0 172.34 0.0
S156404 309.7873 62.0547 1.6079999999999997e-22 3.394e-22 1.149e-21 0.0 167.47 0.0
S156405 309.3463 62.2992 1.276e-21 2.504e-21 7.53e-21 0.0 169.47 0.0
S156406 309.4 62.1927 1.454e-18 1.568e-18 1.324e-18 0.001 167.26 0.0
S156407 309.2579 62.1217 5.47e-23 1.4829999999999998e-22 8.516e-22 0.0 176.34 0.0
S156408 309.3275 62.0828 1.329e-24 5.317e-24 6.68e-23 0.0 177.44 0.0
S156409 309.3787 62.2125 3.2089999999999995e-22 6.983999999999999e-22 2.521e-21 0.0 169.36 0.0
S156410 309.6471 62.0195 2.946e-22 7.861999999999999e-22 4.218e-21 0.0 172.05 0.0
S156411 309.4023 62.0955 5.379e-23 1.556e-22 1.008e-21 0.0 177.16 0.0
S156412 309.3967 62.2538 1.062e-17 9.919e-18 6.342e-18 0.0 171.62 0.0
S156414 309.7583 61.9722 3.4909999999999995e-22 7.574999999999999e-22 2.746e-21 0.0 176.87 0.0
S156419 309.5236 62.0714 1.031e-21 2.225e-21 7.686e-21 0.0 167.87 0.0
S156420 309.5756 62.3995 5.0260000000000005e-25 2.071e-24 2.9129999999999996e-23 0.0 176.8 0.0
S156421 309.5617 62.2246 1.038e-21 2.164e-21 7.256e-21 0.0 172.84 0.0
S156423 309.3896 61.9525 1.015e-18 1.2e-18 1.238e-18 0.0 169.96 0.0
S156426 309.6553 62.1254 4.872e-19 5.991e-19 6.454e-19 0.0 167.24 0.0
S156429 309.3813 62.1389 4.887e-22 1.139e-21 4.8440000000000004e-21 0.0 173.33 0.0
S156430 309.4206 62.1867 1.388e-17 1.31e-17 8.231e-18 0.0 172.66 0.0
S156434 309.599 62.1902 9.127e-13 6.622e-13 2.462e-13 0.0 173.11 0.0
S156436 309.5017 61.9237 6.772e-23 1.9739999999999999e-22 1.292e-21 0.0 177.65 0.0
S156437 309.4065 62.1675 1.137e-20 1.995e-20 4.604e-20 0.0 168.01 0.0
S156438 309.5367 62.3419 1.737e-22 4.2039999999999995e-22 1.961e-21 0.0 168.53 0.0
S156441 309.7238 62.3597 3.262e-17 5.334e-17 1.108e-16 0.0 171.34 0.0
S156442 309.4966 62.3819 2.971e-19 3.712e-19 4.332e-19 0.0 171.21 0.0
S156443 309.4116 62.0805 7.382e-13 5.233e-13 1.852e-13 0.0 170.45 0.0
S156444 309.7908 62.3231 4.466e-17 7.701e-17 1.763e-16 0.0 176.41 0.0
S156445 309.2165 62.0443 1.042e-21 2.35e-21 9.123e-21 0.0 167.09 0.0
S156446 309.3853 62.2953 4.408e-24 1.53e-23 1.462e-22 0.0 177.29 0.0
S156448 309.6329 62.2202 6.526e-23 1.596e-22 7.259e-22 0.0 167.98 0.0
S156449 309.3272 62.1031 4.1670000000000004e-21 7.496e-21 1.8100000000000002e-20 0.0 175.98 0.0
S156450 309.528 61.9757 4.077e-20 6.018e-20 9.796000000000001e-20 0.0 172.06 0.0
S156451 309.4874 62.1875 2.1210000000000002e-20 3.431e-20 6.801000000000001e-20 0.0 174.81 0.0
S156453 309.5112 62.0073 3.331e-21 2.27e-21 7.461999999999999e-22 0.0 174.33 0.0
S156454 309.692 62.2883 4.737e-22 1.087e-21 4.38e-21 0.0 169.36 0.0
S156455 309.4153 62.1595 1.601e-21 3.042e-21 8.321000000000001e-21 0.0 167.47 0.0
S156456 309.6129 62.0785 9.307e-20 1.389e-19 2.319e-19 0.0 175.77 0.0
S156457 309.7389 62.1376 9.937999999999999e-22 2.234e-21 8.727000000000001e-21 0.0 171.78 0.0
S156458 309.5533 62.1504 2.812e-22 5.952e-22 2.093e-21 0.0 171.87 0.0
S156460 309.362 62.3518 3.1799999999999995e-22 7.789999999999999e-22 3.573e-21 0.0 174.57 0.0
S156461 309.4781 62.2083 8.626e-24 2.724e-23 2.159e-22 0.0 170.54 0.0
S156462 309.3926 62.2243 5.592e-17 4.992e-17 3.002e-17 0.0 175.39 0.0
S156463 309.7514 62.2121 1.597e-21 3.285e-21 1.0460000000000001e-20 0.0 168.88 0.0
S156465 309.5873 62.3987 8.088e-25 3.33e-24 4.4339999999999996e-23 0.0 167.69 0.0
S156466 309.6679 62.2082 1.329e-17 1.23e-17 7.47e-18 0.0 171.86 0.0
S156468 309.7168 62.256 2.678e-18 2.761e-18 2.086e-18 0.0 170.54 0.0
S156469 309.486 62.0078 2.5029999999999998e-23 7.232e-23 4.858e-22 0.0 173.66 0.0
S156470 309.5353 62.2332 4.638e-20 6.695000000000001e-20 1.02e-19 0.0 177.0 0.0
S156472 309.7097 62.0294 1.8719999999999998e-22 4.254999999999999e-22 1.7150000000000002e-21 0.0 169.53 0.0
S156473 309.2846 62.0379 3.739e-19 4.464e-19 4.801e-19 0.0 172.78 0.0
S156474 309.5787 62.0137 2.0579999999999998e-23 6.293999999999999e-23 4.7319999999999995e-22 0.0 171.68 0.0
S156475 309.6674 61.9584 2.5750000000000003e-20 4.1030000000000004e-20 7.726e-20 0.0 175.14 0.0
S156478 309.4346 61.9192 8.655999999999999e-22 2.032e-21 8.545e-21 0.0 175.52 0.0
S156479 309.7325 62.2101 2.2149999999999996e-22 5.6979999999999995e-22 2.881e-21 0.001 175.85 0.0
S156480 309.7139 62.0508 4.147e-19 5.102e-19 5.853e-19 0.0 172.65 0.0
S156481 309.7061 62.1144 3.613e-23 9.013e-23 4.2119999999999995e-22 0.0 171.91 0.0
S156482 309.499 62.1591 2.005e-21 3.655e-21 9.248e-21 0.0 170.15 0.0
S156483 309.7213 62.2188 7.717000000000001e-20 1.136e-19 1.832e-19 0.0 170.47 0.0
S156484 309.579 62.1092 1.894e-23 5.373e-23 3.3809999999999996e-22 0.0 168.4 0.0
S156485 309.5174 61.9039 4.237e-19 5.361e-19 6.218e-19 0.0 176.83 0.0
S156486 309.2614 62.1242 3.884e-20 6.014e-20 1.076e-19 0.0 176.92 0.0
S156487 309.6855 62.0588 2.217e-21 1.548e-21 5.586e-22 0.0 172.0 0.0
S156489 309.2849 61.8453 3.405e-24 1.257e-23 1.3529999999999998e-22 0.0 173.5 0.0
S156491 309.4631 62.0932 7.442999999999999e-22 1.486e-21 4.629e-21 0.0 178.01 0.0
S156492 309.3608 62.0186 2.608e-19 3.257e-19 3.821e-19 0.0 170.51 0.0
S156493 309.7091 62.0077 3.033e-17 5.067e-17 1.04e-16 0.0 171.74 0.0
S156494 309.3521 62.1586 3.517e-18 3.645e-18 2.929e-18 0.0 174.52 0.0
S156495 309.7605 61.9801 1.337e-12 1.02e-12 4.206e-13 0.0 174.26 1.0
S156496 309.2783 62.1305 2.4800000000000002e-20 4.009e-20 7.929e-20 0.0 173.54 0.0
S156498 309.6938 62.2965 1.973e-21 3.759e-21 1.0580000000000002e-20 0.0 176.76 0.0
S156499 309.2742 62.0904 9.083e-13 7.304e-13 3.323e-13 0.0 175.9 1.0
S156500 309.5061 62.1963 1.053e-21 2.247e-21 7.878e-21 0.0 170.16 0.0
S156501 309.704 62.0445 2.512e-20 4.181e-20 8.580000000000001e-20 0.0 171.94 0.0
S156502 309.6431 62.3118 3.136e-18 3.319e-18 2.67e-18 0.0 173.26 0.0
S156503 309.4229 62.0084 8.198e-17 7.2e-17 4.071e-17 0.0 176.51 0.0
S156504 309.6453 61.92 4.193e-18 4.421e-18 3.548e-18 0.0 175.05 0.0
S156505 309.3648 62.3306 4.9e-17 1.126e-16 4.547e-16 0.0 170.51 1.0
S156507 309.4739 61.9596 2.292e-21 4.973e-21 1.7060000000000002e-20 0.0 174.28 0.0
S156508 309.4718 62.0307 7.067999999999999e-23 1.834e-22 9.635999999999999e-22 0.0 174.94 0.0
S156510 309.2884 62.149 2.279e-17 3.549e-17 6.462e-17 0.0 167.96 0.0
S156511 309.619 62.2775 1.056e-12 7.873e-13 3.123e-13 0.0 176.9 0.0
S156514 309.228 62.2009 1.079e-21 2.306e-21 8.055e-21 0.0 167.52 0.0
S156515 309.7347 62.2423 4.409e-25 1.918e-24 2.8579999999999996e-23 0.0 173.38 0.0
S156516 309.5713 62.091 2.9770000000000003e-25 1.291e-24 2.031e-23 0.0 169.71 0.0
S156517 309.5357 62.3909 1.014e-23 3.257e-23 2.6539999999999996e-22 0.0 167.63 0.0
S156518 309.5016 62.0075 2.0499999999999999e-23 5.977e-23 3.913e-22 0.0 171.47 0.0
S156519 309.6631 62.3215 6.858e-20 1.007e-19 1.621e-19 0.0 168.87 0.0
S156521 309.4138 61.9226 1.952e-21 3.641e-21 9.608e-21 0.0 173.27 0.0
S156524 309.5255 62.1086 7.839e-24 2.387e-23 1.7169999999999998e-22 0.0 169.83 0.0
S156525 309.502 61.9759 5.357e-18 5.476e-18 4.287e-18 0.0 173.81 0.0
S156526 309.4731 62.1703 1.369e-12 1.134e-12 5.508e-13 0.0 172.36 1.0
S156527 309.6446 62.3117 8.718e-19 9.902e-19 8.855e-19 0.0 171.09 0.0
S156530 309.7492 62.0462 4.367e-21 7.599e-21 1.7480000000000002e-20 0.0 175.91 0.0
S156532 309.2447 62.0833 1.502e-21 2.939e-21 8.569e-21 0.0 176.61 0.0
S156533 309.512 62.3468 2.76e-17 2.376e-17 1.239e-17 0.0 175.01 0.0
S156534 309.5132 62.0052 4.8820000000000005e-20 7.608000000000001e-20 1.371e-19 0.0 169.36 0.0
S156535 309.4538 62.221 3.469e-24 1.231e-23 1.225e-22 0.0 169.79 0.0
S156536 309.3387 62.2392 3.1209999999999996e-23 7.974e-23 4.1469999999999996e-22 0.0 177.25 0.0
S156539 309.4401 61.9783 3.037e-19 3.853e-19 4.424e-19 0.0 175.23 0.0
S156541 309.5778 62.0983 1.7319999999999998e-22 4.803999999999999e-22 2.895e-21 0.0 170.5 0.0
S156542 309.5732 62.2229 1.559e-22 3.5249999999999998e-22 1.414e-21 0.0 170.16 0.0
S156543 309.7461 62.2919 1.197e-19 1.589e-19 2.066e-19 0.001 170.4 0.0
S156546 309.699 61.9548 2.607e-21 1.794e-21 6.279e-22 0.0 173.45 0.0
S156547 309.3328 62.2327 1.2280000000000001e-20 2.18e-20 5.239000000000001e-20 0.0 171.9 0.0
S156548 309.5579 62.3324 7.422e-18 7.053e-18 4.54e-18 0.0 177.01 0.0
S156549 309.3256 62.1782 5.839e-23 1.447e-22 7.000999999999999e-22 0.0 175.08 0.0
S156550 309.3701 62.2464 3.009e-21 5.785e-21 1.5790000000000002e-20 0.0 169.96 0.0
S156551 309.3989 62.1826 3.59e-25 1.52e-24 2.272e-23 0.0 167.91 0.0
S156553 309.5125 62.384 8.183e-18 8.006e-18 5.579e-18 0.0 177.13 0.0
S156554 309.3517 62.1321 2.174e-17 4.109e-17 1.118e-16 0.0 172.79 0.0
S156557 309.426 62.1602 2.5589999999999997e-22 6.254999999999999e-22 2.873e-21 0.0 168.59 0.0
S156558 309.3065 62.3483 8.471e-18 8.595e-18 6.482e-18 0.0 176.06 0.0
S156559 309.5002 61.9292 1.355e-17 1.229e-17 7.611e-18 0.0 177.29 0.0
S156560 309.681 61.9872 2.935e-18 3.122e-18 2.581e-18 0.0 175.89 0.0
S156561 309.6226 62.0514 2.573e-24 9.534e-24 1.0519999999999999e-22 0.0 171.23 0.0
S156562 309.3054 62.1141 1.9000000000000002e-20 3.224e-20 7.226000000000001e-20 0.0 174.07 0.0
S156563 309.5376 62.3124 5.969e-22 1.296e-21 4.657e-21 0.0 177.31 0.0
S156567 309.6808 62.1894 1.705e-17 1.479e-17 7.875e-18 0.0 174.36 0.0
S156569 309.3033 62.0453 3.2319999999999995e-22 7.603e-22 3.271e-21 0.0 172.35 0.0
S156571 309.3798 62.0492 8.38e-20 1.173e-19 1.731e-19 0.0 172.04 0.0
S156572 309.7397 62.0432 3.45e-23 9.369e-23 5.553e-22 0.0 175.29 0.0
S156573 309.5678 61.8788 2.4540000000000003e-20 3.7520000000000003e-20 6.422000000000001e-20 0.0 173.13 0.0
S156574 309.5014 62.093 2.7290000000000004e-20 4.595e-20 9.561000000000001e-20 0.0 176.02 0.0
S156575 309.4983 62.2935 8.813e-13 6.385e-13 2.391e-13 0.0 177.26 0.0
S156576 309.5152 62.156 6.859e-21 1.2030000000000002e-20 2.6990000000000003e-20 0.0 170.47 0.0
S156580 309.643 61.9259 5.624000000000001e-20 9e-20 1.689e-19 0.0 177.47 0.0
S156581 309.2908 61.913 4.841000000000001e-28 4.564e-27 3.553e-25 0.0 168.96 0.0
S156582 309.5902 62.0696 1.4980000000000001e-25 7.863000000000001e-25 1.769e-23 0.0 172.06 0.0
S156583 309.4602 62.0847 6.363e-21 1.116e-20 2.5860000000000003e-20 0.0 175.14 0.0
S156585 309.6188 62.1547 9.972e-21 1.7780000000000003e-20 4.2130000000000005e-20 0.0 174.5 0.0
S156586 309.5333 62.0344 4.067e-18 4.235e-18 3.304e-18 0.0 174.72 0.0
S156587 309.4385 62.157 1.919e-23 5.807e-23 4.254999999999999e-22 0.0 171.77 0.0
S156588 309.4577 62.1031 1.7340000000000002e-20 2.982e-20 6.598e-20 0.0 168.89 0.0
S156589 309.5188 62.3768 7.200999999999999e-23 1.934e-22 1.064e-21 0.0 167.73 0.0
S156590 309.5256 62.3531 4.745e-23 1.415e-22 9.751999999999998e-22 0.0 169.77 0.0
S156591 309.6137 62.3402 2.644e-21 1.812e-21 6.349999999999999e-22 0.0 171.41 0.0
S156592 309.4391 62.1737 1.502e-21 3.069e-21 9.685e-21 0.0 174.19 0.0
S156593 309.618 62.048 1.743e-21 1.276e-21 5.010999999999999e-22 0.0 172.95 0.0
S156594 309.5449 62.2885 2.83e-22 6.0839999999999995e-22 2.133e-21 0.0 170.29 0.0
S156595 309.3548 62.06 9.126e-24 3.0399999999999996e-23 2.7799999999999996e-22 0.0 174.53 0.0
S156596 309.4957 61.9444 1.845e-21 3.643e-21 1.0670000000000001e-20 0.0 169.36 0.0
S156598 309.7487 62.2829 1.5e-23 4.5839999999999997e-23 3.49e-22 0.0 173.56 0.0
S156599 309.4865 62.3336 8.203000000000001e-21 1.466e-20 3.4390000000000005e-20 0.0 174.53 0.0
S156601 309.3385 61.9981 9.903e-25 3.6459999999999996e-24 3.967e-23 0.0 174.23 0.0
S156602 309.4034 62.3721 2.6629999999999997e-22 6.942999999999999e-22 3.611e-21 0.0 177.96 0.0
S156603 309.3215 62.2503 7.985e-21 1.525e-20 4.176e-20 0.0 171.71 0.0
S156606 309.5711 62.2279 1.304e-24 5.452e-24 7.720999999999999e-23 0.0 168.69 0.0
S156607 309.4508 62.3413 2.384e-22 5.765999999999999e-22 2.513e-21 0.0 169.53 0.0
S156608 309.3741 62.0346 4.2389999999999996e-23 1.0469999999999998e-22 4.920999999999999e-22 0.0 166.99 0.0
S156610 309.5339 62.1964 8.698e-18 8.585e-18 6.162e-18 0.0 171.6 0.0
S156611 309.4435 61.8671 4.168e-21 7.745e-21 2.1200000000000003e-20 0.0 169.84 0.0
S156612 309.2873 62.0792 3.1500000000000005e-20 4.6980000000000003e-20 7.837000000000001e-20 0.0 172.72 0.0
S156616 309.722 62.1462 1.411e-22 3.542e-22 1.758e-21 0.0 170.55 0.0
S156619 309.3522 62.1558 2.85e-20 4.7390000000000004e-20 9.454e-20 0.0 171.15 0.0
S156620 309.2437 62.0358 3.228e-19 4.112e-19 4.96e-19 0.0 172.24 0.0
S156621 309.6957 62.2585 8.287e-21 1.549e-20 4.003e-20 0.0 175.32 0.0
S156622 309.5052 62.3117 2.915e-19 3.682e-19 4.381e-19 0.0 175.47 0.0
S156625 309.6024 62.1896 1.4869999999999998e-22 3.7289999999999995e-22 1.772e-21 0.0 172.23 0.0
S156626 309.3032 62.1165 6.075e-21 1.0450000000000001e-20 2.3350000000000002e-20 0.0 177.4 0.0
S156627 309.3202 62.1208 3.8889999999999998e-22 9.265e-22 4.022e-21 0.0 171.1 0.0
S156628 309.5244 62.1006 1.102e-12 1.081e-12 7.803e-13 0.0 168.83 1.0
S156629 309.6039 62.1572 3.532e-19 4.447e-19 5.033e-19 0.0 172.11 0.0
S156630 309.6184 62.1497 1.19e-18 1.375e-18 1.305e-18 0.0 175.95 0.0
S156632 309.6225 62.1169 2.0960000000000002e-20 3.5650000000000004e-20 7.553000000000001e-20 0.001 172.24 0.0
S156633 309.7184 62.2877 6.41e-21 1.2030000000000002e-20 3.168e-20 0.0 174.65 0.0
S156634 309.2427 62.0761 3.92e-20 6.115000000000001e-20 1.066e-19 0.0 177.52 0.0
S156635 309.7389 62.0479 3.27e-19 4.153e-19 4.734e-19 0.0 170.25 0.0
S156637 309.3997 61.8854 4.378e-21 8.2e-21 2.177e-20 0.0 171.49 1.0
S156638 309.4477 62.1361 1.726e-23 4.7889999999999997e-23 2.9059999999999996e-22 0.0 170.16 0.0
S156639 309.3701 62.145 8.259e-19 1e-18 1.04e-18 0.0 176.37 0.0
S156640 309.5067 62.0912 1.9439999999999998e-23 6.328e-23 5.468999999999999e-22 0.0 172.89 0.0
S156641 309.5685 62.0429 1.418e-19 1.909e-19 2.432e-19 0.0 175.15 0.0
S156642 309.3028 62.3546 9.547000000000001e-20 1.337e-19 1.923e-19 0.0 176.49 0.0
S156644 309.4285 62.236 1.829e-24 6.414e-24 6.358e-23 0.0 168.28 0.0
S156645 309.6857 62.0263 4.188e-25 1.703e-24 2.3179999999999998e-23 0.0 177.11 0.0
S156647 309.4592 62.2383 2.61e-19 3.445e-19 4.356e-19 0.0 175.18 0.0
S156650 309.3372 62.0968 2.3099999999999999e-23 6.318e-23 3.6959999999999998e-22 0.0 168.59 0.0
S156651 309.7151 61.9913 6.34e-24 1.969e-23 1.466e-22 0.0 176.12 0.0
S156653 309.4475 62.0668 1.641e-22 4.091e-22 1.951e-21 0.0 177.98 0.0
S156654 309.3341 62.1683 7.2579999999999995e-22 1.429e-21 4.067e-21 0.0 175.94 0.0
S156656 309.2616 61.9725 3.457e-24 1.121e-23 9.23e-23 0.0 171.63 0.0
S156658 309.41 62.1183 6.442e-22 1.397e-21 4.981e-21 0.0 174.76 0.0
S156659 309.2529 61.9437 5.22e-21 9.943e-21 2.712e-20 0.0 176.58 0.0
S156662 309.3721 62.1266 2.72e-18 2.92e-18 2.362e-18 0.0 168.95 0.0
S156663 309.6379 62.1598 2.824e-23 8.067999999999999e-23 5.365999999999999e-22 0.0 168.25 0.0
S156665 309.5808 62.0902 8.547e-21 1.526e-20 3.525e-20 0.0 168.79 0.0
S156666 309.5641 61.9158 3.471e-21 7.013e-21 2.1730000000000002e-20 0.0 172.75 0.0
S156667 309.5303 61.9965 2.126e-20 3.4050000000000005e-20 6.762e-20 0.0 167.66 0.0
S156670 309.6075 62.2765 7.859e-21 1.4540000000000002e-20 3.7220000000000005e-20 0.0 173.47 0.0
S156672 309.4707 62.0308 5.046e-17 1.06e-16 3.653e-16 0.0 167.09 1.0
S156674 309.7167 62.034 1.678e-23 4.8369999999999996e-23 3.237e-22 0.0 170.94 0.0
S156675 309.4125 62.1785 2.481e-23 7.18e-23 4.691e-22 0.0 177.83 0.0
S156676 309.611 62.3275 1.413e-18 1.657e-18 1.618e-18 0.0 170.17 0.0
S156677 309.4014 62.226 3.5949999999999995e-22 9.196999999999999e-22 4.469e-21 0.0 174.25 0.0
S156678 309.614 62.2502 5.485e-20 8.250000000000001e-20 1.386e-19 0.0 169.47 0.0
S156679 309.5074 62.1904 3.3799999999999995e-22 8.323999999999999e-22 3.971e-21 0.0 173.97 0.0
S156680 309.2879 62.3504 5.956e-19 7.326e-19 7.836e-19 0.0 177.97 0.0
S156683 309.2953 62.1849 3.481e-22 8.49e-22 3.98e-21 0.0 171.84 0.0
S156684 309.2215 61.9698 4.049e-17 7.419e-17 1.871e-16 0.0 175.35 0.0
S156685 309.4315 62.2423 5.89e-19 6.765e-19 6.481e-19 0.0 176.73 0.0
S156686 309.4257 62.2728 2.11e-17 1.897e-17 1.129e-17 0.0 174.96 0.0
S156688 309.5055 61.8411 2.456e-25 1.117e-24 1.865e-23 0.0 177.81 0.0
S156690 309.4321 62.1656 3.354e-18 3.561e-18 2.893e-18 0.0 170.1 0.0
S156691 309.5839 61.9669 1.042e-21 2.286e-21 8.581e-21 0.0 168.83 0.0
S156692 309.3378 61.9838 5.290999999999999e-22 1.132e-21 4.164e-21 0.0 170.05 0.0
S156693 309.5734 62.1334 6.674e-23 1.5569999999999998e-22 6.734999999999999e-22 0.0 170.89 0.0
S156694 309.5657 62.1774 9.154e-25 3.656e-24 4.7979999999999996e-23 0.0 176.65 0.0
S156695 309.5791 62.1704 2.0660000000000002e-20 3.321e-20 6.549e-20 0.0 175.22 0.0
S156696 309.6332 61.9799 4.819999999999999e-22 1.04e-21 3.855e-21 0.0 177.79 0.0
S156697 309.2738 62.2836 1.8009999999999997e-22 4.973e-22 2.883e-21 0.0 168.9 0.0
S156699 309.52 62.0557 6.118e-22 1.299e-21 4.511e-21 0.0 174.81 0.0
S156700 309.4825 62.1165 6.308e-20 9.060000000000001e-20 1.331e-19 0.0 172.95 0.0
S156702 309.72 62.2549 6.129e-24 1.96e-23 1.5839999999999999e-22 0.0 168.65 0.0
S156704 309.5303 61.8622 1.105e-19 1.529e-19 2.135e-19 0.0 173.33 0.0
S156705 309.7153 62.284 2.955e-21 5.865e-21 1.75e-20 0.0 172.8 0.0
S156709 309.4017 62.3584 8.057e-13 5.984e-13 2.36e-13 0.0 172.55 0.0
S156710 309.3063 62.2259 1.325e-20 2.177e-20 4.4740000000000006e-20 0.0 168.51 0.0
S156711 309.6904 61.9866 2.657e-26 1.5740000000000001e-25 4.715e-24 0.0 168.19 0.0
S156713 309.621 62.362 5.759e-21 1.0890000000000002e-20 3.0270000000000003e-20 0.0 171.77 0.0
S156714 309.5586 61.9734 3.0909999999999996e-22 6.927999999999999e-22 2.705e-21 0.0 168.07 0.0
S156716 309.5 61.8348 3.4179999999999996e-22 6.503e-22 1.751e-21 0.0 174.26 0.0
S156717 309.7531 62.0779 1.199e-18 1.3e-18 1.129e-18 0.0 176.77 0.0
S156720 309.4252 61.9264 2.888e-21 1.985e-21 6.802e-22 0.0 171.05 0.0
S156722 309.4317 62.2388 1.6660000000000001e-21 3.235e-21 9.315e-21 0.0 169.79 0.0
S156723 309.5471 62.0355 2.654e-18 2.971e-18 2.639e-18 0.0 176.63 0.0
S156724 309.4321 62.338 1.7150000000000002e-21 3.396e-21 1.0240000000000001e-20 0.0 171.89 0.0
S156725 309.7064 62.3586 9.636e-21 1.625e-20 3.5440000000000004e-20 0.0 171.13 0.0
S156726 309.4122 62.2233 3.939e-21 7.12e-21 1.8070000000000002e-20 0.0 174.27 0.0
S156727 309.7258 62.3594 1.81e-17 1.63e-17 9.792e-18 0.0 174.85 0.0
S156730 309.4112 62.0976 4.05e-20 6.127000000000001e-20 1.034e-19 0.0 176.44 0.0
S156731 309.4514 62.0697 1.0499999999999999e-22 2.5729999999999997e-22 1.2140000000000001e-21 0.0 175.82 0.0
S156732 309.4938 62.2713 1.326e-21 2.787e-21 9.555e-21 0.0 167.8 0.0
S156734 309.2809 62.3357 1.212e-18 1.351e-18 1.256e-18 0.0 170.67 0.0
S156736 309.7575 62.1277 1.767e-19 2.501e-19 3.546e-19 0.0 168.24 0.0
S156738 309.5283 62.081 4.9160000000000004e-21 9.269e-21 2.5380000000000002e-20 0.0 171.17 0.0
S156740 309.4169 62.1051 5.7259999999999996e-24 2.007e-23 1.982e-22 0.001 175.5 0.0
S156742 309.3279 62.1 7.171e-19 8.389e-19 8.573e-19 0.0 177.08 0.0
S156743 309.6885 62.215 2.81e-21 5.465e-21 1.5540000000000003e-20 0.0 173.4 0.0
S156745 309.2265 61.9889 7.95e-23 1.8399999999999998e-22 7.772999999999999e-22 0.0 176.07 0.0
S156746 309.3297 61.9012 9.328e-22 2.031e-21 7.457e-21 0.0 171.66 0.0
S156747 309.474 62.3485 9.827e-18 1.796e-17 4.276e-17 0.0 173.98 0.0
S156748 309.7802 62.0662 3.4890000000000004e-21 6.993e-21 2.1000000000000002e-20 0.0 171.33 0.0
S156749 309.6459 62.0634 4.5490000000000007e-20 7.123000000000001e-20 1.268e-19 0.0 177.88 0.0
S156750 309.6488 62.1773 1.719e-20 2.883e-20 5.991000000000001e-20 0.0 172.7 0.0
S156751 309.3876 62.2109 1.661e-18 1.764e-18 1.491e-18 0.0 170.49 0.0
S156753 309.3912 62.3436 2.792e-21 1.9290000000000002e-21 6.654999999999999e-22 0.0 172.27 0.0
S156756 309.5881 61.9038 3.148e-22 7.210999999999999e-22 2.923e-21 0.0 171.41 0.0
S156757 309.2744 62.1332 2.0759999999999997e-22 4.711999999999999e-22 1.868e-21 0.0 167.11 0.0
S156759 309.3439 62.2918 4.16e-20 6.465e-20 1.139e-19 0.0 177.13 0.0
S156761 309.4352 62.1819 1.0159999999999999e-22 2.8179999999999997e-22 1.714e-21 0.0 170.53 0.0
S156763 309.5384 62.1757 1.009e-20 1.7480000000000002e-20 3.797e-20 0.0 175.51 0.0
S156765 309.3622 62.2964 3.006e-21 5.887e-21 1.7550000000000002e-20 0.0 173.62 0.0
S156766 309.4005 62.3649 1.138e-19 1.602e-19 2.304e-19 0.0 177.81 0.0
S156769 309.6403 62.2854 3.364e-23 1.0499999999999999e-22 7.875999999999999e-22 0.0 177.68 0.0
S156770 309.4533 62.383 4.014e-23 1.102e-22 6.298e-22 0.0 173.37 0.0
S156771 309.3894 62.0329 1.159e-22 2.7729999999999996e-22 1.286e-21 0.0 177.23 0.0
S156772 309.7223 62.2222 3.399e-19 4.02e-19 4.039e-19 0.001 168.94 0.0
S156773 309.5728 62.1016 2.859e-22 6.451999999999999e-22 2.5230000000000002e-21 0.0 172.96 0.0
S156774 309.7671 62.1275 1.792e-18 1.975e-18 1.749e-18 0.0 174.27 0.0
S156775 309.4339 62.2942 1.462e-18 1.688e-18 1.613e-18 0.0 167.16 0.0
S156776 309.2969 62.1022 5.138e-23 1.3639999999999998e-22 7.488999999999999e-22 0.0 167.23 0.0
S156778 309.417 62.0639 1.693e-18 1.82e-18 1.493e-18 0.0 169.37 0.0
S156779 309.5598 62.3577 7.936e-24 2.5969999999999997e-23 2.3039999999999996e-22 0.0 168.96 0.0
S156781 309.3312 61.9311 8.152e-22 1.799e-21 6.6390000000000004e-21 0.0 174.54 0.0
S156782 309.6539 62.0307 1.1079999999999998e-22 2.622e-22 1.1310000000000001e-21 0.0 173.34 0.0
S156784 309.3873 62.2393 2.3480000000000002e-20 3.727e-20 6.9e-20 0.0 174.3 0.0
S156786 309.6032 61.8934 1.063e-21 2.3e-21 8.082e-21 0.0 171.43 0.0
S156787 309.6101 62.3627 1.574e-20 2.6850000000000004e-20 5.884000000000001e-20 0.0 169.38 0.0
S156788 309.7127 62.2756 2.285e-21 1.617e-21 5.848e-22 0.0 176.4 0.0
S156790 309.4709 62.0222 6.92e-18 6.596e-18 4.524e-18 0.0 173.66 0.0
S156792 309.3944 61.9399 2.78e-20 4.602e-20 9.363e-20 0.0 176.54 0.0
S156793 309.6745 62.3555 2.753e-21 5.209e-21 1.435e-20 0.0 176.04 0.0
S156796 309.2702 62.1823 1.9e-17 2.814e-17 4.689e-17 0.0 167.51 0.0
S156797 309.7835 62.0412 1.3299999999999998e-22 3.519e-22 1.851e-21 0.0 170.89 0.0
S156800 309.5603 62.0854 8.569000000000001e-20 1.238e-19 1.945e-19 0.0 174.1 0.0
S156801 309.4387 62.1746 1.392e-22 3.095e-22 1.181e-21 0.0 175.76 0.0
S156803 309.2971 62.0167 4.4940000000000007e-20 6.763000000000001e-20 1.106e-19 0.0 176.36 0.0
S156804 309.4937 62.3817 1.366e-21 2.943e-21 1.0830000000000001e-20 0.0 178.23 0.0
S156805 309.3784 61.8042 8.083e-20 1.088e-19 1.43e-19 0.0 175.86 0.0
S156806 309.5071 62.0676 2.106e-19 2.739e-19 3.39e-19 0.0 175.54 0.0
S156807 309.6425 62.1138 5.4160000000000003e-20 7.849e-20 1.209e-19 0.0 168.56 0.0
S156808 309.6023 62.3102 1.1670000000000001e-20 1.8750000000000003e-20 3.719e-20 0.0 172.34 0.0
S156810 309.5386 62.1901 2.7350000000000005e-20 4.473e-20 9.165000000000001e-20 0.0 171.03 0.0
S156811 309.5706 62.1271 2.414e-22 5.308999999999999e-22 1.967e-21 0.0 174.59 0.0
S156812 309.3097 62.0005 7.310999999999999e-23 1.9789999999999997e-22 1.153e-21 0.0 169.19 0.0
S156813 309.5529 62.2341 1.1290000000000001e-20 2.008e-20 4.9100000000000005e-20 0.0 174.53 0.0
S156814 309.4792 62.1792 1.132e-18 1.39e-18 1.455e-18 0.0 168.9 0.0
S156818 309.6737 62.1856 8.162e-18 1.455e-17 3.372e-17 0.0 171.08 0.0
S156819 309.3704 62.193 2.188e-18 2.245e-18 1.701e-18 0.0 173.65 0.0
S156821 309.6118 62.1091 2.347e-22 5.840999999999999e-22 2.74e-21 0.0 175.66 0.0
S156822 309.5554 61.9278 1.2860000000000001e-20 2.1480000000000002e-20 4.6250000000000007e-20 0.0 171.61 0.0
S156823 309.6665 61.9906 1.586e-12 1.212e-12 5.082e-13 0.0 174.2 1.0
S156824 309.4689 62.1195 8.616999999999999e-23 2.4449999999999996e-22 1.573e-21 0.0 168.84 0.0
S156825 309.2658 62.0463 4.8e-23 1.1599999999999998e-22 5.333999999999999e-22 0.0 177.74 0.0
S156826 309.5396 61.9654 2.4449999999999996e-22 6.177e-22 2.936e-21 0.0 170.43 0.0
S156827 309.5082 62.1474 7.533000000000001e-20 1.068e-19 1.535e-19 0.0 172.82 0.0
S156829 309.3894 62.1965 1.539e-24 6.346e-24 8.497e-23 0.0 173.3 0.0
S156830 309.709 62.1611 7.337999999999999e-22 1.6480000000000001e-21 6.503e-21 0.0 177.12 0.0
S156831 309.274 61.9975 8.448e-22 1.7270000000000002e-21 5.553e-21 0.0 172.3 0.0
S156832 309.4389 62.1525 5.905e-23 1.6159999999999998e-22 9.490999999999999e-22 0.0 169.83 0.0
S156833 309.4165 61.9242 5.287e-22 1.196e-21 4.656e-21 0.0 172.71 0.0
S156835 309.3884 62.0282 1.646e-23 4.518e-23 2.642e-22 0.0 170.75 0.0
S156837 309.361 62.0603 1.222e-24 4.571e-24 5.293e-23 0.0 169.43 0.0
S156839 309.4954 61.8918 4.038e-19 5.099e-19 6.166e-19 0.0 176.3 0.0
S156841 309.7401 62.2989 6.637e-19 7.657e-19 7.606e-19 0.0 173.46 0.0
S156842 309.6229 62.0369 2.4169999999999997e-22 6.031e-22 2.93e-21 0.0 174.68 0.0
S156843 309.4711 61.9642 3.891e-19 4.706e-19 5.145e-19 0.0 175.51 0.0
S156844 309.624 62.109 2.6730000000000002e-20 4.2110000000000006e-20 7.634e-20 0.0 175.1 0.0
S156847 309.328 62.3419 2.145e-18 2.37e-18 2.082e-18 0.0 169.2 0.0
S156848 309.5278 62.0793 5.1770000000000004e-21 9.25e-21 2.26e-20 0.0 172.93 0.0
S156849 309.5892 62.321 9.289000000000001e-20 1.393e-19 2.348e-19 0.0 169.32 0.0
S156850 309.6022 62.387 1.046e-17 1.652e-17 3.141e-17 0.0 177.81 0.0
S156853 309.508 62.0657 1.089e-17 2.239e-17 7.372e-17 0.0 171.59 0.0
S156855 309.5657 61.8714 1.257e-17 1.845e-17 3.062e-17 0.0 174.0 0.0
S156856 309.5125 61.921 1.446e-16 3.708e-16 1.813e-15 0.0 176.85 1.0
S156857 309.3328 62.1177 4.561e-22 1.048e-21 4.255e-21 0.0 167.79 0.0
S156859 309.4112 62.018 3.057e-20 5.073e-20 1.077e-19 0.0 173.5 0.0
S156861 309.3981 62.0774 1.746e-20 3.0110000000000005e-20 6.794e-20 0.0 175.63 0.0
S156862 309.5678 62.1569 1.799e-18 1.952e-18 1.62e-18 0.0 173.25 0.0
S156863 309.4769 62.3054 1.7820000000000002e-20 2.8190000000000004e-20 5.0880000000000006e-20 0.0 173.43 0.0
S156864 309.5339 62.0187 6.602000000000001e-25 2.894e-24 4.4889999999999995e-23 0.0 173.48 0.0
S156866 309.563 62.0157 1.818e-21 3.754e-21 1.263e-20 0.0 169.66 0.0
S156867 309.4722 62.3459 2.608e-23 8.162999999999999e-23 6.495999999999999e-22 0.0 173.66 0.0
S156868 309.696 62.0604 5.26e-24 1.722e-23 1.4539999999999999e-22 0.0 167.12 0.0
S156869 309.2239 62.0027 9.585e-22 2.078e-21 7.493e-21 0.0 170.66 0.0
S156870 309.7503 62.2397 1.526e-23 4.583e-23 3.3579999999999995e-22 0.0 168.61 0.0
S156874 309.5807 61.8991 2.2529999999999997e-22 6.182999999999999e-22 3.645e-21 0.0 167.95 0.0
S156875 309.6236 62.2206 8.917e-19 1.064e-18 1.078e-18 0.0 169.93 0.0
S156876 309.6152 61.9695 3.36e-17 2.989e-17 1.687e-17 0.0 172.4 0.0
S156878 309.7677 62.1055 2.889e-24 1.047e-23 1.0749999999999999e-22 0.0 170.67 0.0
S156880 309.5792 61.9712 1.432e-19 1.95e-19 2.599e-19 0.0 172.39 0.0
S156881 309.5836 61.9934 1.198e-17 2.287e-17 6.363e-17 0.0 171.08 0.0
S156882 309.4967 61.9696 9.835e-21 1.749e-20 4.174e-20 0.0 173.25 0.0
S156883 309.3534 61.9639 1.414e-21 2.828e-21 8.679000000000001e-21 0.0 177.5 0.0
S156884 309.6734 62.1285 1.999e-25 9.033000000000001e-25 1.565e-23 0.0 173.74 0.0
S156885 309.6441 62.0816 9.448999999999999e-23 2.5199999999999996e-22 1.375e-21 0.0 171.01 0.0
S156886 309.2746 62.0991 8.351e-21 1.539e-20 3.8880000000000005e-20 0.0 177.14 0.0
S156888 309.4957 61.9823 9.744e-23 2.6689999999999997e-22 1.582e-21 0.0 170.6 0.0
S156889 309.5934 62.2593 1.913e-24 6.771999999999999e-24 6.72e-23 0.0 174.4 0.0
S156890 309.5763 61.852 4.108e-23 1.248e-22 8.717999999999999e-22 0.0 177.36 0.0
S156891 309.3205 62.0211 1.51e-17 2.677e-17 6.413e-17 0.0 175.01 0.0
S156893 309.2757 62.2687 4.712e-23 1.432e-22 1.027e-21 0.0 177.81 0.0
S156896 309.5177 62.075 2.1729999999999998e-22 5.075e-22 2.1010000000000002e-21 0.0 171.49 0.0
S156897 309.309 62.0693 1.2789999999999999e-23 3.7869999999999995e-23 2.709e-22 0.0 167.7 0.0
S156898 309.697 62.3549 5.686e-21 1.051e-20 2.6210000000000002e-20 0.001 177.47 0.0
S156899 309.7674 62.2837 6.05e-17 1.567e-16 8.004e-16 0.0 168.4 1.0
S156900 309.2446 62.283 3.531e-21 6.961e-21 2.026e-20 0.0 169.47 0.0
S156901 309.604 62.0187 3.053e-18 3.243e-18 2.608e-18 0.0 172.32 0.0
S156902 309.7318 62.2592 2.309e-21 4.683e-21 1.4580000000000002e-20 0.0 171.05 0.0
S156903 309.6089 62.0992 2.586e-18 2.755e-18 2.295e-18 0.0 169.6 0.0
S156907 309.6764 62.1433 5.613e-21 1.0220000000000001e-20 2.5850000000000004e-20 0.0 173.55 0.0
S156910 309.307 61.9081 7.329e-18 7.128e-18 5.114e-18 0.001 171.79 0.0
S156911 309.4113 62.2803 1.613e-17 2.868e-17 6.698e-17 0.0 177.57 0.0
S156912 309.7654 62.2528 1.116e-16 3.013e-16 1.699e-15 0.0 172.99 1.0
S156913 309.3281 61.9813 6.901e-24 2.5699999999999998e-23 2.874e-22 0.0 169.34 0.0
S156914 309.8037 62.2484 1.11e-18 1.221e-18 1.117e-18 0.0 172.86 0.0
S156916 309.5735 62.3731 2.233e-22 5.515999999999999e-22 2.609e-21 0.0 177.44 0.0
S156917 309.5546 62.2278 1.632e-24 5.999e-24 6.766e-23 0.0 174.32 0.0
S156918 309.6627 62.3179 2.024e-19 2.58e-19 3.073e-19 0.0 172.82 0.0
S156922 309.5442 62.2811 1.813e-21 3.759e-21 1.263e-20 0.0 177.21 0.0
S156924 309.4806 62.1715 2.5650000000000002e-21 4.527e-21 1.0550000000000001e-20 0.0 172.38 0.0
S156925 309.2486 62.0701 4.369e-22 9.929999999999998e-22 3.855e-21 0.0 169.2 0.0
S156927 309.322 62.0315 7.985e-20 1.194e-19 1.878e-19 0.0 176.38 0.0
S156930 309.3855 61.9385 9.996999999999999e-22 2.229e-21 8.563e-21 0.001 167.6 0.0
S156931 309.3956 61.9515 1.298e-21 2.835e-21 1.0100000000000001e-20 0.0 176.13 0.0
S156935 309.2908 62.2397 7.244e-20 1.112e-19 1.945e-19 0.0 175.26 0.0
S156936 309.5138 62.0711 2.4960000000000003e-20 3.9360000000000005e-20 7.430000000000001e-20 0.0 173.16 0.0
S156937 309.3944 62.1615 9.205999999999999e-23 2.474e-22 1.382e-21 0.0 174.99 0.0
S156938 309.7107 61.9674 4.732e-21 9.145e-21 2.598e-20 0.0 171.02 0.0
S156939 309.313 62.0425 1.408e-24 5.075e-24 5.299999999999999e-23 0.0 175.88 0.0
S156940 309.6463 62.2967 8.397e-18 1.547e-17 3.79e-17 0.0 177.65 0.0
S156943 309.2637 62.2999 6.861e-17 5.63e-17 2.788e-17 0.0 170.7 0.0
S156945 309.5955 61.9627 1.5e-22 3.8499999999999996e-22 1.975e-21 0.001 168.72 0.0
S156946 309.3941 62.2673 4.3040000000000004e-20 6.713e-20 1.221e-19 0.0 171.73 0.0
S156949 309.528 61.9462 3.071e-18 3.232e-18 2.675e-18 0.0 168.77 0.0
S156950 309.5962 61.9054 7.582e-21 1.463e-20 4.1370000000000005e-20 0.0 174.7 0.0
S156951 309.6848 61.9351 1.544e-22 4.0989999999999994e-22 2.236e-21 0.0 169.0 0.0
S156952 309.5961 62.1261 1.347e-16 1.037e-16 4.515e-17 0.0 171.55 0.0
S156953 309.5329 62.2009 2.719e-23 7.264e-23 4.023e-22 0.0 168.19 0.0
S156955 309.3408 62.0508 9.325e-20 1.309e-19 1.869e-19 0.0 176.91 0.0
S156956 309.5304 61.9774 3.08e-18 3.482e-18 3.189e-18 0.0 170.89 0.0
S156957 309.6406 61.9634 1.418e-22 3.4869999999999997e-22 1.638e-21 0.0 169.05 0.0
S156959 309.6108 61.8954 7.882e-23 1.967e-22 9.750999999999998e-22 0.0 173.9 0.0
S156967 309.4859 61.9703 1.013e-21 2.202e-21 7.58e-21 0.0 169.4 0.0
S156968 309.6364 62.3024 1.897e-24 6.806e-24 6.976e-23 0.0 177.25 0.0
S156969 309.2695 62.0088 6.215e-17 5.072e-17 2.526e-17 0.0 170.21 0.0
S156970 309.4966 62.175 7.817e-20 1.08e-19 1.47e-19 0.0 170.7 0.0
S156971 309.374 61.9284 1.191e-23 3.54e-23 2.4449999999999996e-22 0.0 170.66 0.0
S156973 309.63 62.1048 5.985e-27 4.21e-26 1.793e-24 0.0 177.31 0.0
S156974 309.3205 62.1564 9.043e-21 1.567e-20 3.4390000000000005e-20 0.0 174.63 0.0
S156975 309.4289 61.8982 3.717e-17 7.436e-17 2.192e-16 0.0 175.24 0.0
S156978 309.3639 62.0814 3.09e-20 4.948e-20 9.535000000000001e-20 0.0 168.42 0.0
S156979 309.4408 62.1165 5.615e-13 3.959e-13 1.413e-13 0.0 175.16 0.0
S156980 309.4499 62.0847 1.8020000000000003e-20 2.9280000000000005e-20 5.843e-20 0.0 167.69 0.0
S156982 309.683 62.2723 9.539e-18 8.999e-18 5.719e-18 0.0 172.04 0.0
S156983 309.7896 62.1026 4.882e-13 3.374e-13 1.152e-13 0.0 170.26 0.0
S156984 309.7071 62.1107 1.62e-21 3.459e-21 1.1640000000000001e-20 0.0 177.59 0.0
S156986 309.7105 61.9409 4.775e-21 8.879e-21 2.3340000000000003e-20 0.0 169.36 0.0
S156987 309.4559 61.9896 2.806e-21 5.856e-21 1.859e-20 0.0 176.79 0.0
S156991 309.5334 61.9396 2.846e-21 5.528e-21 1.577e-20 0.0 174.0 0.0
S156994 309.4666 61.9441 7.838999999999999e-23 2.3e-22 1.527e-21 0.0 177.52 0.0
S156996 309.5263 62.0228 2.197e-21 1.57e-21 5.646999999999999e-22 0.0 169.4 0.0
S156997 309.7143 62.084 2.598e-22 6.756e-22 3.562e-21 0.0 177.05 0.0
S156998 309.5951 62.1077 3.301e-21 6.496e-21 1.9130000000000003e-20 0.001 168.18 0.0
S157000 309.743 62.3179 7.765e-21 1.4400000000000003e-20 3.603e-20 0.0 178.02 0.0
S157001 309.695 62.1636 9.949e-19 1.188e-18 1.201e-18 0.0 174.51 0.0
S157002 309.4894 61.9719 7.952e-21 1.391e-20 3.265e-20 0.0 173.82 0.0
S157004 309.4095 62.2514 4.498e-24 1.423e-23 1.1519999999999998e-22 0.0 177.45 0.0
S157005 309.5366 61.886 4.421e-25 2.05e-24 3.5729999999999996e-23 0.0 172.55 0.0
S157006 309.6495 62.1095 1.971e-23 5.836e-23 3.8849999999999995e-22 0.0 172.32 0.0
S157008 309.747 62.0248 4.013e-21 7.541e-21 2.025e-20 0.0 177.45 0.0
S157009 309.4572 61.8511 2.624e-19 3.438e-19 4.448e-19 0.0 174.18 0.0
S157011 309.5001 62.0841 1.376e-20 2.3090000000000003e-20 5.0890000000000005e-20 0.0 173.38 0.0
S157012 309.4226 62.1806 2.094e-19 2.675e-19 3.209e-19 0.0 175.31 0.0
S157015 309.6273 61.9222 1.963e-21 3.887e-21 1.1860000000000001e-20 0.0 167.34 0.0
S157016 309.7388 62.0293 3.256e-19 3.877e-19 3.96e-19 0.0 170.47 0.0
S157017 309.2209 62.0707 2.328e-21 1.659e-21 5.8759999999999995e-22 0.0 177.63 0.0
S157018 309.3648 62.218 2.6090000000000004e-20 4.376e-20 8.78e-20 0.0 170.0 0.0
S157019 309.4403 62.1909 2.6689999999999997e-22 6.810999999999999e-22 3.507e-21 0.0 175.9 0.0
S157020 309.3052 62.2978 1.75e-21 3.1240000000000002e-21 7.363e-21 0.0 173.47 0.0
S157021 309.3285 61.902 1.182e-23 3.45e-23 2.3059999999999997e-22 0.0 168.32 0.0
S157022 309.3282 62.231 3.3829999999999997e-22 8.403e-22 4.052e-21 0.0 174.54 0.0
S157023 309.3734 62.3299 5.152e-18 9.661e-18 2.529e-17 0.0 168.2 0.0
S157024 309.776 62.0826 8.682e-21 1.495e-20 3.359e-20 0.0 168.33 0.0
S157025 309.4833 62.0719 6.829000000000001e-20 9.707000000000001e-20 1.448e-19 0.0 175.15 0.0
S157026 309.7784 62.3358 5.209e-21 1.0010000000000002e-20 2.816e-20 0.0 167.92 0.0
S157028 309.693 62.0001 4.811e-18 7.661e-18 1.461e-17 0.0 168.71 0.0
S157029 309.6496 62.3881 4.625e-23 1.258e-22 7.17e-22 0.0 173.92 0.0
S157030 309.5779 62.1501 1.9170000000000002e-20 3.4050000000000005e-20 8.061000000000001e-20 0.0 173.71 0.0
S157035 309.3813 61.9997 3.127e-18 3.36e-18 2.766e-18 0.0 169.12 0.0
S157037 309.6587 62.2428 1.501e-18 1.693e-18 1.504e-18 0.0 171.19 0.0
S157039 309.3511 62.1139 9.244e-24 2.69e-23 1.7579999999999998e-22 0.0 171.91 0.0
S157040 309.4508 62.331 1.885e-23 5.673e-23 3.9689999999999996e-22 0.0 168.69 0.0
S157042 309.7221 62.2935 5.452e-20 8.461000000000001e-20 1.575e-19 0.0 176.99 0.0
S157045 309.3762 61.9684 5.977e-23 1.6019999999999998e-22 9.384e-22 0.0 169.87 0.0
S157047 309.5639 61.9732 5.589e-17 4.731e-17 2.39e-17 0.0 169.28 0.0
S157048 309.6071 62.249 2.528e-16 6.759e-16 3.817e-15 0.0 173.33 1.0
S157050 309.4192 61.9232 2.447e-18 2.548e-18 2.038e-18 0.0 169.84 0.0
S157052 309.3332 62.1407 1.11e-17 1.073e-17 7.232e-18 0.0 172.14 0.0
S157055 309.6396 62.069 6.058e-20 9.032000000000001e-20 1.518e-19 0.0 170.24 0.0
S157056 309.7783 62.0114 2.335e-23 7.268e-23 5.446e-22 0.0 168.9 0.0
S157057 309.3899 62.2714 9.290000000000001e-25 3.576e-24 4.3949999999999996e-23 0.0 169.85 0.0
S157058 309.5255 62.0806 1.614e-20 2.6900000000000002e-20 5.634e-20 0.0 169.86 0.0
S157060 309.2982 62.1048 3.179e-24 1.32e-23 1.8619999999999998e-22 0.0 171.08 0.0
S157062 309.5 62.0633 4.2010000000000003e-20 6.702000000000001e-20 1.302e-19 0.0 176.11 0.0
S157064 309.4479 62.3329 4.5470000000000004e-21 8.824e-21 2.536e-20 0.0 174.21 0.0
S157066 309.3937 62.3394 8.784e-22 1.626e-21 4.146e-21 0.0 174.13 0.0
S157067 309.5991 61.9922 2.876e-18 3.066e-18 2.489e-18 0.0 174.39 0.0
S157069 309.5084 62.0202 5.818e-24 1.893e-23 1.5129999999999998e-22 0.0 174.11 0.0
S157072 309.3016 62.0761 1.061e-21 2.308e-21 8.11e-21 0.0 170.65 0.0
S157073 309.341 62.1135 3.687e-21 6.779e-21 1.6890000000000002e-20 0.0 175.33 0.0
S157074 309.4911 62.0313 1.326e-21 2.6e-21 7.48e-21 0.0 167.26 0.0
S157075 309.7164 62.3591 8.752e-21 1.612e-20 4.0480000000000004e-20 0.0 174.04 0.0
S157076 309.5597 61.9465 5.616e-20 8.440000000000001e-20 1.446e-19 0.0 173.99 0.0
S157077 309.2364 62.0967 5.281e-23 1.548e-22 1.031e-21 0.0 177.48 0.0
S157078 309.6188 62.0373 9.618e-22 1.987e-21 6.363e-21 0.0 174.56 0.0
S157080 309.7954 62.2754 1.868e-21 3.699e-21 1.0790000000000001e-20 0.0 169.37 0.0
S157081 309.5329 62.2013 3.759e-19 4.607e-19 5.052e-19 0.0 167.94 0.0
S157084 309.5303 62.1816 3.719e-21 7.247e-21 2.0230000000000003e-20 0.0 177.82 0.0
S157085 309.353 62.2946 8.645e-21 1.5400000000000003e-20 3.721e-20 0.0 173.25 0.0
S157086 309.5346 62.0207 6.841e-23 1.8569999999999997e-22 1.048e-21 0.0 169.74 0.0
S157087 309.7557 62.0948 1.622e-22 3.9929999999999998e-22 1.919e-21 0.0 171.02 0.0
S157089 309.4636 62.0682 7.219e-18 6.925e-18 4.465e-18 0.0 169.8 0.0
S157092 309.7492 62.3075 3.3449999999999996e-22 6.662999999999999e-22 2.06e-21 0.0 174.02 0.0
S157093 309.4812 62.2346 2.9030000000000003e-20 4.6880000000000006e-20 9.056e-20 0.0 174.65 0.0
S157094 309.5291 61.9826 3.623e-20 5.582000000000001e-20 9.631000000000001e-20 0.0 172.26 0.0
S157096 309.5882 62.3107 2.0490000000000002e-25 1.0079999999999999e-24 2.085e-23 0.0 167.25 0.0
S157097 309.3349 62.0916 1.744e-23 4.6549999999999996e-23 2.5509999999999997e-22 0.0 172.55 0.0
S157098 309.6813 62.2 1.936e-17 3.364e-17 7.735e-17 0.0 170.34 0.0
S157100 309.2473 62.1176 4.522e-18 4.639e-18 3.508e-18 0.0 172.2 0.0
S157103 309.3145 62.1461 1.828e-23 4.804e-23 2.5779999999999995e-22 0.0 177.29 0.0
S157106 309.5551 61.9181 3.824e-20 6.094000000000001e-20 1.125e-19 0.0 169.05 0.0
S157107 309.7634 62.1713 9.242000000000001e-20 1.384e-19 2.356e-19 0.0 171.6 0.0
S157109 309.5386 61.9472 7.898e-21 1.263e-20 2.3930000000000002e-20 0.0 174.49 0.0
S157110 309.4944 61.8622 1.792e-23 5.654999999999999e-23 4.414e-22 0.0 173.25 0.0
S157111 309.4371 62.2994 5.266e-20 8.407000000000001e-20 1.552e-19 0.0 177.07 0.0
S157112 309.3382 61.9577 1.387e-12 1.189e-12 6.275e-13 0.0 167.4 1.0
S157114 309.3592 62.338 2.367e-19 3.081e-19 3.832e-19 0.0 177.35 0.0
S157117 309.791 62.3209 1.739e-18 1.792e-18 1.331e-18 0.0 169.92 0.0
S157118 309.5945 62.3538 9.101999999999999e-23 2.1079999999999999e-22 8.831999999999999e-22 0.0 171.96 0.0
S157119 309.2863 62.0194 1.492e-23 4.716e-23 3.6539999999999995e-22 0.0 174.61 0.0
S157121 309.5442 62.0548 2.4379999999999998e-23 7.038999999999999e-23 4.556e-22 0.0 170.62 0.0
S157122 309.7674 62.3253 2.809e-19 3.471e-19 3.866e-19 0.0 174.48 0.0
S157124 309.766 62.26 6.491e-21 1.263e-20 3.597e-20 0.0 172.62 0.0
S157126 309.4839 62.348 8.605e-21 1.6020000000000003e-20 4.202e-20 0.0 174.0 0.0
S157128 309.7668 62.03 3.314e-19 3.965e-19 4.257e-19 0.0 175.37 0.0
S157129 309.3636 61.9908 4.173e-21 7.297e-21 1.752e-20 0.0 168.27 0.0
S157130 309.7496 62.0013 9.230000000000001e-20 1.331e-19 2.039e-19 0.0 175.05 0.0
S157132 309.5613 62.2797 1.213e-23 3.6669999999999996e-23 2.694e-22 0.0 171.96 0.0
S157134 309.2917 62.2533 1.008e-16 2.036e-16 6.315e-16 0.0 170.13 1.0
S157136 309.6903 62.3556 1.133e-17 1.025e-17 6.215e-18 0.0 168.39 0.0
S157137 309.2921 62.0007 2.303e-17 4.161e-17 1.028e-16 0.0 172.56 0.0
S157139 309.3227 62.1777 3.659e-18 3.761e-18 2.814e-18 0.0 168.45 0.0
S157140 309.2942 61.9298 1.6759999999999998e-22 4.1509999999999994e-22 2.004e-21 0.0 176.88 0.0
S157141 309.6348 61.9392 1.5410000000000002e-20 2.6010000000000002e-20 5.503e-20 0.0 177.52 0.0
S157142 309.4556 62.1376 2.28e-22 5.7e-22 2.771e-21 0.0 167.71 0.0
S157144 309.5273 62.2915 1.193e-21 2.442e-21 7.765e-21 0.0 173.43 0.0
S157145 309.6383 62.1859 2.4329999999999998e-22 5.322999999999999e-22 1.9410000000000002e-21 0.0 175.96 0.0
S157146 309.6498 62.2615 1.0330000000000001e-20 1.8990000000000003e-20 4.866e-20 0.0 172.59 0.0
S157147 309.4091 62.2954 9.1e-23 2.428e-22 1.347e-21 0.0 174.07 0.0
S157148 309.5146 61.9925 1.872e-17 3.026e-17 6.054e-17 0.0 172.61 0.0
S157150 309.6654 62.3302 3.886e-24 1.5119999999999998e-23 1.9169999999999998e-22 0.0 174.64 0.0
S157151 309.2473 62.103 8.397999999999999e-22 1.777e-21 6.09e-21 0.0 176.21 0.0
S157152 309.5584 62.1795 4.912e-21 9.125e-21 2.3730000000000002e-20 0.0 177.11 0.0
S157153 309.5637 62.2168 6.931e-24 2.137e-23 1.577e-22 0.0 168.59 0.0
S157155 309.5077 62.009 6.797e-17 9.243e-17 1.282e-16 0.0 172.46 0.0
S157158 309.3607 62.0091 4.477e-21 8.884e-21 2.705e-20 0.0 175.84 0.0
S157159 309.3052 62.1044 1.289e-18 1.573e-18 1.638e-18 0.0 173.1 0.0
S157160 309.3262 61.9456 1.053e-17 1.001e-17 6.41e-18 0.0 169.55 0.0
S157161 309.6 62.172 4.282e-18 4.49e-18 3.474e-18 0.0 171.16 0.0
S157162 309.2689 62.0562 3.774e-24 1.291e-23 1.251e-22 0.0 172.0 0.0
S157164 309.6276 62.2214 9.515e-24 3.1539999999999997e-23 2.791e-22 0.0 176.04 0.0
S157166 309.4815 61.7591 2.182e-22 4.846999999999999e-22 1.906e-21 0.0 167.51 1.0
S157167 309.4418 62.3118 7.365e-20 1.041e-19 1.523e-19 0.0 177.55 0.0
S157168 309.6087 62.386 2.6499999999999996e-23 6.848e-23 3.5649999999999995e-22 0.0 173.22 0.0
S157169 309.5878 62.1216 2.2450000000000002e-20 3.6200000000000004e-20 6.679000000000001e-20 0.0 176.83 0.0
S157171 309.4805 62.1888 6.788e-17 5.734e-17 3.003e-17 0.0 170.53 0.0
S157172 309.3612 62.2806 1.618e-20 2.6960000000000003e-20 5.572e-20 0.0 168.23 0.0
S157173 309.5848 62.0679 3.126e-19 3.965e-19 4.604e-19 0.0 170.9 0.0
S157174 309.6763 62.134 5.886e-19 7.116e-19 7.493e-19 0.0 175.59 0.0
S157176 309.4648 62.2644 5.878e-18 5.499e-18 3.597e-18 0.0 173.38 0.0
S157177 309.4328 61.9084 4.966e-18 5.12e-18 3.853e-18 0.0 169.66 0.0
S157178 309.6646 62.2015 2.389e-22 5.874999999999999e-22 2.6420000000000002e-21 0.0 175.83 0.0
S157179 309.4379 62.244 1.9580000000000002e-20 3.0460000000000005e-20 5.3870000000000004e-20 0.0 176.78 0.0
S157180 309.4869 62.0162 1.5799999999999998e-22 4.024e-22 1.934e-21 0.0 169.39 0.0
S157182 309.4748 62.1555 1.991e-21 4.168e-21 1.342e-20 0.0 173.36 0.0
S157183 309.2712 61.964 2.259e-18 2.42e-18 1.921e-18 0.0 172.44 0.0
S157184 309.5516 62.1565 3.849e-19 4.667e-19 5.056e-19 0.0 172.99 0.0
S157185 309.6165 62.1252 7.844e-24 2.7279999999999996e-23 2.627e-22 0.0 169.6 0.0
S157188 309.48 62.2921 3.8059999999999997e-22 8.887e-22 3.7390000000000004e-21 0.0 172.26 0.0
S157189 309.3873 62.0111 4.885e-22 1.105e-21 4.526e-21 0.0 173.17 0.0
S157192 309.6311 62.0688 1.243e-22 3.1659999999999996e-22 1.601e-21 0.0 167.63 0.0
S157193 309.4508 62.1752 6.742e-22 1.555e-21 6.2710000000000004e-21 0.0 173.38 0.0
S157194 309.2386 61.9803 3.1879999999999996e-22 7.102999999999999e-22 2.7430000000000002e-21 0.0 170.15 0.0
S157195 309.267 62.1165 3.4759999999999995e-22 8.352999999999999e-22 3.75e-21 0.0 166.94 0.0
S157196 309.628 62.1403 5.62e-19 6.953e-19 7.558e-19 0.0 170.57 0.0
S157197 309.2464 61.9468 1.153e-19 1.669e-19 2.525e-19 0.0 177.16 0.0
S157198 309.4521 62.1246 3.0829999999999995e-22 7.602e-22 3.523e-21 0.0 171.13 0.0
S157201 309.3277 62.0757 8.014000000000001e-20 1.128e-19 1.713e-19 0.0 172.07 0.0
S157203 309.7902 62.201 1.0149999999999999e-22 2.8459999999999996e-22 1.755e-21 0.0 172.63 0.0
S157204 309.3047 62.0006 2.813e-18 2.845e-18 2.102e-18 0.0 174.71 0.0
S157205 309.3376 61.9416 2.6420000000000002e-20 4.2390000000000006e-20 7.946000000000001e-20 0.001 171.22 0.0
S157206 309.6184 62.227 4.014e-13 2.803e-13 9.818e-14 0.0 172.69 0.0
S157207 309.5577 62.2534 6.27e-18 6.074e-18 4.193e-18 0.0 177.26 0.0
S157208 309.4347 62.1126 4.922e-21 9.494e-21 2.6210000000000002e-20 0.0 176.33 0.0
S157210 309.7277 61.9677 2.218e-19 2.828e-19 3.45e-19 0.0 177.63 0.0
S157211 309.5076 62.3014 5.440999999999999e-22 1.14e-21 3.754e-21 0.0 168.22 0.0
S157214 309.5065 62.0209 2.1039999999999999e-22 5.054999999999999e-22 2.277e-21 0.0 174.98 0.0
S157216 309.3923 61.9133 1.1449999999999998e-22 2.9969999999999997e-22 1.603e-21 0.0 168.21 0.0
S157217 309.4724 62.2285 5.122e-22 1.176e-21 4.938e-21 0.0 168.46 0.0
S157218 309.2945 62.0581 1.265e-17 1.224e-17 8.078e-18 0.001 173.5 0.0
S157219 309.3807 62.2578 1.747e-17 1.556e-17 9.296e-18 0.0 173.21 0.0
S157220 309.4703 62.0845 3.39e-23 9.461e-23 5.853999999999999e-22 0.0 176.43 0.0
S157221 309.5408 62.1479 1.6600000000000001e-21 1.222e-21 4.767e-22 0.0 172.02 0.0
S157222 309.3735 62.0217 1.56e-21 3.372e-21 1.2080000000000002e-20 0.0 169.0 0.0
S157223 309.4039 62.2062 3.4619999999999995e-22 7.730999999999999e-22 3.075e-21 0.0 174.95 0.0
S157224 309.6566 62.0612 1.185e-22 2.592e-22 9.248999999999999e-22 0.0 171.36 1.0
S157225 309.4374 62.258 3.8039999999999995e-22 8.779999999999999e-22 3.492e-21 0.0 175.99 0.0
S157227 309.3687 62.0502 2.74e-18 2.868e-18 2.198e-18 0.0 178.03 0.0
S157228 309.4465 61.9466 1.471e-19 2.069e-19 3.045e-19 0.0 175.37 0.0
S157231 309.3778 62.1129 1.197e-21 2.302e-21 6.275e-21 0.0 176.21 0.0
S157232 309.6428 62.301 1.904e-24 7.418e-24 8.956999999999999e-23 0.0 174.46 0.0
S157233 309.5776 62.184 6.281e-23 1.618e-22 8.034999999999999e-22 0.0 168.31 0.0
S157235 309.6582 62.3863 3.116e-17 2.616e-17 1.364e-17 0.0 173.44 0.0
S157236 309.4766 62.197 6.117e-18 6.082e-18 4.292e-18 0.0 174.82 0.0
S157237 309.4737 62.0301 2.757e-19 3.546e-19 4.209e-19 0.0 172.88 0.0
S157238 309.3217 62.3268 4.287e-19 5.254e-19 5.757e-19 0.0 169.14 0.0
S157239 309.3827 62.2647 3.6470000000000005e-20 5.726e-20 1.06e-19 0.0 178.15 0.0
S157240 309.3585 61.9613 3.928e-23 1.11e-22 6.955999999999999e-22 0.0 173.08 0.0
S157242 309.4816 62.1542 3.342e-25 1.436e-24 2.168e-23 0.0 170.65 0.0
S157244 309.2279 62.046 4.706e-24 1.509e-23 1.239e-22 0.0 171.52 0.0
S157245 309.5033 61.894 1.696e-23 4.877e-23 3.267e-22 0.0 171.36 0.0
S157246 309.7925 62.2592 1.083e-17 1.023e-17 6.435e-18 0.0 176.99 0.0
S157247 309.7453 62.1403 2.423e-19 3.147e-19 3.86e-19 0.0 173.26 0.0
S157248 309.8015 62.2701 7.411e-18 7.125e-18 4.895e-18 0.0 174.89 0.0
S157250 309.5459 62.2011 1.387e-18 1.613e-18 1.568e-18 0.0 173.33 1.0
S157251 309.2896 62.2058 2.718e-21 5.327e-21 1.522e-20 0.0 168.01 0.0
S157252 309.2456 62.0542 1.274e-22 3.4939999999999997e-22 2.055e-21 0.0 167.53 0.0
S157253 309.4179 62.2173 3.919e-24 1.312e-23 1.187e-22 0.0 173.53 0.0
S157254 309.6142 62.2846 1.7839999999999998e-22 4.591e-22 2.361e-21 0.0 175.49 0.0
S157255 309.5114 62.0593 2.803e-18 3.117e-18 2.825e-18 0.0 174.45 0.0
S157257 309.6982 62.3078 1.8619999999999998e-22 4.1519999999999995e-22 1.596e-21 0.0 168.4 0.0
S157259 309.4701 61.8384 9.037999999999998e-22 2.003e-21 7.604e-21 0.0 169.48 0.0
S157260 309.7531 62.3601 1.2350000000000001e-21 2.552e-21 8.221e-21 0.0 174.44 0.0
S157261 309.3711 61.9201 2.234e-19 2.965e-19 3.854e-19 0.0 171.39 0.0
S157262 309.5222 62.0385 9.841000000000001e-20 1.375e-19 1.992e-19 0.0 174.84 0.0
S157263 309.5179 61.8363 1.285e-22 3.0779999999999997e-22 1.417e-21 0.0 172.95 0.0
S157264 309.5664 62.1596 3.6210000000000003e-20 5.554000000000001e-20 9.715000000000001e-20 0.0 170.93 0.0
S157265 309.5155 61.9097 3.258e-22 7.960999999999999e-22 3.639e-21 0.0 174.75 0.0
S157267 309.3706 62.044 8.973000000000001e-20 1.279e-19 1.924e-19 0.0 168.2 0.0
S157268 309.5455 62.3565 6.577e-19 8.139e-19 9.066e-19 0.0 172.22 0.0
S157269 309.4338 62.3874 6.265e-21 1.0910000000000001e-20 2.477e-20 0.0 169.17 0.0
S157270 309.7038 62.2235 1.1220000000000001e-20 1.8710000000000003e-20 3.8830000000000004e-20 0.0 172.05 0.0
S157271 309.7682 62.1875 9.779e-20 1.316e-19 1.785e-19 0.0 172.26 0.0
S157272 309.6952 62.0985 1.531e-18 1.745e-18 1.574e-18 0.0 174.58 0.0
S157273 309.5746 61.903 1.263e-22 3.111e-22 1.4460000000000001e-21 0.0 171.53 0.0
S157274 309.331 62.0765 3.308e-19 4.121e-19 4.551e-19 0.0 168.27 0.0
S157275 309.4487 61.9917 1.073e-17 1.071e-17 7.525e-18 0.0 177.36 0.0
S157276 309.4405 62.2785 1e-16 1.352e-16 1.81e-16 0.0 168.69 0.0
S157277 309.6462 62.2694 3.2199999999999997e-22 6.775999999999999e-22 2.295e-21 0.0 172.18 0.0
S157280 309.4172 61.9378 7.281999999999999e-22 1.665e-21 6.525e-21 0.0 176.32 0.0
S157281 309.2579 62.1239 1.704e-22 4.521999999999999e-22 2.426e-21 0.0 171.38 0.0
S157282 309.6635 62.1096 3.228e-17 4.453e-17 6.027e-17 0.0 171.4 0.0
S157283 309.3611 62.051 3.066e-22 7.115999999999999e-22 3.022e-21 0.0 167.74 0.0
S157284 309.7618 62.0602 1.448e-18 1.594e-18 1.354e-18 0.0 170.22 0.0
S157285 309.4332 62.3048 1.808e-21 1.317e-21 5.1479999999999995e-22 0.0 173.63 0.0
S157287 309.4816 62.235 6.742e-21 1.2690000000000001e-20 3.396e-20 0.0 170.32 0.0
S157290 309.6509 61.9016 2.478e-13 1.667e-13 5.451e-14 0.0 175.91 0.0
S157292 309.7467 62.1748 1.225e-20 2.0900000000000002e-20 4.464e-20 0.0 172.6 0.0
S157294 309.4934 62.1406 1.422e-22 3.6259999999999996e-22 1.842e-21 0.0 168.98 0.0
S157295 309.3809 62.077 5.639e-23 1.44e-22 7.126e-22 0.0 171.78 0.0
S157296 309.3209 62.2291 1.454e-23 4.435e-23 3.341e-22 0.0 167.75 0.0
S157297 309.4533 61.9499 1.0240000000000001e-21 2.425e-21 1.0550000000000001e-20 0.0 174.45 0.0
S157299 309.4334 62.0805 8.668999999999999e-23 2.3269999999999996e-22 1.365e-21 0.0 173.42 0.0
S157300 309.6562 62.3074 7.422e-20 1.115e-19 1.852e-19 0.0 172.57 0.0
S157303 309.362 61.974 4.16e-24 1.556e-23 1.7309999999999998e-22 0.0 172.64 0.0
S157304 309.3612 62.1884 1.208e-19 1.726e-19 2.607e-19 0.0 170.64 0.0
S157305 309.5705 62.1725 6.361e-21 1.1690000000000001e-20 2.9220000000000005e-20 0.0 175.99 0.0
S157308 309.3078 62.0278 7.56e-21 1.381e-20 3.478e-20 0.0 176.4 0.0
S157309 309.4678 61.9147 1.584e-21 3.0520000000000002e-21 8.737e-21 0.0 176.86 0.0
S157311 309.7845 62.0998 4.5150000000000006e-20 6.808000000000001e-20 1.164e-19 0.0 168.9 0.0
S157312 309.5414 62.0242 1.496e-19 1.981e-19 2.563e-19 0.0 175.07 0.0
S157313 309.3257 62.3189 3.143e-19 4.191e-19 5.243e-19 0.0 173.87 0.0
S157315 309.5199 61.894 2.946e-21 2.0300000000000002e-21 6.978e-22 0.0 170.84 0.0
S157316 309.2553 62.0111 2.95e-21 5.4e-21 1.397e-20 0.0 175.13 0.0
S157317 309.7342 62.2774 9.83e-17 7.695e-17 3.449e-17 0.0 167.62 0.0
S157320 309.4005 62.0799 1.142e-17 2.586e-17 1.011e-16 0.0 171.86 0.0
S157322 309.4987 62.2639 2.399e-21 5.219e-21 1.842e-20 0.0 175.07 0.0
S157323 309.6192 61.9572 7.254999999999999e-22 1.605e-21 5.972e-21 0.0 177.41 0.0
S157325 309.3674 62.3483 4.44e-19 5.606e-19 6.646e-19 0.0 171.14 0.0
S157327 309.8317 62.0477 2.4319999999999997e-22 5.838e-22 2.55e-21 0.0 175.86 0.0
S157329 309.2831 62.3574 3.412e-21 6.269e-21 1.607e-20 0.0 174.07 0.0
S157330 309.7873 62.008 9.306e-19 1.097e-18 1.119e-18 0.0 175.13 0.0
S157331 309.5942 62.3308 1.154e-22 2.5409999999999995e-22 9.731999999999999e-22 0.0 175.02 0.0
S157332 309.7084 62.1129 5.244e-19 6.47e-19 7.104e-19 0.0 168.84 0.0
S157333 309.5777 62.2136 2.0060000000000002e-21 4.0480000000000004e-21 1.2170000000000001e-20 0.0 173.75 0.0
S157334 309.6248 61.9008 1.4759999999999998e-22 3.9149999999999995e-22 2.205e-21 0.0 175.37 0.0
S157335 309.725 62.3343 3.4319999999999995e-22 6.835999999999999e-22 2.067e-21 0.0 177.87 0.0
S157338 309.4864 62.0692 7.551e-21 1.376e-20 3.3560000000000005e-20 0.0 170.51 0.0
S157340 309.3701 62.0186 1.147e-18 1.245e-18 1.071e-18 0.0 169.8 0.0
S157341 309.3906 62.1722 1.729e-20 3.107e-20 7.406000000000001e-20 0.0 167.89 0.0
S157343 309.5328 61.9569 1.722e-17 2.899e-17 5.958e-17 0.0 171.66 0.0
S157346 309.3254 61.9543 2.594e-21 1.813e-21 6.331999999999999e-22 0.0 173.39 0.0
S157347 309.4911 62.0376 1.423e-21 2.843e-21 8.78e-21 0.0 176.23 0.0
S157349 309.7737 62.0091 7.927e-18 7.488e-18 4.71e-18 0.0 174.19 0.0
S157352 309.7293 62.334 2.083e-21 4.403e-21 1.4890000000000002e-20 0.0 177.53 0.0
S157353 309.4889 62.1321 1.9779999999999998e-23 5.591999999999999e-23 3.341e-22 0.0 176.89 0.0
S157354 309.6257 61.9018 4.64e-19 5.763e-19 6.735e-19 0.0 175.41 0.0
S157355 309.4637 62.1462 4.938e-21 9.78e-21 2.814e-20 0.0 170.15 0.0
S157357 309.2757 62.0837 1.08e-21 2.216e-21 6.944e-21 0.0 173.22 0.0
S157358 309.7046 62.1968 8.01e-18 7.743e-18 5.315e-18 0.0 173.88 0.0
S157359 309.422 62.2814 1.023e-12 7.828e-13 3.238e-13 0.0 168.28 1.0
S157360 309.3182 61.8747 8.737e-19 1.043e-18 1.056e-18 0.0 169.05 0.0
S157361 309.3197 62.2066 1.6379999999999998e-22 3.7519999999999995e-22 1.509e-21 0.0 175.96 0.0
S157364 309.5913 62.1126 3.879e-20 5.871e-20 1.024e-19 0.0 172.85 0.0
S157366 309.6168 62.0859 1.8380000000000002e-20 3.0820000000000004e-20 6.351000000000001e-20 0.0 176.57 0.0
S157367 309.5156 62.3839 2.271e-19 2.976e-19 3.834e-19 0.0 173.19 0.0
S157369 309.7075 62.2023 4.607e-17 7.419e-17 1.411e-16 0.001 171.39 0.0
