Name Equatorial Polar BlueF GreenF RedF Parallax RadialVelocity Variable?
S001116 314.1001 119.3639 5.951e-24 1.994e-23 1.8239999999999998e-22 0.0 83.98 0.0
S001117 314.0994 119.364 2.281e-18 2.534e-18 2.215e-18 0.0 83.94 0.0
S001118 314.0956 119.3636 3.561e-23 1.0119999999999999e-22 6.496999999999999e-22 0.0 84.08 0.0
S001119 314.0823 119.3595 2.9080000000000005e-20 4.6890000000000005e-20 9.138e-20 0.0 82.19 0.0
S001120 314.0688 119.3729 2.0799999999999998e-22 4.848999999999999e-22 2.035e-21 0.0 81.86 0.0
S001121 314.1766 119.3474 4.2e-19 5.475e-19 7.052e-19 0.0 84.58 0.0
S001122 314.1276 119.3596 1.667e-24 6.366e-24 7.55e-23 0.0 84.77 0.0
S001123 314.0729 119.3565 1.57e-19 2.1e-19 2.731e-19 0.0 81.5 0.0
S001124 314.1165 119.349 6.733000000000001e-20 9.851000000000001e-20 1.603e-19 0.0 84.35 0.0
S001125 314.0847 119.3675 3.0379999999999995e-22 7.081e-22 2.822e-21 0.0 81.55 0.0
S001126 314.0783 119.3574 3.788e-17 6.962e-17 1.868e-16 0.0 82.14 0.0
S001127 314.0926 119.3831 1.1310000000000001e-21 2.41e-21 8.398e-21 0.0 83.03 0.0
S001128 314.0539 119.3731 3.7389999999999997e-23 9.467e-23 4.543e-22 0.0 82.02 0.0
S001129 314.156 119.3705 1.032e-21 2.338e-21 9.016e-21 0.0 84.83 0.0
S001130 314.0919 119.3657 4.0120000000000004e-21 8.025e-21 2.3970000000000002e-20 0.0 84.15 0.0
S001131 314.0852 119.3554 6.111e-20 9.314e-20 1.585e-19 0.0 81.64 0.0
S001132 314.0722 119.3595 1.796e-21 3.611e-21 1.109e-20 0.0 81.54 0.0
S001133 314.0503 119.3464 3.124e-22 7.752999999999999e-22 3.698e-21 0.0 81.97 0.0
S001134 314.1081 119.3594 1.685e-21 3.801e-21 1.4640000000000003e-20 0.0 84.29 0.0
S001135 314.0933 119.3608 3.936e-21 2.671e-21 8.774999999999999e-22 0.0 84.2 0.0
S001136 314.0428 119.3371 4.8330000000000004e-21 8.868e-21 2.2000000000000002e-20 0.0 81.59 0.0
S001137 314.0743 119.3583 7.089999999999999e-22 1.506e-21 5.2130000000000004e-21 0.0 81.91 0.0
S001138 314.5567 119.3376 4.394e-19 5.62e-19 6.626e-19 0.0 85.03 0.0
S001139 314.1961 119.3632 1.221e-17 1.096e-17 6.431e-18 0.0 85.28 0.0
S001140 313.9529 119.362 7.250999999999999e-22 1.605e-21 5.9850000000000004e-21 0.0 80.59 0.0
S001141 314.0942 119.3542 9.901e-23 2.437e-22 1.147e-21 0.0 83.2 0.0
S001142 314.0663 119.3617 6.841e-21 1.2340000000000002e-20 2.9990000000000004e-20 0.0 81.48 0.0
S001143 314.1027 119.3545 4.194e-21 7.954000000000001e-21 2.18e-20 0.0 83.97 0.0
S001144 314.0899 119.3578 1.371e-21 2.843e-21 9.526e-21 0.0 82.19 0.0
S001145 314.1413 119.3901 3.3369999999999996e-22 7.803999999999999e-22 3.149e-21 0.0 83.72 0.0
S001146 313.9763 119.3726 2.3960000000000003e-20 3.8940000000000006e-20 7.540000000000001e-20 0.0 80.86 0.0
S001147 313.9506 119.3382 2.761e-22 7.472999999999999e-22 4.242e-21 0.0 80.64 1.0
S001148 314.1329 119.3563 9.918e-21 1.5890000000000002e-20 3.038e-20 0.0 84.61 0.0
S001149 314.0677 119.3287 2.4210000000000002e-20 4.052e-20 8.53e-20 0.0 82.49 0.0
S001150 314.0953 119.3587 4.954e-20 7.262e-20 1.166e-19 0.0 83.3 0.0
S001151 313.9994 119.3583 1.1120000000000001e-20 1.8760000000000002e-20 4.0940000000000006e-20 0.0 80.92 0.0
S001152 314.1032 119.3689 8.585e-25 3.9589999999999996e-24 6.821e-23 0.0 83.84 0.0
S001153 314.1113 119.3664 3.156e-21 5.65e-21 1.3310000000000001e-20 0.0 84.02 0.0
S001154 314.1075 119.3746 1.353e-21 2.861e-21 9.839e-21 0.0 83.6 0.0
S001155 314.0791 119.3562 1.085e-24 5.0069999999999996e-24 8.476e-23 0.0 82.18 0.0
S001156 314.0598 119.3385 1.101e-19 1.539e-19 2.227e-19 0.0 82.06 0.0
S001157 314.2385 119.3643 7.315e-23 1.8179999999999999e-22 9.047999999999999e-22 0.001 85.37 0.0
S001158 314.0939 119.3683 1.107e-22 2.946e-22 1.6420000000000001e-21 0.0 83.56 0.0
S001159 314.0982 119.3589 3.766e-21 7.031e-21 1.911e-20 0.0 83.91 0.0
S001160 314.0101 119.3667 2.8600000000000005e-20 4.562e-20 8.645e-20 0.0 80.68 0.0
S001161 314.0884 119.3626 3.511e-24 1.212e-23 1.0969999999999998e-22 0.0 81.62 0.0
S001162 314.0884 119.3613 3.466e-19 4.401e-19 5.266e-19 0.001 82.73 0.0
S001163 314.0799 119.3568 1.253e-21 2.617e-21 9.119e-21 0.0 81.73 0.0
S001164 314.1114 119.3535 6.354000000000001e-20 9.679000000000001e-20 1.661e-19 0.0 84.31 0.0
S001165 314.1069 119.3607 2.662e-21 1.877e-21 6.905e-22 0.0 83.84 0.0
S001166 314.0389 119.3648 3.423e-21 6.726e-21 2.0210000000000002e-20 0.0 81.18 0.0
S001167 314.056 119.3688 1.8280000000000002e-21 3.878e-21 1.3140000000000001e-20 0.0 82.01 0.0
S001168 314.1005 119.3693 6.951e-18 7.022e-18 5.204e-18 0.0 83.38 0.0
S001169 314.0912 119.3555 2.774e-21 5.654e-21 1.808e-20 0.0 82.61 0.0
S001170 314.0993 119.3607 1.1090000000000001e-26 7.61e-26 3.022e-24 0.0 83.44 0.0
S001171 314.0993 119.3505 3.919e-20 5.874000000000001e-20 1.005e-19 0.0 83.62 0.0
S001172 314.1676 119.378 1.272e-17 1.267e-17 8.795e-18 0.0 84.7 0.0
S001173 314.0908 119.362 5.48e-21 9.483e-21 2.112e-20 0.0 82.86 0.0
S001174 314.1011 119.3672 3.481e-21 2.415e-21 8.233999999999999e-22 0.0 84.1 0.0
S001175 314.0635 119.3662 6.809e-20 9.546000000000001e-20 1.379e-19 0.0 81.36 0.0
S001176 314.0738 119.364 8.904999999999999e-23 2.3629999999999996e-22 1.245e-21 0.0 81.92 0.0
S001177 314.0575 119.3734 3.961e-17 7.874e-17 2.338e-16 0.0 81.85 0.0
S001178 313.9344 119.3837 3.462e-19 4.412e-19 5.127e-19 0.0 81.34 0.0
S001179 314.1445 119.3658 5.388e-17 4.466e-17 2.196e-17 0.0 85.14 0.0
S001180 314.0568 119.3507 8.038999999999999e-22 1.67e-21 5.525e-21 0.0 81.61 0.0
S001181 314.0884 119.3609 7.656999999999999e-22 1.658e-21 6.142e-21 0.0 82.3 0.0
S001182 314.0843 119.3521 7.751e-22 1.858e-21 8.021e-21 0.0 81.95 0.0
S001183 314.161 119.3559 4.409e-18 4.538e-18 3.471e-18 0.0 85.0 0.0
S001184 314.0725 119.354 2.501e-21 1.742e-21 6.318999999999999e-22 0.0 82.23 0.0
S001185 314.0824 119.365 1.611e-12 1.228e-12 5.437e-13 0.0 81.7 1.0
S001186 314.1045 119.3648 3.638e-30 6.729999999999999e-29 2.2090000000000002e-26 0.0 84.2 0.0
S001187 314.0851 119.3629 2.09e-23 6.018999999999999e-23 3.8139999999999997e-22 0.0 82.26 0.0
S001188 314.0676 119.3641 1.65e-17 1.409e-17 7.318e-18 0.0 81.84 0.0
S001189 314.0961 119.3647 5.923000000000001e-20 8.554000000000001e-20 1.346e-19 0.0 84.16 0.0
S001190 314.0952 119.3613 2.562e-18 2.883e-18 2.731e-18 0.0 83.24 0.0
S001191 314.0856 119.3584 1.689e-17 1.484e-17 8.026e-18 0.0 81.85 0.0
S001192 313.9944 119.3569 5.395999999999999e-22 1.204e-21 4.735e-21 0.0 80.73 0.0
S001193 314.1028 119.365 2.903e-18 3.122e-18 2.662e-18 0.0 83.59 0.0
S001194 314.1342 119.3625 4.008e-19 5.285e-19 6.746e-19 0.0 84.98 0.0
S001195 314.087 119.3751 1.6130000000000002e-20 2.7230000000000004e-20 5.538e-20 0.0 82.74 0.0
S001196 314.184 119.4097 3.3220000000000005e-20 5.3860000000000005e-20 1.031e-19 0.0 83.83 0.0
S001197 314.0476 119.357 1.139e-19 1.642e-19 2.618e-19 0.0 80.93 0.0
S001198 314.087 119.3664 2.763e-21 1.959e-21 6.9759999999999995e-22 0.0 82.03 0.0
S001199 314.1075 119.3631 1.485e-18 1.732e-18 1.735e-18 0.0 84.14 0.0
S001200 314.1069 119.3583 1.877e-21 3.981e-21 1.3540000000000001e-20 0.0 83.62 0.0
S001201 314.2101 119.3464 3.09e-19 3.968e-19 4.79e-19 0.0 84.75 0.0
S001202 313.9117 119.3229 1.016e-19 1.441e-19 2.135e-19 0.0 80.82 0.0
S001203 314.1046 119.3529 8.304999999999999e-22 1.704e-21 5.318e-21 0.0 83.66 0.0
S001204 314.0518 119.3624 4.313e-23 1.0849999999999998e-22 5.337999999999999e-22 0.0 81.29 0.0
S001205 314.0952 119.3649 1.524e-21 2.9690000000000002e-21 8.548000000000001e-21 0.0 83.62 0.0
S001206 314.0966 119.3623 4.6980000000000003e-20 7.137000000000001e-20 1.216e-19 0.0 84.33 0.0
S001207 314.107 119.3944 6.07e-24 1.961e-23 1.6399999999999999e-22 0.0 83.13 0.0
S001208 314.1076 119.3546 2.0020000000000003e-20 3.3e-20 6.797e-20 0.0 84.12 0.0
S001209 314.1246 119.3637 3.717e-23 9.198e-23 4.333e-22 0.0 84.66 0.0
S001210 314.0979 119.3651 2.774e-25 1.327e-24 2.548e-23 0.0 83.34 0.0
S001211 314.1018 119.3607 9.614e-22 1.99e-21 6.4620000000000005e-21 0.0 83.83 0.0
S001212 314.0997 119.3545 1.607e-20 2.622e-20 5.3950000000000004e-20 0.0 84.13 0.0
S001213 314.0903 119.3426 2.765e-21 5.289e-21 1.411e-20 0.0 82.89 0.0
S001214 314.0943 119.3494 2.093e-24 8.019e-24 9.592e-23 0.0 83.1 0.0
S001215 314.0961 119.3601 9.337e-19 1.024e-18 8.663e-19 0.0 83.56 0.0
S001216 314.1388 119.3742 9.347e-25 3.729e-24 4.904e-23 0.0 84.55 0.0
S001217 314.1166 119.3696 2.8929999999999997e-22 6.585999999999999e-22 2.644e-21 0.0 84.17 1.0
S001218 314.0928 119.3538 1.056e-12 7.466e-13 2.759e-13 0.0 82.96 0.0
S001219 314.0875 119.3613 1.601e-17 1.455e-17 8.772e-18 0.0 82.42 0.0
S001220 314.0856 119.3619 1.284e-18 1.461e-18 1.385e-18 0.0 82.13 0.0
S001221 313.9951 119.4078 1.555e-17 1.468e-17 9.132e-18 0.0 82.13 0.0
S001222 314.1783 119.3748 4.891999999999999e-22 1.259e-21 6.4250000000000004e-21 0.0 84.81 0.0
S001223 314.1222 119.3554 1.49e-21 3.1830000000000002e-21 1.082e-20 0.0 84.03 0.0
S001224 314.0688 119.3624 4.084e-17 1.003e-16 4.565e-16 0.0 81.74 1.0
S001225 314.0474 119.3555 4.586e-21 3.008e-21 9.62e-22 0.0 81.1 0.0
S001226 314.0918 119.3564 3.6029999999999995e-22 8.201999999999999e-22 3.254e-21 0.0 82.95 0.0
S001227 314.0971 119.3619 1.761e-19 2.445e-19 3.335e-19 0.0 83.42 0.0
S001228 314.1517 119.366 3.226e-19 4.257e-19 5.725e-19 0.0 85.16 0.0
S001229 314.0714 119.3376 2.824e-23 8.205e-23 5.274e-22 0.0 82.6 0.0
S001230 314.188 119.344 2.181e-17 2.932e-17 3.957e-17 0.0 84.82 0.0
S001231 314.0095 119.3668 1.007e-18 1.17e-18 1.138e-18 0.0 80.97 0.0
S001232 314.1162 119.358 1.867e-22 4.607999999999999e-22 2.168e-21 0.0 84.31 0.0
S001233 314.0102 119.3489 4.436e-24 1.487e-23 1.3529999999999998e-22 0.0 80.74 0.0
S001234 314.1292 119.3499 8.122e-18 8.416e-18 6.54e-18 0.0 84.03 0.0
S001235 313.9362 119.3748 7.15e-18 1.201e-17 2.569e-17 0.0 81.04 0.0
S001236 314.095 119.3594 4.913e-19 5.889e-19 6.335e-19 0.0 84.02 0.0
S001237 314.0968 119.3792 2.9359999999999996e-22 7.509999999999999e-22 3.738e-21 0.0 83.09 1.0
S001238 314.131 119.362 1.714e-23 5.386e-23 4.267999999999999e-22 0.0 84.64 0.0
S001239 314.0984 119.3192 1.851e-18 2.007e-18 1.661e-18 0.0 83.05 0.0
S001240 314.0513 119.3513 1.939e-24 7.246e-24 8.379999999999999e-23 0.0 81.79 0.0
S001241 314.1013 119.3477 7.061e-19 8.948e-19 9.992e-19 0.0 83.26 0.0
S001242 314.3489 119.3941 1.0270000000000001e-20 1.743e-20 3.7910000000000005e-20 0.0 85.12 0.0
S001243 313.9804 119.3662 1.1120000000000001e-20 1.9440000000000003e-20 4.5860000000000005e-20 0.0 80.76 0.0
S001244 314.0873 119.3625 3.714e-19 4.777e-19 5.722e-19 0.0 82.75 0.0
S001245 314.0855 119.3639 6.033999999999999e-23 1.5429999999999999e-22 7.546999999999999e-22 0.0 81.96 0.0
S001246 313.6668 119.3791 9.427999999999999e-23 2.456e-22 1.3270000000000001e-21 0.0 80.88 0.0
S001247 314.187 119.3796 2.1189999999999996e-22 5.7719999999999995e-22 3.346e-21 0.0 84.5 1.0
S001248 314.1074 119.3612 2.772e-21 5.4870000000000005e-21 1.622e-20 0.0 83.95 0.0
S001249 314.0504 119.3539 4.0409999999999995e-22 9.356e-22 3.76e-21 0.0 81.58 0.0
S001250 314.1132 119.3662 1.045e-21 2.283e-21 8.42e-21 0.0 84.17 0.0
S001251 314.0011 119.3474 1.158e-17 1.086e-17 6.97e-18 0.0 80.75 0.0
S001252 314.1995 119.3381 4.2189999999999995e-22 9.088e-22 3.156e-21 0.0 84.31 0.0
S001253 314.123 119.351 2.243e-18 2.312e-18 1.803e-18 0.0 84.32 0.0
S001254 314.1053 119.3462 7.788e-19 9.735e-19 1.146e-18 0.0 83.39 0.0
S001255 314.0977 119.3652 6.748e-20 1.073e-19 1.947e-19 0.001 84.05 0.0
S001256 314.0707 119.3654 1.28e-17 2.109e-17 4.242e-17 0.0 81.5 0.0
S001257 314.112 119.3556 4.561e-17 4.105e-17 2.456e-17 0.0 84.33 0.0
S001258 314.096 119.3589 2.552e-19 3.305e-19 4.001e-19 0.0 83.44 0.0
S001259 314.0468 119.3364 2.906e-20 4.5850000000000005e-20 8.357e-20 0.0 82.18 0.0
S001260 314.0928 119.3605 2.503e-18 2.781e-18 2.392e-18 0.0 84.52 0.0
S001261 313.9917 119.3348 9.218e-20 1.327e-19 2.03e-19 0.0 81.5 0.0
S001262 314.0888 119.3695 3.008e-21 2.122e-21 7.309999999999999e-22 0.0 82.76 0.0
S001263 314.2774 119.3673 2.073e-20 3.396e-20 6.959000000000001e-20 0.0 85.38 0.0
S001264 314.0734 119.3594 6.035e-20 8.969000000000001e-20 1.478e-19 0.0 81.61 0.0
S001265 314.0169 119.3463 1.447e-19 1.914e-19 2.512e-19 0.0 80.71 0.0
S001266 314.1618 119.3762 6.338e-21 1.187e-20 3.1930000000000003e-20 0.0 84.44 0.0
S001267 314.0684 119.3614 1.326e-19 1.712e-19 2.177e-19 0.0 81.5 0.0
S001268 314.1485 119.3337 4.0959999999999997e-22 9.477e-22 3.946e-21 0.0 83.93 0.0
S001269 314.076 119.3537 3.473e-18 3.619e-18 2.904e-18 0.0 82.12 0.0
S001270 313.9622 119.354 1.24e-22 3.355e-22 1.892e-21 0.0 80.72 0.0
S001271 314.0858 119.3607 1.956e-20 3.3350000000000006e-20 7.004000000000001e-20 0.0 81.71 0.0
S001272 314.1268 119.3604 3.2600000000000002e-21 6.486e-21 1.988e-20 0.0 84.79 0.0
S001273 314.0424 119.3538 9.736e-18 2.164e-17 8.384e-17 0.0 80.97 0.0
S001274 314.017 119.3664 1.216e-20 2.1170000000000002e-20 4.871e-20 0.0 81.0 0.0
S001275 314.0688 119.3548 1.597e-18 1.749e-18 1.447e-18 0.0 81.48 0.0
S001276 314.0509 119.3305 3.073e-21 2.123e-21 7.426999999999999e-22 0.0 81.93 0.0
S001277 314.1071 119.3632 2.8e-22 7.387999999999999e-22 4.121e-21 0.0 83.82 0.0
S001278 314.0022 119.3248 1.3349999999999999e-22 3.7619999999999997e-22 2.279e-21 0.0 81.79 0.0
S001279 313.9676 119.3451 3.4059999999999997e-22 7.988e-22 3.4e-21 0.0 80.79 0.0
S001280 314.0415 119.3549 2.036e-20 3.328e-20 6.61e-20 0.0 80.84 0.0
S001281 314.1269 119.3765 6.157e-19 7.408e-19 8e-19 0.0 83.68 0.0
S001282 314.0997 119.3634 8.244999999999999e-22 1.845e-21 6.999e-21 0.0 84.0 0.0
S001283 313.9492 119.3562 5.292e-24 1.844e-23 1.7469999999999998e-22 0.0 80.7 0.0
S001284 314.0939 119.3575 2.4070000000000002e-20 4.1230000000000005e-20 9.011000000000001e-20 0.0 83.84 0.0
S001285 314.093 119.3629 2.309e-22 5.7569999999999995e-22 2.841e-21 0.0 83.95 0.0
S001286 314.0743 119.3604 3.842e-19 5.055e-19 6.341e-19 0.0 81.58 0.0
S001287 314.0837 119.3562 3.706e-20 5.3030000000000005e-20 7.816000000000001e-20 0.0 82.44 0.0
S001288 314.0922 119.3667 3.961e-17 6.603e-17 1.414e-16 0.0 83.06 0.0
S001289 314.0952 119.3547 2.053e-20 3.4070000000000003e-20 7.086000000000001e-20 0.0 83.5 0.0
S001290 314.0326 119.348 1.531e-21 3.072e-21 9.326e-21 0.0 81.04 0.0
S001291 314.0432 119.3453 1.199e-22 3.2039999999999997e-22 1.747e-21 0.0 81.42 0.0
S001292 314.1001 119.3569 8.474e-21 1.5750000000000002e-20 4.1230000000000005e-20 0.0 83.93 0.0
S001293 314.0508 119.3372 4.068e-17 6.858e-17 1.482e-16 0.0 82.04 0.0
S001294 314.139 119.3687 7.293999999999999e-22 1.749e-21 7.869e-21 0.0 85.13 0.0
S001295 314.1267 119.3555 4.079e-23 1.136e-22 6.978e-22 0.0 84.36 0.0
S001296 314.0218 119.3618 1.86e-18 2.133e-18 2.016e-18 0.0 80.69 0.0
S001297 314.0542 119.3534 3.156e-21 2.164e-21 7.604e-22 0.0 81.04 0.0
S001298 314.0917 119.3562 1.797e-20 3.174e-20 7.209e-20 0.0 82.94 0.0
S001299 314.1681 119.3574 7.159e-13 5.095e-13 1.906e-13 0.0 85.15 0.0
S001300 314.0948 119.3584 4.546e-23 1.3339999999999998e-22 9.235e-22 0.0 84.36 0.0
S001301 314.092 119.37 4.6909999999999996e-23 1.144e-22 5.302e-22 0.0 83.03 0.0
S001302 314.0211 119.3506 1.416e-18 1.551e-18 1.333e-18 0.0 80.8 0.0
S001303 314.1541 119.3735 3.029e-23 8.601e-23 5.408999999999999e-22 0.0 84.98 0.0
S001304 314.0601 119.359 1.0030000000000001e-20 1.78e-20 4.389e-20 0.0 81.7 0.0
S001305 314.0602 119.3547 3.5109999999999996e-23 9.944e-23 6.112999999999999e-22 0.0 81.84 0.0
S001306 314.092 119.3539 7.764000000000001e-20 1.157e-19 1.906e-19 0.0 82.97 1.0
S001307 314.141 119.3467 9.374e-19 1.06e-18 9.616e-19 0.0 84.58 0.0
S001308 314.0667 119.3572 1.552e-12 1.135e-12 4.399e-13 0.0 81.47 0.0
S001309 313.9598 119.3568 2.58e-23 7.78e-23 5.839999999999999e-22 0.0 80.51 0.0
S001310 313.9912 119.3525 1.536e-17 1.435e-17 8.886e-18 0.0 80.7 0.0
S001311 314.019 119.3218 7.029999999999999e-22 1.486e-21 5.067e-21 0.0 81.96 0.0
S001312 314.346 119.3513 8.361e-24 2.6379999999999998e-23 2.0239999999999997e-22 0.001 85.14 0.0
S001313 314.1032 119.3627 1.41e-19 1.937e-19 2.729e-19 0.0 83.93 0.0
S001314 314.0749 119.3571 1.406e-16 2.051e-16 3.158e-16 0.0 81.89 0.0
S001315 314.0808 119.3583 7.187e-17 5.747e-17 2.589e-17 0.0 81.98 0.0
S001316 314.0865 119.361 2.374e-21 5.203e-21 1.9270000000000002e-20 0.0 81.7 0.0
S001317 314.1084 119.3484 1.561e-12 1.122e-12 4.112e-13 0.0 83.71 0.0
S001318 314.1252 119.3599 2.0919999999999998e-23 6.488e-23 4.803999999999999e-22 0.0 84.74 0.0
S001319 314.2086 119.3678 2.644e-21 1.877e-21 6.655999999999999e-22 0.0 85.2 0.0
S001320 314.1182 119.3506 4.2419999999999995e-23 1.0239999999999999e-22 4.711999999999999e-22 0.0 84.21 0.0
S001321 314.0963 119.3526 3.707e-20 6.176000000000001e-20 1.27e-19 0.0 83.15 1.0
S001322 314.0683 119.3556 4.792e-22 9.795e-22 3.135e-21 0.0 81.45 0.0
S001323 314.081 119.3458 3.1890000000000002e-21 2.194e-21 7.615e-22 0.0 82.35 0.0
S001324 314.1128 119.3671 4.363e-24 1.519e-23 1.44e-22 0.0 83.98 0.0
S001325 314.0928 119.3511 5.203e-23 1.322e-22 6.528999999999999e-22 0.0 82.97 0.0
S001326 314.1225 119.3561 2.943e-24 1.06e-23 1.0789999999999999e-22 0.0 83.93 0.0
S001327 314.1087 119.3537 3.478e-21 6.952e-21 2.105e-20 0.0 84.08 0.0
S001328 314.0704 119.3608 5.894999999999999e-23 1.4679999999999998e-22 6.86e-22 0.0 81.63 0.0
S001329 314.1012 119.3673 1.14e-18 1.289e-18 1.185e-18 0.0 83.61 0.0
S001330 314.0878 119.3623 7.506999999999999e-22 1.627e-21 5.834e-21 0.0 82.64 0.0
S001331 314.0991 119.3542 2.539e-21 5.0470000000000004e-21 1.519e-20 0.0 83.5 0.0
S001332 314.0834 119.3668 7.187e-23 1.993e-22 1.201e-21 0.0 81.81 0.0
S001333 314.0926 119.3651 4.907e-23 1.326e-22 7.661e-22 0.0 83.42 0.0
S001334 314.1379 119.3433 1.2400000000000001e-20 2.0750000000000003e-20 4.438e-20 0.0 83.99 0.0
S001335 314.1092 119.3624 1.496e-21 3.182e-21 1.1260000000000001e-20 0.0 84.14 0.0
S001336 314.0927 119.3491 1.404e-24 5.513e-24 7.018999999999999e-23 0.0 83.03 0.0
S001337 314.1079 119.3516 3.438e-20 5.1020000000000006e-20 8.418e-20 0.0 83.47 0.0
S001338 314.0671 119.3682 2.807e-21 5.589e-21 1.687e-20 0.0 81.5 0.0
S001339 314.0923 119.3577 1.551e-19 2.22e-19 3.223e-19 0.0 84.62 0.0
S001340 314.0868 119.3514 4.898e-19 6.17e-19 7.31e-19 0.0 82.15 0.0
S001341 314.1164 119.3654 1.924e-21 3.286e-21 7.274e-21 0.0 84.3 0.0
S001342 313.9895 119.3323 4.782e-18 4.782e-18 3.296e-18 0.001 81.62 0.0
S001343 314.1865 119.363 6.411e-21 1.1640000000000001e-20 2.9700000000000005e-20 0.0 85.11 0.0
S001344 314.0795 119.348 2.84e-17 7.47e-17 3.996e-16 0.0 82.55 1.0
S001345 314.107 119.3546 1.604e-24 6.003e-24 6.703e-23 0.0 84.34 0.0
S001346 314.0648 119.3436 7.12e-19 8.461e-19 8.614e-19 0.0 81.57 0.0
S001347 313.8795 119.344 6.551e-20 9.532000000000001e-20 1.474e-19 0.0 80.59 0.0
S001348 314.0923 119.3629 1.425e-20 2.4250000000000002e-20 5.2570000000000003e-20 0.0 83.44 0.0
S001349 314.0474 119.359 3.678e-20 5.63e-20 1.007e-19 0.0 80.96 0.0
S001350 314.0913 119.3615 3.018e-21 5.625e-21 1.505e-20 0.0 82.84 0.0
S001351 314.0962 119.3633 2.337e-23 7.265e-23 5.455999999999999e-22 0.0 84.24 0.0
S001352 314.1312 119.3608 3.505e-20 5.774000000000001e-20 1.151e-19 0.0 84.83 0.0
S001353 314.0956 119.3619 9.169e-20 1.32e-19 1.981e-19 0.0 84.42 0.0
S001354 314.0809 119.3612 2.388e-25 1.104e-24 1.937e-23 0.0 81.65 0.0
S001355 314.0829 119.3568 4.4120000000000006e-20 7.186000000000001e-20 1.368e-19 0.0 82.39 0.0
S001356 314.0358 119.3652 3.858e-23 1.032e-22 5.978999999999999e-22 0.0 80.99 1.0
S001357 314.0277 119.3794 6.466e-18 6.453e-18 4.683e-18 0.0 81.82 0.0
S001358 314.0667 119.3502 2.742e-21 1.9350000000000002e-21 6.936e-22 0.0 81.96 0.0
S001359 314.0909 119.3498 1.6309999999999998e-22 3.971e-22 1.772e-21 0.0 82.88 0.0
S001360 314.0935 119.3582 3.7509999999999995e-22 8.2239999999999995e-22 3.086e-21 0.0 83.75 0.0
S001361 314.0986 119.3476 1.187e-21 2.615e-21 9.885e-21 0.0 83.89 0.0
S001362 314.0786 119.3556 1.888e-21 3.745e-21 1.1120000000000001e-20 0.0 81.62 0.0
S001363 314.2278 119.404 7.129e-22 1.625e-21 6.649e-21 0.0 84.44 0.0
S001364 314.1249 119.3684 9.158000000000001e-20 1.311e-19 1.957e-19 0.0 84.47 0.0
S001365 314.0852 119.3619 1.309e-19 1.763e-19 2.451e-19 0.0 82.48 0.0
S001366 314.0783 119.3653 2.271e-27 1.9060000000000002e-26 1.169e-24 0.0 81.6 0.0
S001367 314.1797 119.4232 5.078e-22 1.061e-21 3.405e-21 0.0 83.74 0.0
S001368 314.0372 119.3494 1.218e-23 3.517e-23 2.296e-22 0.0 81.58 0.0
S001369 314.1056 119.364 3.167e-21 5.999e-21 1.6650000000000002e-20 0.0 84.24 0.0
S001370 314.1591 119.3537 9.858e-18 9.513e-18 6.299e-18 0.0 85.08 0.0
S001371 314.084 119.365 1.5210000000000002e-26 9.512e-26 3.214e-24 0.0 82.26 0.0
S001372 314.0082 119.338 1.547e-17 1.434e-17 9.082e-18 0.0 81.45 0.0
S001373 314.0899 119.372 2.8500000000000002e-21 5.489e-21 1.5240000000000002e-20 0.0 82.93 0.0
S001374 314.0941 119.379 2.997e-23 7.343e-23 3.5369999999999996e-22 0.0 83.02 0.0
S001375 314.0557 119.3505 3.405e-19 4.437e-19 5.328e-19 0.0 81.0 0.0
S001376 314.0853 119.3383 4.462999999999999e-22 1.067e-21 4.695e-21 0.0 82.77 0.0
S001377 314.126 119.332 2.843e-24 1.031e-23 1.125e-22 0.0 83.47 0.0
S001378 314.0582 119.3848 6.995999999999999e-22 1.614e-21 6.861e-21 0.0 82.4 0.0
S001379 314.0784 119.3396 8.123e-24 2.5289999999999998e-23 1.9579999999999998e-22 0.0 82.59 0.0
S001380 314.0913 119.3499 1.165e-27 9.942e-27 6.448e-25 0.0 82.03 0.0
S001381 314.1252 119.3553 1.923e-12 1.617e-12 8.226e-13 0.0 84.67 1.0
S001382 314.0884 119.3653 2.391e-24 8.516e-24 8.768e-23 0.0 82.14 0.0
S001383 314.0775 119.3732 8.19e-23 2.169e-22 1.172e-21 0.0 82.18 0.0
S001384 314.1478 119.3144 1.589e-17 2.576e-17 4.979e-17 0.0 83.45 0.0
S001385 314.1788 119.3667 1.077e-16 8.227e-17 3.538e-17 0.0 85.13 0.0
S001386 314.1079 119.3665 4.003e-21 8.315e-21 2.6850000000000004e-20 0.0 84.39 0.0
S001387 314.1681 119.3496 2.828e-23 7.240999999999999e-23 3.7319999999999997e-22 0.0 84.64 0.0
S001388 314.1596 119.327 8.138e-19 9.629e-19 9.97e-19 0.0 84.16 0.0
S001389 314.1184 119.3462 4.5240000000000004e-20 7.071e-20 1.32e-19 0.0 84.23 0.0
S001390 314.1847 119.3744 1.241e-17 1.141e-17 6.829e-18 0.0 85.1 0.0
S001391 314.0817 119.3583 7.609e-19 8.823e-19 8.521e-19 0.0 81.67 0.0
S001392 314.0846 119.3673 9.581000000000001e-21 1.6920000000000003e-20 4.0190000000000005e-20 0.0 82.3 0.0
S001393 314.0868 119.3576 8.185999999999999e-22 1.95e-21 8.668e-21 0.0 82.13 0.0
S001394 314.0871 119.3515 2.4620000000000002e-20 4.127e-20 8.472e-20 0.0 82.36 0.0
S001395 314.0787 119.3758 6.245e-24 2.4169999999999998e-23 2.8409999999999997e-22 0.0 82.27 0.0
S001396 313.9972 119.3579 1.053e-24 4.07e-24 5.1129999999999995e-23 0.0 80.66 0.0
S001397 314.0387 119.3689 7.487999999999999e-22 1.693e-21 6.526e-21 0.0 81.34 0.0
S001398 314.2023 119.371 5.567e-22 1.283e-21 5.24e-21 0.0 85.16 0.0
S001399 314.0793 119.3645 5.73e-21 1.082e-20 2.962e-20 0.0 82.55 0.0
S001400 314.1112 119.357 1.285e-12 9.415e-13 3.558e-13 0.0 84.1 0.0
S001401 314.1131 119.3461 7.637e-19 8.927e-19 8.776e-19 0.0 84.41 0.0
S001402 314.0901 119.3558 3.779e-21 2.586e-21 8.519e-22 0.0 82.1 0.0
S001403 314.0391 119.3781 2.637e-19 3.643e-19 5.129e-19 0.0 81.42 0.0
S001404 314.0438 119.3377 1.65e-20 2.89e-20 6.915000000000001e-20 0.0 82.16 0.0
S001405 314.0078 119.3623 1.694e-20 2.8040000000000005e-20 5.733e-20 0.0 80.77 0.0
S001406 314.1 119.3633 3.838e-18 7.398e-18 2.087e-17 0.0 83.48 0.0
S001407 314.1112 119.3787 7.369e-21 1.294e-20 2.96e-20 0.0 83.67 0.0
S001408 314.098 119.3786 2.938e-20 5.1330000000000003e-20 1.175e-19 0.0 83.24 0.0
S001409 313.9966 119.343 1.5929999999999999e-27 1.334e-26 7.884000000000001e-25 0.0 80.76 0.0
S001410 313.9546 119.327 1.433e-21 2.929e-21 9.570000000000001e-21 0.0 81.29 0.0
S001411 314.083 119.3614 2.193e-21 4.287e-21 1.1950000000000001e-20 0.0 82.44 0.0
S001412 314.091 119.3641 1.643e-20 2.8800000000000005e-20 6.694e-20 0.0 82.92 0.0
S001413 314.1099 119.3602 2.827e-23 7.889e-23 4.844e-22 0.0 84.02 0.0
S001414 314.097 119.3611 1.531e-23 4.8079999999999996e-23 3.6619999999999995e-22 0.0 83.63 0.0
S001415 314.0915 119.3544 2.016e-18 2.179e-18 1.933e-18 0.0 82.85 0.0
S001416 313.9685 119.3533 2.739e-23 8.123e-23 5.584e-22 0.0 80.74 0.0
S001417 314.1598 119.3704 2.444e-18 2.611e-18 2.118e-18 0.0 84.79 0.0
S001418 314.0874 119.3584 4.16e-20 6.205e-20 1.063e-19 0.0 81.74 0.0
S001419 314.0917 119.3541 2.641e-19 3.34e-19 3.99e-19 0.0 82.8 0.0
S001420 314.1277 119.3404 5.732e-19 6.823e-19 7.077e-19 0.0 84.94 0.0
S001421 314.1058 119.3501 2.895e-16 2.202e-16 9.217e-17 0.0 83.72 1.0
S001422 314.1388 119.4119 1.3899999999999998e-22 3.7089999999999996e-22 1.974e-21 0.0 85.02 0.0
S001423 314.1713 119.371 6.326e-22 1.363e-21 4.991e-21 0.0 84.93 0.0
S001424 314.1182 119.3839 9.46e-17 7.789e-17 3.997e-17 0.0 84.72 0.0
S001425 314.0945 119.348 4.21e-17 9.027e-17 3.108e-16 0.0 83.12 0.0
S001426 314.0685 119.3786 1.071e-12 7.809e-13 3.017e-13 0.0 81.91 0.0
S001427 314.1375 119.3515 6.952e-13 4.934e-13 1.808e-13 0.0 84.52 0.0
S001428 314.162 119.3522 5.585e-22 1.344e-21 6.044e-21 0.0 85.19 0.0
S001429 314.0411 119.3084 2.3240000000000002e-20 3.595e-20 6.571000000000001e-20 0.0 81.14 0.0
S001430 314.118 119.3588 7.083e-13 5.943e-13 3.022e-13 0.0 83.97 1.0
S001431 314.0695 119.3675 1.2480000000000001e-20 2.343e-20 6.093e-20 0.0 81.54 0.0
S001432 314.1144 119.3517 5.937000000000001e-20 9.144000000000001e-20 1.614e-19 0.0 84.19 0.0
S001433 314.0938 119.3792 2.011e-16 5.859e-16 3.731e-15 0.0 83.15 1.0
S001434 314.0637 119.3887 5.41e-17 1.407e-16 7.669e-16 0.0 81.17 1.0
S001435 314.1494 119.366 7.957e-23 1.8959999999999999e-22 8.258999999999999e-22 0.0 85.08 0.0
S001436 314.0461 119.331 1.37e-21 2.848e-21 9.274e-21 0.0 81.41 0.0
S001437 314.0582 119.4061 2.029e-17 3.333e-17 6.62e-17 0.0 80.81 0.0
S001438 314.0816 119.3938 9.662e-19 1.159e-18 1.216e-18 0.0 82.21 0.0
S001439 314.0468 119.3512 4.395e-21 2.867e-21 9.190999999999999e-22 0.0 81.03 0.0
S001440 314.1002 119.3759 3.617e-16 2.848e-16 1.256e-16 0.0 84.13 1.0
S001441 314.0518 119.3688 2.991e-17 4.095e-17 5.797e-17 0.0 81.1 0.0
S001442 314.153 119.3884 3.642e-19 4.513e-19 4.92e-19 0.0 84.94 0.0
S001443 314.1212 119.3392 3.268e-18 3.313e-18 2.423e-18 0.001 84.46 0.0
S001444 314.1044 119.3573 2.627e-17 4.304e-17 8.862e-17 0.0 84.06 0.0
S001445 314.0724 119.3614 9.480999999999998e-22 1.943e-21 6.4620000000000005e-21 0.0 81.72 0.0
S001446 314.0661 119.3669 2.206e-21 4.655e-21 1.573e-20 0.001 82.05 0.0
S001447 314.1348 119.3577 2.501e-21 5.303e-21 1.874e-20 0.0 84.97 0.0
S001448 314.0596 119.3634 3.349e-18 3.625e-18 3.093e-18 0.0 81.24 0.0
S001449 314.1169 119.3994 2.424e-17 2.214e-17 1.34e-17 0.0 84.29 0.0
S001450 314.0587 119.3356 6.502e-18 6.878e-18 5.566e-18 0.0 81.58 0.0
S001451 314.0702 119.3413 3.355e-22 7.085999999999999e-22 2.412e-21 0.0 81.78 0.0
S001452 314.1092 119.355 1.026e-17 1.756e-17 3.914e-17 0.0 84.25 0.0
S001453 314.0759 119.3196 7.205000000000001e-20 1.139e-19 2.016e-19 0.0 81.96 0.0
S001454 314.131 119.3748 5.722e-25 2.329e-24 3.1699999999999996e-23 0.0 84.99 0.0
S001455 314.0513 119.367 2.57e-19 3.268e-19 3.916e-19 0.0 81.37 0.0
S001456 314.1244 119.3397 2.22e-22 5.3109999999999995e-22 2.325e-21 0.0 84.79 0.0
S001457 314.0638 119.3201 2.489e-21 5.45e-21 2.0400000000000003e-20 0.0 81.14 0.0
S001458 314.1064 119.4001 1.518e-17 1.481e-17 1.001e-17 0.0 85.01 0.0
S001459 314.1545 119.3227 3.486e-19 4.444e-19 5.241e-19 0.0 85.06 0.0
S001460 314.0445 119.3987 3.157e-17 5.911e-17 1.541e-16 0.0 80.73 0.0
S001461 314.0534 119.3315 8.322e-20 1.188e-19 1.75e-19 0.0 80.82 0.0
S001462 314.1144 119.3533 1.988e-17 3.971e-17 1.211e-16 0.0 84.17 0.0
S001463 314.1288 119.3413 1.173e-17 2.685e-17 1.097e-16 0.0 84.62 0.0
S001464 314.1313 119.3659 1.9689999999999998e-22 4.926e-22 2.435e-21 0.0 84.84 0.0
S001465 314.0807 119.3236 3.1120000000000002e-21 2.156e-21 7.677e-22 0.0 82.0 0.0
S001466 314.1139 119.3517 5.196e-20 7.603000000000001e-20 1.165e-19 0.0 84.34 0.0
S001467 314.1168 119.3673 2.545e-21 1.7980000000000002e-21 6.579e-22 0.0 84.04 0.0
S001468 314.0504 119.3639 1.574e-21 3.4770000000000004e-21 1.3040000000000001e-20 0.0 81.23 0.0
S001469 314.0681 119.3615 6.418999999999999e-22 1.56e-21 6.994e-21 0.0 81.51 0.0
S001470 314.0993 119.3688 2.1820000000000003e-20 3.5700000000000006e-20 6.967000000000001e-20 0.0 83.37 0.0
S001471 314.0815 119.3973 2.504e-19 3.28e-19 3.999e-19 0.0 82.03 0.0
S001472 314.1169 119.3406 2.659e-21 5.097e-21 1.428e-20 0.0 84.1 0.0
S001473 314.1097 119.3769 5.168e-17 4.301e-17 2.112e-17 0.0 83.56 0.0
S001474 314.0908 119.3777 3.389e-17 4.962e-17 7.791e-17 0.0 82.96 0.0
S001475 314.1194 119.3736 5.916e-21 1.0980000000000001e-20 2.9e-20 0.0 84.61 0.0
S001476 314.1061 119.3613 5.936e-17 5.028e-17 2.533e-17 0.0 84.1 0.0
S001477 314.0929 119.3391 2.965e-16 2.382e-16 1.094e-16 0.0 82.95 0.0
S001478 314.0691 119.3632 7.473999999999999e-22 1.485e-21 4.549e-21 0.0 81.7 0.0
S001479 314.0499 119.349 1.86e-19 2.48e-19 3.297e-19 0.0 81.29 0.0
S001480 314.0559 119.3889 5.761e-23 1.3299999999999998e-22 5.627e-22 0.0 80.82 0.0
S001481 314.0654 119.4083 1.475e-17 2.874e-17 8.651e-17 0.0 81.22 0.0
S001482 314.1173 119.3279 8.048e-19 9.932e-19 1.11e-18 0.0 84.41 0.0
S001483 314.0544 119.3874 3.112e-24 1.062e-23 9.681e-23 0.0 80.92 0.0
S001484 314.0861 119.3505 8.816e-18 8.266e-18 5.172e-18 0.0 82.4 0.0
S001485 314.0431 119.3641 1.15e-21 9.373999999999999e-22 4.326999999999999e-22 0.0 80.88 0.0
S001486 314.1284 119.335 1.9019999999999998e-22 4.407e-22 1.848e-21 0.0 84.57 0.0
S001487 314.1321 119.3563 5.495e-23 1.592e-22 1.08e-21 0.0 84.91 0.0
S001488 314.1249 119.3687 3.2639999999999997e-22 6.994e-22 2.527e-21 0.0 84.81 0.0
S001489 314.0959 119.3747 2.61e-17 2.358e-17 1.375e-17 0.0 84.2 0.0
S001490 314.0789 119.3707 3.2520000000000003e-26 1.92e-25 5.5309999999999996e-24 0.0 82.28 0.0
S001491 314.0876 119.4011 3.76e-19 4.837e-19 5.962e-19 0.001 82.86 0.0
S001492 314.1145 119.3658 2.369e-12 1.777e-12 7.178e-13 0.0 84.0 0.0
S001493 314.0459 119.3294 3.28e-24 1.2329999999999999e-23 1.388e-22 0.0 81.17 0.0
S001494 314.0876 119.3864 5.247e-17 4.393e-17 2.246e-17 0.0 82.6 0.0
S001495 314.1024 119.3856 5.39e-20 7.724000000000001e-20 1.17e-19 0.0 84.62 0.0
S001496 314.1155 119.4025 2.12e-17 3.412e-17 6.433e-17 0.001 84.94 0.0
S001497 314.1138 119.3583 1.743e-12 1.35e-12 5.799e-13 0.0 84.04 1.0
S001498 314.0905 119.3365 3.807e-17 5.106e-17 6.742e-17 0.0 82.76 0.0
S001499 314.1059 119.3551 8.523e-22 1.9050000000000002e-21 7.231e-21 0.0 83.81 0.0
S001500 314.0676 119.336 1.64e-17 3.507e-17 1.2e-16 0.0 81.16 0.0
S001501 314.0807 119.3521 2.56e-18 2.907e-18 2.761e-18 0.0 82.29 0.0
S001502 314.0571 119.3348 1.938e-24 7.166e-24 8.231999999999999e-23 0.0 81.11 0.0
S001503 314.0933 119.3347 1.412e-17 1.319e-17 8.174e-18 0.0 82.99 0.0
S001504 314.1312 119.3395 1.851e-18 2.024e-18 1.777e-18 0.0 84.61 0.0
S001505 314.1081 119.3623 5.164e-22 1.263e-21 6.013e-21 0.0 84.2 0.0
S001506 314.0438 119.3502 1.063e-20 1.8680000000000003e-20 4.445e-20 0.0 80.86 0.0
S001507 314.1629 119.3597 1.367e-19 1.969e-19 2.929e-19 0.0 85.08 0.0
S001508 314.0725 119.3525 1.449e-19 1.957e-19 2.581e-19 0.0 81.75 0.0
S001509 314.0951 119.3069 3.562e-23 1.004e-22 6.186999999999999e-22 0.0 82.97 0.0
S001510 314.0495 119.3687 4.133e-19 5.614e-19 7.548e-19 0.0 80.98 0.0
S001511 314.0801 119.3618 9.999e-18 9.471e-18 6.178e-18 0.0 82.35 0.0
S001512 314.1067 119.3807 2.867e-18 3.116e-18 2.758e-18 0.0 84.65 0.0
S001513 314.0966 119.3574 2.572e-21 1.844e-21 6.756e-22 0.0 83.61 0.0
S001514 314.0791 119.3855 1.373e-20 2.3990000000000003e-20 5.501e-20 0.0 81.17 0.0
S001515 314.0281 119.3638 4.282e-21 7.538e-21 1.7510000000000002e-20 0.0 81.2 0.0
S001516 314.1412 119.3791 8.099999999999999e-22 1.859e-21 7.716000000000001e-21 0.0 84.75 0.0
S001517 314.0975 119.365 2.4340000000000002e-21 4.886e-21 1.445e-20 0.0 83.35 1.0
S001518 314.1636 119.3541 7.431e-23 1.7979999999999998e-22 8.310999999999999e-22 0.0 85.16 0.0
S001519 314.0435 119.3056 7.991e-21 1.457e-20 3.8050000000000005e-20 0.0 80.73 0.0
S001520 314.0917 119.3625 1.328e-12 9.842e-13 3.837e-13 0.0 83.13 0.0
S001521 314.1091 119.4041 1.469e-12 1.276e-12 6.847e-13 0.0 85.01 1.0
S001522 314.0911 119.3773 2.269e-25 1.2e-24 2.761e-23 0.0 83.0 0.0
S001523 314.0793 119.3813 6.227e-18 5.984e-18 4.055e-18 0.0 82.17 0.0
S001524 314.0805 119.3424 1.2459999999999999e-23 3.819e-23 2.748e-22 0.0 81.43 0.0
S001525 314.023 119.369 2.198e-18 2.453e-18 2.17e-18 0.0 80.86 0.0
S001526 314.0721 119.3252 4.478e-23 1.2569999999999999e-22 8.052999999999999e-22 0.0 80.96 0.0
S001527 314.1144 119.404 1.43e-21 3.048e-21 1.109e-20 0.0 84.16 0.0
S001528 314.084 119.3373 6.4140000000000004e-21 1.168e-20 2.856e-20 0.0 82.52 0.0
S001529 314.0692 119.3722 4.899e-19 6.111e-19 6.723e-19 0.0 81.68 0.0
S001530 314.127 119.3698 8.308e-18 8.362e-18 5.952e-18 0.0 84.7 0.0
S001531 314.0508 119.3785 9.106e-13 6.857e-13 2.821e-13 0.0 81.45 1.0
S001532 314.1091 119.3611 3.634e-19 5.113e-19 7.405e-19 0.0 84.04 0.0
S001533 314.1003 119.3593 4.975e-18 5.058e-18 3.673e-18 0.0 83.94 0.0
S001534 314.1422 119.3623 1.359e-17 1.234e-17 7.397e-18 0.0 84.99 0.0
S001535 314.0989 119.3171 2.533e-17 2.253e-17 1.295e-17 0.0 83.29 0.0
S001536 314.0793 119.3682 3.7510000000000004e-21 2.546e-21 8.428999999999999e-22 0.0 82.15 0.0
S001537 314.0809 119.4027 2.24e-19 2.812e-19 3.151e-19 0.0 81.52 0.0
S001538 314.0691 119.3637 3.237e-19 4.103e-19 4.75e-19 0.0 81.57 0.0
S001539 314.0992 119.3798 6.75e-13 7.584e-13 6.755e-13 0.0 83.88 0.0
S001540 314.0619 119.3366 8.334e-18 7.93e-18 5.255e-18 0.0 81.27 0.0
S001541 314.1095 119.3386 7.257000000000001e-25 3.273e-24 5.487999999999999e-23 0.0 83.61 0.0
S001542 314.0765 119.3872 8.89e-17 7.322e-17 3.539e-17 0.0 81.0 0.0
S001543 314.0505 119.3748 3.8549999999999995e-22 8.058999999999999e-22 2.6e-21 0.0 81.0 0.0
S001544 314.156 119.3444 2.263e-17 2.055e-17 1.23e-17 0.0 84.98 0.0
S001545 314.1187 119.3715 8.13e-20 1.272e-19 2.211e-19 0.0 84.45 0.0
S001546 314.1071 119.3857 4.614e-22 1.106e-21 4.908e-21 0.0 83.88 0.0
S001547 314.0955 119.3478 5.113e-17 4.376e-17 2.287e-17 0.0 83.17 0.0
S001548 314.0822 119.3729 8.59e-18 1.338e-17 2.381e-17 0.0 81.61 0.0
S001549 314.0762 119.3919 1.773e-17 2.972e-17 6.321e-17 0.0 81.56 0.0
S001550 314.1208 119.4159 2.581e-20 4.4130000000000005e-20 9.398e-20 0.0 85.23 0.0
S001551 314.0892 119.3358 1.922e-18 2.138e-18 1.982e-18 0.0 81.28 0.0
S001552 314.1704 119.34 1.464e-23 4.29e-23 2.9139999999999996e-22 0.0 85.18 0.0
S001553 314.0658 119.3588 7.393e-19 8.791e-19 9.322e-19 0.0 81.45 0.0
S001554 314.1456 119.379 1.176e-16 9.705e-17 4.915e-17 0.0 84.57 0.0
S001555 314.1267 119.353 2.025e-18 2.164e-18 1.774e-18 0.0 84.41 0.0
S001556 314.1454 119.3715 3.888e-17 3.54e-17 2.181e-17 0.0 84.88 0.0
S001557 314.0568 119.3583 1.003e-18 1.146e-18 1.11e-18 0.0 81.25 0.0
S001558 314.0797 119.398 2.598e-21 1.858e-21 6.819999999999999e-22 0.0 80.84 0.0
S001559 314.0802 119.3831 2.7789999999999996e-22 7.277999999999999e-22 4.013e-21 0.0 82.18 0.0
S001560 314.0683 119.3558 2.577e-23 7.333999999999999e-23 4.504999999999999e-22 0.0 81.58 0.0
S001561 314.1311 119.3602 1.134e-23 3.234e-23 2.0719999999999997e-22 0.0 84.93 0.0
S001562 314.135 119.3816 2.022e-20 3.4530000000000005e-20 7.739000000000001e-20 0.0 84.53 0.0
S001563 314.1392 119.3732 1.407e-20 2.2480000000000002e-20 4.444e-20 0.0 84.97 0.0
S001564 314.0519 119.3756 6.06e-17 5.301e-17 2.937e-17 0.0 81.14 0.0
S001565 314.0656 119.3523 2.988e-16 2.398e-16 1.119e-16 0.0 81.34 0.0
S001566 314.0673 119.371 6.082e-18 6.647e-18 5.718e-18 0.0 81.54 0.0
S001567 314.1184 119.376 3.059e-17 2.629e-17 1.458e-17 0.0 84.75 0.0
S001568 314.0886 119.3464 1.2050000000000001e-20 1.9970000000000002e-20 4.189e-20 0.0 82.71 0.0
S001569 314.1068 119.3547 1.839e-20 3.1300000000000004e-20 6.671e-20 0.0 83.57 0.0
S001570 314.1194 119.3646 2.458e-23 6.628999999999999e-23 3.787e-22 0.0 84.41 0.0
S001571 314.1558 119.3689 1.313e-17 1.253e-17 8.233e-18 0.0 85.09 0.0
S001572 314.076 119.3631 2.288e-19 3.025e-19 3.925e-19 0.0 81.84 0.0
S001573 314.064 119.3528 1.311e-18 1.424e-18 1.189e-18 0.0 81.37 0.0
S001574 314.1362 119.3542 1.61e-18 1.827e-18 1.662e-18 0.0 84.74 0.0
S001575 314.0622 119.3571 2.96e-17 5.417e-17 1.374e-16 0.0 81.45 0.0
S001576 314.1086 119.3568 2.284e-18 2.495e-18 2.129e-18 0.0 84.16 0.0
S001577 314.1125 119.3566 2.9350000000000005e-20 4.797e-20 9.522e-20 0.0 84.2 0.0
S001578 314.0701 119.3595 5.504e-23 1.4649999999999999e-22 8.1349999999999995e-22 0.0 81.49 0.0
S001579 314.1209 119.3598 2.038e-18 2.306e-18 2.115e-18 0.0 84.57 0.0
S001580 314.0734 119.357 5.035e-17 4.304e-17 2.339e-17 0.0 81.75 0.0
S001581 314.074 119.3638 7.949e-24 2.846e-23 2.8179999999999997e-22 0.0 81.95 0.0
S001582 314.1124 119.3576 2.331e-21 4.829e-21 1.511e-20 0.0 84.35 0.0
S001583 314.0989 119.3574 1.117e-22 2.9749999999999997e-22 1.685e-21 0.0 83.8 0.0
S001584 314.0568 119.3629 3.821e-18 3.917e-18 2.863e-18 0.0 81.28 0.0
S001585 314.1175 119.3603 7.284e-18 6.984e-18 4.656e-18 0.0 84.42 0.0
S001586 314.066 119.3626 3.454e-17 5.298e-17 9.139e-17 0.0 81.36 0.0
S001587 314.1238 119.3504 8.987e-18 9.018e-18 6.404e-18 0.0 84.59 0.0
S001588 314.0572 119.3613 3.559e-17 3.132e-17 1.779e-17 0.0 81.13 0.0
S001589 314.1077 119.3612 2.9009999999999998e-22 7.502999999999999e-22 3.881e-21 0.0 84.22 0.0
S001590 314.117 119.3576 1.433e-12 1.059e-12 4.316e-13 0.0 84.44 0.0
S001591 314.1226 119.3603 3.163e-19 4.067e-19 5.036e-19 0.0 84.64 0.0
S001592 314.1134 119.3481 7.024e-13 4.956e-13 1.844e-13 0.0 84.27 0.0
S001593 314.1121 119.3567 1.895e-21 3.939e-21 1.2710000000000001e-20 0.0 84.15 0.0
S001594 314.1319 119.3567 1.256e-21 2.549e-21 7.797e-21 0.0 84.7 0.0
S001595 314.0614 119.3591 1.587e-17 2.643e-17 5.569e-17 0.0 81.28 0.0
S001596 314.1284 119.3607 1.726e-24 6.953e-24 8.867999999999999e-23 0.001 84.83 0.0
S001597 314.1067 119.3602 4.621e-17 4.031e-17 2.297e-17 0.0 84.21 0.0
S001598 314.1097 119.3556 1.7960000000000002e-20 2.988e-20 6.228e-20 0.0 83.99 0.0
S001599 314.1267 119.3561 2.656e-23 7.924e-23 5.665999999999999e-22 0.0 84.82 0.0
S001600 314.0648 119.3578 2.894e-16 2.285e-16 1.051e-16 0.0 81.35 0.0
S001601 314.0675 119.3605 8.134e-18 7.848e-18 5.109e-18 0.0 81.59 0.0
S001602 314.0731 119.365 7.497e-23 2.123e-22 1.353e-21 0.0 81.62 0.0
S001603 314.0605 119.3651 3.983e-20 6.169000000000001e-20 1.092e-19 0.0 81.39 0.0
S001604 314.116 119.3563 9.464e-23 2.3049999999999997e-22 1.072e-21 0.0 84.24 0.0
S001605 314.124 119.3573 2.361e-25 1.079e-24 1.7929999999999998e-23 0.0 84.5 0.0
S001606 314.1188 119.3554 3.394e-18 3.672e-18 3.106e-18 0.0 84.54 0.0
S001607 314.0643 119.3646 1.2210000000000001e-20 2.1660000000000002e-20 5.0680000000000006e-20 0.0 81.19 0.0
S001608 314.0685 119.365 7.782e-22 1.589e-21 5.175e-21 0.0 81.49 0.0
S001609 314.1191 119.349 2.014e-21 4.325e-21 1.494e-20 0.0 84.45 0.0
S001610 314.1175 119.359 2.6080000000000002e-20 4.2770000000000003e-20 8.727e-20 0.0 84.53 0.0
S001611 314.067 119.3642 8.794e-20 1.252e-19 1.86e-19 0.0 81.57 0.0
S001612 314.1143 119.367 4.927e-19 6.36e-19 7.561e-19 0.0 84.43 0.0
S001613 314.1196 119.3621 1.277e-21 2.346e-21 6.074e-21 0.0 84.51 0.0
S001614 314.0547 119.3554 2.188e-21 1.574e-21 5.988999999999999e-22 0.0 81.17 0.0
S001615 314.0643 119.3606 5.485e-16 4.138e-16 1.688e-16 0.0 81.32 0.0
S001616 314.117 119.3606 2.112e-20 3.423e-20 6.699e-20 0.0 84.53 0.0
S001617 314.0594 119.3606 3.336e-21 2.269e-21 7.918999999999999e-22 0.001 81.48 0.0
S001618 314.0565 119.3651 4.957e-18 4.887e-18 3.531e-18 0.0 81.13 0.0
S001619 314.0527 119.3586 1.5260000000000001e-21 3.175e-21 1.025e-20 0.0 81.06 0.0
S001620 314.1254 119.3622 8.595e-21 1.4960000000000002e-20 3.271e-20 0.0 84.68 0.0
S001621 314.0547 119.3599 4.779e-19 6.054e-19 7.241e-19 0.0 81.37 0.0
S001622 314.0477 119.3579 9.687000000000001e-20 1.435e-19 2.309e-19 0.0 80.96 0.0
S001623 314.1213 119.3597 1.424e-12 1.063e-12 4.156e-13 0.0 84.51 0.0
S001624 314.1189 119.3605 2.4470000000000003e-20 3.9720000000000004e-20 7.749e-20 0.0 84.6 0.0
S001625 314.0712 119.3633 3.253e-22 7.581999999999999e-22 3.297e-21 0.0 81.69 0.0
S001626 314.1197 119.3568 2.853e-21 2.0060000000000002e-21 7.088999999999999e-22 0.0 84.57 0.0
S001627 314.0688 119.3596 5.67e-16 4.193e-16 1.602e-16 0.0 81.62 0.0
S001628 314.1269 119.3599 1.178e-16 2.05e-16 4.794e-16 0.0 84.68 0.0
S001629 314.1276 119.3559 2.114e-19 3.021e-19 4.564e-19 0.0 84.77 0.0
S001630 314.0511 119.3562 6.147e-20 9.245000000000001e-20 1.576e-19 0.0 81.01 0.0
S001631 314.052 119.3626 7.828e-17 2.073e-16 1.18e-15 0.0 81.23 1.0
S001632 314.1254 119.3603 2.3410000000000003e-20 4.0550000000000004e-20 9.333000000000001e-20 0.0 84.64 0.0
S001633 314.1233 119.3633 3.542e-19 4.501e-19 5.052e-19 0.0 84.67 0.0
S001634 314.1217 119.3596 1.441e-19 2.078e-19 3.235e-19 0.0 84.63 0.0
S001635 314.0631 119.3566 8.067999999999999e-23 2.2389999999999997e-22 1.338e-21 0.0 81.23 0.0
S001636 314.0516 119.3614 1.802e-17 1.644e-17 9.978e-18 0.0 81.07 0.0
S001637 314.124 119.357 3.823e-18 3.928e-18 3.084e-18 0.0 84.69 0.0
S001638 314.0746 119.3652 1.813e-12 1.368e-12 5.665e-13 0.0 81.88 1.0
S001639 314.1315 119.3594 2.93e-18 2.992e-18 2.362e-18 0.0 84.9 0.0
S001640 314.0605 119.359 4.0870000000000006e-20 6.067e-20 9.955000000000001e-20 0.0 81.35 0.0
S001641 314.1226 119.3563 2.671e-22 6.028e-22 2.431e-21 0.0 84.7 0.0
S001642 314.0683 119.3609 1.47e-12 1.136e-12 4.871e-13 0.0 81.72 1.0
S001643 314.1169 119.3551 5.142e-18 5.102e-18 3.629e-18 0.0 84.41 0.0
S001644 314.1201 119.3508 2.949e-17 2.527e-17 1.331e-17 0.0 84.49 0.0
S001645 314.1274 119.3615 5.878e-18 5.77e-18 4.071e-18 0.0 84.7 0.0
S001646 314.0465 119.363 9.643e-19 1.083e-18 9.82e-19 0.0 81.2 0.0
S001647 314.067 119.3598 7.922999999999999e-23 2.1719999999999997e-22 1.264e-21 0.0 81.51 0.0
S001648 314.123 119.3575 5.859e-18 6.084e-18 4.801e-18 0.0 84.64 0.0
S001649 314.0455 119.3632 2.786e-17 2.472e-17 1.425e-17 0.0 81.03 0.0
S001650 314.0641 119.3648 2.1149999999999999e-23 6.235e-23 4.269999999999999e-22 0.0 81.38 0.0
S001651 314.1269 119.3555 3.021e-17 2.694e-17 1.564e-17 0.0 84.64 0.0
S001652 314.0647 119.3614 1.708e-17 3.461e-17 1.106e-16 0.0 81.41 0.0
S001653 314.1261 119.3575 2.918e-20 4.858e-20 1.013e-19 0.0 84.61 0.0
S001654 314.0526 119.3524 3.645e-17 3.098e-17 1.652e-17 0.0 81.04 0.0
S001655 314.0388 119.3642 2.2580000000000003e-20 3.609e-20 6.6e-20 0.0 80.97 0.0
S001656 314.0401 119.3556 4.6910000000000003e-20 6.968e-20 1.173e-19 0.0 80.89 0.0
S001657 314.0623 119.3657 1.696e-19 2.4e-19 3.436e-19 0.0 81.28 0.0
S001658 314.1325 119.3573 3.02e-19 4.009e-19 5.098e-19 0.0 84.81 0.0
S001659 314.1206 119.3538 3.785e-23 1.0439999999999999e-22 6.298e-22 0.0 84.47 0.0
S001660 314.0497 119.3589 6.229e-17 5.565e-17 3.282e-17 0.0 81.04 0.0
S001661 314.0459 119.3584 6.241e-19 7.431e-19 7.896e-19 0.0 80.94 0.0
S001662 314.0463 119.3633 4.6150000000000003e-20 6.878000000000001e-20 1.135e-19 0.0 80.94 0.0
S001663 314.1248 119.3537 4.728999999999999e-22 9.968999999999999e-22 3.273e-21 0.0 84.48 0.0
S001664 314.0552 119.3694 1.002e-19 1.416e-19 2.047e-19 0.0 81.18 0.0
S001665 314.1334 119.3604 2.343e-23 6.864e-23 4.5539999999999995e-22 0.0 84.85 0.0
S001666 314.0454 119.3565 2.5830000000000002e-21 5.025e-21 1.5090000000000003e-20 0.0 80.94 0.0
S001667 314.0445 119.3592 1.903e-23 6.341e-23 5.558999999999999e-22 0.0 81.05 0.0
S001668 314.1321 119.3512 7.994e-19 9.573e-19 1.012e-18 0.0 84.97 0.0
S001669 314.1263 119.3525 1.635e-19 2.214e-19 2.96e-19 0.0 84.53 0.0
S001670 314.1303 119.3591 1.355e-16 1.14e-16 5.824e-17 0.0 84.83 0.0
S001671 314.0536 119.3597 1.522e-17 2.913e-17 8.089e-17 0.0 81.12 0.0
S001672 314.0549 119.3591 5.17e-17 6.471e-17 7.397e-17 0.0 81.14 0.0
S001673 314.0704 119.3602 3.605e-16 2.753e-16 1.166e-16 0.0 81.71 1.0
S001674 314.0417 119.3575 2.534e-21 5.21e-21 1.646e-20 0.0 81.03 0.0
S001675 314.057 119.3716 3.886e-20 6.084e-20 1.077e-19 0.0 81.38 0.0
S001676 314.0443 119.3608 4.1659999999999994e-22 1.032e-21 4.782e-21 0.0 81.04 0.0
S001677 314.1298 119.355 9.226e-13 6.614e-13 2.374e-13 0.0 84.75 0.0
S001678 314.0521 119.3624 2.707e-21 4.938e-21 1.2710000000000001e-20 0.0 81.2 0.0
S001679 314.1472 119.353 9.477e-13 6.716e-13 2.383e-13 0.0 84.97 0.0
S001680 314.0496 119.3604 5.84e-18 5.939e-18 4.477e-18 0.0 81.19 0.0
S001681 314.0506 119.3639 3.161e-21 5.4030000000000004e-21 1.2240000000000001e-20 0.0 81.1 0.0
S001682 314.1241 119.3644 1.381e-18 1.499e-18 1.24e-18 0.0 84.61 0.0
S001683 314.0523 119.3712 3.813e-21 2.605e-21 8.706e-22 0.0 81.48 0.0
S001684 314.044 119.3653 1.008e-16 2.828e-16 1.742e-15 0.0 80.99 1.0
S001685 314.1442 119.3538 9.309e-19 1.064e-18 1.001e-18 0.0 84.74 0.0
S001686 314.1363 119.3536 5.259e-17 4.42e-17 2.252e-17 0.0 84.88 0.0
S001687 314.1489 119.356 1.911e-18 2.098e-18 1.849e-18 0.0 84.98 0.0
S001688 314.1184 119.3525 9.936e-13 7.336e-13 2.862e-13 0.0 84.47 0.0
S001689 314.1365 119.3594 2.598e-19 3.36e-19 4.075e-19 0.0 84.93 0.0
S001690 314.1323 119.3544 1.976e-18 2.163e-18 1.827e-18 0.0 84.73 0.0
S001691 314.1382 119.3526 4.0769999999999994e-22 1.007e-21 4.591e-21 0.0 84.66 0.0
S001692 314.045 119.3662 2.37e-13 1.582e-13 5.324e-14 0.0 81.07 0.0
S001693 314.1366 119.3537 5.151e-19 6.559e-19 7.827e-19 0.0 84.66 0.0
S001694 314.0426 119.366 2.542e-21 1.783e-21 6.510999999999999e-22 0.0 81.12 0.0
S001695 314.0265 119.3623 4.527e-21 8.442e-21 2.263e-20 0.0 80.9 0.0
S001696 314.1356 119.3575 6.337e-17 5.272e-17 2.595e-17 0.0 84.81 0.0
S001697 314.0406 119.36 1.824e-17 1.676e-17 1.029e-17 0.0 81.0 0.0
S001698 314.03 119.365 1.2910000000000002e-20 2.2540000000000003e-20 5.272e-20 0.001 80.98 0.0
S001699 314.1394 119.3582 1.039e-21 2.152e-21 6.951e-21 0.0 84.71 0.0
S001700 314.1359 119.3553 3.927e-22 8.85e-22 3.566e-21 0.0 84.66 0.0
S001701 314.1476 119.3521 1.372e-17 2.603e-17 7.003e-17 0.0 84.88 0.0
S001702 314.144 119.3469 2.265e-21 4.508e-21 1.3720000000000002e-20 0.0 84.74 0.0
S001703 314.0441 119.3651 2.392e-21 1.687e-21 6.281e-22 0.0 81.02 0.0
S001704 314.143 119.3553 1.976e-17 1.848e-17 1.138e-17 0.0 84.81 0.0
S001705 314.0412 119.3635 5.516e-18 5.673e-18 4.449e-18 0.0 81.0 0.0
S001706 314.1513 119.3532 3.498e-21 6.393e-21 1.645e-20 0.001 84.85 0.0
S001707 314.0297 119.3624 4.223e-17 3.744e-17 2.176e-17 0.0 80.9 0.0
S001708 314.0497 119.3628 9.823e-18 9.619e-18 6.92e-18 0.0 81.28 0.0
S001709 314.0333 119.3614 1.261e-16 3.022e-16 1.307e-15 0.0 80.96 1.0
S001710 314.0416 119.357 3.315e-17 2.835e-17 1.47e-17 0.0 81.12 0.0
S001711 314.0325 119.359 1.556e-17 1.479e-17 9.53e-18 0.0 80.96 0.0
S001712 314.1381 119.3506 3.308e-17 5.233e-17 9.608e-17 0.0 84.79 0.0
S001713 314.1437 119.353 5.338e-17 9.598e-17 2.288e-16 0.0 84.94 0.0
S001714 314.1484 119.3573 1.27e-18 1.522e-18 1.623e-18 0.0 85.0 0.0
S001715 314.1518 119.3497 3.039e-19 3.673e-19 3.816e-19 0.0 84.67 0.0
S001716 314.0275 119.3673 3.029e-19 3.795e-19 4.355e-19 0.0 81.08 0.0
S001717 314.1504 119.3577 8.770000000000001e-20 1.261e-19 1.955e-19 0.0 84.88 0.0
S001718 314.0416 119.3593 8.52e-23 2.0649999999999997e-22 8.991e-22 0.0 81.01 0.0
S001719 314.0199 119.3625 7.668e-17 6.538e-17 3.371e-17 0.0 81.1 0.0
S001720 314.1476 119.3555 3.636e-23 1.185e-22 9.674e-22 0.0 84.87 0.0
S001721 314.0383 119.3644 4.934e-14 3.264e-14 1.034e-14 0.0 80.97 0.0
S001722 314.0296 119.3629 4.573e-18 4.834e-18 3.865e-18 0.0 81.04 0.0
S001723 314.0429 119.3617 3.4e-18 3.32e-18 2.381e-18 0.0 81.09 0.0
S001724 314.1444 119.3562 3.8049999999999996e-22 9.465e-22 4.542e-21 0.0 84.79 0.0
S001725 314.0409 119.3676 1.8479999999999999e-22 4.5389999999999995e-22 2.117e-21 0.0 81.21 0.0
S001726 314.1482 119.3474 8.951e-19 1.077e-18 1.15e-18 0.0 84.78 0.0
S001727 314.1517 119.3588 1.763e-23 5.963e-23 5.376e-22 0.0 84.96 0.0
S001728 314.1487 119.354 8.201e-21 1.5540000000000003e-20 4.2620000000000004e-20 0.0 84.85 0.0
S001729 314.1501 119.3644 3.4459999999999996e-23 1.0219999999999999e-22 7.336e-22 0.0 85.02 0.0
S001730 314.0212 119.3636 7.159e-25 2.9319999999999998e-24 4.029e-23 0.0 80.9 0.0
S001731 314.1534 119.3579 6.667e-19 7.848e-19 7.614e-19 0.0 85.02 0.0
S001732 314.0344 119.3558 1.746e-17 1.589e-17 9.624e-18 0.0 80.98 0.0
S001733 314.1352 119.3601 4.49e-19 5.794e-19 7.186e-19 0.0 84.78 0.0
S001734 314.1519 119.3513 3.44e-18 3.524e-18 2.755e-18 0.0 84.88 0.0
S001735 314.0238 119.3699 2.271e-24 8.443e-24 9.806e-23 0.0 80.92 1.0
S001736 314.1494 119.3521 1.58e-21 3.445e-21 1.2020000000000001e-20 0.001 84.96 0.0
S001737 314.0198 119.3663 1.21e-19 1.692e-19 2.359e-19 0.0 80.92 0.0
S001738 314.0137 119.3605 5.241e-18 5.482e-18 4.163e-18 0.0 80.91 0.0
S001739 314.1484 119.3522 1.95e-12 1.568e-12 7.548e-13 0.0 84.79 1.0
S001740 314.0245 119.3632 1.519e-17 3.116e-17 9.76e-17 0.0 80.97 0.0
S001741 314.164 119.3573 7.189e-24 2.5029999999999998e-23 2.421e-22 0.0 85.02 0.0
S001742 314.0241 119.3667 2.4319999999999997e-22 6.330999999999999e-22 3.345e-21 0.0 81.11 0.0
S001743 314.0171 119.3585 5.402e-18 5.435e-18 3.905e-18 0.0 80.94 0.0
S001744 314.0278 119.3671 1.175e-19 1.746e-19 2.911e-19 0.0 81.08 0.0
S001745 314.0223 119.3693 1.218e-19 1.638e-19 2.274e-19 0.0 80.95 0.0
S001746 314.1494 119.3647 4.6280000000000003e-26 2.6570000000000003e-25 7.478e-24 0.0 84.94 0.0
S001747 314.0238 119.3685 3.091e-21 2.112e-21 7.3919999999999995e-22 0.0 81.16 0.0
S001748 314.1615 119.3578 3.4359999999999998e-22 7.631e-22 2.867e-21 0.0 84.96 0.0
S001749 314.014 119.3629 1.912e-20 3.259e-20 7.238000000000001e-20 0.001 81.0 0.0
S001750 314.1611 119.3518 3.056e-18 3.405e-18 2.959e-18 0.0 84.88 0.0
S001751 314.015 119.3636 4.361e-21 8.18e-21 2.1830000000000002e-20 0.0 81.02 0.0
S001752 314.0284 119.3605 8.361999999999999e-22 1.972e-21 8.336e-21 0.0 81.01 0.0
S001753 314.1558 119.348 1.956e-18 2.154e-18 1.869e-18 0.0 84.81 0.0
S001754 314.009 119.3675 2.567e-21 1.785e-21 6.339e-22 0.0 80.92 0.0
S001755 314.0096 119.369 3.071e-21 6.043e-21 1.8060000000000003e-20 0.0 81.01 0.0
S001756 314.1557 119.3527 9.517e-18 9.393e-18 6.451e-18 0.0 84.82 0.0
S001757 314.0213 119.3639 2.374e-23 6.514e-23 3.8329999999999995e-22 0.0 81.03 0.0
S001758 314.0185 119.3631 3.317e-19 4.134e-19 4.536e-19 0.0 81.05 0.0
S001759 314.1582 119.3537 1.3309999999999998e-22 3.4179999999999996e-22 1.731e-21 0.0 84.82 0.0
S001760 314.0171 119.3542 5.675e-23 1.4119999999999998e-22 6.651e-22 0.001 80.88 0.0
S001761 314.0095 119.3666 9.19e-18 8.897e-18 5.999e-18 0.0 81.07 0.0
S001762 314.174 119.3553 2.147e-18 2.377e-18 2.173e-18 0.0 84.97 0.0
S001763 314.0179 119.3608 9.258e-14 6.093e-14 1.926e-14 0.0 80.89 0.0
S001764 314.1645 119.3526 3.018e-21 2.082e-21 7.284999999999999e-22 0.0 84.9 0.0
S001765 314.0227 119.3612 4.096e-19 5.181e-19 6.339e-19 0.0 81.03 0.0
S001766 314.1679 119.3519 1.769e-17 2.883e-17 5.73e-17 0.0 84.91 0.0
S001767 314.0261 119.3635 3.277e-13 3.819e-13 3.771e-13 0.0 81.26 0.0
S001768 314.162 119.3543 1.252e-12 8.932e-13 3.232e-13 0.0 84.9 0.0
S001769 314.0213 119.3629 2.807e-17 2.642e-17 1.682e-17 0.0 81.01 0.0
S001770 314.1729 119.3551 1.401e-17 2.585e-17 6.971e-17 0.0 85.0 0.0
S001771 314.0102 119.3638 2.851e-18 3.122e-18 2.703e-18 0.0 80.88 1.0
S001772 314.1824 119.3475 2.448e-17 2.136e-17 1.148e-17 0.0 84.91 0.0
S001773 314.1699 119.3622 1.973e-17 1.783e-17 1.06e-17 0.0 84.99 0.0
S001774 314.0917 119.3597 2.1e-21 1.522e-21 5.673e-22 0.0 82.91 0.0
S001775 314.0915 119.3595 9.26e-18 1.901e-17 6.147e-17 0.0 79.71 0.0
S001776 314.0915 119.3595 1.513e-17 2.028e-17 2.707e-17 0.0 78.1 0.0
S001777 314.1673 119.3544 9.031e-18 8.747e-18 5.944e-18 0.0 84.8 0.0
S001778 314.0158 119.366 2.505e-16 1.906e-16 7.767e-17 0.0 81.05 0.0
S001779 314.1747 119.3541 3.623e-16 2.73e-16 1.117e-16 0.0 84.96 1.0
S001780 314.0096 119.3658 1.282e-15 9.335e-16 3.495e-16 0.0 80.87 0.0
S001781 314.1782 119.3554 2.681e-16 2.198e-16 1.032e-16 0.0 85.09 0.0
S001782 314.0036 119.3638 5.985e-17 5.178e-17 2.805e-17 0.0 80.72 0.0
S001783 313.9927 119.3624 1.092e-15 8.09e-16 3.311e-16 0.0 80.76 0.0
S001784 314.1905 119.3589 6.628e-16 5.045e-16 2.13e-16 0.0 85.17 1.0
S001785 314.1954 119.3599 2.19e-17 3.969e-17 9.636e-17 0.0 85.22 0.0
S001786 314.1966 119.3617 1.117e-15 8.121e-16 3.013e-16 0.0 85.31 0.0
S001787 314.1939 119.3634 6.331e-17 5.479e-17 2.804e-17 0.0 85.28 0.0
S001788 314.2027 119.3615 4.943e-15 3.442e-15 1.203e-15 0.0 85.27 0.0
S001789 313.9808 119.3514 4.177e-17 4.119e-17 2.936e-17 0.0 80.62 0.0
S001790 313.9797 119.3539 4.779e-17 7.925e-17 1.676e-16 0.0 80.66 0.0
S001791 314.2056 119.3671 9.921e-18 9.787e-18 6.662e-18 0.0 85.25 0.0
S001792 313.9763 119.3487 1.322e-16 1.081e-16 5.082e-17 0.0 80.57 0.0
S001793 314.203 119.3706 6.486e-20 1.01e-19 1.758e-19 0.0 85.27 0.0
S001794 313.9779 119.3485 1.027e-16 8.228e-17 3.771e-17 0.0 80.74 0.0
S001795 314.201 119.3709 7.694e-16 5.917e-16 2.432e-16 0.0 85.11 0.0
S001796 313.9849 119.3469 2.238e-16 1.791e-16 8.093e-17 0.0 80.78 1.0
S001797 313.979 119.3464 3.013e-17 2.682e-17 1.509e-17 0.0 80.86 0.0
S001798 313.989 119.3423 4.29e-15 2.99e-15 1.015e-15 0.0 80.92 0.0
S001799 314.1956 119.3788 1.557e-16 1.266e-16 5.821e-17 0.0 84.93 0.0
S001800 314.1897 119.3754 1.182e-19 1.666e-19 2.508e-19 0.0 84.93 0.0
S001801 313.9956 119.3398 4.502e-16 3.533e-16 1.566e-16 0.0 81.09 1.0
S001802 313.9957 119.339 3.621e-15 2.59e-15 9.579e-16 0.0 81.15 0.0
S001803 314.1823 119.3801 1.489e-17 2.584e-17 5.792e-17 0.0 84.61 0.0
S001804 314.1796 119.3826 6.489e-15 4.325e-15 1.361e-15 0.0 84.56 0.0
S001805 314.1722 119.3823 2.513e-18 2.588e-18 2.018e-18 0.0 84.53 0.0
S001806 314.1694 119.3841 4.305e-20 6.457000000000001e-20 1.066e-19 0.0 84.38 0.0
S001807 314.0259 119.3374 1.98e-15 1.318e-15 4.339e-16 0.001 81.64 0.0
S001808 314.1588 119.3844 1.364e-15 9.748e-16 3.551e-16 0.0 84.22 0.0
S001809 314.1504 119.3852 7.04e-18 1.098e-17 2.028e-17 0.0 84.11 0.0
S001810 314.0347 119.3337 2.51e-17 4.809e-17 1.313e-16 0.0 81.92 0.0
S001811 314.146 119.3868 3.858e-15 2.701e-15 9.341e-16 0.0 83.86 0.0
S001812 314.1334 119.3863 1.408e-17 2.5e-17 5.827e-17 0.0 83.7 0.0
S001813 314.0527 119.3306 1.369e-15 9.868e-16 3.676e-16 0.0 82.27 0.0
S001814 314.064 119.333 2.896e-17 2.625e-17 1.522e-17 0.0 82.45 0.0
S001815 314.071 119.3327 1.89e-16 1.541e-16 7.577e-17 0.0 82.6 0.0
S001816 314.1066 119.3884 4.691e-16 3.432e-16 1.375e-16 0.0 83.19 0.0
S001817 314.08 119.3324 1.283e-16 1.06e-16 5.455e-17 0.0 82.7 0.0
S001818 314.0909 119.3866 1.781e-17 1.627e-17 9.648e-18 0.0 82.93 0.0
S001819 314.0903 119.3323 9.802e-17 8.132e-17 4.089e-17 0.0 82.88 0.0
S001820 314.1069 119.3319 5.221e-16 4.041e-16 1.774e-16 0.0 83.2 1.0
S001821 314.0719 119.3861 1.118e-16 8.607e-17 3.626e-17 0.0 82.64 0.0
S001822 314.0583 119.3855 4.903e-16 3.631e-16 1.425e-16 0.0 82.43 0.0
S001823 314.0595 119.3884 4.546e-17 1.121e-16 5.411e-16 0.0 82.48 1.0
S001824 314.1278 119.3326 2.926e-15 2.052e-15 7.487e-16 0.0 83.5 0.0
S001825 314.1404 119.3369 5.342e-18 5.343e-18 3.909e-18 0.0 83.73 0.0
S001826 314.0367 119.3834 1.31e-15 9.096e-16 3.067e-16 0.0 82.14 0.0
S001827 314.1644 119.3364 5.828e-16 4.35e-16 1.741e-16 0.0 84.02 0.0
S001828 314.0221 119.3843 6.907e-17 5.815e-17 2.948e-17 0.0 81.87 0.0
S001829 314.1672 119.337 1.772e-14 1.168e-14 3.651e-15 0.0 84.09 0.0
S001830 313.9932 119.3798 1.899e-17 1.814e-17 1.195e-17 0.0 81.51 0.0
S001831 314.19 119.3388 7.389e-17 6.265e-17 3.249e-17 0.0 84.4 0.0
S001832 313.9902 119.3763 4.414e-15 3.03e-15 1.035e-15 0.0 81.37 0.0
S001833 314.2126 119.343 4.264e-17 3.792e-17 2.226e-17 0.0 84.72 0.0
S001834 314.2117 119.3387 1.045e-16 8.423e-17 3.882e-17 0.001 84.67 0.0
S001835 314.2086 119.345 8.823e-17 7.348e-17 3.691e-17 0.0 84.76 0.0
S001836 314.2248 119.3435 6.245e-16 4.751e-16 1.937e-16 0.0 84.85 1.0
S001837 313.9598 119.3728 5.758e-16 4.177e-16 1.61e-16 0.0 80.98 0.0
S001838 313.9575 119.3708 1.445e-17 1.353e-17 8.346e-18 0.0 80.95 0.0
S001839 313.9445 119.3693 2.007e-18 2.291e-18 2.136e-18 0.0 80.8 0.0
S001840 314.2409 119.3506 7.56e-17 6.273e-17 3.028e-17 0.0 85.13 1.0
S001841 313.9419 119.3668 1.489e-16 1.181e-16 5.142e-17 0.0 80.7 0.0
S001842 314.2412 119.3553 1.682e-18 1.813e-18 1.503e-18 0.0 85.24 0.0
S001843 314.2615 119.3562 5.899e-16 4.465e-16 1.832e-16 0.0 85.18 1.0
S001844 313.9262 119.3603 3.557e-15 2.516e-15 8.795e-16 0.0 80.61 0.0
S001845 313.9213 119.3573 2.823e-18 2.988e-18 2.465e-18 0.0 80.59 0.0
S001846 314.2642 119.3617 1.436e-18 1.665e-18 1.623e-18 0.0 85.36 0.0
S001847 314.2592 119.3633 6.273e-17 5.007e-17 2.189e-17 0.0 85.37 0.0
S001848 313.92 119.3547 9.892e-13 6.904e-13 2.413e-13 0.0 80.52 0.0
S001849 313.9119 119.352 2.056e-16 1.564e-16 6.78e-17 0.0 80.58 0.0
S001850 314.2569 119.3699 3.722e-17 6.332e-17 1.321e-16 0.0 85.39 0.0
S001851 313.9113 119.3487 1.015e-15 7.312e-16 2.682e-16 0.0 80.55 0.0
S001852 314.2653 119.3718 2.479e-17 2.216e-17 1.295e-17 0.0 85.29 0.0
S001853 313.9322 119.3444 1.104e-15 8.037e-16 3.161e-16 0.0 80.63 0.0
S001854 313.9222 119.3389 2.938e-17 2.466e-17 1.232e-17 0.0 80.6 0.0
S001855 313.9295 119.3395 1.622e-15 1.216e-15 4.757e-16 0.0 80.6 0.0
S001856 313.926 119.3392 9.804e-17 7.845e-17 3.609e-17 0.0 80.75 0.0
S001857 314.2533 119.3837 9.75e-16 7.227e-16 2.822e-16 0.0 85.05 0.0
S001858 313.9322 119.3343 1.247e-15 8.664e-16 3.004e-16 0.0 80.83 0.0
S001859 314.2429 119.3867 6.027e-18 5.684e-18 3.636e-18 0.0 84.95 0.0
S001860 314.2418 119.3882 1.062e-15 8.008e-16 3.352e-16 0.0 84.94 0.0
S001861 313.9482 119.3292 1.389e-18 1.6e-18 1.506e-18 0.0 81.09 0.0
S001862 313.9546 119.3299 3.394e-17 4.95e-17 7.765e-17 0.0 81.12 0.0
S001863 314.227 119.3903 5.949e-17 5.066e-17 2.56e-17 0.0 84.78 0.0
S001864 314.215 119.3887 1.254e-15 8.917e-16 3.316e-16 0.0 84.63 0.0
S001865 313.9772 119.3271 1.305e-16 1.096e-16 5.528e-17 0.0 81.36 0.0
S001866 313.9816 119.3254 1.06e-12 9.78e-13 5.827e-13 0.0 81.53 1.0
S001867 313.9853 119.3213 8.873e-15 5.919e-15 1.896e-15 0.0 81.54 0.0
S001868 313.9964 119.3236 1.474e-12 1.185e-12 5.416e-13 0.0 81.72 1.0
S001869 314.0015 119.322 3.858e-17 8.615e-17 3.165e-16 0.0 81.74 0.0
S001870 314.1754 119.3975 2.589e-15 1.903e-15 7.473e-16 0.0 84.02 0.0
S001871 314.1624 119.3965 1.178e-19 1.731e-19 2.723e-19 0.0 83.88 0.0
S001872 314.1478 119.3968 1.108e-16 9.062e-17 4.26e-17 0.0 83.68 0.0
S001873 314.04 119.3222 1.416e-16 1.187e-16 5.902e-17 0.0 82.23 0.0
S001874 314.1325 119.3985 1.0880000000000001e-20 1.7060000000000002e-20 3.1790000000000003e-20 0.0 83.48 0.0
S001875 314.1196 119.3972 2.476e-17 4.574e-17 1.197e-16 0.0 83.37 0.0
S001876 314.0688 119.3188 1.116e-17 2.118e-17 5.812e-17 0.0 82.64 0.0
S001877 314.0849 119.3212 1.511e-18 1.665e-18 1.477e-18 0.0 82.85 0.0
S001878 314.0977 119.3974 3.049e-17 2.674e-17 1.473e-17 0.0 83.01 0.0
S001879 314.0724 119.3947 2.179e-15 1.504e-15 5.219e-16 0.0 82.74 0.0
S001880 314.1099 119.3217 1.171e-16 9.062e-17 4.013e-17 0.0 83.15 0.0
S001881 314.1295 119.3235 6.265e-13 4.41e-13 1.591e-13 0.0 83.45 0.0
S001882 314.1294 119.3242 3.373e-15 2.255e-15 7.299e-16 0.0 83.43 0.0
S001883 314.0358 119.3973 1.56e-16 1.228e-16 5.436e-17 0.0 82.31 0.0
S001884 314.0274 119.3951 6.825e-16 4.898e-16 1.806e-16 0.0 82.19 0.0
S001885 314.0195 119.3919 3.93e-15 2.642e-15 8.589e-16 0.0 82.05 0.0
S001886 314.0021 119.3919 2.205e-15 1.52e-15 5.336e-16 0.0 81.89 0.0
S001887 314.1894 119.3267 6.364e-16 4.895e-16 2.038e-16 0.0 84.12 1.0
S001888 313.9858 119.3905 6.411e-17 1.622e-16 8.354e-16 0.0 81.72 1.0
S001889 314.2089 119.3307 2.527e-17 2.235e-17 1.245e-17 0.0 84.31 0.0
S001890 313.9567 119.3884 1.063e-16 8.591e-17 4.089e-17 0.0 81.42 0.0
S001891 314.2279 119.3343 4.57e-21 3.008e-21 9.496e-22 0.0 84.54 0.0
S001892 314.2304 119.335 1.553e-16 1.287e-16 6.295e-17 0.0 84.57 0.0
S001893 313.9409 119.3812 4.158e-16 3.167e-16 1.345e-16 0.0 81.24 1.0
S001894 313.9321 119.3796 5.766e-16 4.312e-16 1.76e-16 0.0 81.08 0.0
S001895 314.2599 119.3395 4.181e-17 3.569e-17 1.877e-17 0.0 84.88 0.0
S001896 313.9293 119.3767 6.197e-16 4.427e-16 1.63e-16 0.0 80.98 0.0
S001897 313.9156 119.375 9.987e-16 6.89e-16 2.4e-16 0.0 80.85 0.0
S001898 314.2784 119.3457 1.697e-15 1.175e-15 4.131e-16 0.0 85.11 0.0
S001899 313.915 119.3697 6.332e-16 4.904e-16 2.083e-16 0.0 80.72 1.0
S001900 313.9084 119.368 4.671e-17 3.941e-17 1.971e-17 0.0 80.73 0.0
S001901 314.2871 119.3534 8.128e-17 6.726e-17 3.474e-17 0.0 85.25 0.0
S001902 314.2959 119.3544 7.414e-16 5.349e-16 1.981e-16 0.0 85.33 0.0
S001903 313.8821 119.3637 1.109e-17 1.08e-17 7.36e-18 0.0 80.55 0.0
S001904 313.8926 119.3603 4.373e-17 3.591e-17 1.809e-17 0.0 80.56 0.0
S001905 314.2988 119.3619 2.139e-21 4.27e-21 1.3040000000000001e-20 0.0 85.39 0.0
S001906 314.3044 119.3634 3.099e-17 2.893e-17 1.85e-17 0.0 85.41 0.0
S001907 314.3114 119.3657 1.261e-17 1.287e-17 9.977e-18 0.0 85.51 0.0
S001908 313.8775 119.3473 1.627e-16 3.978e-16 1.853e-15 0.001 80.47 1.0
S001909 313.8735 119.3462 1.9e-16 1.492e-16 6.645e-17 0.0 80.42 1.0
S001910 314.3167 119.3738 3.697e-17 3.174e-17 1.755e-17 0.0 85.49 0.0
S001911 314.312 119.3746 8.221e-16 5.849e-16 2.179e-16 0.0 85.34 0.0
S001912 314.3064 119.376 1.32e-16 1.035e-16 4.536e-17 0.0 85.37 0.0
S001913 314.3035 119.3781 8.208e-16 5.886e-16 2.227e-16 0.0 85.39 0.0
S001914 313.8718 119.3377 2.994e-16 2.449e-16 1.157e-16 0.0 80.55 0.0
S001915 313.8792 119.3336 3.115e-16 2.37e-16 9.605e-17 0.0 80.53 0.0
S001916 313.885 119.3348 1.072e-16 9.049e-17 4.576e-17 0.0 80.59 0.0
S001917 314.2842 119.3847 5.581e-17 1.25e-16 4.665e-16 0.0 85.25 1.0
S001918 313.9049 119.3274 1.311e-15 9.41e-16 3.435e-16 0.0 80.79 0.0
S001919 314.2872 119.39 9.747e-13 7.107e-13 2.697e-13 0.0 85.06 0.0
S001920 313.9035 119.3256 3.857e-16 2.969e-16 1.285e-16 0.0 80.94 1.0
S001921 313.9241 119.3278 1.382e-12 1.021e-12 4.046e-13 0.0 80.93 0.0
S001922 313.9268 119.3256 3.693e-17 3.16e-17 1.672e-17 0.0 81.1 0.0
S001923 314.252 119.3993 5.144e-17 4.462e-17 2.481e-17 0.0 84.71 0.0
S001924 313.9349 119.3177 1.943e-16 1.512e-16 6.585e-17 0.0 81.31 0.0
S001925 313.9467 119.3183 1.996e-16 1.652e-16 8.076e-17 0.0 81.33 0.0
S001926 314.227 119.4001 8.079e-18 7.739e-18 5.217e-18 0.0 84.48 0.0
S001927 314.2138 119.4027 6.202e-17 5.022e-17 2.409e-17 0.0 84.31 0.0
S001928 314.1987 119.3996 2.206e-16 1.732e-16 7.427e-17 0.0 84.24 1.0
S001929 314.1825 119.3589 6.507999999999999e-22 1.459e-21 5.5580000000000004e-21 0.0 85.03 0.0
S001930 314.1731 119.3588 6.441e-18 6.699e-18 5.293e-18 0.0 85.05 0.0
S001931 313.9981 119.3643 3.048e-16 2.434e-16 1.08e-16 0.0 80.76 1.0
S001932 314.0076 119.3616 5.178e-19 6.34e-19 7.121e-19 0.0 80.75 0.0
S001933 314.1763 119.3616 1.152e-19 1.604e-19 2.361e-19 0.0 85.15 0.0
S001934 314.1931 119.3573 5.088e-18 5.315e-18 4.149e-18 0.0 85.14 0.0
S001935 313.9906 119.363 4.486e-16 3.551e-16 1.668e-16 0.0 80.66 0.0
S001936 314.2088 119.3601 1.785e-12 1.37e-12 5.787e-13 0.0 85.29 1.0
S001937 313.9837 119.3572 1.781e-16 2.962e-16 5.919e-16 0.0 80.75 0.0
S001938 314.1983 119.3605 1.501e-18 1.633e-18 1.372e-18 0.0 85.28 0.0
S001939 314.1977 119.3641 4.172e-17 9.08e-17 3.449e-16 0.0 85.2 0.0
S001940 313.9797 119.3563 4.516e-19 5.341e-19 5.603e-19 0.001 80.64 0.0
S001941 314.1865 119.3663 1.776e-18 1.892e-18 1.609e-18 0.0 85.26 0.0
S001942 314.1941 119.3639 9.424e-19 1.095e-18 1.087e-18 0.0 85.26 0.0
S001943 313.9856 119.35 5.761e-19 7.303e-19 8.447e-19 0.0 80.64 0.0
S001944 313.984 119.3531 1.533e-12 1.382e-12 8.227e-13 0.0 80.68 1.0
S001945 314.2117 119.3668 1.498e-17 2.327e-17 4.179e-17 0.0 85.21 0.0
S001946 313.9768 119.3488 4.207e-16 3.17e-16 1.316e-16 0.0 80.7 1.0
S001947 313.9887 119.3476 1.226e-16 1.004e-16 4.746e-17 0.0 80.78 0.0
S001948 313.9808 119.3467 9.061e-17 1.751e-16 4.783e-16 0.0 80.77 0.0
S001949 313.9849 119.3485 1.4990000000000002e-20 2.5890000000000003e-20 5.747e-20 0.0 80.8 0.0
S001950 314.1937 119.3695 3.387e-16 2.669e-16 1.216e-16 0.0 85.12 1.0
S001951 313.9762 119.3417 3.836e-17 3.139e-17 1.59e-17 0.0 80.84 0.0
S001952 314.1947 119.3759 1.798e-17 3.27e-17 8.284e-17 0.0 84.99 0.0
S001953 313.9837 119.3437 1.207e-17 2.365e-17 6.781e-17 0.0 80.96 0.0
S001954 314.1874 119.3779 4.274e-18 4.426e-18 3.48e-18 0.0 84.86 0.0
S001955 314.1818 119.3762 9.191e-21 1.6720000000000002e-20 4.1230000000000005e-20 0.0 84.92 0.0
S001956 314.0015 119.3423 4.748e-17 4.191e-17 2.325e-17 0.0 81.14 0.0
S001957 314.0052 119.3436 5.817e-13 4.083e-13 1.483e-13 0.0 81.16 0.0
S001958 314.0052 119.3431 2.2219999999999996e-22 5.528999999999999e-22 2.597e-21 0.0 81.13 0.0
S001959 314.1734 119.3808 2.596e-17 2.32e-17 1.333e-17 0.0 84.61 0.0
S001960 314.1756 119.3816 8.227e-22 1.744e-21 6.004e-21 0.0 84.51 0.0
S001961 314.0056 119.3348 4.173e-17 9.699e-17 4.084e-16 0.0 81.43 1.0
S001962 314.1755 119.3882 9.025e-21 1.6680000000000002e-20 4.3700000000000006e-20 0.0 84.37 0.0
S001963 314.1709 119.3841 8.558e-18 8.57e-18 6.105e-18 0.0 84.33 0.0
S001964 314.0174 119.3308 1.506e-16 1.193e-16 5.518e-17 0.0 81.59 0.0
S001965 314.1585 119.3872 1.365e-18 1.566e-18 1.522e-18 0.0 84.16 0.0
S001966 314.1604 119.3842 1.081e-22 2.347e-22 8.36e-22 0.0 84.09 0.0
S001967 314.1562 119.3877 6.434e-19 8.193e-19 9.635e-19 0.0 84.09 0.0
S001968 314.0351 119.3318 1.665e-16 1.326e-16 6.238e-17 0.0 81.91 0.0
S001969 314.1457 119.3867 3.859e-16 3.009e-16 1.305e-16 0.0 83.84 1.0
S001970 314.0496 119.3334 4.543e-17 3.918e-17 2.122e-17 0.0 82.09 0.0
S001971 314.0669 119.3379 5.536e-17 4.876e-17 2.686e-17 0.0 82.42 0.0
S001972 314.1227 119.3794 6.694e-22 1.548e-21 6.396e-21 0.0 83.57 0.0
S001973 314.1173 119.3889 7.576e-17 6.145e-17 3.034e-17 0.0 83.44 0.0
S001974 314.0649 119.3321 3.519e-17 2.88e-17 1.406e-17 0.0 82.41 0.0
S001975 314.0603 119.3302 1.91e-16 1.458e-16 6.234e-17 0.0 82.42 0.0
S001976 314.0932 119.3381 1.686e-18 1.91e-18 1.792e-18 0.0 82.98 0.0
S001977 314.1037 119.387 5.932000000000001e-25 2.424e-24 3.288e-23 0.0 83.16 0.0
S001978 314.0885 119.3333 9.387e-23 2.6409999999999998e-22 1.577e-21 0.001 82.88 0.0
S001979 314.1058 119.3868 3.9499999999999996e-23 1.1709999999999998e-22 7.994999999999999e-22 0.0 83.18 0.0
S001980 314.0852 119.3868 2.531e-19 3.551e-19 4.941e-19 0.0 82.84 0.0
S001981 314.1031 119.3357 1.704e-15 1.221e-15 4.512e-16 0.0 83.12 0.0
S001982 314.1162 119.3335 2.041e-17 1.871e-17 1.191e-17 0.0 83.39 0.0
S001983 314.1246 119.3363 5.963e-17 1.46e-16 6.833e-16 0.0 83.43 1.0
S001984 314.0776 119.3834 2.552e-17 4.186e-17 8.472e-17 0.0 82.71 0.0
S001985 314.1175 119.3363 2.494e-15 1.789e-15 6.632e-16 0.0 83.34 0.0
S001986 314.0439 119.3859 1.524e-21 3.138e-21 1.0360000000000001e-20 0.0 82.2 0.0
S001987 314.1389 119.3343 2.159e-21 4.482e-21 1.453e-20 0.0 83.7 0.0
S001988 314.1646 119.3392 1.077e-17 1.055e-17 7.392e-18 0.0 84.02 0.0
S001989 314.0253 119.3801 2.297e-17 2.077e-17 1.239e-17 0.0 81.9 0.0
S001990 314.1557 119.3369 2.9099999999999996e-23 1.0019999999999999e-22 9.676e-22 0.0 83.89 0.0
S001991 314.1407 119.3375 1.11e-16 8.666e-17 3.772e-17 0.0 83.84 0.0
S001992 314.0163 119.3784 1.703e-23 5.353e-23 4.1659999999999994e-22 0.0 81.85 0.0
S001993 313.9931 119.3836 4.837e-18 5.139e-18 4.187e-18 0.0 81.58 0.0
S001994 314.0098 119.3799 1.9410000000000002e-20 3.167e-20 6.546000000000001e-20 0.0 81.61 0.0
S001995 314.1888 119.3366 3.816e-19 4.859e-19 5.952e-19 0.0 84.4 0.0
S001996 314.1863 119.3395 5.914e-18 5.961e-18 4.36e-18 0.0 84.45 0.0
S001997 314.1933 119.3457 1.439e-19 1.983e-19 2.711e-19 0.0 84.5 0.0
S001998 314.186 119.3459 4.223e-19 5.562e-19 6.838e-19 0.0 84.53 0.0
S001999 314.1965 119.3442 6.514e-16 4.987e-16 2.063e-16 0.0 84.61 1.0
S002000 314.2049 119.3447 2.663e-19 3.401e-19 3.901e-19 0.0 84.71 0.0
S002001 313.9472 119.3736 1.118e-16 2.85e-16 1.455e-15 0.0 81.05 1.0
S002002 314.2234 119.3435 3.493e-19 4.487e-19 5.193e-19 0.0 84.84 0.0
S002003 314.2265 119.349 1.82e-17 1.744e-17 1.137e-17 0.0 84.9 0.0
S002004 314.2134 119.3504 7.616e-17 6.346e-17 3.255e-17 0.0 84.93 0.0
S002005 314.2166 119.348 6.171e-23 1.7359999999999998e-22 1.108e-21 0.0 85.03 0.0
S002006 313.9395 119.3692 7.807e-19 8.839e-19 8.468e-19 0.0 80.85 0.0
S002007 314.2158 119.3492 2.04e-16 1.592e-16 7.188e-17 0.0 85.13 0.0
S002008 314.2448 119.3512 6.894e-23 1.6399999999999999e-22 7.042999999999999e-22 0.0 85.18 0.0
S002009 314.236 119.3558 2.194e-17 4.122e-17 1.092e-16 0.0 85.2 0.0
S002010 314.2291 119.3584 1.55e-18 1.65e-18 1.396e-18 0.0 85.31 0.0
S002011 313.9457 119.36 5.036e-18 5.337e-18 4.344e-18 0.0 80.69 0.0
S002012 314.27 119.3564 1.372e-15 9.708e-16 3.539e-16 0.0 85.27 0.0
S002013 313.9111 119.3579 3.559e-21 6.764e-21 1.915e-20 0.0 80.63 0.0
S002014 313.9471 119.3594 1.1530000000000001e-20 1.9900000000000002e-20 4.445e-20 0.0 80.63 0.0
S002015 313.9411 119.3579 1.728e-16 1.391e-16 6.461e-17 0.0 80.6 0.0
S002016 314.2578 119.3686 3.221e-18 3.357e-18 2.65e-18 0.0 85.39 0.0
S002017 314.2716 119.3609 7.626e-18 7.523e-18 5.283e-18 0.0 85.31 0.0
S002018 313.9063 119.3501 4.162e-21 7.884e-21 2.098e-20 0.0 80.52 0.0
S002019 314.2641 119.3674 1.172e-17 1.098e-17 7.21e-18 0.0 85.37 0.0
S002020 314.2729 119.3682 2.766e-21 1.928e-21 6.861e-22 0.0 85.41 0.0
S002021 313.9101 119.3488 9.037000000000001e-20 1.375e-19 2.322e-19 0.0 80.55 0.0
S002022 314.2637 119.3718 2.413e-15 1.757e-15 6.706e-16 0.0 85.39 0.0
S002023 314.2582 119.3709 1.407e-16 1.11e-16 5.075e-17 0.0 85.38 0.0
S002024 313.9237 119.3413 2.8599999999999995e-22 7.338999999999999e-22 3.714e-21 0.0 80.49 0.0
S002025 313.9335 119.3384 2.049e-17 1.934e-17 1.264e-17 0.0 80.57 0.0
S002026 313.927 119.3439 3.671e-16 2.774e-16 1.166e-16 0.0 80.56 1.0
S002027 314.2483 119.3739 1.771e-16 1.46e-16 7.187e-17 0.0 85.24 0.0
S002028 313.919 119.3359 2.658e-17 4.276e-17 8.437e-17 0.0 80.69 0.0
S002029 314.2696 119.3843 1.035e-15 7.559e-16 2.9e-16 0.0 85.16 0.0
S002030 314.2541 119.3819 3.5450000000000003e-20 5.3450000000000005e-20 8.904e-20 0.0 85.18 0.0
S002031 313.9286 119.3375 1.287e-16 1.04e-16 5.004e-17 0.0 80.82 0.0
S002032 313.9398 119.3398 3.312e-16 2.525e-16 1.094e-16 0.0 80.69 1.0
S002033 314.2279 119.3833 2.271e-17 2.195e-17 1.504e-17 0.0 85.06 0.0
S002034 314.2384 119.3828 3.285e-17 6.603e-17 2.086e-16 0.0 84.98 0.0
S002035 314.2285 119.3881 1.532e-17 2.879e-17 7.766e-17 0.0 84.81 0.0
S002036 314.2408 119.3907 1.609e-16 2.959e-16 7.633e-16 0.0 84.85 0.0
S002037 314.2374 119.3871 3.261e-21 2.263e-21 8.0449999999999995e-22 0.0 84.87 0.0
S002038 313.9534 119.3323 9.665e-18 9.371e-18 6.413e-18 0.0 81.18 0.0
S002039 314.2145 119.3854 2.2229999999999996e-22 4.416999999999999e-22 1.341e-21 0.0 84.68 0.0
S002040 314.2091 119.3865 6.541e-18 6.76e-18 5.191e-18 0.0 84.6 0.0
S002041 313.967 119.3249 5.865e-22 1.288e-21 4.767e-21 0.0 81.3 0.0
S002042 313.9812 119.3287 2.45e-17 2.243e-17 1.343e-17 0.0 81.43 0.0
S002043 314.1858 119.3824 2.518e-15 1.812e-15 6.657e-16 0.0 84.41 0.0
S002044 314.1846 119.3894 7.052e-16 5.253e-16 2.128e-16 0.0 84.32 0.0
S002045 314.1877 119.3963 1.711e-13 1.16e-13 3.777e-14 0.0 84.2 0.0
S002046 314.006 119.3236 3.5959999999999995e-22 8.378999999999999e-22 3.462e-21 0.0 81.77 0.0
S002047 314.1764 119.3973 1.428e-17 2.551e-17 6.065e-17 0.0 84.09 1.0
S002048 314.1809 119.3989 1.002e-17 9.586e-18 6.309e-18 0.0 84.05 0.0
S002049 314.1671 119.3984 2.0719999999999997e-22 5.097999999999999e-22 2.33e-21 0.0 83.93 0.0
S002050 314.0289 119.3226 2.381e-19 3.081e-19 3.866e-19 0.0 82.07 0.0
S002051 314.1523 119.3957 5.853e-19 6.923e-19 7.052e-19 0.0 83.7 0.0
S002052 314.1441 119.3956 1.559e-17 2.645e-17 5.69e-17 0.001 83.6 0.0
S002053 314.1278 119.394 1.051e-16 8.354e-17 3.781e-17 0.0 83.53 0.0
S002054 314.1338 119.4002 5.114e-17 8.112e-17 1.591e-16 0.0 83.54 0.0
S002055 314.1112 119.4003 7.886e-18 7.959e-18 5.984e-18 0.0 83.2 0.0
S002056 314.0845 119.3256 2.73e-16 2.11e-16 8.807e-17 0.0 82.78 1.0
S002057 314.0791 119.3203 5.625e-19 6.681e-19 6.981e-19 0.0 82.75 0.0
S002058 314.0955 119.3936 3.0750000000000004e-20 5.2750000000000006e-20 1.172e-19 0.0 82.98 0.0
S002059 314.0683 119.3968 5.1940000000000004e-20 7.729000000000001e-20 1.287e-19 0.0 82.66 0.0
S002060 314.1023 119.3227 5.218e-24 1.8869999999999998e-23 2.0089999999999997e-22 0.0 83.04 0.0
S002061 314.1236 119.3225 5.053e-14 3.324e-14 1.025e-14 0.0 83.38 0.0
S002062 314.11 119.3195 1.27e-17 1.89e-17 3.107e-17 0.0 83.14 0.0
S002063 314.1413 119.3266 8.963e-16 6.394e-16 2.411e-16 0.0 83.49 0.0
S002064 314.1356 119.3222 4.917e-17 4.317e-17 2.42e-17 0.0 83.48 0.0
S002065 314.1364 119.3172 2.034e-23 6.368999999999999e-23 5.062e-22 0.0 83.47 0.0
S002066 314.1442 119.3192 4.686e-19 5.633e-19 5.703e-19 0.0 83.54 0.0
S002067 314.0224 119.3941 1.3100000000000002e-20 2.3230000000000003e-20 5.546e-20 0.0 82.05 0.0
S002068 314.1554 119.3287 1.826e-16 1.483e-16 6.913e-17 0.0 83.8 0.0
S002069 314.0086 119.3956 1.716e-19 2.336e-19 3.258e-19 0.0 82.01 0.0
S002070 314.1809 119.3314 1.254e-18 1.423e-18 1.331e-18 0.0 84.07 0.0
S002071 314.1913 119.33 4.109e-21 8.364e-21 2.598e-20 0.0 84.15 0.0
S002072 313.9955 119.3873 8.175e-18 7.971e-18 5.354e-18 0.0 81.72 0.0
S002073 313.9934 119.3845 7.985e-17 1.109e-16 1.597e-16 0.0 81.72 0.0
S002074 313.9944 119.388 1.536e-19 2.064e-19 2.668e-19 0.0 81.76 0.0
S002075 314.2212 119.3359 3.583e-18 3.789e-18 3.018e-18 0.0 84.49 0.0
S002076 314.2294 119.3332 5.252e-18 5.392e-18 4.121e-18 0.0 84.53 0.0
S002077 313.9465 119.382 5.446000000000001e-20 8.621e-20 1.619e-19 0.0 81.24 0.0
S002078 314.2367 119.3357 1.424e-20 2.4280000000000002e-20 5.2150000000000004e-20 0.0 84.69 0.0
S002079 314.2106 119.3427 1.908e-16 1.469e-16 6.531e-17 0.0 84.71 1.0
S002080 313.9198 119.3778 2.151e-17 3.547e-17 7.016e-17 0.0 81.11 0.0
S002081 314.2595 119.3394 2.62e-17 2.335e-17 1.337e-17 0.0 84.83 0.0
S002082 313.9129 119.3801 1.964e-19 2.687e-19 3.756e-19 0.0 80.96 0.0
S002083 313.918 119.3737 6.585000000000001e-20 9.741000000000001e-20 1.548e-19 0.0 80.85 0.0
S002084 313.8947 119.3789 7.517e-21 1.356e-20 3.214e-20 0.0 80.85 0.0
S002085 314.2733 119.3468 2.319e-17 2.075e-17 1.206e-17 0.0 85.12 0.0
S002086 313.9051 119.3748 1.446e-17 1.323e-17 8.368e-18 0.0 80.74 0.0
S002087 314.2796 119.35 7.204e-17 1.156e-16 2.205e-16 0.0 85.13 0.0
S002088 313.9262 119.369 7.749e-18 1.254e-17 2.452e-17 0.0 80.72 0.0
S002089 313.8893 119.3681 4.348e-18 4.481e-18 3.427e-18 0.0 80.68 0.0
S002090 314.2849 119.3538 1.419e-19 1.91e-19 2.538e-19 0.0 85.25 0.0
S002091 314.2887 119.3537 5.176e-18 5.151e-18 3.699e-18 0.0 85.38 0.0
S002092 314.3008 119.3561 4.041e-17 7.671e-17 2.057e-16 0.0 85.38 0.0
S002093 313.8822 119.3586 3.3730000000000002e-21 2.288e-21 7.976999999999999e-22 0.0 80.55 0.0
S002094 313.9026 119.3502 2.377e-19 3.255e-19 4.496e-19 0.0 80.55 0.0
S002095 314.3189 119.3591 1.361e-23 3.788e-23 2.3579999999999997e-22 0.0 85.39 0.0
S002096 313.8793 119.3546 9.663e-24 3.1929999999999997e-23 2.754e-22 0.0 80.49 0.0
S002097 313.8889 119.3472 5.963e-17 5.106e-17 2.735e-17 0.0 80.46 0.0
S002098 314.3099 119.3691 5.291e-19 6.303e-19 6.287e-19 0.0 85.47 0.0
S002099 314.3206 119.3674 8.860999999999998e-22 1.892e-21 6.72e-21 0.0 85.43 0.0
S002100 314.3076 119.3717 8.627e-18 8.169e-18 5.324e-18 0.0 85.43 0.0
S002101 314.303 119.3742 1.441e-17 3.046e-17 1.016e-16 0.0 85.4 0.0
S002102 314.2872 119.3782 7.372e-19 8.717e-19 8.603e-19 0.0 85.36 0.0
S002103 313.9095 119.3373 4.653e-17 8.888e-17 2.524e-16 0.0 80.64 0.0
S002104 313.8857 119.3396 7.771e-24 2.691e-23 2.5729999999999997e-22 0.0 80.56 0.0
S002105 313.8772 119.3402 3.484e-18 3.572e-18 2.758e-18 0.0 80.5 0.0
S002106 313.885 119.3407 7.672e-20 1.114e-19 1.775e-19 0.0 80.55 0.0
S002107 313.8857 119.3394 1.022e-16 8.402e-17 4.065e-17 0.0 80.52 0.0
S002108 313.8735 119.3317 3.135e-16 2.554e-16 1.209e-16 0.0 80.64 0.0
S002109 313.8745 119.3322 4.689e-23 1.458e-22 1.092e-21 0.0 80.61 0.0
S002110 314.2704 119.3844 5.666e-16 4.355e-16 1.871e-16 0.0 85.2 1.0
S002111 314.2892 119.3908 2.661e-17 2.277e-17 1.228e-17 0.0 85.22 0.0
S002112 313.8958 119.3267 4.055e-17 3.413e-17 1.777e-17 0.0 80.73 0.0
S002113 314.2913 119.3924 4.176e-19 5.443e-19 6.755e-19 0.0 85.0 0.0
S002114 314.2597 119.3907 1.452e-17 1.372e-17 9.006e-18 0.0 84.93 0.0
S002115 314.2568 119.3901 9.186999999999998e-22 1.978e-21 6.899e-21 0.0 85.01 0.0
S002116 313.9099 119.3204 1.07e-24 4.013e-24 4.549e-23 0.0 81.1 0.0
S002117 314.2568 119.3963 1.615e-17 1.506e-17 9.633e-18 0.0 84.81 0.0
S002118 314.27 119.4063 5.318e-19 6.671e-19 7.549e-19 0.0 84.69 0.0
S002119 313.9233 119.3161 2.188e-17 3.932e-17 9.441e-17 0.0 81.21 0.0
S002120 314.249 119.4022 8.393e-17 6.965e-17 3.422e-17 0.0 84.47 0.0
S002121 313.9564 119.3208 2.456e-19 3.222e-19 3.983e-19 0.0 81.31 0.0
S002122 313.9485 119.3179 1.685e-18 1.858e-18 1.571e-18 0.0 81.4 0.0
S002123 313.9735 119.3201 5.513e-19 6.946e-19 7.753e-19 0.0 81.52 0.0
S002124 314.2163 119.4046 4.396e-15 2.94e-15 9.588e-16 0.0 84.24 0.0
S002125 313.9666 119.3155 2.839e-17 2.45e-17 1.308e-17 0.0 81.68 0.0
S002126 314.0005 119.3172 2.576e-17 2.308e-17 1.363e-17 0.0 81.81 0.0
S002127 313.9926 119.3162 8.107e-18 7.806e-18 5.259e-18 0.0 81.87 0.0
S002128 314.1784 119.4042 9.32e-16 6.836e-16 2.716e-16 0.0 83.86 0.0
S002129 314.0007 119.3065 2.451e-15 1.647e-15 5.588e-16 0.0 82.04 0.0
S002130 314.0121 119.315 4.311999999999999e-22 1.084e-21 5.304e-21 0.0 82.07 0.0
