Name Equatorial Polar BlueF GreenF RedF Parallax RadialVelocity Variable?
S008195 325.5407 56.1132 1.862e-21 1.287e-21 4.465e-22 0.0 158.16 0.0
S008196 325.5683 56.1273 5.727e-21 1.0290000000000001e-20 2.6350000000000002e-20 0.0 157.26 0.0
S008197 325.5301 56.1125 1.155e-16 8.866e-17 3.788e-17 0.0 157.66 1.0
S008198 325.5369 56.0949 4.492999999999999e-22 9.393999999999998e-22 3.062e-21 0.0 159.87 0.0
S008199 325.563 56.0881 3.258e-18 3.272e-18 2.434e-18 0.0 159.92 0.0
S008200 325.5359 56.1168 8.348e-18 7.937e-18 5.141e-18 0.0 158.66 0.0
S008201 325.5387 56.094 2.285e-22 4.874e-22 1.7030000000000002e-21 0.0 156.71 0.0
S008202 325.5443 56.1032 6.511e-18 9.486e-18 1.565e-17 0.0 159.5 0.0
S008203 325.541 56.1237 2.759e-19 3.419e-19 3.872e-19 0.0 159.31 0.0
S008204 325.5479 56.1149 4.808e-19 5.644e-19 5.685e-19 0.0 156.7 0.0
S008205 325.5447 56.0936 3.203e-17 2.634e-17 1.249e-17 0.0 158.05 0.0
S008206 325.5329 56.1116 3.954e-19 4.819e-19 5.259e-19 0.0 157.28 1.0
S008207 325.549 56.1147 3.497e-22 7.025999999999999e-22 2.212e-21 0.0 157.76 0.0
S008208 325.537 56.088 3.879e-18 3.908e-18 2.752e-18 0.0 157.36 0.0
S008209 325.5778 56.1102 2.332e-22 5.079e-22 1.814e-21 0.0 159.34 0.0
S008210 325.538 56.1121 1.37e-17 2.89e-17 9.986e-17 0.0 159.47 0.0
S008211 325.5641 56.1078 2.889e-16 2.251e-16 9.729e-17 0.0 160.28 1.0
S008212 325.5589 56.1167 1.991e-16 1.564e-16 7.146e-17 0.0 157.75 1.0
S008213 325.5611 56.1105 1.076e-17 9.811e-18 5.916e-18 0.0 155.75 0.0
S008214 325.5579 56.1101 2.402e-18 2.548e-18 2.099e-18 0.0 159.36 0.0
S008215 325.5155 56.1076 8.004e-18 1.334e-17 2.817e-17 0.0 157.36 0.0
S008216 325.5139 56.1343 9.441e-19 1.039e-18 9.199e-19 0.0 158.17 0.0
S008217 325.5541 56.0943 7.421e-18 1.579e-17 5.275e-17 0.0 159.32 0.0
S008218 325.5348 56.1157 1.681e-21 1.161e-21 4.0559999999999995e-22 0.0 159.55 0.0
S008219 325.5317 56.1002 1.099e-17 9.993e-18 6.155e-18 0.0 159.22 0.0
S008220 325.5258 56.111 2.015e-18 2.119e-18 1.718e-18 0.0 155.78 0.0
S008221 325.5596 56.1237 3.552e-25 1.427e-24 1.856e-23 0.0 160.03 0.0
S008222 325.5605 56.0963 5.4070000000000005e-20 8.053e-20 1.339e-19 0.0 156.41 0.0
S008223 325.5522 56.1268 8.482000000000001e-20 1.176e-19 1.639e-19 0.0 160.58 0.0
S008224 325.54 56.1191 3.1799999999999995e-22 7.594999999999999e-22 3.403e-21 0.0 156.11 0.0
S008225 325.5779 56.0972 7.238e-19 8.022e-19 7.038e-19 0.0 156.14 0.0
S008226 325.5371 56.1166 3.8929999999999995e-22 8.151e-22 2.726e-21 0.0 157.46 0.0
S008227 325.5268 56.0985 2.4040000000000002e-20 3.4410000000000004e-20 5.427e-20 0.0 160.13 0.0
S008228 325.5397 56.1077 2.868e-19 3.497e-19 3.668e-19 0.0 158.22 0.0
S008229 325.5336 56.1167 9.170999999999999e-23 2.1789999999999997e-22 9.638999999999999e-22 0.0 159.77 0.0
S008230 325.5686 56.1208 2.029e-20 3.154e-20 5.585e-20 0.0 157.28 0.0
S008231 325.5636 56.112 1.1760000000000001e-20 1.9270000000000002e-20 3.9700000000000006e-20 0.0 159.72 0.0
S008232 325.5443 56.0964 7.158e-21 1.1930000000000001e-20 2.4210000000000002e-20 0.0 158.55 0.0
S008233 325.5126 56.123 2.324e-23 7.361e-23 6.096999999999999e-22 0.0 156.05 0.0
S008234 325.5253 56.0922 2.311e-17 1.958e-17 9.967e-18 0.0 156.48 0.0
S008235 325.5616 56.1004 6.423999999999999e-23 1.6949999999999998e-22 9.414e-22 0.0 157.94 0.0
S008236 325.5598 56.0921 1.311e-17 2.867e-17 1.048e-16 0.0 158.31 0.0
S008237 325.5448 56.0858 1.869e-17 1.658e-17 9.393e-18 0.0 157.35 0.0
S008238 325.5356 56.1195 1.474e-21 1.044e-21 3.72e-22 0.0 159.88 0.0
S008239 325.5717 56.0823 4.099e-20 6.305000000000001e-20 1.076e-19 0.0 155.7 0.0
S008240 325.5411 56.1237 8.502e-24 2.572e-23 1.886e-22 0.0 157.16 0.0
S008241 325.5575 56.0875 1.162e-24 4.676e-24 5.883e-23 0.0 156.69 0.0
S008242 325.5672 56.0864 8.733000000000001e-20 1.274e-19 2.002e-19 0.0 159.71 0.0
S008243 325.5501 56.0935 5.298e-19 6.148e-19 5.919e-19 0.0 160.38 0.0
S008244 325.5396 56.1128 7.531e-18 7.238e-18 4.657e-18 0.0 159.72 0.0
S008245 325.5593 56.085 1.6679999999999998e-22 4.2189999999999995e-22 2.094e-21 0.0 155.97 0.0
S008246 325.5506 56.0991 2.278e-22 4.748e-22 1.605e-21 0.0 159.17 0.0
S008247 325.5466 56.1178 1.543e-19 1.974e-19 2.337e-19 0.0 158.53 0.0
S008248 325.5669 56.1222 8.533e-24 2.47e-23 1.6229999999999997e-22 0.0 156.56 0.0
S008249 325.5568 56.1091 1.43e-21 9.896999999999998e-22 3.5879999999999995e-22 0.0 158.92 0.0
S008250 325.5387 56.1025 7.524e-20 1.04e-19 1.42e-19 0.0 159.51 0.0
S008251 325.5416 56.1123 3.566e-17 6.239e-17 1.442e-16 0.0 160.09 0.0
S008252 325.5448 56.1025 1.173e-18 1.237e-18 1.036e-18 0.0 159.42 0.0
S008253 325.5811 56.1399 4.033e-21 7.516e-21 1.953e-20 0.0 159.58 0.0
S008254 325.5434 56.1037 8.709e-17 6.99e-17 3.312e-17 0.0 158.98 0.0
S008255 325.566 56.1067 1.157e-19 1.525e-19 2.004e-19 0.0 157.33 0.0
S008256 325.5207 56.1029 1.2740000000000001e-20 2.167e-20 4.574e-20 0.0 157.52 0.0
S008257 325.5846 56.1132 1.412e-17 1.302e-17 8.134e-18 0.0 155.65 0.0
S008258 325.5216 56.1145 2.048e-19 2.725e-19 3.481e-19 0.0 157.92 0.0
S008259 325.5579 56.0849 4.947e-22 1.05e-21 3.562e-21 0.0 159.08 0.0
S008260 325.5487 56.1121 3.52e-19 4.476e-19 5.263e-19 0.0 157.23 0.0
S008261 325.5453 56.0912 3.046e-19 3.756e-19 4.284e-19 0.0 156.15 0.0
S008262 325.5699 56.0845 2.276e-23 6.200999999999999e-23 3.578e-22 0.0 157.83 0.0
S008263 325.55 56.1271 8.755e-13 6.8e-13 3.062e-13 0.0 157.28 1.0
S008264 325.5365 56.1014 1.625e-21 1.111e-21 3.9529999999999996e-22 0.0 159.52 0.0
S008265 325.5249 56.1085 1.6330000000000001e-21 1.135e-21 3.9209999999999994e-22 0.0 156.67 0.0
S008266 325.5626 56.1083 1.776e-21 1.225e-21 4.308e-22 0.0 157.31 0.0
S008267 325.5559 56.1139 1.2270000000000002e-20 1.981e-20 3.7730000000000003e-20 0.0 157.44 0.0
S008268 325.5738 56.1074 1.589e-18 1.705e-18 1.447e-18 0.0 159.97 0.0
S008269 325.533 56.1035 5.2810000000000007e-20 6.960000000000001e-20 9.063e-20 0.0 157.42 0.0
S008270 325.5643 56.113 1.246e-16 9.306e-17 3.778e-17 0.0 159.14 0.0
S008271 325.5501 56.1119 2.016e-21 3.685e-21 9.088e-21 0.0 156.83 0.0
S008272 325.5396 56.1228 1.459e-17 2.786e-17 7.406e-17 0.0 157.63 0.0
S008273 325.537 56.0932 1.4709999999999998e-22 3.719e-22 1.843e-21 0.0 158.36 0.0
S008274 325.5627 56.1193 1.409e-17 1.266e-17 7.403e-18 0.0 157.74 0.0
S008275 325.5615 56.1069 3.233e-19 3.949e-19 4.25e-19 0.0 158.66 0.0
S008276 325.5364 56.1182 2.606e-19 3.273e-19 3.825e-19 0.0 160.48 0.0
S008277 325.5238 56.098 4.675e-19 5.477e-19 5.475e-19 0.0 160.25 0.0
S008278 325.5444 56.1277 3.544e-17 3.055e-17 1.625e-17 0.001 156.7 0.0
S008279 325.5512 56.1183 2.394e-18 2.524e-18 2.032e-18 0.0 159.32 0.0
S008280 325.5461 56.0965 2.137e-19 2.693e-19 3.065e-19 0.0 158.92 0.0
S008281 325.5545 56.1092 1.654e-23 4.702e-23 2.918e-22 0.0 158.16 0.0
S008282 325.5278 56.1097 1.073e-18 1.226e-18 1.133e-18 0.0 158.13 0.0
S008283 325.55 56.1516 3.521e-18 3.58e-18 2.706e-18 0.0 155.67 0.0
S008284 325.5697 56.115 3.666e-21 6.642e-21 1.649e-20 0.0 159.33 0.0
S008285 325.5431 56.0959 3.264e-24 9.728e-24 6.642999999999999e-23 0.0 159.14 0.0
S008286 325.5335 56.1313 4.584e-18 4.406e-18 3.046e-18 0.0 157.65 0.0
S008287 325.5278 56.1042 5.688e-24 1.706e-23 1.2229999999999998e-22 0.0 156.25 0.0
S008288 325.5309 56.1078 8.503999999999999e-23 2.188e-22 1.08e-21 0.0 157.8 0.0
S008289 325.5349 56.1075 1.0950000000000001e-20 1.7750000000000002e-20 3.5780000000000005e-20 0.0 157.0 0.0
S008290 325.5719 56.1133 1.133e-18 1.261e-18 1.122e-18 0.0 158.75 0.0
S008291 325.5413 56.1114 2.808e-16 2.104e-16 8.492e-17 0.0 156.63 0.0
S008292 325.5432 56.0977 1.377e-21 9.783999999999999e-22 3.496e-22 0.0 157.12 0.0
S008293 325.5595 56.0986 1.073e-17 2.432e-17 9.471e-17 0.0 156.65 0.0
S008294 325.5488 56.1153 2.6960000000000003e-20 4.0600000000000006e-20 6.800000000000001e-20 0.0 157.47 0.0
S008295 325.5272 56.1131 9.73e-17 7.541e-17 3.381e-17 0.0 160.23 1.0
S008296 325.5519 56.1288 2.921e-23 8.589999999999999e-23 5.735999999999999e-22 0.0 157.61 0.0
S008297 325.5291 56.1142 1.351e-17 1.243e-17 7.666e-18 0.0 158.9 0.0
S008298 325.5538 56.129 4.82e-23 1.244e-22 6.258999999999999e-22 0.0 159.19 0.0
S008299 325.5289 56.1025 3.786e-19 4.718e-19 5.251e-19 0.0 159.23 0.0
S008300 325.5602 56.0974 3.046e-18 3.127e-18 2.433e-18 0.0 158.14 0.0
S008301 325.5579 56.1123 1.425e-17 2.378e-17 4.77e-17 0.0 157.68 0.0
S008302 325.5696 56.1002 1.1460000000000002e-20 2.0060000000000003e-20 4.595e-20 0.0 158.6 0.0
S008303 325.5449 56.0745 4.7530000000000003e-20 6.677000000000001e-20 1.002e-19 0.0 156.13 0.0
S008304 325.5566 56.1174 6.82e-18 6.83e-18 4.94e-18 0.0 157.39 0.0
S008305 325.5435 56.0945 4.523e-19 5.597e-19 6.37e-19 0.0 156.33 0.0
S008306 325.5489 56.0954 1.862e-18 1.864e-18 1.385e-18 0.0 156.32 0.0
S008307 325.576 56.1114 7.768999999999999e-22 1.646e-21 5.69e-21 0.0 156.93 0.0
S008308 325.5207 56.0886 1.819e-17 1.592e-17 8.726e-18 0.0 159.06 0.0
S008309 325.5167 56.088 9.693e-19 1.076e-18 9.323e-19 0.0 160.67 0.0
S008310 325.5369 56.0988 1.171e-17 1.952e-17 4.004e-17 0.0 156.91 0.0
S008311 325.5376 56.1335 1.87e-23 5.786e-23 4.240999999999999e-22 0.0 157.6 0.0
S008312 325.5545 56.0966 1.55e-18 1.62e-18 1.309e-18 0.0 157.65 0.0
S008313 325.5468 56.1049 4.763e-17 3.859e-17 1.841e-17 0.0 156.93 0.0
S008314 325.5361 56.1145 3.806e-21 7.179e-21 1.9070000000000002e-20 0.0 157.3 0.0
S008315 325.5507 56.1044 3.8729999999999997e-22 9.542999999999998e-22 4.334e-21 0.0 157.06 0.0
S008316 325.5409 56.0864 9.693e-18 8.71e-18 5.112e-18 0.0 157.92 0.0
S008317 325.527 56.0812 1.45e-17 1.248e-17 6.763e-18 0.0 158.29 0.0
S008318 325.5345 56.1121 6.001e-19 7.382e-19 7.866e-19 0.0 156.76 0.0
S008319 325.5853 56.1114 3.3650000000000004e-20 5.031e-20 7.918000000000001e-20 0.0 159.85 0.0
S008320 325.5682 56.0855 1.668e-18 1.769e-18 1.448e-18 0.0 156.72 0.0
S008321 325.5344 56.1042 2.008e-19 2.501e-19 2.794e-19 0.0 159.77 0.0
S008322 325.5673 56.1274 3.09e-13 2.957e-13 1.943e-13 0.001 157.81 1.0
S008323 325.5271 56.1281 8.638e-13 7.588e-13 4.198e-13 0.0 157.45 1.0
S008324 325.5752 56.1038 5.223e-24 1.765e-23 1.6139999999999999e-22 0.0 157.9 0.0
S008325 325.5322 56.1198 2.943e-18 2.979e-18 2.215e-18 0.0 159.08 0.0
S008326 325.544 56.1171 3.806e-13 2.969e-13 1.327e-13 0.0 156.19 1.0
S008327 325.5423 56.0818 1.547e-17 2.197e-17 3.321e-17 0.0 155.97 0.0
S008328 325.5249 56.0889 2.5280000000000002e-20 3.8480000000000004e-20 6.494000000000001e-20 0.0 157.32 0.0
S008329 325.5419 56.1113 5.464e-25 2.046e-24 2.2899999999999998e-23 0.0 159.06 0.0
S008330 325.5268 56.1087 1.803e-21 1.245e-21 4.311999999999999e-22 0.0 159.64 0.0
S008331 325.5602 56.0907 1.039e-24 3.961e-24 4.767e-23 0.0 160.24 0.0
S008332 325.5375 56.1033 5.495e-18 9.209e-18 1.905e-17 0.0 157.98 0.0
S008333 325.5618 56.1035 1.767e-19 2.168e-19 2.469e-19 0.0 158.06 0.0
S008334 325.556 56.1203 1.07e-22 2.9219999999999997e-22 1.671e-21 0.0 156.7 0.0
S008335 325.5432 56.0998 6.223e-18 1.265e-17 4.06e-17 0.0 159.12 0.0
S008336 325.5272 56.0837 4.6880000000000006e-20 6.902e-20 1.106e-19 0.0 159.95 0.0
S008337 325.5539 56.1039 1.274e-18 1.278e-18 9.527e-19 0.0 157.41 0.0
S008338 325.5553 56.1086 2.292e-19 3.13e-19 4.088e-19 0.0 156.64 0.0
S008339 325.5342 56.0953 7.315e-18 1.432e-17 4.185e-17 0.0 158.07 0.0
S008340 325.5368 56.1058 5.225e-17 4.25e-17 2.04e-17 0.0 159.89 0.0
S008341 325.5419 56.104 2.5170000000000003e-20 3.81e-20 6.447000000000001e-20 0.0 159.38 0.0
S008342 325.5489 56.109 1.113e-17 2.261e-17 7.138e-17 0.0 156.65 0.0
S008343 325.5611 56.1151 6.214e-20 8.705000000000001e-20 1.219e-19 0.0 156.97 0.0
S008344 325.5261 56.1295 3.692e-21 6.638e-21 1.601e-20 0.001 160.56 0.0
S008345 325.5311 56.1081 3.042e-24 9.915e-24 8.373999999999999e-23 0.0 157.12 0.0
S008346 325.5214 56.1064 1.514e-22 3.408e-22 1.371e-21 0.0 155.91 0.0
S008347 325.549 56.1065 1.294e-24 4.397e-24 3.991e-23 0.0 160.57 0.0
S008348 325.5381 56.1097 4.207e-13 2.886e-13 1.004e-13 0.0 158.11 0.0
S008349 325.5169 56.1228 8.918e-19 1.024e-18 9.58e-19 0.0 158.98 0.0
S008350 325.5555 56.1126 6.422999999999999e-22 1.405e-21 4.993e-21 0.0 159.23 0.0
S008351 325.5594 56.1159 8.385e-20 1.107e-19 1.412e-19 0.0 157.72 0.0
S008352 325.5095 56.1058 2.4800000000000002e-20 3.795e-20 6.330000000000001e-20 0.0 159.64 0.0
S008353 325.5395 56.1051 1.4340000000000001e-21 2.802e-21 8.199e-21 0.0 156.26 0.0
S008354 325.5279 56.1132 6.995e-21 1.263e-20 3.126e-20 0.0 158.41 0.0
S008355 325.5647 56.1308 3.66e-17 3.019e-17 1.512e-17 0.0 160.1 0.0
S008356 325.5294 56.1087 3.809e-23 1.0229999999999999e-22 5.768999999999999e-22 0.0 159.83 0.0
S008357 325.5466 56.0892 1.331e-16 1.02e-16 4.398e-17 0.0 156.28 1.0
S008358 325.5417 56.1182 8.245e-13 6.359e-13 2.635e-13 0.0 158.78 1.0
S008359 325.5582 56.101 7.084999999999999e-22 5.437999999999999e-22 2.3499999999999997e-22 0.0 157.71 0.0
S008360 325.5259 56.1214 1.313e-17 2.241e-17 4.942e-17 0.0 157.49 0.0
S008361 325.5225 56.108 3.79e-18 3.892e-18 2.898e-18 0.0 157.85 0.0
S008362 325.5582 56.1093 5.165e-17 4.301e-17 2.19e-17 0.0 158.45 0.0
S008363 325.5651 56.115 1.54e-19 2.033e-19 2.512e-19 0.0 160.73 0.0
S008364 325.5203 56.1319 2.849e-17 5.294e-17 1.344e-16 0.0 158.36 0.0
S008365 325.5542 56.1025 1.5380000000000001e-21 1.077e-21 3.8559999999999995e-22 0.0 159.72 0.0
S008366 325.5368 56.1399 3.017e-14 1.977e-14 6.365e-15 0.0 157.55 0.0
S008367 325.5567 56.0988 1.667e-22 3.9379999999999996e-22 1.691e-21 0.0 157.1 0.0
S008368 325.5392 56.1089 2.48e-22 5.873999999999999e-22 2.578e-21 0.0 157.84 0.0
S008369 325.5607 56.1025 1.04e-12 9.089e-13 4.882e-13 0.0 158.71 1.0
S008370 325.5132 56.0903 1.054e-19 1.426e-19 1.975e-19 0.0 156.73 0.0
S008371 325.583 56.1161 6.654e-21 1.18e-20 2.7780000000000004e-20 0.0 160.4 0.0
S008372 325.5633 56.1044 3.9800000000000003e-20 5.797000000000001e-20 9.184000000000001e-20 0.0 156.48 0.0
S008373 325.569 56.0739 3.8519999999999995e-23 1.1639999999999998e-22 8.396999999999999e-22 0.0 159.4 0.0
S008374 325.5179 56.1005 5.05e-19 6.197e-19 6.516e-19 0.0 158.42 0.0
S008375 325.5266 56.0985 5.590999999999999e-22 1.173e-21 3.927e-21 0.0 159.56 0.0
S008376 325.5445 56.0927 5.468e-23 1.559e-22 9.588e-22 0.0 156.75 0.0
S008377 325.5605 56.1285 1.942e-21 1.3330000000000001e-21 4.563999999999999e-22 0.0 157.83 0.0
S008378 325.5502 56.1134 9.058e-21 1.445e-20 2.7970000000000005e-20 0.0 159.38 0.0
S008379 325.5311 56.1343 1.3360000000000001e-20 2.2100000000000002e-20 4.493e-20 0.0 159.81 0.0
S008380 325.5355 56.1241 1.103e-18 1.268e-18 1.178e-18 0.0 159.7 0.0
S008381 325.5355 56.1406 2.225e-18 2.368e-18 1.902e-18 0.0 160.41 0.0
S008382 325.5622 56.1199 5.111e-17 6.943e-17 9.206e-17 0.0 157.53 0.0
S008383 325.562 56.12 3.217e-20 4.9240000000000005e-20 8.504e-20 0.0 158.0 0.0
S008384 325.5589 56.1185 1.266e-17 1.147e-17 7.081e-18 0.0 156.65 0.0
S008385 325.5114 56.0859 8.278e-21 1.481e-20 3.5230000000000004e-20 0.0 160.16 0.0
S008386 325.5174 56.1014 1.423e-21 2.721e-21 7.689e-21 0.0 157.31 0.0
S008387 325.5441 56.087 1.885e-17 2.711e-17 4.301e-17 0.0 160.05 0.0
S008388 325.5233 56.1174 5.761e-17 4.615e-17 2.095e-17 0.0 157.73 0.0
S008389 325.5502 56.0766 2.5569999999999998e-23 6.778e-23 3.6319999999999995e-22 0.0 155.98 0.0
S008390 325.5463 56.1099 2.844e-17 2.508e-17 1.448e-17 0.0 157.79 0.0
S008391 325.5548 56.1043 4.342999999999999e-22 8.97e-22 2.915e-21 0.0 158.31 0.0
S008392 325.5446 56.0858 2.197e-23 5.466e-23 2.694e-22 0.0 156.54 0.0
S008393 325.5668 56.0832 5.573999999999999e-22 1.156e-21 3.791e-21 0.0 158.1 0.0
S008394 325.5293 56.1219 1.663e-17 3.404e-17 1.048e-16 0.0 158.28 0.0
S008395 325.5755 56.103 2.848e-17 2.511e-17 1.434e-17 0.0 159.64 0.0
S008396 325.5149 56.1006 1.295e-18 1.432e-18 1.283e-18 0.0 158.0 0.0
S008397 325.5521 56.1276 1.185e-17 2.332e-17 6.887e-17 0.0 157.45 0.0
S008398 325.5447 56.0902 6.099000000000001e-20 8.678000000000001e-20 1.296e-19 0.0 158.26 0.0
S008399 325.5364 56.1196 1.4679999999999998e-22 3.3759999999999997e-22 1.421e-21 0.0 156.49 0.0
S008400 325.5211 56.1336 3.152e-20 4.465e-20 6.65e-20 0.0 156.68 0.0
S008401 325.5516 56.0831 1.397e-23 4.01e-23 2.614e-22 0.0 160.51 0.0
S008402 325.5497 56.1279 2.071e-19 2.572e-19 2.842e-19 0.0 156.42 0.0
S008403 325.5116 56.1143 1.137e-19 1.487e-19 1.846e-19 0.0 156.74 0.0
S008404 325.5315 56.122 1.395e-17 1.273e-17 7.343e-18 0.0 158.68 0.0
S008405 325.5253 56.1051 1.155e-22 2.8549999999999997e-22 1.367e-21 0.0 158.84 0.0
S008406 325.5349 56.1142 2.718e-21 5.0230000000000004e-21 1.2950000000000001e-20 0.0 156.67 0.0
S008407 325.5385 56.1396 1.8699999999999999e-22 3.838e-22 1.227e-21 0.0 156.13 0.0
S008408 325.5597 56.0785 6.3639999999999996e-24 1.844e-23 1.206e-22 0.0 159.43 0.0
S008409 325.5607 56.1084 8.558000000000001e-26 4.1090000000000003e-25 7.894e-24 0.0 158.86 0.0
S008410 325.5497 56.1104 1.505e-17 2.374e-17 4.27e-17 0.0 159.16 0.0
S008411 325.5604 56.1071 6.57e-23 1.759e-22 1.0030000000000001e-21 0.0 157.96 0.0
S008412 325.5357 56.0954 5.328e-17 4.365e-17 2.137e-17 0.0 160.05 0.0
S008413 325.5573 56.1145 4.132e-24 1.439e-23 1.4079999999999998e-22 0.0 156.93 0.0
S008414 325.5489 56.1198 1.1819999999999998e-22 2.7869999999999996e-22 1.234e-21 0.0 156.52 0.0
S008415 325.5236 56.111 1.195e-21 2.252e-21 6.126e-21 0.0 158.28 0.0
S008416 325.5314 56.1304 5.521000000000001e-26 3.071e-25 8.17e-24 0.0 157.39 0.0
S008417 325.5509 56.1165 6.594e-17 5.167e-17 2.294e-17 0.0 158.93 0.0
S008418 325.5675 56.1053 5.146e-13 3.931e-13 1.703e-13 0.0 158.33 1.0
S008419 325.5126 56.1305 4.107e-17 3.41e-17 1.74e-17 0.0 156.49 0.0
S008420 325.5456 56.1084 4.807e-17 4.129e-17 2.199e-17 0.0 161.72 0.0
S008421 325.5453 56.1082 1.792e-17 2.59e-17 4.088e-17 0.0 157.43 0.0
S008422 325.5453 56.1083 1.894e-17 1.617e-17 8.574e-18 0.0 162.78 0.0
S008423 325.5455 56.1084 1.026e-15 7.344e-16 2.626e-16 0.0 159.65 1.0
S008424 325.5453 56.1084 8.515e-18 7.654e-18 4.483e-18 0.0 157.65 0.0
S008425 325.5455 56.1085 9.525e-16 6.605e-16 2.366e-16 0.0 159.9 0.0
S008426 325.5454 56.1083 5.609e-18 5.589e-18 3.936e-18 0.0 156.87 0.0
S008427 325.5454 56.1085 3.301e-17 2.735e-17 1.346e-17 0.0 163.59 0.0
S008428 325.5454 56.1084 1.641e-17 1.478e-17 8.467e-18 0.0 153.27 0.0
S008429 325.5977 56.0642 1.07e-19 1.453e-19 1.969e-19 0.0 160.42 0.0
S008430 325.6058 56.2256 6.558999999999999e-22 1.413e-21 4.732e-21 0.0 156.87 0.0
S008431 325.4985 56.2186 5.512999999999999e-22 1.2e-21 4.505e-21 0.0 157.97 0.0
S008432 325.4185 55.9682 3.14e-17 4.991e-17 9.517e-17 0.0 158.13 0.0
S008433 325.7139 56.1438 2.343e-13 1.576e-13 5.215e-14 0.0 157.24 0.0
S008434 325.5703 56.0467 2.317e-22 5.76e-22 2.609e-21 0.0 157.13 0.0
S008435 325.5894 55.9971 2.0809999999999998e-22 4.973e-22 2.207e-21 0.0 158.81 0.0
S008436 325.4402 56.1825 1.2000000000000001e-20 1.9340000000000002e-20 3.7080000000000006e-20 0.0 160.51 0.0
S008437 325.3525 55.9497 3.803e-21 6.397e-21 1.3820000000000002e-20 0.0 160.32 0.0
S008438 325.6925 56.2236 2.582e-21 5.129e-21 1.488e-20 0.0 159.56 0.0
S008439 325.3026 56.1456 5.271e-21 9.503e-21 2.3270000000000003e-20 0.0 160.81 0.0
S008440 325.561 56.2471 9.917e-20 1.399e-19 2.004e-19 0.0 155.14 0.0
S008442 325.6786 56.0522 9.199e-21 1.566e-20 3.4000000000000003e-20 0.0 160.82 0.0
S008443 325.4214 56.063 6.916e-23 1.8139999999999998e-22 9.849999999999999e-22 0.0 160.39 0.0
S008444 325.5603 56.3014 1.5240000000000002e-20 2.4660000000000002e-20 4.6600000000000006e-20 0.0 155.06 0.0
S008445 325.4005 56.1919 1.933e-19 2.441e-19 2.787e-19 0.0 160.97 0.0
S008446 325.5418 56.1397 5.08e-18 5.05e-18 3.491e-18 0.0 157.94 0.0
S008447 325.4202 56.1419 2.593e-18 2.635e-18 2.072e-18 0.0 156.63 0.0
S008448 325.3313 55.9714 9.212e-21 1.5610000000000002e-20 3.3010000000000005e-20 0.0 154.97 0.0
S008449 325.5606 56.1487 2.6729999999999997e-23 7.399e-23 4.5389999999999995e-22 0.0 161.53 0.0
S008450 325.4792 56.1317 8.602e-19 1.016e-18 1.017e-18 0.0 160.17 0.0
S008451 325.758 56.0564 4.914e-22 9.892e-22 3.0640000000000002e-21 0.0 156.49 0.0
S008452 325.5803 56.0621 2.302e-21 4.294e-21 1.094e-20 0.0 160.53 0.0
S008453 325.6056 56.0669 9.837e-19 1.057e-18 8.966e-19 0.0 159.21 0.0
S008454 325.8052 56.0651 7.394e-18 7.219e-18 4.963e-18 0.0 157.53 0.0
S008455 325.6362 56.0582 2.631e-23 6.926e-23 3.6539999999999995e-22 0.0 156.03 0.0
S008456 325.3684 56.1796 8.416000000000001e-20 1.179e-19 1.739e-19 0.0 154.58 0.0
S008457 325.6241 56.308 9.919e-21 1.628e-20 3.1790000000000003e-20 0.0 157.88 0.0
S008458 325.6244 56.1126 3.3069999999999996e-22 7.581999999999999e-22 2.955e-21 0.0 160.46 0.0
S008459 325.4752 55.9994 8.872e-24 2.719e-23 2.034e-22 0.0 157.98 0.0
S008460 325.7427 56.0639 3.387e-23 9.926e-23 6.582999999999999e-22 0.0 155.18 0.0
S008461 325.3162 56.0484 8.331e-21 1.459e-20 3.4190000000000005e-20 0.0 160.2 0.0
S008462 325.5443 56.0617 2.364e-23 6.089e-23 3.185e-22 0.0 157.08 0.0
S008463 325.5507 56.2705 4.702e-13 3.653e-13 1.665e-13 0.001 160.81 1.0
S008464 325.439 55.9967 5.201e-24 1.5539999999999998e-23 1.1159999999999999e-22 0.0 161.86 0.0
S008465 325.4554 56.0542 1.419e-19 1.909e-19 2.443e-19 0.0 155.91 0.0
S008466 325.3515 56.1355 2.8409999999999997e-22 6.766999999999999e-22 2.958e-21 0.0 159.9 0.0
S008467 325.548 56.1545 2.422e-19 3.037e-19 3.435e-19 0.0 160.19 0.0
S008469 325.4808 56.1026 2.081e-17 3.372e-17 6.676e-17 0.0 156.03 0.0
S008470 325.4544 56.2306 5.342e-21 1.0030000000000001e-20 2.6590000000000002e-20 0.0 159.67 0.0
S008471 325.3337 55.9836 1.459e-21 2.863e-21 8.315e-21 0.0 157.14 0.0
S008472 325.4294 56.0471 1.137e-21 2.26e-21 7.029e-21 0.0 161.74 0.0
S008473 325.6864 55.9699 4.623e-21 8.009e-21 1.7960000000000002e-20 0.0 160.95 0.0
S008474 325.4629 56.2587 1.501e-21 1.047e-21 3.756e-22 0.0 156.85 0.0
S008475 325.6643 55.9815 5.774e-21 1.0700000000000002e-20 2.732e-20 0.0 159.59 0.0
S008476 325.5781 55.9621 9.728e-20 1.397e-19 2.108e-19 0.0 162.01 0.0
S008477 325.663 55.9664 1.6419999999999998e-23 4.3469999999999997e-23 2.4149999999999996e-22 0.0 156.26 0.0
S008478 325.3957 56.0545 9.845e-25 4.098e-24 5.565999999999999e-23 0.001 159.39 0.0
S008480 325.5157 56.0643 8.395000000000001e-25 2.9969999999999998e-24 3.086e-23 0.0 159.98 0.0
S008481 325.5562 56.2262 1.001e-18 1.13e-18 1.063e-18 0.0 160.28 0.0
S008482 325.7767 56.0166 1.9020000000000003e-20 3.0400000000000004e-20 5.619000000000001e-20 0.0 161.58 0.0
S008483 325.4742 56.0262 4.711e-17 8.635e-17 2.228e-16 0.0 154.7 0.0
S008484 325.4536 56.219 5.3e-13 3.684e-13 1.335e-13 0.0 154.99 0.0
S008485 325.6036 56.086 1.659e-17 1.538e-17 9.329e-18 0.0 161.42 0.0
S008486 325.4971 56.0251 1.047e-20 1.6610000000000003e-20 3.0330000000000004e-20 0.0 156.6 0.0
S008487 325.4943 56.0526 1.988e-19 2.603e-19 3.179e-19 0.0 161.86 0.0
S008488 325.5238 55.9339 1.591e-17 2.806e-17 6.702e-17 0.0 158.98 0.0
S008489 325.6593 56.0638 3.838e-18 7.572e-18 2.209e-17 0.0 161.25 0.0
S008490 325.5758 56.1608 7.390999999999999e-22 1.603e-21 5.528e-21 0.0 155.74 0.0
S008491 325.7 56.1656 1.018e-23 3.361e-23 2.9279999999999996e-22 0.0 161.63 0.0
S008493 325.5412 56.0349 2.115e-20 3.252e-20 5.843e-20 0.0 160.58 0.0
S008494 325.5438 56.1692 2.073e-17 4.381e-17 1.557e-16 0.0 155.9 0.0
S008495 325.4654 56.1066 4.0210000000000004e-20 6.02e-20 1.025e-19 0.0 156.68 0.0
S008497 325.6759 56.08 2.59e-24 8.396e-24 6.957e-23 0.0 162.05 0.0
S008498 325.4027 55.971 1.9289999999999998e-22 4.666999999999999e-22 2.177e-21 0.0 156.86 0.0
S008499 325.5385 56.105 9.277000000000001e-20 1.273e-19 1.732e-19 0.0 161.31 0.0
S008500 325.6099 56.1159 1.812e-21 3.546e-21 1.028e-20 0.0 160.28 0.0
S008501 325.3561 56.1655 5.716e-18 5.538e-18 3.776e-18 0.0 159.49 0.0
S008502 325.429 56.0288 1.993e-21 1.344e-21 4.369e-22 0.0 158.34 0.0
S008503 325.481 56.0741 2.153e-19 2.625e-19 2.949e-19 0.0 156.22 0.0
S008504 325.453 56.0464 6.526e-24 2.093e-23 1.6979999999999998e-22 0.0 157.26 0.0
S008505 325.4853 56.2037 2.108e-21 4.093e-21 1.1380000000000001e-20 0.0 159.75 0.0
S008506 325.4183 56.0022 3.2829999999999995e-22 7.619999999999999e-22 3.067e-21 0.0 157.6 0.0
S008507 325.4015 56.0783 2.1949999999999997e-22 4.2029999999999994e-22 1.17e-21 0.0 159.07 0.0
S008508 325.4624 56.1491 8.872e-20 1.235e-19 1.726e-19 0.0 160.82 0.0
S008509 325.6597 56.1617 1.5009999999999998e-22 3.5009999999999996e-22 1.492e-21 0.0 159.45 0.0
S008510 325.5289 56.0459 4.778e-24 1.641e-23 1.4709999999999998e-22 0.0 160.99 0.0
S008511 325.4857 56.1991 5.927e-22 1.218e-21 3.9e-21 0.0 157.91 0.0
S008512 325.4067 56.1728 2.633e-17 2.194e-17 1.117e-17 0.0 160.77 0.0
S008513 325.4289 56.1688 1.194e-18 1.307e-18 1.138e-18 0.001 155.46 0.0
S008515 325.4556 56.1431 1.612e-20 2.6760000000000002e-20 5.705e-20 0.0 156.3 0.0
S008516 325.4967 56.2862 5.487e-20 7.507000000000001e-20 1.02e-19 0.001 158.45 0.0
S008517 325.3725 56.0944 2.852e-21 5.371e-21 1.39e-20 0.0 155.11 0.0
S008518 325.521 56.0764 8.813e-20 1.188e-19 1.56e-19 0.0 158.33 0.0
S008519 325.4612 56.1374 2.6409999999999998e-22 5.887999999999999e-22 2.309e-21 0.001 157.57 0.0
S008520 325.5026 56.1898 3.84e-21 7.567e-21 2.187e-20 0.0 158.79 0.0
S008521 325.7038 56.1204 1.116e-17 1.976e-17 4.618e-17 0.0 155.79 0.0
S008522 325.3087 56.1295 1.628e-20 2.584e-20 4.7710000000000006e-20 0.0 157.57 0.0
S008523 325.4589 56.0232 1.5990000000000002e-20 2.776e-20 6.106000000000001e-20 0.0 158.87 0.0
S008524 325.7214 56.1681 1.099e-21 2.317e-21 7.918e-21 0.0 161.93 0.0
S008526 325.7243 56.1132 8.819e-30 1.281e-28 2.4570000000000003e-26 0.0 160.94 0.0
S008527 325.5113 56.1684 1.076e-19 1.442e-19 1.928e-19 0.0 160.32 0.0
S008528 325.4002 56.1083 1.375e-23 3.697e-23 2.0309999999999997e-22 0.0 156.59 0.0
S008529 325.6543 56.0921 1.415e-22 3.2329999999999996e-22 1.325e-21 0.0 156.1 0.0
S008530 325.5345 56.2811 1.221e-23 3.605e-23 2.397e-22 0.001 160.63 0.0
S008531 325.6321 56.0657 9.984000000000001e-20 1.324e-19 1.708e-19 0.0 159.44 0.0
S008532 325.4142 56.0045 1.305e-19 1.673e-19 1.994e-19 0.0 157.47 0.0
S008533 325.4582 55.9967 2.6729999999999997e-23 7.301e-23 4.321e-22 0.0 154.93 0.0
S008534 325.5487 55.9267 6.143e-23 1.5049999999999998e-22 6.733999999999999e-22 0.0 160.77 0.0
S008535 325.5568 56.121 1.222e-19 1.571e-19 1.889e-19 0.0 155.55 0.0
S008536 325.6214 56.1763 2.234e-23 6.368e-23 4.076e-22 0.0 156.79 0.0
S008537 325.4973 56.1066 7.609999999999999e-22 1.557e-21 4.915e-21 0.0 158.37 0.0
S008538 325.4394 56.0604 1.112e-21 2.231e-21 6.96e-21 0.0 160.61 0.0
S008539 325.6695 55.9632 5.2070000000000005e-20 7.331000000000001e-20 1.062e-19 0.0 157.98 0.0
S008541 325.3979 56.0368 2.3959999999999998e-23 6.882e-23 4.2289999999999996e-22 0.0 158.61 0.0
S008542 325.6879 56.0568 5.655e-21 1.051e-20 2.713e-20 0.0 160.17 0.0
S008543 325.4675 56.0876 6.322e-20 9.034000000000001e-20 1.399e-19 0.0 157.79 0.0
S008544 325.5971 56.3036 8.994000000000001e-20 1.214e-19 1.593e-19 0.0 160.63 0.0
S008545 325.3816 56.1566 8.202999999999999e-23 2.123e-22 1.115e-21 0.0 157.58 0.0
S008546 325.7378 56.0258 1.71e-21 1.185e-21 4.1469999999999996e-22 0.0 157.26 0.0
S008547 325.6825 56.1541 9.758999999999999e-22 1.9290000000000002e-21 5.5820000000000004e-21 0.0 161.12 0.0
S008548 325.5261 56.1041 1.273e-23 3.452e-23 1.9699999999999998e-22 0.0 158.74 0.0
S008549 325.5305 56.0663 1.918e-21 1.302e-21 4.497e-22 0.0 161.1 0.0
S008550 325.6682 56.0066 6.1290000000000005e-21 1.0600000000000001e-20 2.308e-20 0.0 158.37 0.0
S008551 325.5965 56.0919 1.105e-18 1.136e-18 8.748e-19 0.0 160.65 0.0
S008552 325.4795 56.0352 6.269999999999999e-22 1.299e-21 4.225e-21 0.0 156.39 0.0
S008553 325.4212 56.1659 8.707e-21 1.4340000000000002e-20 2.864e-20 0.0 160.84 0.0
S008554 325.6869 56.0156 6.971000000000001e-20 9.931e-20 1.438e-19 0.0 161.99 0.0
S008555 325.61 56.0772 3.305e-18 3.306e-18 2.328e-18 0.0 155.26 0.0
S008556 325.5658 56.1824 3.117e-19 3.834e-19 4.213e-19 0.0 161.14 0.0
S008557 325.777 55.9692 3.3199999999999995e-22 7.631e-22 3.092e-21 0.0 159.41 0.0
S008558 325.6403 55.9827 3.3640000000000005e-20 5.1920000000000006e-20 9.072000000000001e-20 0.0 156.48 0.0
S008559 325.6732 56.0192 1.008e-21 2.015e-21 6.24e-21 0.0 159.35 0.0
S008560 325.5502 56.0372 2.642e-23 6.697e-23 3.2049999999999997e-22 0.0 160.01 0.0
S008561 325.5204 56.0664 7.269999999999999e-23 1.8729999999999998e-22 9.767e-22 0.0 156.02 0.0
S008562 325.4718 56.0113 5.196e-24 1.578e-23 1.118e-22 0.0 156.18 0.0
S008563 325.6038 56.0983 1.6300000000000001e-21 3.355e-21 1.0950000000000001e-20 0.0 159.5 0.0
S008565 325.6391 56.0597 9.432999999999999e-22 1.896e-21 5.741e-21 0.0 161.29 0.0
S008566 325.5682 56.0544 3.35e-23 8.933e-23 4.967999999999999e-22 0.0 161.35 0.0
S008567 325.5916 55.8979 6.874e-23 1.7529999999999997e-22 8.652999999999998e-22 0.0 158.62 0.0
S008568 325.676 56.1303 2.9929999999999998e-24 1.084e-23 1.1269999999999999e-22 0.001 156.74 0.0
S008569 325.4871 56.0744 2.8089999999999996e-22 7.053e-22 3.448e-21 0.0 155.01 0.0
S008570 325.597 55.9221 1.841e-23 5.680999999999999e-23 4.1489999999999998e-22 0.0 154.31 0.0
S008571 325.375 56.146 3.572e-22 8.291999999999999e-22 3.471e-21 0.0 158.95 0.0
S008572 325.542 56.2777 2.487e-21 4.7730000000000004e-21 1.3720000000000002e-20 0.0 158.09 0.0
S008573 325.5857 56.0436 5.413e-21 9.588e-21 2.264e-20 0.0 155.64 0.0
S008574 325.4426 56.0097 1.628e-20 2.4780000000000004e-20 4.146e-20 0.0 154.83 0.0
S008575 325.6211 56.0997 1.192e-20 1.9900000000000002e-20 4.1290000000000006e-20 0.0 158.2 0.0
S008576 325.5419 56.0832 3.434e-19 4.326e-19 5.128e-19 0.0 159.17 0.0
S008577 325.5774 56.1691 1.658e-21 1.148e-21 4.0269999999999996e-22 0.0 156.32 0.0
S008578 325.5529 56.1011 1.17e-22 2.9959999999999997e-22 1.496e-21 0.0 157.28 0.0
S008580 325.6277 55.9788 4.985e-13 3.561e-13 1.36e-13 0.0 158.08 0.0
S008581 325.5009 56.2773 8.566e-24 2.4929999999999997e-23 1.6459999999999998e-22 0.0 158.55 0.0
S008582 325.5927 56.0205 3.407e-22 7.263999999999999e-22 2.5530000000000002e-21 0.0 155.4 0.0
S008583 325.6909 56.2362 6.109e-19 7.09e-19 6.844e-19 0.0 154.53 0.0
S008584 325.4331 56.2534 2.575e-18 2.773e-18 2.289e-18 0.0 161.1 0.0
S008585 325.5094 56.2345 1.147e-20 1.897e-20 3.797e-20 0.0 156.65 0.0
S008586 325.6367 56.2832 3.0249999999999996e-22 6.74e-22 2.713e-21 0.0 154.88 0.0
S008587 325.4971 56.0928 1.9700000000000002e-25 9.792e-25 1.985e-23 0.0 155.4 0.0
S008588 325.6117 56.1064 1.322e-21 2.73e-21 8.764e-21 0.0 161.76 0.0
S008589 325.7784 55.9832 1.246e-21 2.598e-21 8.677e-21 0.0 159.29 0.0
S008590 325.5808 56.1754 1.8679999999999997e-22 4.691e-22 2.278e-21 0.0 157.24 0.0
S008591 325.5124 56.0095 1.096e-23 3.7519999999999997e-23 3.4479999999999996e-22 0.0 157.96 0.0
S008592 325.5636 56.1068 3.3309999999999997e-22 8.0009999999999995e-22 3.56e-21 0.0 158.32 0.0
S008593 325.5886 56.1164 5.12e-19 5.637e-19 5.083e-19 0.001 161.28 0.0
S008594 325.3863 56.2017 5.912999999999999e-22 1.286e-21 4.5710000000000004e-21 0.0 157.27 0.0
S008595 325.4696 56.0563 1.201e-21 2.292e-21 6.339e-21 0.0 159.7 0.0
S008596 325.6819 56.1962 1.1310000000000001e-20 1.891e-20 3.8810000000000005e-20 0.0 157.91 0.0
S008597 325.602 56.1227 1.232e-17 1.125e-17 7.033e-18 0.0 158.38 0.0
S008598 325.5565 56.0191 8.439e-19 8.964e-19 7.461e-19 0.0 161.34 0.0
S008599 325.6844 56.0858 1.477e-21 2.748e-21 7.104e-21 0.0 155.8 0.0
S008600 325.5986 56.1487 1.431e-17 2.385e-17 5.046e-17 0.0 159.91 0.0
S008601 325.473 55.9884 3.024e-24 1.0849999999999999e-23 1.1049999999999999e-22 0.0 156.63 0.0
S008602 325.787 56.0508 1.4710000000000003e-20 2.2690000000000002e-20 4.071e-20 0.0 157.94 0.0
S008603 325.5624 56.2198 1.4400000000000001e-21 1.0120000000000001e-21 3.6129999999999997e-22 0.001 156.83 0.0
S008605 325.5019 56.2036 2.621e-21 4.611e-21 1.0810000000000001e-20 0.0 161.99 0.0
S008606 325.3979 56.068 3.162e-19 3.741e-19 3.922e-19 0.0 158.99 0.0
S008607 325.6876 56.1535 3.143e-19 4.063e-19 4.965e-19 0.0 156.22 0.0
S008608 325.6276 56.192 1.013e-19 1.366e-19 1.813e-19 0.0 155.38 0.0
S008609 325.6933 56.0318 6.025e-24 1.782e-23 1.198e-22 0.0 154.87 0.0
S008610 325.3832 56.22 8.828e-23 2.3189999999999996e-22 1.236e-21 0.0 161.05 0.0
S008611 325.5969 56.1423 5.665e-20 8.074e-20 1.205e-19 0.0 154.94 0.0
S008612 325.6781 56.04 3.232e-18 3.352e-18 2.671e-18 0.0 159.84 0.0
S008613 325.7079 56.1717 2.954e-21 5.599e-21 1.4820000000000002e-20 0.0 157.48 0.0
S008614 325.4711 56.1873 9.088000000000001e-20 1.241e-19 1.693e-19 0.0 159.32 0.0
S008615 325.4033 56.2328 9.927999999999998e-22 2.067e-21 6.787e-21 0.0 161.13 0.0
S008616 325.4905 56.1591 5.88e-23 1.5449999999999997e-22 8.2239999999999995e-22 0.0 156.83 0.0
S008617 325.4103 56.2902 2.394e-18 2.461e-18 1.852e-18 0.0 160.12 0.0
S008618 325.6468 56.2557 1.5400000000000003e-20 2.4380000000000002e-20 4.6070000000000004e-20 0.0 160.06 0.0
S008619 325.5471 56.1195 4.966e-21 8.367e-21 1.784e-20 0.0 155.14 0.0
S008620 325.4099 55.9456 1.2519999999999998e-22 3.0169999999999996e-22 1.383e-21 0.0 159.0 0.0
S008621 325.5286 56.0602 1.693e-23 4.513e-23 2.3939999999999996e-22 0.0 154.75 0.0
S008622 325.7295 56.0665 2.6829999999999996e-22 6.666e-22 3.217e-21 0.0 156.94 0.0
S008623 325.4764 56.0176 1.021e-20 1.69e-20 3.5420000000000006e-20 0.0 158.45 0.0
S008624 325.5973 56.2724 2.123e-24 7.453e-24 7.073999999999999e-23 0.0 154.95 0.0
S008625 325.6829 56.0958 1.072e-22 2.45e-22 9.741e-22 0.0 156.14 0.0
S008626 325.6131 56.0679 2.793e-17 4.952e-17 1.168e-16 0.0 157.01 0.0
S008627 325.5989 55.999 1.615e-21 3.172e-21 9.346e-21 0.0 158.63 0.0
S008628 325.4109 56.0 5.306999999999999e-22 1.074e-21 3.435e-21 0.0 159.79 0.0
S008629 325.567 56.0863 2.403e-19 3.066e-19 3.624e-19 0.0 159.43 0.0
S008630 325.5096 56.2231 8.948999999999998e-22 1.732e-21 4.925e-21 0.0 161.11 0.0
S008631 325.6296 55.9131 1.024e-18 1.119e-18 9.579e-19 0.0 156.66 0.0
S008632 325.6055 56.0797 4.347e-20 6.049e-20 8.802000000000001e-20 0.0 158.97 0.0
S008634 325.5869 56.1429 4.542e-19 5.656e-19 6.353e-19 0.0 159.28 0.0
S008635 325.6405 56.0878 5.135e-20 6.855e-20 9.169e-20 0.0 161.23 0.0
S008636 325.6721 56.1021 7.245e-22 1.4340000000000001e-21 4.223e-21 0.0 159.19 0.0
S008637 325.4512 55.9228 1.05e-21 2.064e-21 6.095e-21 0.0 155.88 0.0
S008638 325.6868 56.0833 4.301e-21 7.938e-21 1.9850000000000003e-20 0.0 156.05 0.0
S008639 325.4461 56.2244 1.3270000000000002e-20 2.208e-20 4.5640000000000006e-20 0.0 159.84 0.0
S008640 325.5275 56.0598 2.307e-19 3.244e-19 4.531e-19 0.0 161.34 0.0
S008641 325.5312 56.0338 3.201e-18 6.181e-18 1.72e-17 0.0 159.91 0.0
S008643 325.563 56.0592 2.59e-22 5.911e-22 2.308e-21 0.0 158.81 0.0
S008644 325.5473 56.1187 2.712e-18 2.825e-18 2.146e-18 0.0 159.28 0.0
S008645 325.5657 56.1844 2.845e-18 2.994e-18 2.434e-18 0.0 158.67 0.0
S008646 325.4509 55.9506 1.62e-23 4.5679999999999997e-23 2.7709999999999995e-22 0.0 154.97 0.0
S008647 325.4794 56.1386 1.961e-24 8.087e-24 1.125e-22 0.0 161.68 0.0
S008648 325.4397 56.1229 1.008e-21 2.127e-21 7.057e-21 0.0 157.35 0.0
S008649 325.4966 56.3124 2.481e-18 2.349e-18 1.583e-18 0.0 156.45 0.0
S008650 325.4526 56.0987 1.013e-23 3.15e-23 2.4669999999999996e-22 0.0 157.14 0.0
S008651 325.4741 56.11 6.679e-21 1.1970000000000001e-20 2.913e-20 0.0 160.53 0.0
S008652 325.7157 56.0958 5.685000000000001e-20 8.087000000000001e-20 1.226e-19 0.0 156.36 0.0
S008653 325.4842 56.3118 9.13e-24 2.6199999999999998e-23 1.7469999999999998e-22 0.0 159.69 0.0
S008654 325.6073 56.0157 3.334e-20 5.169e-20 9.127000000000001e-20 0.0 160.12 0.0
S008656 325.5096 56.0216 3.5829999999999997e-22 7.828999999999999e-22 2.8440000000000002e-21 0.0 158.19 0.0
S008657 325.5952 56.138 4.899e-24 1.6759999999999998e-23 1.5949999999999999e-22 0.0 154.76 0.0
S008658 325.4979 56.1546 1.144e-21 2.337e-21 7.588e-21 0.0 155.75 0.0
S008659 325.6309 56.0734 1.383e-19 1.724e-19 1.987e-19 0.0 157.46 0.0
S008660 325.6128 56.213 2.731e-22 6.111999999999999e-22 2.276e-21 0.0 158.02 0.0
S008661 325.4176 56.2111 3.588e-21 6.21e-21 1.401e-20 0.0 154.58 0.0
S008662 325.5296 55.9521 2.042e-19 2.524e-19 2.854e-19 0.0 157.51 0.0
S008663 325.4576 56.2926 2.733e-23 7.154999999999999e-23 3.9259999999999997e-22 0.0 161.01 0.0
S008664 325.5099 56.0874 6.119e-17 4.768e-17 2.139e-17 0.0 156.82 0.0
S008665 325.602 56.1626 7.088e-21 1.123e-20 2.1420000000000002e-20 0.0 155.14 0.0
S008666 325.5969 56.1881 2.8920000000000002e-21 5.521e-21 1.5610000000000002e-20 0.0 158.39 0.0
S008667 325.3406 56.0084 6.291e-18 6.033e-18 3.929e-18 0.0 159.25 0.0
S008668 325.6715 56.0954 3.799e-24 1.291e-23 1.184e-22 0.0 159.76 0.0
S008669 325.4706 56.123 4.936e-18 9.829e-18 3.094e-17 0.0 157.1 0.0
S008670 325.6526 55.9588 3.319e-17 2.79e-17 1.44e-17 0.0 159.92 0.0
S008671 325.5553 56.0439 3.5250000000000004e-26 1.9050000000000001e-25 4.821e-24 0.0 160.38 0.0
S008672 325.4152 56.0851 2.711e-17 4.997e-17 1.302e-16 0.0 161.29 0.0
S008673 325.5628 56.3021 6.029e-21 1.0720000000000001e-20 2.5200000000000003e-20 0.0 160.6 0.0
S008674 325.5506 56.2281 4.764e-23 1.1519999999999998e-22 5.126999999999999e-22 0.0 160.12 0.0
S008675 325.6579 56.0089 2.336e-18 2.292e-18 1.657e-18 0.0 161.55 0.0
S008676 325.5124 56.0432 7.162e-20 1.005e-19 1.47e-19 0.0 159.8 0.0
S008677 325.6161 56.2115 8.387e-19 9.312e-19 8.287e-19 0.0 159.86 0.0
S008678 325.6545 56.0628 3.348e-20 5.087000000000001e-20 8.361000000000001e-20 0.0 160.92 0.0
S008679 325.5459 56.1686 4.009e-22 9.808999999999998e-22 4.422e-21 0.0 159.51 0.0
S008680 325.7304 56.1058 1.7030000000000002e-21 1.178e-21 4.1139999999999994e-22 0.0 156.52 0.0
S008681 325.5174 56.0268 7.574e-19 8.316e-19 7.126e-19 0.0 160.84 0.0
S008682 325.4165 56.1673 5.834e-18 9.74e-18 2.033e-17 0.0 160.25 0.0
S008683 325.6742 56.0334 1.382e-18 1.522e-18 1.386e-18 0.0 156.61 0.0
S008684 325.4077 56.061 3.0540000000000004e-20 4.6490000000000004e-20 7.825000000000001e-20 0.0 158.27 0.0
S008685 325.5545 56.2522 3.33e-17 2.735e-17 1.364e-17 0.0 158.11 0.0
S008686 325.3435 56.2202 2.917e-21 5.518e-21 1.463e-20 0.0 154.31 0.0
S008687 325.6795 56.1321 1.0539999999999999e-23 3.0139999999999996e-23 1.886e-22 0.0 155.28 0.0
S008688 325.416 56.2083 5.256e-21 9.619e-21 2.4680000000000003e-20 0.0 157.79 0.0
S008689 325.4907 56.1468 4.7879999999999995e-23 1.3089999999999999e-22 7.637999999999999e-22 0.0 156.06 0.0
S008690 325.6719 56.0459 1.425e-22 3.2779999999999996e-22 1.3360000000000001e-21 0.0 157.1 0.0
S008691 325.4658 56.1966 3.139e-22 7.304e-22 2.98e-21 0.0 157.84 0.0
S008692 325.5189 56.1551 5.2770000000000004e-20 7.793e-20 1.294e-19 0.0 159.41 0.0
S008693 325.5392 55.9535 1.5709999999999997e-22 4.0039999999999995e-22 1.982e-21 0.0 156.65 0.0
S008694 325.4622 56.3132 2.156e-17 1.852e-17 9.501e-18 0.0 159.49 0.0
S008695 325.7057 56.0681 2.634e-22 6.001999999999999e-22 2.3450000000000002e-21 0.0 156.95 0.0
S008696 325.5617 55.9176 8.618e-13 6.366e-13 2.489e-13 0.0 156.42 0.0
S008697 325.7028 56.1613 1.7429999999999998e-22 3.9819999999999995e-22 1.604e-21 0.0 159.23 0.0
S008698 325.5747 56.0642 6.206999999999999e-23 1.6609999999999998e-22 9.172e-22 0.0 158.3 0.0
S008699 325.5695 56.0931 4.153e-21 7.108e-21 1.594e-20 0.0 159.43 0.0
S008700 325.6481 56.2094 1.168e-20 1.8410000000000002e-20 3.4530000000000005e-20 0.0 157.04 0.0
S008701 325.3686 56.212 3.0480000000000003e-20 4.5360000000000006e-20 7.372e-20 0.0 158.22 0.0
S008702 325.6256 56.0578 2.928e-18 3.03e-18 2.432e-18 0.0 155.34 0.0
S008703 325.6561 56.2989 7.136e-19 8.457e-19 8.612e-19 0.0 159.42 0.0
S008704 325.5237 56.1185 3.233e-23 8.696999999999999e-23 4.788999999999999e-22 0.0 159.52 0.0
S008705 325.523 56.1321 2.177e-22 5.641e-22 2.919e-21 0.0 158.48 0.0
S008706 325.6622 56.1781 1.2229999999999998e-22 3.252e-22 1.82e-21 0.0 159.79 0.0
S008708 325.5308 55.939 2.227e-18 2.297e-18 1.739e-18 0.0 156.25 0.0
S008709 325.683 56.1754 1.114e-22 2.511e-22 9.809999999999998e-22 0.0 155.82 0.0
S008710 325.4807 56.1455 4.338e-13 3.232e-13 1.279e-13 0.0 155.31 0.0
S008711 325.479 56.1474 6.781999999999999e-23 1.67e-22 7.948999999999999e-22 0.0 161.72 0.0
S008712 325.6498 56.1081 3.749e-24 1.1679999999999999e-23 8.86e-23 0.0 160.12 0.0
S008713 325.5425 56.1188 7.216e-20 1.044e-19 1.654e-19 0.0 155.48 0.0
S008714 325.5735 56.0656 5.113e-20 7.018000000000001e-20 9.665000000000001e-20 0.0 159.99 0.0
S008716 325.5322 56.1999 1.1840000000000002e-20 1.9380000000000002e-20 3.989e-20 0.0 155.42 0.0
S008717 325.5094 56.1745 2.525e-21 4.39e-21 1.044e-20 0.0 158.72 0.0
S008719 325.7424 56.1272 1.2299999999999998e-22 2.814e-22 1.1040000000000001e-21 0.0 158.6 0.0
S008720 325.4463 56.0814 1.25e-22 3.3509999999999996e-22 1.863e-21 0.0 156.62 0.0
S008721 325.6172 56.1823 1.9170000000000002e-20 2.9230000000000004e-20 4.947e-20 0.0 155.84 0.0
S008722 325.5193 56.1027 1.141e-21 2.145e-21 5.599e-21 0.0 157.18 0.0
S008723 325.5577 55.9498 3.217e-19 3.804e-19 3.967e-19 0.0 161.43 0.0
S008724 325.4921 56.0913 1.78e-20 2.8180000000000005e-20 5.0970000000000004e-20 0.0 156.47 0.0
S008725 325.6087 56.0179 5.562e-23 1.4449999999999998e-22 7.687999999999999e-22 0.0 160.63 0.0
S008726 325.6164 55.913 2.7090000000000004e-20 3.921e-20 6.246000000000001e-20 0.0 155.15 0.0
S008727 325.668 56.0722 4.188e-21 7.342e-21 1.673e-20 0.0 156.02 0.0
S008728 325.4615 56.0539 2.367e-19 2.96e-19 3.312e-19 0.0 155.96 0.0
S008730 325.4092 55.9481 5.463e-19 6.237e-19 5.978e-19 0.0 154.76 0.0
S008731 325.6972 56.0448 7.225e-21 1.1890000000000002e-20 2.3420000000000002e-20 0.0 161.45 0.0
S008732 325.6532 56.111 6.443999999999999e-23 1.5729999999999999e-22 7.173999999999999e-22 0.0 160.79 0.0
S008733 325.6079 56.1053 6.794e-23 1.745e-22 9.341999999999999e-22 0.0 161.05 0.0
S008734 325.4983 56.1275 5.824e-21 1.0100000000000001e-20 2.1960000000000003e-20 0.001 156.68 0.0
S008735 325.3814 56.1328 6.736e-13 5.13e-13 2.101e-13 0.0 161.82 0.0
S008736 325.4057 56.282 8.726e-19 9.914e-19 9.099e-19 0.0 159.68 0.0
S008737 325.4923 56.1892 5.909e-21 1.116e-20 2.938e-20 0.0 155.05 0.0
S008738 325.5928 56.0634 2.223e-23 7.082e-23 5.526e-22 0.0 160.31 0.0
S008739 325.7073 56.1117 3.08e-23 8.335999999999999e-23 4.8059999999999995e-22 0.0 158.16 0.0
S008740 325.7468 56.1806 3.0839999999999996e-22 7.475999999999999e-22 3.277e-21 0.0 160.69 0.0
S008741 325.7468 55.9699 4.521e-19 5.45e-19 5.58e-19 0.0 158.17 0.0
S008742 325.6685 56.1028 7.647e-21 1.2600000000000002e-20 2.4480000000000003e-20 0.0 156.9 0.0
S008744 325.5377 56.0077 2.5049999999999996e-22 5.826999999999999e-22 2.43e-21 0.0 160.08 0.0
S008745 325.4775 56.1854 3.2750000000000004e-20 4.8770000000000004e-20 7.901e-20 0.0 157.26 0.0
S008746 325.4389 56.0232 1.405e-21 2.65e-21 7.222e-21 0.0 157.22 0.0
S008747 325.6884 56.2769 1.265e-21 2.543e-21 7.661e-21 0.0 156.14 0.0
S008748 325.4138 56.2085 1.833e-21 1.239e-21 4.272e-22 0.0 154.79 0.0
S008749 325.6615 56.1185 7.567e-19 8.168e-19 6.752e-19 0.0 156.73 0.0
S008750 325.6363 56.2404 1.796e-17 1.547e-17 8.207e-18 0.0 155.75 0.0
S008751 325.6648 56.2494 1.032e-19 1.393e-19 1.84e-19 0.0 160.62 0.0
S008752 325.6184 56.1861 2.439e-21 4.066e-21 8.641e-21 0.0 158.92 0.0
S008753 325.5664 56.2025 1.714e-21 1.188e-21 4.1289999999999994e-22 0.0 156.12 0.0
S008754 325.639 56.1135 1.14e-19 1.434e-19 1.701e-19 0.0 157.66 0.0
S008755 325.6074 55.9848 7.037e-24 2.4609999999999998e-23 2.4229999999999996e-22 0.0 155.57 0.0
S008756 325.3709 56.1563 6.208e-22 1.351e-21 4.945e-21 0.0 157.71 0.0
S008757 325.5166 56.0793 5.837e-19 6.366e-19 5.467e-19 0.0 158.9 0.0
S008758 325.7535 56.0365 1.641e-19 2.242e-19 3.127e-19 0.0 156.92 0.0
S008759 325.6488 55.9597 4.05e-19 4.77e-19 4.653e-19 0.0 158.11 0.0
S008760 325.5019 56.1807 4.4980000000000003e-20 6.507e-20 1.02e-19 0.0 159.46 0.0
S008761 325.305 56.1327 6.994e-19 7.724e-19 6.58e-19 0.0 156.42 0.0
S008763 325.4756 56.1769 3.76e-20 5.706000000000001e-20 9.37e-20 0.0 156.53 1.0
S008764 325.4751 56.0325 5.108e-22 1.138e-21 4.141e-21 0.0 158.28 0.0
S008765 325.5794 56.1066 5.047e-24 1.557e-23 1.202e-22 0.0 156.72 0.0
S008766 325.4648 56.1729 8.007e-21 1.439e-20 3.4730000000000006e-20 0.0 158.68 0.0
S008767 325.3267 56.1082 2.138e-17 4.527e-17 1.569e-16 0.0 158.33 0.0
S008768 325.7429 56.0659 6.116e-22 1.386e-21 5.735e-21 0.0 161.15 0.0
S008769 325.6825 56.1763 2.108e-21 3.921e-21 1.0450000000000001e-20 0.0 154.66 0.0
S008770 325.3728 56.0732 9.464e-19 1.08e-18 1.022e-18 0.0 158.3 0.0
S008771 325.4796 56.0733 6.077e-19 7.123e-19 7.031e-19 0.0 158.19 0.0
S008772 325.4583 56.1241 1.3139999999999999e-23 4.1119999999999995e-23 3.1789999999999995e-22 0.0 155.91 0.0
S008773 325.3492 56.0902 2.321e-17 2.016e-17 1.098e-17 0.0 156.68 0.0
S008774 325.3279 56.0559 1.797e-19 2.16e-19 2.297e-19 0.0 158.14 0.0
S008775 325.367 56.0517 1.939e-24 6.908e-24 7.16e-23 0.0 160.73 0.0
S008776 325.4728 56.056 2.179e-18 2.285e-18 1.803e-18 0.0 159.83 0.0
S008777 325.6721 56.0711 2.385e-17 2.092e-17 1.208e-17 0.001 159.23 0.0
S008778 325.6146 56.1116 2.1400000000000003e-20 3.459e-20 6.619e-20 0.001 160.97 0.0
S008779 325.6409 56.009 2.323e-18 2.31e-18 1.672e-18 0.0 158.3 0.0
S008780 325.3856 56.0542 1.1640000000000001e-20 1.8620000000000002e-20 3.588e-20 0.0 157.19 0.0
S008781 325.5623 56.0456 3.519e-13 2.475e-13 9.016e-14 0.0 160.33 0.0
S008782 325.5655 56.1119 3.212e-13 2.391e-13 9.25e-14 0.0 161.76 0.0
S008783 325.4488 56.2142 2.786e-17 4.902e-17 1.172e-16 0.0 158.21 0.0
S008784 325.5633 56.212 2.746e-17 5.14e-17 1.385e-16 0.0 159.21 0.0
S008786 325.4171 56.1947 3.613e-17 3.045e-17 1.542e-17 0.0 161.55 0.0
S008787 325.3387 56.1851 2.64e-19 3.262e-19 3.667e-19 0.0 154.82 0.0
S008788 325.7247 56.1101 4.1629999999999997e-22 8.570999999999999e-22 2.758e-21 0.001 161.93 0.0
S008789 325.4967 56.075 5.185e-21 8.619e-21 1.856e-20 0.0 160.63 0.0
S008790 325.5738 55.9766 2.322e-18 2.364e-18 1.749e-18 0.0 157.1 0.0
S008791 325.6627 55.9014 1.489e-24 5.514e-24 6e-23 0.0 154.51 0.0
S008793 325.5246 56.1532 5.5309999999999996e-24 1.773e-23 1.47e-22 0.0 157.97 0.0
S008794 325.4695 56.2224 3.2340000000000004e-20 4.838e-20 8.061000000000001e-20 0.0 159.07 0.0
S008795 325.6227 55.8957 7.005e-25 3.43e-24 6.570999999999999e-23 0.0 157.61 0.0
S008796 325.4597 56.1391 1.1929999999999998e-22 2.755e-22 1.151e-21 0.0 159.29 0.0
S008797 325.6432 56.2482 1.576e-21 1.093e-21 3.8319999999999994e-22 0.0 159.76 0.0
S008798 325.4576 56.0227 3.016e-23 7.576e-23 3.7439999999999995e-22 0.0 157.33 0.0
S008799 325.4306 56.1538 2.341e-23 6.144e-23 3.453e-22 0.0 154.69 0.0
S008800 325.5341 56.1353 6.323000000000001e-20 8.607e-20 1.216e-19 0.0 155.1 0.0
S008801 325.4417 56.0577 1.045e-22 2.612e-22 1.276e-21 0.0 157.84 0.0
S008802 325.3698 56.1628 2.33e-19 2.944e-19 3.354e-19 0.0 157.12 0.0
S008803 325.6127 56.0609 2.316e-17 4.387e-17 1.168e-16 0.0 158.8 0.0
S008804 325.2906 56.1401 7.705e-18 1.257e-17 2.462e-17 0.0 159.05 0.0
S008805 325.3797 55.9982 6.992e-23 1.8659999999999998e-22 1.01e-21 0.0 158.88 0.0
S008806 325.4756 56.1502 5.723e-20 7.986000000000001e-20 1.157e-19 0.0 158.61 0.0
S008807 325.7325 56.071 4.947e-18 4.904e-18 3.452e-18 0.0 159.51 0.0
S008808 325.6953 56.0685 6.004e-17 4.943e-17 2.448e-17 0.0 154.89 0.0
S008809 325.3763 56.1694 8.205e-24 2.587e-23 1.9659999999999998e-22 0.0 157.52 0.0
S008810 325.4347 56.0172 2.619e-21 5.2370000000000004e-21 1.614e-20 0.0 160.02 0.0
S008811 325.6278 56.0755 7.096e-20 9.495000000000001e-20 1.207e-19 0.0 159.56 0.0
S008812 325.484 56.0366 3.421e-21 6.659e-21 1.919e-20 0.0 158.63 0.0
S008813 325.5171 56.0273 3.079e-24 1.043e-23 9.367e-23 0.0 157.31 0.0
S008814 325.416 56.0478 3.2259999999999996e-22 7.241999999999999e-22 2.813e-21 0.0 158.41 0.0
S008815 325.5494 56.1387 7.346e-24 2.2189999999999999e-23 1.5469999999999999e-22 0.0 159.86 0.0
S008816 325.6534 56.1986 1.256e-18 1.347e-18 1.155e-18 0.0 160.26 0.0
S008817 325.5405 55.9914 5.008e-21 9.027e-21 2.239e-20 0.0 161.64 0.0
S008818 325.4289 56.1025 9.551999999999999e-23 2.2589999999999996e-22 9.897999999999998e-22 0.0 158.07 0.0
S008819 325.5633 56.1395 2.7910000000000002e-21 5.015e-21 1.275e-20 0.0 156.42 1.0
S008820 325.4437 56.0933 3.1219999999999996e-22 6.7379999999999995e-22 2.404e-21 0.0 156.92 0.0
S008821 325.3825 56.1485 8.309999999999999e-22 1.6390000000000001e-21 4.847e-21 0.0 161.02 0.0
S008822 325.3684 56.251 6.608999999999999e-23 1.629e-22 7.424e-22 0.0 157.91 0.0
S008823 325.5511 56.1515 1.3480000000000001e-21 2.596e-21 7.335e-21 0.0 160.43 0.0
S008824 325.438 56.0273 1.457e-19 1.915e-19 2.486e-19 0.0 157.11 0.0
S008825 325.655 56.0779 1.992e-23 4.8209999999999996e-23 2.235e-22 0.0 156.23 0.0
S008826 325.513 56.1056 1.638e-23 4.5799999999999995e-23 2.88e-22 0.0 157.37 0.0
S008827 325.5114 55.9425 8.645e-22 1.7030000000000002e-21 4.889e-21 0.0 161.09 0.0
S008828 325.8038 56.085 7.882e-18 1.497e-17 4.036e-17 0.0 155.52 0.0
S008829 325.3526 56.0037 4.696e-21 8.368e-21 1.9540000000000003e-20 0.0 154.99 0.0
S008830 325.6324 56.0047 1.789e-17 2.93e-17 6.032e-17 0.0 161.14 0.0
S008831 325.6645 56.0457 1.08e-21 2.462e-21 9.466e-21 0.0 161.5 0.0
S008832 325.3847 56.1747 2.397e-22 5.626e-22 2.42e-21 0.0 157.02 0.0
S008833 325.6187 56.0605 1.066e-20 1.5780000000000003e-20 2.6300000000000003e-20 0.0 155.66 0.0
S008834 325.6427 56.1579 5.3950000000000004e-20 7.814e-20 1.235e-19 0.0 159.71 0.0
S008835 325.5315 56.1225 2.787e-20 4.25e-20 7.651e-20 0.0 160.15 0.0
S008836 325.7504 56.2097 1.6330000000000001e-21 1.1250000000000001e-21 3.9679999999999996e-22 0.0 156.62 0.0
S008837 325.6715 56.278 6.992e-23 2.0839999999999998e-22 1.438e-21 0.0 155.44 0.0
S008838 325.4942 56.1148 2.38e-19 3.113e-19 3.797e-19 0.0 160.75 0.0
S008839 325.6455 56.0866 1.0329999999999999e-23 3.488e-23 3.1879999999999996e-22 0.0 155.23 0.0
S008840 325.6547 56.1659 4.8410000000000005e-26 2.596e-25 6.107e-24 0.0 158.65 0.0
S008841 325.4819 56.1643 7.881e-19 8.759e-19 7.785e-19 0.0 154.65 0.0
S008842 325.5576 56.0692 3.173e-21 5.731e-21 1.398e-20 0.0 160.94 0.0
S008843 325.6959 56.0478 3.533e-18 3.717e-18 2.893e-18 0.0 155.08 0.0
S008844 325.5396 56.0581 3.173e-19 3.986e-19 4.459e-19 0.0 157.36 0.0
S008845 325.452 56.0392 1.563e-22 3.5439999999999995e-22 1.4340000000000001e-21 0.0 161.16 0.0
S008846 325.7392 56.077 5.88e-20 8.918e-20 1.537e-19 0.0 157.09 0.0
S008847 325.4315 56.062 3.8929999999999995e-22 8.932e-22 3.504e-21 0.0 158.87 0.0
S008848 325.2865 56.0529 1.4460000000000001e-21 2.759e-21 7.412e-21 0.0 156.32 0.0
S008849 325.4498 56.1322 1.247e-17 1.088e-17 5.762e-18 0.0 157.92 0.0
S008850 325.664 55.9451 1.875e-24 6.421e-24 5.91e-23 0.0 157.85 0.0
S008851 325.5709 56.3141 4.618e-21 8.452000000000001e-21 2.0850000000000003e-20 0.0 161.95 0.0
S008852 325.5712 56.1186 1.68e-21 3.108e-21 8.112e-21 0.0 156.78 0.0
S008853 325.5845 56.2916 3.278e-17 2.937e-17 1.721e-17 0.0 157.99 0.0
S008854 325.7858 56.0728 6.841e-23 1.7209999999999998e-22 8.189999999999999e-22 0.0 157.7 0.0
S008855 325.5797 56.0589 3.428e-19 4.552e-19 5.844e-19 0.0 155.16 0.0
S008856 325.6869 56.0685 3.4600000000000005e-20 5.356000000000001e-20 9.602000000000001e-20 0.0 160.42 0.0
S008857 325.5653 55.9718 1.1080000000000002e-20 1.8370000000000003e-20 3.8060000000000004e-20 0.0 160.87 0.0
S008858 325.7498 56.1091 2.941e-23 9.170999999999999e-23 6.805999999999999e-22 0.0 160.9 0.0
S008859 325.6127 56.0184 1.0520000000000001e-20 1.791e-20 3.8110000000000006e-20 0.0 160.39 0.0
S008860 325.5767 56.1463 1.3020000000000001e-20 2.043e-20 3.856e-20 0.0 158.06 0.0
S008861 325.3689 56.1137 1.455e-19 1.921e-19 2.432e-19 0.0 159.87 0.0
S008862 325.6125 56.0464 1.9179999999999998e-23 5.699e-23 3.9249999999999997e-22 0.0 159.95 0.0
S008863 325.454 56.0868 2.5470000000000002e-21 4.759e-21 1.2340000000000002e-20 0.0 159.05 0.0
S008864 325.6238 56.0955 8.090999999999999e-23 2.2979999999999997e-22 1.391e-21 0.0 156.04 0.0
S008865 325.658 56.0815 9.487e-13 8.013e-13 4.126e-13 0.0 156.62 1.0
S008866 325.5936 56.065 3.566e-18 3.648e-18 2.779e-18 0.0 160.98 0.0
S008867 325.5693 56.0215 3.048e-19 3.934e-19 4.704e-19 0.0 160.79 0.0
S008868 325.7251 56.1795 2.763e-18 2.865e-18 2.18e-18 0.0 160.63 0.0
S008869 325.5746 55.9796 1.457e-20 2.277e-20 4.153e-20 0.0 159.87 0.0
S008870 325.4075 56.2614 1.179e-18 1.253e-18 1.062e-18 0.0 154.36 0.0
S008872 325.6164 56.2126 1.078e-19 1.436e-19 1.817e-19 0.0 160.94 0.0
S008873 325.5671 56.1057 1.195e-22 3.3429999999999995e-22 1.99e-21 0.0 156.07 0.0
S008874 325.5724 56.038 9.221e-21 1.5850000000000003e-20 3.5770000000000005e-20 0.0 160.1 0.0
S008875 325.5837 56.0961 1.072e-17 1.832e-17 3.999e-17 0.0 157.2 0.0
S008876 325.6271 56.0686 1.004e-18 1.121e-18 9.995e-19 0.0 156.01 0.0
S008877 325.5964 56.0799 3.615e-21 6.745e-21 1.829e-20 0.0 158.03 0.0
S008878 325.6386 56.1065 1.1759999999999999e-23 3.668e-23 2.747e-22 0.0 158.07 0.0
S008879 325.723 56.1321 2.772e-23 8.389e-23 6.123999999999999e-22 0.0 158.5 0.0
S008880 325.4136 56.1494 1.021e-19 1.405e-19 2.001e-19 0.0 157.33 0.0
S008881 325.422 56.1878 8.344e-23 2.0559999999999999e-22 9.441e-22 0.0 159.2 0.0
S008882 325.6317 56.2256 7.044e-18 6.707e-18 4.559e-18 0.0 158.37 0.0
S008883 325.6247 56.1893 3.906e-19 4.489e-19 4.216e-19 0.0 157.66 0.0
S008884 325.5956 56.1317 5.835e-23 1.582e-22 8.73e-22 0.0 157.83 0.0
S008885 325.5545 55.9655 5.666e-18 5.604e-18 3.84e-18 0.0 158.72 0.0
S008886 325.5906 56.0163 6.423e-20 9.208e-20 1.364e-19 0.0 158.38 0.0
S008887 325.6061 56.1632 3.101e-25 1.296e-24 1.8529999999999998e-23 0.0 161.26 0.0
S008888 325.6842 56.0817 4.877e-23 1.3149999999999998e-22 7.503999999999999e-22 0.0 156.55 0.0
S008889 325.5535 56.0245 1.811e-22 4.855e-22 2.805e-21 0.0 157.99 0.0
S008892 325.5944 56.0324 2.969e-20 4.547e-20 7.951000000000001e-20 0.0 159.12 0.0
S008893 325.4242 56.0322 3.496e-22 7.802999999999999e-22 3.038e-21 0.0 158.99 0.0
S008894 325.4621 56.2619 1.029e-21 2.11e-21 6.539e-21 0.0 159.26 0.0
S008895 325.6883 56.0211 9.318e-19 1.06e-18 9.836e-19 0.0 159.9 0.0
S008896 325.7968 56.1411 7.877e-19 9.196e-19 9.275e-19 0.0 161.71 0.0
S008897 325.5206 56.0289 1.5320000000000001e-21 1.079e-21 3.7599999999999996e-22 0.0 158.63 0.0
S008898 325.7426 56.1101 1.002e-18 1.077e-18 9.255e-19 0.0 160.03 0.0
S008899 325.4966 55.9278 1.979e-17 1.677e-17 8.984e-18 0.0 161.98 0.0
S008900 325.5229 56.0324 9.397999999999999e-22 7.028999999999999e-22 2.828e-22 0.0 160.66 0.0
S008901 325.5207 55.9708 1.2580000000000002e-20 2.1310000000000002e-20 4.6820000000000005e-20 0.0 159.86 0.0
S008902 325.5235 56.1671 3.125e-23 9.086999999999999e-23 5.806e-22 0.0 158.76 0.0
S008903 325.6797 56.1463 2.392e-24 8.027e-24 7.136999999999999e-23 0.0 161.99 0.0
S008904 325.4129 56.2314 2.015e-24 6.604e-24 5.513e-23 0.0 159.05 0.0
S008905 325.5189 56.0349 1.1450000000000001e-20 2.039e-20 4.6670000000000006e-20 0.0 156.4 0.0
S008906 325.6905 56.034 7.213e-23 1.708e-22 7.343999999999999e-22 0.0 156.93 0.0
S008907 325.6116 56.0391 3.5980000000000005e-20 5.4080000000000004e-20 8.774000000000001e-20 0.0 159.93 0.0
S008908 325.6472 56.095 1.0289999999999999e-22 2.4029999999999997e-22 1.019e-21 0.0 155.84 0.0
S008909 325.6846 55.9905 1.381e-18 1.449e-18 1.172e-18 0.0 156.14 0.0
S008910 325.667 56.0 7.888e-23 2.2829999999999997e-22 1.439e-21 0.0 158.64 0.0
S008911 325.5728 56.108 2.074e-19 2.526e-19 2.656e-19 0.0 157.76 0.0
S008912 325.5436 56.0911 4.442e-24 1.417e-23 1.128e-22 0.0 159.56 0.0
S008913 325.522 55.995 3.459e-22 7.411999999999999e-22 2.5290000000000002e-21 0.0 154.86 0.0
S008914 325.7802 56.0696 6.271e-20 9.064000000000001e-20 1.356e-19 0.0 155.72 0.0
S008915 325.5654 55.9454 1.877e-20 3.008e-20 5.803e-20 0.0 155.17 0.0
S008916 325.6757 56.0018 4.983e-21 8.875e-21 2.122e-20 0.0 158.25 0.0
S008917 325.6776 56.1626 6.456e-21 1.1000000000000001e-20 2.3870000000000002e-20 0.0 155.25 0.0
S008918 325.5675 56.1366 1.069e-18 1.167e-18 1.024e-18 0.0 156.0 0.0
S008919 325.5495 56.0944 2.487e-18 2.41e-18 1.634e-18 0.0 155.69 0.0
S008920 325.6467 55.9612 7.159e-19 8.184e-19 7.809e-19 0.0 155.79 0.0
S008921 325.5983 56.1608 3.592e-23 9.843e-23 5.650999999999999e-22 0.0 158.44 0.0
S008922 325.4999 55.9869 1.128e-18 1.266e-18 1.125e-18 0.0 161.26 0.0
S008923 325.4714 56.2562 1.682e-24 5.892e-24 5.701e-23 0.0 158.63 0.0
S008924 325.4184 56.0356 1.087e-21 2.258e-21 7.304e-21 0.0 155.74 0.0
S008925 325.5879 55.9855 3.425e-24 1.304e-23 1.489e-22 0.0 161.53 0.0
S008926 325.5601 56.1407 1.897e-18 2.027e-18 1.732e-18 0.0 160.85 0.0
S008927 325.5445 56.1683 1.376e-19 1.816e-19 2.352e-19 0.0 158.61 0.0
S008928 325.4961 56.1767 1.474e-21 2.894e-21 8.455e-21 0.0 156.31 0.0
S008929 325.5123 56.135 3.047e-21 5.335e-21 1.1980000000000001e-20 0.0 156.72 0.0
S008930 325.4523 56.1985 2.937e-23 7.694e-23 4.0839999999999994e-22 0.0 159.08 0.0
S008931 325.6048 55.9558 2.4160000000000002e-21 4.716e-21 1.395e-20 0.0 154.63 0.0
S008932 325.5611 56.1325 2.267e-19 2.886e-19 3.324e-19 0.0 156.64 0.0
S008933 325.6928 56.139 6.075e-21 1.0390000000000002e-20 2.3620000000000002e-20 0.0 160.0 0.0
S008934 325.4886 56.077 1.731e-21 3.246e-21 8.77e-21 0.0 157.8 0.0
S008935 325.6673 56.2191 9.837e-18 1.721e-17 3.831e-17 0.0 161.24 0.0
S008936 325.4499 56.0366 4.1240000000000004e-20 6.276e-20 1.055e-19 0.0 160.46 0.0
S008937 325.3658 55.9982 1.174e-18 1.265e-18 1.083e-18 0.0 155.79 0.0
S008938 325.6049 56.2078 2.222e-17 3.224e-17 4.866e-17 0.0 160.2 0.0
S008939 325.5799 55.9166 1.656e-24 6.46e-24 7.654e-23 0.0 154.45 0.0
S008940 325.6342 56.0382 2.336e-18 2.4e-18 1.756e-18 0.0 161.49 0.0
S008941 325.3855 56.2378 4.8859999999999996e-23 1.1639999999999998e-22 4.968999999999999e-22 0.0 155.01 0.0
S008942 325.4281 55.9347 3.9209999999999994e-22 8.96e-22 3.651e-21 0.0 155.32 0.0
S008943 325.5426 55.9299 3.5169999999999997e-22 8.411999999999999e-22 3.77e-21 0.0 162.06 0.0
S008944 325.4104 56.1183 1.1860000000000001e-20 1.918e-20 3.8540000000000005e-20 0.0 157.14 0.0
S008945 325.4852 56.125 2.405e-21 4.554e-21 1.2330000000000001e-20 0.0 157.94 0.0
S008946 325.6988 56.1652 2.008e-22 4.739e-22 2.081e-21 0.0 156.73 0.0
S008947 325.5612 56.1529 4.787e-21 8.791e-21 2.1960000000000003e-20 0.0 157.1 0.0
S008948 325.3739 56.2492 2.6680000000000003e-25 1.148e-24 1.709e-23 0.0 157.77 0.0
S008949 325.4413 56.101 6.559e-23 1.704e-22 8.898999999999999e-22 0.0 160.2 0.0
S008950 325.5137 56.1146 7.348e-22 1.47e-21 4.495e-21 0.0 158.11 0.0
S008951 325.5264 56.2813 2.4460000000000002e-21 4.633e-21 1.3190000000000001e-20 0.0 154.34 0.0
S008952 325.4975 56.2541 6.404999999999999e-22 1.346e-21 4.459e-21 0.0 157.92 0.0
S008953 325.3976 56.1946 2.81e-18 2.884e-18 2.292e-18 0.0 157.64 0.0
S008954 325.4949 56.0225 1.4159999999999998e-22 3.2939999999999997e-22 1.313e-21 0.0 154.89 0.0
S008955 325.7126 55.9414 3.562e-20 5.3520000000000005e-20 8.979e-20 0.0 154.71 0.0
S008956 325.471 55.9957 1.293e-17 2.309e-17 5.551e-17 0.0 161.95 0.0
S008957 325.3816 56.1349 1.1200000000000002e-20 1.839e-20 3.753e-20 0.0 159.58 0.0
S008958 325.4189 55.9464 7.489e-17 5.872e-17 2.535e-17 0.0 156.52 0.0
S008959 325.6421 56.0643 3.299e-20 4.8130000000000005e-20 7.967000000000001e-20 0.0 160.0 0.0
S008960 325.452 56.233 9.611e-21 1.588e-20 3.224e-20 0.0 158.98 0.0
S008961 325.4427 56.055 6.7220000000000005e-28 6.028e-27 4.314e-25 0.0 154.81 0.0
S008962 325.5742 56.1579 5.59e-20 7.716e-20 1.062e-19 0.0 157.48 0.0
S008963 325.3146 56.0524 2.2249999999999998e-22 4.721e-22 1.575e-21 0.0 157.81 0.0
S008964 325.7445 56.197 2.409e-19 3.067e-19 3.738e-19 0.0 156.32 0.0
S008965 325.6455 55.9566 3.6880000000000005e-20 5.578e-20 9.319000000000001e-20 0.0 156.39 0.0
S008966 325.3631 56.1593 2.9980000000000005e-20 4.7310000000000005e-20 9.038e-20 0.0 156.2 0.0
S008967 325.5489 56.0952 3.884e-18 3.806e-18 2.678e-18 0.0 160.33 0.0
S008968 325.4587 56.1926 1.5260000000000001e-21 1.085e-21 3.8289999999999997e-22 0.0 161.04 0.0
S008969 325.4827 56.0467 7.505999999999999e-22 1.5e-21 4.699e-21 0.0 161.17 0.0
S008970 325.668 56.1209 2.579e-23 7.197e-23 4.2229999999999997e-22 0.0 156.7 0.0
S008971 325.5555 56.2677 6.285e-21 1.113e-20 2.695e-20 0.0 160.35 0.0
S008972 325.6123 56.0874 3.082e-22 7.176999999999999e-22 2.965e-21 0.0 156.75 0.0
S008973 325.5345 56.2728 7.233e-22 1.597e-21 6.0220000000000005e-21 0.0 154.42 0.0
S008974 325.4257 56.1033 3.8109999999999995e-22 8.190999999999999e-22 2.971e-21 0.0 159.04 0.0
S008975 325.5221 56.137 1.5419999999999998e-22 3.6339999999999996e-22 1.604e-21 0.0 159.63 0.0
S008976 325.5536 56.154 7.604e-21 1.28e-20 2.8390000000000005e-20 0.0 161.37 0.0
S008977 325.3053 56.112 6.036e-21 1.047e-20 2.2830000000000002e-20 0.0 155.59 0.0
S008978 325.5629 56.2588 6.428e-19 7.113e-19 6.337e-19 0.0 156.46 0.0
S008979 325.3616 56.205 4.4460000000000006e-20 6.507e-20 1.016e-19 0.0 160.32 0.0
S008980 325.4715 56.0677 1.2119999999999998e-22 3.177e-22 1.746e-21 0.0 159.94 0.0
S008981 325.5978 56.1497 6.041e-23 1.5799999999999998e-22 8.405e-22 0.0 157.51 0.0
S008982 325.5175 55.9883 5.924e-20 8.425e-20 1.195e-19 0.0 155.58 0.0
S008983 325.497 56.13 1.612e-23 4.783e-23 3.3889999999999996e-22 0.0 156.96 0.0
S008984 325.4458 55.9619 1.6009999999999998e-22 3.6099999999999995e-22 1.393e-21 0.0 154.54 0.0
S008986 325.5112 56.0328 1.401e-23 4.027e-23 2.5799999999999997e-22 0.0 160.52 0.0
S008987 325.7031 55.9981 2.723e-22 5.927999999999999e-22 2.096e-21 0.0 155.92 0.0
S008988 325.5605 56.1768 1.773e-21 1.248e-21 4.397e-22 0.0 158.69 0.0
S008989 325.5934 56.133 1.511e-23 4.2259999999999996e-23 2.599e-22 0.0 155.19 0.0
S008990 325.562 56.1403 1.8869999999999998e-23 5.2659999999999996e-23 3.2089999999999995e-22 0.0 159.43 0.0
S008991 325.4595 56.0164 3.377e-13 2.325e-13 8.212e-14 0.0 155.58 0.0
S008992 325.5236 56.2932 3.01e-18 3.021e-18 2.178e-18 0.0 156.74 0.0
S008994 325.5341 56.0789 4.2199999999999997e-23 1.081e-22 5.633999999999999e-22 0.0 156.54 0.0
S008995 325.3844 56.1344 3.34e-23 9.404999999999999e-23 5.805e-22 0.0 158.14 0.0
S008996 325.452 56.0316 1.536e-24 5.556e-24 5.862e-23 0.0 161.69 0.0
S008997 325.6946 56.0551 2.449e-22 5.499999999999999e-22 2.096e-21 0.0 159.73 0.0
S008999 325.5609 56.1965 9.292e-18 1.227e-17 1.578e-17 0.001 160.3 0.0
S009000 325.44 56.0076 5.057e-18 8.433e-18 1.766e-17 0.0 154.94 0.0
S009001 325.5673 56.058 1.845e-21 3.95e-21 1.3920000000000002e-20 0.001 158.66 1.0
S009002 325.4424 56.0893 1.645e-17 3.145e-17 8.541e-17 0.0 157.28 0.0
S009003 325.3697 56.1845 3.684e-19 4.309e-19 4.296e-19 0.0 161.08 0.0
S009004 325.6459 56.1448 8.168e-19 9.736e-19 1.035e-18 0.0 158.67 0.0
S009005 325.642 56.0926 7.338e-23 2.112e-22 1.376e-21 0.0 159.26 0.0
S009006 325.365 56.1263 8.277e-24 2.8e-23 2.576e-22 0.0 161.7 0.0
S009007 325.4725 56.1929 1.9310000000000002e-20 3.092e-20 5.746000000000001e-20 0.0 155.29 0.0
S009008 325.4819 56.2058 4.567e-25 1.894e-24 2.569e-23 0.0 161.82 0.0
S009009 325.4884 56.1949 1.568e-21 3.355e-21 1.1590000000000001e-20 0.0 158.83 0.0
S009010 325.5457 56.1057 2.476e-23 7.624e-23 5.545999999999999e-22 0.001 158.69 0.0
S009011 325.3807 55.9895 1.671e-17 2.66e-17 5.098e-17 0.0 158.4 0.0
S009012 325.5746 56.2873 1.008e-19 1.455e-19 2.229e-19 0.0 159.72 0.0
S009013 325.5089 56.1611 1.161e-18 1.307e-18 1.2e-18 0.0 155.9 0.0
S009014 325.7235 56.188 1.3059999999999999e-23 4.1059999999999996e-23 3.1349999999999995e-22 0.0 155.8 0.0
S009015 325.6733 56.1507 1.825e-18 1.995e-18 1.71e-18 0.0 161.65 0.0
S009016 325.7109 56.0855 6.748e-25 2.78e-24 3.881e-23 0.0 160.23 0.0
S009017 325.4106 56.1599 6.188e-24 1.921e-23 1.5449999999999997e-22 0.0 157.27 0.0
S009018 325.6641 56.0916 1.79e-23 5.468e-23 3.8799999999999997e-22 0.0 161.41 0.0
S009019 325.4921 56.18 1.637e-21 3.221e-21 9.594000000000001e-21 0.0 155.64 0.0
S009020 325.3821 56.0211 4.452e-17 6.329e-17 9.515e-17 0.0 161.31 0.0
S009021 325.633 56.2484 2.871e-20 4.2130000000000005e-20 6.856e-20 0.0 161.42 0.0
S009022 325.4032 56.1197 1.136e-23 3.184e-23 1.9549999999999998e-22 0.0 157.92 0.0
S009023 325.5392 56.0632 2.331e-19 3.047e-19 3.771e-19 0.0 159.38 0.0
S009024 325.5401 56.0272 8.502e-28 7.545999999999999e-27 5.186e-25 0.0 158.23 0.0
S009025 325.3545 56.0166 1.784e-21 1.2230000000000001e-21 4.244e-22 0.0 161.95 0.0
S009026 325.7102 55.9437 1.2629999999999999e-23 3.906e-23 2.9119999999999995e-22 0.0 159.2 0.0
S009027 325.736 56.2337 5.733e-21 9.942e-21 2.2680000000000003e-20 0.0 162.0 0.0
S009028 325.5438 56.189 1.548e-18 1.679e-18 1.463e-18 0.0 154.69 0.0
S009029 325.4926 56.106 1.543e-21 3.283e-21 1.1150000000000002e-20 0.0 156.57 0.0
S009030 325.3659 55.9898 4.518e-21 8.339e-21 2.0920000000000003e-20 0.0 158.77 0.0
S009031 325.6753 56.1077 1.322e-24 5.088e-24 5.873e-23 0.0 159.7 1.0
S009032 325.3723 56.2387 3.149e-22 7.076999999999999e-22 2.759e-21 0.0 157.43 0.0
S009033 325.6726 56.0482 4.022e-24 1.3459999999999998e-23 1.2299999999999998e-22 0.0 159.07 0.0
S009034 325.7096 55.9956 1.16e-23 3.337e-23 2.228e-22 0.0 155.65 0.0
S009035 325.7695 56.1336 4.4340000000000005e-20 6.427e-20 9.724000000000001e-20 0.0 156.59 0.0
S009036 325.4828 55.9712 1.99e-21 3.6e-21 9.219e-21 0.0 157.33 0.0
S009037 325.477 56.0903 1.982e-17 1.774e-17 9.901e-18 0.0 159.66 0.0
S009038 325.5478 56.1281 1.053e-19 1.363e-19 1.674e-19 0.0 155.4 0.0
S009039 325.551 56.1485 5.990999999999999e-22 1.329e-21 5.146e-21 0.0 159.86 0.0
S009040 325.4656 55.9738 2.818e-21 5.19e-21 1.3270000000000002e-20 0.0 160.13 0.0
S009041 325.4329 56.1179 1.0260000000000001e-20 1.797e-20 4.022e-20 0.0 158.36 0.0
S009042 325.5919 56.1353 2.0369999999999999e-23 6.325e-23 4.737e-22 0.0 160.07 0.0
S009043 325.4903 56.1622 3.9219999999999995e-22 8.156999999999999e-22 2.6480000000000002e-21 0.0 158.07 0.0
S009044 325.7643 56.1384 1.272e-24 4.76e-24 5.315e-23 0.0 157.78 0.0
S009045 325.4117 56.0411 8.667e-23 2.466e-22 1.591e-21 0.0 160.01 0.0
S009046 325.4453 55.9717 9.757e-18 8.944e-18 5.563e-18 0.0 160.97 0.0
S009047 325.5357 56.115 3.609e-20 5.384000000000001e-20 8.735000000000001e-20 0.0 158.71 0.0
S009048 325.7648 56.1358 1.65e-19 2.123e-19 2.635e-19 0.0 158.56 0.0
S009049 325.475 56.0361 2.808e-17 5.823e-17 1.961e-16 0.0 155.94 0.0
S009051 325.5609 56.202 5.699e-23 1.4789999999999998e-22 8.042999999999999e-22 0.0 161.21 0.0
S009052 325.687 56.2774 2.3359999999999997e-22 5.864e-22 2.866e-21 0.0 154.92 0.0
S009053 325.6228 56.1493 2.807e-23 8.45e-23 5.844999999999999e-22 0.0 160.57 0.0
S009054 325.5307 56.0304 2.978e-18 3.024e-18 2.28e-18 0.0 158.39 0.0
S009055 325.6686 56.1842 1.382e-24 5.78e-24 8.037e-23 0.0 158.91 0.0
S009056 325.667 56.0461 4.551999999999999e-22 9.689999999999998e-22 3.3670000000000002e-21 0.0 156.59 0.0
S009057 325.5768 56.1365 2.3200000000000003e-20 3.7040000000000003e-20 6.879e-20 0.0 159.71 0.0
S009058 325.4246 56.1683 8.985e-24 2.93e-23 2.523e-22 0.0 158.21 0.0
S009059 325.3931 56.1739 9.513e-25 3.35e-24 3.415e-23 0.0 155.06 0.0
S009060 325.4956 56.1788 3.4479999999999996e-22 8.155999999999999e-22 3.527e-21 0.0 158.95 0.0
S009061 325.6943 56.0956 2.801e-17 4.043e-17 6.061e-17 0.0 161.29 0.0
S009062 325.6226 56.2119 4.948e-22 1.087e-21 4.076e-21 0.0 155.92 0.0
S009063 325.3164 56.0775 1.624e-21 1.1310000000000001e-21 3.9389999999999996e-22 0.0 155.2 0.0
S009064 325.7016 56.0884 6.142e-23 1.7769999999999999e-22 1.156e-21 0.0 155.72 0.0
S009065 325.5924 55.9458 6.881e-20 9.456e-20 1.311e-19 0.001 157.71 0.0
S009067 325.3988 56.1196 1.594e-17 2.175e-17 2.931e-17 0.0 161.71 0.0
S009068 325.7344 56.1815 8.199000000000001e-20 1.199e-19 1.904e-19 0.0 160.14 0.0
S009069 325.4742 56.1554 2.727e-20 3.934e-20 6.302000000000001e-20 0.0 156.92 0.0
S009070 325.4194 56.1644 1.296e-22 2.747e-22 9.790999999999999e-22 0.0 161.21 0.0
S009071 325.4294 56.2706 3.6049999999999996e-22 8.095999999999999e-22 3.145e-21 0.0 161.04 0.0
S009072 325.5152 56.1624 2.466e-18 2.586e-18 2.114e-18 0.0 160.6 0.0
S009073 325.4246 56.1258 1.059e-18 1.281e-18 1.328e-18 0.0 159.15 0.0
S009074 325.5778 56.3038 3.519e-20 5.294000000000001e-20 9.086000000000001e-20 0.0 158.34 0.0
S009075 325.5714 56.1726 4.234e-24 1.2749999999999999e-23 9.019e-23 0.0 160.07 0.0
S009076 325.6285 56.0164 5.519e-21 9.601e-21 2.2610000000000003e-20 0.0 159.13 0.0
S009077 325.722 56.1105 1.487e-21 2.94e-21 8.735e-21 0.0 160.12 0.0
S009078 325.7513 56.0767 1.196e-22 2.9129999999999996e-22 1.306e-21 0.0 161.12 0.0
S009079 325.4121 55.9916 1.509e-21 3.141e-21 1.0330000000000001e-20 0.0 161.43 0.0
S009081 325.3557 56.0833 6.005e-19 7.216e-19 7.425e-19 0.0 156.61 0.0
S009082 325.611 56.2571 1.6419999999999998e-22 3.646e-22 1.364e-21 0.0 158.76 0.0
S009083 325.4425 56.0516 1.822e-19 2.377e-19 3.049e-19 0.0 156.85 0.0
S009084 325.463 56.0264 1.564e-21 1.084e-21 3.8189999999999996e-22 0.0 156.53 0.0
S009085 325.6293 56.2151 1.03e-18 1.225e-18 1.246e-18 0.0 161.78 0.0
S009086 325.514 55.9288 1.492e-21 2.707e-21 6.697e-21 0.0 155.62 0.0
S009087 325.4711 56.2032 6.051e-21 1.135e-20 2.98e-20 0.0 159.64 0.0
S009088 325.4638 56.1043 5.464e-22 1.182e-21 4.225e-21 0.0 157.16 0.0
S009089 325.39 55.979 3.5759999999999997e-22 7.844999999999999e-22 2.924e-21 0.0 155.12 0.0
S009090 325.5631 56.0335 6.385e-25 2.7269999999999998e-24 4.2489999999999996e-23 0.0 158.75 0.0
S009091 325.5624 56.1383 4.056e-19 4.614e-19 4.353e-19 0.0 155.74 0.0
S009092 325.3722 56.1422 3.695e-18 5.189e-18 7.64e-18 0.0 161.92 0.0
S009093 325.6208 56.3034 2.3469999999999998e-23 7.440999999999999e-23 5.847e-22 0.0 158.09 0.0
S009094 325.6177 55.9332 5.3440000000000004e-21 9.673e-21 2.3650000000000003e-20 0.0 157.28 0.0
S009095 325.4346 56.1307 2.59e-24 9.414e-24 9.652e-23 0.001 156.01 0.0
S009096 325.6805 56.2112 2.3100000000000003e-20 3.533e-20 6.241000000000001e-20 0.0 156.78 0.0
S009097 325.5724 56.0605 3.4579999999999997e-22 7.943e-22 3.167e-21 0.0 161.14 0.0
S009098 325.3798 56.2014 9.635e-18 8.972e-18 5.525e-18 0.0 155.26 0.0
S009099 325.7347 56.1909 1.23e-20 1.964e-20 3.795e-20 0.001 160.12 0.0
S009100 325.5383 56.0528 5.636e-24 1.703e-23 1.2419999999999998e-22 0.0 160.32 0.0
S009101 325.5955 55.9736 5.365e-19 6.301e-19 6.211e-19 0.0 157.47 0.0
S009103 325.6548 56.0024 3.409e-24 1.1679999999999999e-23 1.0969999999999998e-22 0.0 158.74 0.0
S009104 325.5677 56.2697 6.564e-23 1.533e-22 6.562e-22 0.0 154.69 0.0
S009105 325.6989 56.0877 1.003e-17 9.621e-18 6.203e-18 0.0 161.33 0.0
S009106 325.4089 56.2642 1.141e-17 1.067e-17 6.676e-18 0.0 160.22 0.0
S009107 325.457 56.1675 2.6029999999999997e-22 6.19e-22 2.6480000000000002e-21 0.0 159.84 0.0
S009108 325.4544 56.0135 8.287e-19 9.586e-19 9.22e-19 0.0 158.13 0.0
S009109 325.6653 56.1125 8.089e-23 1.9589999999999999e-22 8.570999999999999e-22 0.0 157.87 0.0
S009110 325.5302 55.9643 9.670999999999999e-23 2.5659999999999997e-22 1.4220000000000001e-21 0.0 161.15 0.0
S009112 325.6211 56.2093 1.097e-17 1.009e-17 6.089e-18 0.0 156.57 0.0
S009113 325.433 56.0712 1.49e-21 1.034e-21 3.7149999999999996e-22 0.0 161.26 0.0
S009114 325.5063 56.1782 5.5810000000000004e-21 9.854e-21 2.277e-20 0.0 155.32 0.0
S009115 325.4646 56.2631 6.314000000000001e-20 8.926000000000001e-20 1.333e-19 0.0 160.72 0.0
S009116 325.3688 56.0931 5.868e-13 4.644e-13 2.123e-13 0.0 160.26 1.0
S009117 325.5254 56.1433 3.189e-19 3.903e-19 4.303e-19 0.0 160.24 0.0
S009118 325.5292 55.9948 1.7409999999999998e-23 5.568e-23 4.454e-22 0.0 161.04 0.0
S009119 325.7386 56.2389 1.9410000000000002e-21 1.314e-21 4.399e-22 0.0 157.37 0.0
S009120 325.4581 56.2469 6.825e-20 9.288e-20 1.241e-19 0.0 160.07 0.0
S009121 325.5659 56.1004 2.013e-23 5.1299999999999997e-23 2.583e-22 0.0 157.49 0.0
S009122 325.4935 56.1647 1.224e-21 2.581e-21 8.763e-21 0.0 157.05 0.0
S009123 325.7077 55.9359 4.13e-18 4.171e-18 3.082e-18 0.0 154.59 0.0
S009124 325.4264 56.1927 9.357e-21 1.594e-20 3.376e-20 0.0 156.87 0.0
S009125 325.6163 56.1663 4.846e-21 8.65e-21 2.012e-20 0.0 161.36 0.0
S009126 325.6197 56.051 7.845e-20 1.062e-19 1.397e-19 0.0 155.76 0.0
S009127 325.5087 56.2121 8.425999999999999e-23 2.0989999999999998e-22 1.0030000000000001e-21 0.0 157.55 0.0
S009129 325.5527 56.0635 4.361e-23 1.0969999999999998e-22 5.427999999999999e-22 0.0 156.97 0.0
S009130 325.4027 56.2009 4.806e-24 1.407e-23 9.193e-23 0.0 155.68 0.0
S009131 325.4458 56.0244 1.704e-22 4.401999999999999e-22 2.3150000000000002e-21 0.0 160.34 0.0
S009132 325.5959 56.1527 9.072e-24 3.0889999999999997e-23 2.8999999999999997e-22 0.0 159.77 0.0
S009133 325.466 55.9773 6.686e-21 1.128e-20 2.3580000000000003e-20 0.0 158.14 0.0
S009136 325.7471 56.1597 1.086e-17 2.158e-17 6.514e-17 0.0 161.22 0.0
S009137 325.5863 56.1557 5.541e-22 1.061e-21 2.9870000000000002e-21 0.0 155.73 0.0
S009138 325.5096 55.9748 4.978e-23 1.3639999999999998e-22 7.915999999999999e-22 0.0 154.83 0.0
S009139 325.5944 56.1142 3.697e-21 6.789e-21 1.749e-20 0.0 157.66 0.0
S009140 325.6204 56.0256 5.635999999999999e-22 1.35e-21 5.9390000000000005e-21 0.0 155.24 0.0
S009141 325.5348 56.1504 9.554e-21 1.6330000000000003e-20 3.5030000000000004e-20 0.0 156.66 0.0
S009142 325.4442 56.0754 1.925e-21 1.3240000000000001e-21 4.546e-22 0.0 154.9 0.0
S009144 325.7146 56.0125 4.741e-24 1.6109999999999998e-23 1.4709999999999998e-22 0.0 157.67 0.0
S009145 325.6781 56.139 1.208e-18 1.348e-18 1.236e-18 0.0 160.01 1.0
S009146 325.4242 55.9755 1.475e-17 1.293e-17 7.136e-18 0.0 158.73 0.0
S009147 325.6214 55.9933 2.27e-18 2.294e-18 1.694e-18 0.0 159.82 0.0
S009148 325.6079 56.131 3.557e-13 2.486e-13 8.686e-14 0.0 157.81 0.0
S009149 325.5919 56.0027 4.35e-21 7.728e-21 1.777e-20 0.0 161.99 0.0
S009150 325.7157 56.0794 1.0219999999999999e-22 2.404e-22 1.0180000000000001e-21 0.0 156.21 0.0
S009151 325.7377 56.0468 7.33e-20 1.017e-19 1.446e-19 0.0 156.97 0.0
S009153 325.4455 56.1478 4.617e-23 1.389e-22 9.716e-22 0.0 157.58 0.0
S009154 325.774 56.0203 9.592e-20 1.293e-19 1.733e-19 0.0 161.99 0.0
S009155 325.509 56.0141 1.997e-21 3.76e-21 1.0340000000000001e-20 0.0 160.06 0.0
S009156 325.534 56.1665 3.22e-17 5.464e-17 1.116e-16 0.0 161.55 0.0
S009157 325.4518 56.0547 2.33e-19 2.905e-19 3.376e-19 0.0 156.07 0.0
S009158 325.4393 56.1023 8.732e-27 5.846e-26 2.257e-24 0.0 155.84 0.0
S009159 325.4739 56.0977 5.656e-18 5.557e-18 3.864e-18 0.0 161.28 0.0
S009160 325.4104 56.01 8.986e-24 3.278e-23 3.468e-22 0.0 155.83 0.0
S009161 325.4588 56.2305 3.277e-20 4.9600000000000004e-20 8.237000000000001e-20 0.0 157.0 0.0
S009162 325.6933 56.245 2.8779999999999997e-22 6.357999999999999e-22 2.459e-21 0.0 158.16 0.0
S009163 325.6871 55.9849 2.2839999999999997e-22 5.703e-22 2.683e-21 0.001 154.61 0.0
S009164 325.4144 56.109 3.113e-21 5.757e-21 1.442e-20 0.0 161.5 0.0
S009165 325.4322 56.1571 2.548e-23 7.541999999999999e-23 5.017e-22 0.0 161.46 0.0
S009166 325.5608 56.1405 5.144e-24 1.648e-23 1.3679999999999998e-22 0.0 156.14 0.0
S009167 325.419 56.0532 2.195e-24 7.568e-24 6.928999999999999e-23 0.0 155.87 0.0
S009168 325.6002 56.0182 5.299e-19 5.972e-19 5.323e-19 0.0 154.65 0.0
S009169 325.3785 56.0686 2.108e-18 2.208e-18 1.755e-18 0.0 157.35 0.0
S009170 325.286 56.0756 1.228e-21 8.739e-22 3.221e-22 0.0 160.97 0.0
S009171 325.5422 55.9165 2.7709999999999995e-22 6.056e-22 2.165e-21 0.0 154.93 0.0
S009172 325.5493 56.09 1.385e-24 5.093e-24 5.489e-23 0.001 156.96 0.0
S009173 325.4955 56.2268 3.025e-21 5.1530000000000004e-21 1.1100000000000001e-20 0.0 156.14 0.0
S009174 325.6778 56.0587 5.008999999999999e-22 1.044e-21 3.348e-21 0.001 157.69 0.0
S009175 325.4832 56.2802 1.79e-25 8.564e-25 1.588e-23 0.0 156.88 0.0
S009176 325.5544 56.0626 9.550999999999999e-24 2.8739999999999996e-23 2.1079999999999999e-22 0.0 157.24 0.0
S009177 325.4399 56.0606 6.517e-13 5.545e-13 2.941e-13 0.0 160.43 1.0
S009178 325.542 55.949 2.932e-22 7.014999999999999e-22 2.9990000000000002e-21 0.0 156.01 0.0
S009179 325.3256 56.2069 9.899999999999998e-22 2.0480000000000002e-21 6.512e-21 0.0 160.43 0.0
S009180 325.613 55.9879 4.102e-21 7.666e-21 2.032e-20 0.0 161.72 0.0
S009181 325.5199 56.0241 1.3210000000000001e-21 9.318e-22 3.429e-22 0.0 157.75 0.0
S009182 325.651 56.1573 1.135e-20 1.9160000000000003e-20 4.098e-20 0.0 158.89 0.0
S009183 325.387 56.1469 2.9649999999999996e-22 6.932e-22 3.018e-21 0.0 161.67 0.0
S009184 325.5166 56.1391 2.231e-21 4.368e-21 1.2670000000000001e-20 0.0 155.73 0.0
S009185 325.5678 55.9805 7.537e-18 6.934e-18 4.156e-18 0.0 156.1 0.0
S009186 325.6316 56.1825 1.621e-23 4.274e-23 2.219e-22 0.0 155.1 0.0
S009187 325.5798 56.138 2.04e-28 2.022e-27 1.751e-25 0.0 161.3 0.0
S009188 325.4546 56.1232 7.763e-18 7.534e-18 5.093e-18 0.0 158.73 0.0
S009189 325.4255 56.1716 3.399e-22 8.002e-22 3.414e-21 0.0 157.37 0.0
S009190 325.4362 56.1285 5.1649999999999995e-23 1.3609999999999999e-22 7.601e-22 0.0 159.89 1.0
S009191 325.377 56.1093 1.071e-17 9.704e-18 5.581e-18 0.0 158.24 0.0
S009192 325.4708 56.1473 3.047e-23 7.785e-23 3.9329999999999997e-22 0.0 159.86 0.0
S009194 325.5317 56.267 1.5349999999999998e-22 3.7239999999999997e-22 1.731e-21 0.0 161.6 0.0
S009195 325.7054 55.953 9.506000000000001e-20 1.327e-19 1.882e-19 0.0 156.33 0.0
S009196 325.5146 56.0946 5.372e-24 1.933e-23 2.016e-22 0.0 157.78 0.0
S009197 325.3889 56.0721 1.268e-23 4.0339999999999995e-23 3.139e-22 0.0 154.88 0.0
S009198 325.6562 56.1359 4.75e-25 1.8859999999999998e-24 2.3209999999999998e-23 0.0 161.28 0.0
S009199 325.4547 56.1594 6.364e-21 1.113e-20 2.5860000000000003e-20 0.0 160.1 0.0
S009200 325.56 56.0399 7.306e-23 1.8209999999999998e-22 8.809999999999999e-22 0.0 161.82 0.0
S009201 325.4828 56.0501 2.796e-27 2.0790000000000003e-26 9.64e-25 0.0 156.34 0.0
S009202 325.4961 56.1217 1.597e-23 4.5349999999999996e-23 2.8489999999999998e-22 0.0 161.3 0.0
S009203 325.4462 56.0981 1.26e-23 3.272e-23 1.733e-22 0.0 161.17 0.0
S009204 325.5754 55.9327 1.23e-25 5.6530000000000005e-25 9.964999999999999e-24 0.0 158.18 0.0
S009205 325.5878 56.1514 1.371e-17 1.137e-17 5.639e-18 0.0 155.51 0.0
S009206 325.5105 56.0438 4.398e-22 9.18e-22 3.109e-21 0.0 156.43 0.0
S009207 325.6883 56.1218 1.168e-18 1.228e-18 9.797e-19 0.0 154.92 0.0
S009208 325.5773 56.0766 4.573e-24 1.405e-23 1.0209999999999998e-22 0.0 155.89 0.0
S009209 325.5235 55.9168 5.926e-23 1.295e-22 4.725999999999999e-22 0.0 154.56 0.0
S009210 325.2999 56.0168 2.2119999999999998e-23 6.11e-23 3.741e-22 0.0 156.63 0.0
S009211 325.5496 56.2051 3.12e-18 2.985e-18 2.018e-18 0.0 155.09 0.0
S009212 325.4904 56.067 1.178e-19 1.568e-19 2.062e-19 0.0 156.42 0.0
S009213 325.57 56.035 2.218e-20 3.366e-20 5.693e-20 0.0 160.27 0.0
S009214 325.7381 56.1531 9.946e-22 2.059e-21 6.5e-21 0.0 154.51 0.0
S009215 325.6459 56.0305 1.763e-18 1.874e-18 1.508e-18 0.0 161.03 0.0
S009217 325.5 55.9132 7.133000000000001e-20 9.923000000000001e-20 1.367e-19 0.0 154.51 0.0
S009218 325.6079 56.2415 1.609e-17 1.374e-17 7.277e-18 0.0 159.38 0.0
S009219 325.6734 56.1251 1.221e-23 3.533e-23 2.287e-22 0.0 155.91 0.0
S009220 325.4496 56.0796 5.41e-18 5.706e-18 4.467e-18 0.0 160.48 1.0
S009221 325.7733 56.1019 2.114e-23 6.214e-23 4.265e-22 0.001 154.67 0.0
S009222 325.4484 56.1177 7.505e-19 8.582e-19 8.455e-19 0.0 160.53 0.0
S009223 325.809 56.0801 4.592e-18 4.335e-18 2.78e-18 0.0 157.0 0.0
S009224 325.4433 56.1842 1.588e-18 1.678e-18 1.383e-18 0.0 161.66 0.0
S009225 325.5739 56.127 4.812e-21 8.622e-21 2.1230000000000003e-20 0.0 159.89 0.0
S009226 325.5769 56.1049 2.09e-19 2.616e-19 3.079e-19 0.0 156.97 0.0
S009227 325.6153 55.9725 4.2249999999999994e-22 9.616e-22 3.619e-21 0.0 160.95 0.0
S009228 325.4024 56.0915 3.0890000000000004e-20 4.892e-20 9.097000000000001e-20 0.0 158.58 0.0
S009229 325.6938 55.9971 5.33e-21 9.173e-21 2.0930000000000002e-20 0.0 160.38 0.0
S009230 325.511 56.1032 9.581000000000001e-20 1.332e-19 1.847e-19 0.0 156.96 0.0
S009231 325.4442 56.1413 1.9809999999999998e-22 4.351e-22 1.589e-21 0.0 154.87 0.0
S009232 325.4882 56.0479 3.473e-23 8.869e-23 4.498e-22 0.0 156.15 0.0
S009233 325.6277 56.2439 1.515e-24 5.594e-24 5.934e-23 0.0 161.51 0.0
S009234 325.5355 56.1489 3.3009999999999997e-22 6.966e-22 2.372e-21 0.0 155.78 0.0
S009235 325.5293 56.2792 4.262e-19 5.147e-19 5.506e-19 0.0 160.71 0.0
S009236 325.6548 56.2746 1.332e-17 2.922e-17 1.081e-16 0.0 159.74 0.0
S009237 325.3991 56.0369 1.694e-18 1.792e-18 1.455e-18 0.0 155.77 0.0
S009238 325.6758 56.0604 1.265e-21 2.371e-21 6.46e-21 0.0 161.94 1.0
S009239 325.5538 56.1984 5.794e-21 9.115e-21 1.6650000000000002e-20 0.0 159.88 0.0
S009240 325.4123 56.0138 7.810000000000001e-21 1.3430000000000001e-20 2.94e-20 0.0 158.89 0.0
S009241 325.6457 56.2055 1.2679999999999998e-22 2.969e-22 1.294e-21 0.0 154.45 0.0
S009242 325.4251 56.0651 1.491e-18 1.698e-18 1.655e-18 0.0 155.96 0.0
S009243 325.5393 56.0221 5.1250000000000004e-20 7.088000000000001e-20 1.028e-19 0.0 156.78 0.0
S009244 325.5063 56.1073 4.962e-22 1.088e-21 3.881e-21 0.0 156.63 0.0
S009245 325.4816 56.0565 2.4720000000000003e-20 3.7500000000000005e-20 6.724e-20 0.0 156.71 0.0
S009246 325.5402 55.9638 5.226e-23 1.374e-22 7.502999999999999e-22 0.0 160.75 0.0
S009247 325.4053 56.0679 2.159e-23 6.839999999999999e-23 5.392e-22 0.0 160.04 0.0
S009248 325.6704 56.1671 6.033e-19 7.084e-19 6.926e-19 0.0 155.57 0.0
S009249 325.4082 56.0263 7.13e-21 1.2120000000000001e-20 2.5720000000000003e-20 0.0 154.57 0.0
S009250 325.5855 56.1439 7.948e-18 1.55e-17 4.549e-17 0.0 155.91 0.0
S009251 325.5404 56.0324 6.122999999999999e-23 1.6719999999999998e-22 9.742e-22 0.0 157.56 0.0
S009252 325.56 56.1964 2.9599999999999997e-22 6.764999999999999e-22 2.718e-21 0.0 161.1 0.0
S009253 325.5336 56.0238 2.326e-20 3.7010000000000006e-20 7.136e-20 0.0 160.01 0.0
S009254 325.4777 56.0895 1.877e-19 2.353e-19 2.65e-19 0.0 157.2 0.0
S009255 325.6334 56.2035 8.884e-18 8.184e-18 5.097e-18 0.0 160.04 0.0
S009256 325.6998 56.151 2.8249999999999996e-22 6.106999999999999e-22 2.231e-21 0.0 155.21 0.0
S009257 325.6376 56.1262 1.59e-19 2.128e-19 2.777e-19 0.0 157.97 0.0
S009258 325.463 56.0886 2.791e-17 2.342e-17 1.212e-17 0.0 155.86 0.0
S009259 325.45 56.2412 9.939e-19 1.069e-18 8.876e-19 0.0 154.87 0.0
S009260 325.3453 56.1303 4.011e-23 1.066e-22 6.032999999999999e-22 0.0 154.9 1.0
S009261 325.5446 56.0303 8.153e-23 2.0369999999999999e-22 9.930999999999998e-22 0.0 157.92 0.0
S009262 325.5495 56.1539 1.494e-18 1.611e-18 1.363e-18 0.0 159.58 0.0
S009263 325.61 56.0978 2.074e-24 6.543e-24 5.1269999999999997e-23 0.0 159.77 0.0
S009264 325.6502 56.0959 7.766e-17 1.351e-16 3.093e-16 0.0 160.81 0.0
S009265 325.5102 56.0737 2.3729999999999997e-22 5.406e-22 2.114e-21 0.0 161.13 0.0
S009266 325.4786 56.1424 2.533e-22 5.869999999999999e-22 2.374e-21 0.0 157.78 0.0
S009267 325.3893 56.0826 6.662e-25 2.592e-24 3.181e-23 0.0 157.55 0.0
S009268 325.3624 56.0717 1.2620000000000001e-20 2.2990000000000003e-20 5.933000000000001e-20 0.0 157.49 0.0
S009269 325.7249 56.1283 7.35e-19 8.095e-19 7.316e-19 0.0 154.68 0.0
S009270 325.6313 56.0562 5.414e-23 1.3559999999999998e-22 6.379999999999999e-22 0.0 155.58 0.0
S009271 325.6339 56.0445 6.991e-19 7.611e-19 6.478e-19 0.0 159.64 0.0
S009272 325.8295 56.0919 5.647e-23 1.5449999999999997e-22 8.842e-22 0.0 157.43 0.0
S009273 325.5816 56.1687 2.603e-23 7.948e-23 6.014e-22 0.0 158.79 0.0
S009274 325.5593 56.1587 1.712e-19 2.181e-19 2.672e-19 0.0 159.0 0.0
S009275 325.4307 56.0913 3.0800000000000005e-20 4.7380000000000004e-20 8.189e-20 0.0 156.93 0.0
S009276 325.7629 56.1448 3.792e-19 4.596e-19 4.88e-19 0.0 158.24 0.0
S009277 325.5626 56.2481 1.2309999999999999e-22 3.1349999999999995e-22 1.534e-21 0.0 158.82 0.0
S009278 325.6329 56.0415 8.079e-14 5.435e-14 1.75e-14 0.0 160.7 0.0
S009279 325.4227 56.1604 2.598e-20 3.8870000000000006e-20 6.488e-20 0.0 157.76 0.0
S009280 325.5825 55.9603 1.708e-21 1.18e-21 4.1399999999999997e-22 0.0 161.71 0.0
S009281 325.4122 56.0584 1.3679999999999998e-22 3.1569999999999995e-22 1.313e-21 0.0 156.31 0.0
S009282 325.418 56.1051 5.018e-18 4.723e-18 3.102e-18 0.0 161.16 0.0
S009283 325.5465 56.06 2.703e-23 7.575e-23 4.8509999999999995e-22 0.0 161.43 0.0
S009284 325.533 56.0952 5.488e-21 9.426e-21 2.1100000000000002e-20 0.0 156.51 0.0
S009285 325.7202 56.0786 4.159e-21 7.356e-21 1.711e-20 0.0 156.42 0.0
S009286 325.6448 56.1374 2.448e-19 3.063e-19 3.433e-19 0.0 155.37 0.0
S009287 325.4739 56.0923 8.47e-13 7.072e-13 3.587e-13 0.0 157.45 1.0
S009288 325.6345 56.2203 1.5800000000000001e-25 7.987e-25 1.6629999999999998e-23 0.0 160.69 0.0
S009289 325.5716 56.1784 2.194e-23 6.209999999999999e-23 3.7539999999999997e-22 0.0 160.62 0.0
S009290 325.7006 56.0353 1.7720000000000002e-20 2.724e-20 4.6890000000000005e-20 0.0 156.98 0.0
S009291 325.314 56.1405 9.234e-23 2.122e-22 8.647e-22 0.0 156.38 0.0
S009292 325.4763 56.115 1.467e-24 5.751e-24 7.392e-23 0.0 155.34 0.0
S009293 325.6469 56.1249 2.022e-19 2.511e-19 2.854e-19 0.0 155.96 0.0
S009294 325.4561 56.1443 7.801e-24 2.556e-23 2.1849999999999996e-22 0.0 156.13 0.0
S009295 325.4384 56.1061 1.168e-24 4.038e-24 3.89e-23 0.0 158.77 0.0
S009296 325.4484 56.1171 2.913e-20 4.4260000000000006e-20 7.291e-20 0.0 160.76 0.0
S009297 325.6422 56.2724 1.898e-21 1.287e-21 4.424e-22 0.0 160.97 0.0
S009298 325.4953 56.2652 6.894999999999999e-23 1.893e-22 1.121e-21 0.0 160.62 0.0
S009300 325.5361 56.0377 1.471e-18 1.522e-18 1.187e-18 0.0 158.07 0.0
S009301 325.6124 56.125 4.582e-18 4.479e-18 3.064e-18 0.0 155.05 0.0
S009302 325.4853 56.1286 1.5309999999999999e-24 6.121e-24 7.489999999999999e-23 0.0 158.7 0.0
S009303 325.6089 55.997 3.099e-18 6.307e-18 1.937e-17 0.0 160.41 0.0
S009304 325.5626 56.2562 1.135e-18 1.226e-18 1.038e-18 0.0 160.8 0.0
S009305 325.5803 56.1463 2.976e-22 6.742e-22 2.587e-21 0.0 157.01 0.0
S009306 325.4042 55.9494 7.827999999999999e-22 1.67e-21 5.732e-21 0.001 155.4 0.0
S009307 325.6496 56.0634 7.783e-19 8.541e-19 7.505e-19 0.0 158.48 0.0
S009308 325.5963 56.0396 2.966e-18 2.885e-18 1.997e-18 0.0 158.45 0.0
S009309 325.4743 56.1846 2.0809999999999998e-22 5.669e-22 3.211e-21 0.0 161.4 1.0
S009310 325.6158 56.0856 7.592999999999999e-22 1.52e-21 4.713e-21 0.0 160.9 0.0
S009311 325.4386 56.1366 1.364e-19 1.809e-19 2.265e-19 0.0 158.18 0.0
S009312 325.7007 56.0184 5.897999999999999e-22 1.31e-21 4.831e-21 0.0 160.12 0.0
S009313 325.4002 56.0506 1.322e-23 4.127e-23 3.0629999999999997e-22 0.0 158.68 0.0
S009314 325.4301 56.1564 8.017e-24 2.71e-23 2.3809999999999998e-22 0.0 160.95 0.0
S009315 325.7186 56.2472 2.227e-22 5.299e-22 2.317e-21 0.0 154.45 0.0
S009316 325.5688 56.19 2.594e-19 3.225e-19 3.711e-19 0.0 156.38 0.0
S009317 325.6428 55.9597 4.344e-23 1.2449999999999998e-22 8.029999999999999e-22 0.0 159.73 0.0
S009318 325.7717 56.1211 6.258e-19 7.282e-19 7.102e-19 0.0 161.71 0.0
S009319 325.5142 56.0 5.195e-19 6.333e-19 6.665e-19 0.0 155.89 0.0
S009321 325.5287 56.1755 2.726e-21 5.4390000000000004e-21 1.7170000000000002e-20 0.0 157.51 0.0
S009322 325.4976 56.0678 5.205999999999999e-22 1.095e-21 3.79e-21 0.0 158.65 0.0
S009323 325.5897 56.1155 8.143999999999999e-22 1.701e-21 5.588e-21 0.0 161.06 0.0
S009324 325.4958 56.153 2.113e-19 2.954e-19 4.282e-19 0.0 156.07 0.0
S009325 325.6723 56.2178 2.3829999999999998e-23 5.803e-23 2.7369999999999997e-22 0.0 161.1 0.0
S009326 325.6906 56.1512 4.425e-19 5.513e-19 6.261e-19 0.0 158.68 0.0
S009327 325.5573 56.1473 3.006e-21 5.785e-21 1.6200000000000002e-20 0.0 160.91 0.0
S009328 325.4111 56.1291 1.051e-18 1.119e-18 9.367e-19 0.0 161.41 0.0
