Name Equatorial Polar BlueF GreenF RedF Parallax RadialVelocity Variable?
S282456 326.5995 53.8413 6.985e-23 1.681e-22 7.707e-22 0.0 72.62 0.0
S282457 326.645 53.8963 2.133e-23 6.044e-23 3.9219999999999995e-22 0.0 71.56 0.0
S282458 326.6642 53.8954 3.361e-23 8.915e-23 4.996999999999999e-22 0.0 71.84 0.0
S282459 326.6922 53.8775 1.948e-19 2.487e-19 2.871e-19 0.0 72.87 0.0
S282460 326.6304 53.9035 3.594e-22 8.097999999999999e-22 3.309e-21 0.0 71.23 0.0
S282461 326.6606 53.8951 6.654e-23 1.5609999999999998e-22 6.568999999999999e-22 0.0 71.69 0.0
S282462 326.6804 53.9142 3.4660000000000003e-25 1.39e-24 1.768e-23 0.0 71.34 0.0
S282463 326.6656 53.8838 1.0830000000000001e-20 1.836e-20 3.932e-20 0.0 73.07 0.0
S282464 326.6645 53.8879 8.980999999999999e-23 2.612e-22 1.738e-21 0.0 72.88 0.0
S282465 326.7301 53.8393 7.996999999999999e-22 1.625e-21 5.009e-21 0.0 73.37 0.0
S282466 326.6753 53.881 9.483e-24 2.752e-23 1.8349999999999998e-22 0.0 73.04 0.0
S282467 326.6397 53.898 6.55e-23 1.6749999999999997e-22 8.453999999999999e-22 0.0 71.25 0.0
S282468 326.6537 53.9332 8.247e-19 9.427e-19 8.981e-19 0.0 70.4 0.0
S282469 326.6563 53.9008 4.685999999999999e-22 1.058e-21 4.116e-21 0.0 70.93 0.0
S282470 326.6309 53.9789 1.038e-21 2.2620000000000002e-21 8.082e-21 0.0 70.04 0.0
S282471 326.6659 53.8966 1.8750000000000003e-20 2.65e-20 3.851e-20 0.0 71.85 0.0
S282472 326.6585 53.8677 6.0570000000000004e-21 1.092e-20 2.681e-20 0.0 73.4 0.0
S282473 326.8007 53.8982 6.689e-20 9.675000000000001e-20 1.487e-19 0.0 72.28 0.0
S282474 326.6472 53.8075 7.585000000000001e-25 3.039e-24 3.9789999999999996e-23 0.0 73.44 0.0
S282475 326.6773 53.9401 1.2049999999999999e-22 2.924e-22 1.298e-21 0.0 70.68 0.0
S282476 326.6232 53.9111 4.1769999999999996e-22 9.091e-22 3.3200000000000002e-21 0.0 71.06 0.0
S282477 326.7057 53.9129 3.176e-19 4.035e-19 4.851e-19 0.0 71.7 0.0
S282478 326.6613 53.9169 2.2769999999999998e-22 4.5239999999999995e-22 1.388e-21 0.0 70.66 0.0
S282479 326.6653 53.8897 1.162e-26 7.223e-26 2.349e-24 0.0 72.94 0.0
S282480 326.6342 53.8976 2.17e-18 2.176e-18 1.624e-18 0.0 71.5 0.0
S282481 326.5556 53.9409 5.411e-21 9.947e-21 2.5060000000000003e-20 0.0 70.9 1.0
S282482 326.703 53.8496 7.947000000000001e-20 1.134e-19 1.643e-19 0.0 73.51 0.0
S282483 326.7346 53.9158 1.135e-21 2.346e-21 7.856e-21 0.0 71.87 0.0
S282484 326.6319 53.9081 1.4809999999999998e-23 4.18e-23 2.592e-22 0.0 70.87 0.0
S282485 326.6639 53.9006 2.229e-23 6.590999999999999e-23 4.456e-22 0.0 70.95 0.0
S282486 326.6708 53.8923 9.246e-21 1.5820000000000002e-20 3.389e-20 0.0 72.89 0.0
S282487 326.665 53.8825 6.302000000000001e-20 9.082e-20 1.329e-19 0.0 73.14 0.0
S282488 326.6698 53.8822 3.847e-21 6.813e-21 1.612e-20 0.0 73.02 0.0
S282489 326.6783 53.9174 1.57e-21 3.042e-21 8.682e-21 0.0 71.01 0.0
S282490 326.6961 53.9009 1.3199999999999998e-22 3.245e-22 1.483e-21 0.0 72.0 0.0
S282491 326.6497 53.9036 4.917e-22 1.047e-21 3.667e-21 0.0 71.03 0.0
S282492 326.6745 53.9051 6.597999999999999e-22 1.42e-21 5.101e-21 0.0 71.53 0.0
S282493 326.6248 53.9381 8.886e-20 1.163e-19 1.454e-19 0.0 70.36 0.0
S282494 326.661 53.8899 1.5089999999999998e-22 4.0269999999999996e-22 2.257e-21 0.0 72.99 0.0
S282495 326.7802 53.9524 2.051e-23 5.962e-23 3.8959999999999997e-22 0.0 71.53 0.0
S282496 326.6379 53.9188 8.702e-19 1.016e-18 1.014e-18 0.0 70.41 0.0
S282497 326.658 53.9302 1.1650000000000002e-20 1.777e-20 3.153e-20 0.0 70.29 0.0
S282498 326.6537 53.8951 5.221000000000001e-26 2.692e-25 6.1849999999999996e-24 0.0 70.84 0.0
S282499 326.7088 53.902 2.557e-13 1.743e-13 5.709e-14 0.001 72.14 0.0
S282500 326.6887 53.9083 1.6789999999999998e-22 4.273e-22 2.099e-21 0.0 71.64 0.0
S282501 326.6457 53.8928 2.177e-17 3.867e-17 8.844e-17 0.0 71.79 0.0
S282502 326.6739 53.8733 4.098e-17 6.603e-17 1.24e-16 0.0 73.29 0.0
S282503 326.661 53.8963 8.177e-24 2.729e-23 2.449e-22 0.0 70.6 0.0
S282504 326.6408 53.8929 7.75e-22 1.507e-21 4.363e-21 0.0 71.73 0.0
S282505 326.6595 53.8935 3.1879999999999998e-24 1.01e-23 7.962e-23 0.0 72.08 0.0
S282506 326.6444 53.9053 1.0670000000000001e-20 1.777e-20 3.7240000000000004e-20 0.0 71.05 0.0
S282507 326.6677 53.8938 1.68e-23 4.44e-23 2.407e-22 0.0 72.41 0.0
S282508 326.6573 53.8895 7.327999999999999e-23 2.166e-22 1.487e-21 0.0 73.01 0.0
S282509 326.7562 53.832 1.7229999999999998e-23 4.8919999999999995e-23 2.999e-22 0.0 73.3 0.0
S282510 326.721 53.9724 5.7960000000000005e-21 1.066e-20 2.5930000000000003e-20 0.0 70.94 0.0
S282511 326.6783 53.9264 2.741e-19 3.362e-19 3.733e-19 0.0 71.01 0.0
S282512 326.6719 53.8731 9.135999999999999e-22 2.051e-21 7.997e-21 0.0 73.34 0.0
S282513 326.6364 53.8844 6.133e-13 4.34e-13 1.559e-13 0.0 72.0 0.0
S282514 326.6803 53.8784 2.426e-21 4.404e-21 1.097e-20 0.0 73.14 0.0
S282515 326.6643 53.899 7.752e-25 2.842e-24 3.012e-23 0.0 71.4 0.0
S282516 326.657 53.8915 7.733e-19 8.54e-19 7.45e-19 0.0 73.03 0.0
S282517 326.6373 53.8947 2.5339999999999996e-22 5.957999999999999e-22 2.539e-21 0.0 71.79 0.0
S282518 326.6251 53.9286 3.152e-20 4.7710000000000006e-20 8.089000000000001e-20 0.0 70.69 0.0
S282519 326.6071 53.8943 2.844e-23 6.939e-23 3.1419999999999995e-22 0.0 71.58 0.0
S282520 326.6629 53.892 2.122e-17 3.76e-17 8.856e-17 0.0 72.93 0.0
S282521 326.6575 53.8984 2.096e-21 4.014e-21 1.118e-20 0.0 71.04 0.0
S282522 326.6715 53.8968 1.397e-19 1.889e-19 2.572e-19 0.0 71.83 0.0
S282523 326.668 53.8904 7.523e-23 1.804e-22 8.167999999999999e-22 0.0 72.92 0.0
S282524 326.7316 53.967 1.159e-24 4.148e-24 4.25e-23 0.0 71.15 0.0
S282525 326.6845 53.8821 5.169e-22 1.046e-21 3.214e-21 0.0 73.0 0.0
S282526 326.6523 53.8005 1.162e-22 2.872e-22 1.355e-21 0.0 73.55 0.0
S282527 326.68 53.9112 3.07e-23 8.548e-23 5.215999999999999e-22 0.0 71.43 0.0
S282528 326.6968 53.9153 2.242e-22 4.794e-22 1.631e-21 0.0 71.58 0.0
S282529 326.663 53.8745 1.6139999999999999e-22 3.9179999999999997e-22 1.782e-21 0.0 73.28 0.0
S282530 326.6509 53.9075 6.3e-21 1.1020000000000001e-20 2.6340000000000003e-20 0.0 70.82 0.0
S282531 326.6668 53.8943 1.2580000000000002e-20 2.139e-20 4.7240000000000005e-20 0.0 72.57 0.0
S282532 326.6917 53.8921 1.5529999999999998e-22 3.7899999999999996e-22 1.781e-21 0.0 72.4 0.0
S282533 326.5423 53.9343 2.79e-21 5.532e-21 1.577e-20 0.0 71.03 0.0
S282534 326.6744 53.8465 1.258e-19 1.787e-19 2.516e-19 0.0 73.63 0.0
S282535 326.6608 53.8915 4.968e-13 3.552e-13 1.319e-13 0.0 72.98 0.0
S282536 326.6444 53.9355 4.744999999999999e-22 1.0060000000000001e-21 3.487e-21 0.0 70.33 0.0
S282537 326.66 53.8899 2.5869999999999996e-22 5.416e-22 1.867e-21 0.0 72.36 0.0
S282538 326.6483 53.9394 1.401e-21 2.74e-21 8.165e-21 0.0 70.19 0.0
S282539 326.6508 53.9032 3.322e-24 1.07e-23 9.078e-23 0.0 70.9 0.0
S282540 326.6592 53.852 6.798e-21 1.147e-20 2.5000000000000002e-20 0.0 73.37 0.0
S282541 326.6595 53.9289 1.6309999999999998e-22 4.32e-22 2.3330000000000002e-21 0.0 70.37 0.0
S282542 326.6423 53.9627 2.783e-24 9.751e-24 9.104999999999999e-23 0.0 70.13 0.0
S282543 326.6779 53.8493 9.314999999999999e-22 1.8340000000000002e-21 5.376e-21 0.0 73.6 0.0
S282544 326.7496 53.8813 2.2739999999999996e-22 5.731e-22 2.829e-21 0.0 72.53 0.0
S282545 326.6486 53.8734 2.397e-22 5.451e-22 2.21e-21 0.0 72.9 0.0
S282546 326.6606 53.923 2.599e-22 6.352e-22 2.891e-21 0.0 70.37 0.0
S282547 326.6471 53.908 1.092e-21 2.334e-21 7.861e-21 0.0 70.7 0.0
S282548 326.6668 53.8979 2.169e-24 7.782e-24 7.945999999999999e-23 0.0 70.97 0.0
S282549 326.6603 53.8928 1.832e-21 4.064e-21 1.488e-20 0.0 73.27 0.0
S282550 326.6196 53.919 1.6090000000000003e-20 2.6370000000000003e-20 5.1450000000000005e-20 0.0 70.7 0.0
S282551 326.6868 53.9041 9.73e-25 3.992e-24 5.504e-23 0.0 71.75 0.0
S282552 326.6412 53.9267 1.5270000000000002e-20 2.5270000000000003e-20 5.1120000000000003e-20 0.0 70.3 0.0
S282553 326.68 53.885 7.812e-19 9.235e-19 9.496e-19 0.0 72.91 0.0
S282554 326.6692 53.8935 1.663e-18 1.821e-18 1.567e-18 0.0 72.34 0.0
S282555 326.6783 53.8245 3.7909999999999997e-23 9.107999999999999e-23 4.0769999999999994e-22 0.0 73.68 0.0
S282556 326.6556 53.9355 4.087e-24 1.26e-23 9.608e-23 0.0 70.27 0.0
S282557 326.6408 53.8538 8.713e-20 1.253e-19 1.831e-19 0.0 72.84 0.0
S282558 326.7077 53.8634 5.371e-23 1.4929999999999997e-22 9.03e-22 0.0 73.21 0.0
S282559 326.6995 53.9549 2.281e-20 3.5570000000000005e-20 6.419000000000001e-20 0.0 70.76 0.0
S282560 326.6746 53.942 1.056e-21 2.091e-21 5.877e-21 0.0 70.57 0.0
S282561 326.6507 53.8549 3.8779999999999995e-22 9.183e-22 4.112e-21 0.0 73.19 0.0
S282562 326.6304 53.9158 1.1e-17 9.655e-18 5.604e-18 0.0 70.81 0.0
S282563 326.6639 53.9 7.763e-23 1.9219999999999999e-22 9.127999999999998e-22 0.0 71.13 0.0
S282564 326.6495 53.9477 4.419e-21 7.871000000000001e-21 1.8780000000000003e-20 0.0 70.21 0.0
S282565 326.6777 53.8774 5.08e-21 8.192000000000001e-21 1.6170000000000002e-20 0.0 73.09 0.0
S282566 326.6329 53.9024 8.756e-21 1.497e-20 3.215e-20 0.0 71.19 0.0
S282567 326.6456 53.8963 1.1009999999999999e-22 2.9739999999999997e-22 1.631e-21 0.0 71.5 0.0
S282568 326.6766 53.8885 1.48e-20 2.4920000000000003e-20 5.2080000000000004e-20 0.0 72.52 0.0
S282569 326.7073 53.8228 2.933e-18 2.938e-18 2.151e-18 0.0 73.71 0.0
S282570 326.7169 53.9262 1.0629999999999999e-23 3.013e-23 1.8949999999999998e-22 0.0 71.5 0.0
S282571 326.6676 53.887 2.305e-16 6.452e-16 3.881e-15 0.0 72.87 1.0
S282572 326.6634 53.894 2.377e-19 3.033e-19 3.558e-19 0.0 72.35 0.0
S282573 326.6423 53.9059 1.5719999999999998e-22 3.7089999999999996e-22 1.611e-21 0.0 71.04 0.0
S282574 326.6723 53.8262 8.84e-25 3.293e-24 3.763e-23 0.0 73.8 0.0
S282575 326.6623 53.9602 3.0670000000000005e-20 4.617e-20 7.940000000000001e-20 0.0 70.34 0.0
S282576 326.6522 53.8947 1.4990000000000002e-20 2.339e-20 4.298e-20 0.0 71.65 0.0
S282577 326.6373 53.8748 9.981e-18 9.667e-18 6.492e-18 0.0 72.49 0.0
S282578 326.6678 53.8943 5.803e-20 8.449000000000001e-20 1.286e-19 0.0 72.11 0.0
S282579 326.6523 53.8859 4.319e-17 3.611e-17 1.86e-17 0.0 72.37 0.0
S282580 326.6608 53.8843 5.501e-17 1.257e-16 5.033e-16 0.0 73.11 1.0
S282581 326.7649 53.8281 9.018e-19 1.025e-18 9.539e-19 0.0 73.21 0.0
S282582 326.6555 53.8907 1.171e-12 8.716e-13 3.503e-13 0.0 72.61 0.0
S282583 326.6789 53.9002 5.578e-20 8.212e-20 1.344e-19 0.0 71.78 0.0
S282584 326.6637 53.8803 4.2490000000000003e-20 6.227000000000001e-20 9.710000000000001e-20 0.0 73.08 0.0
S282585 326.6438 53.9107 2.357e-24 8.036e-24 7.576e-23 0.0 70.73 0.0
S282586 326.656 53.9061 2.847e-25 1.23e-24 1.781e-23 0.0 70.82 0.0
S282587 326.6601 53.8874 2.574e-24 8.983e-24 8.994e-23 0.0 72.78 0.0
S282588 326.665 53.8804 4.68e-21 7.816e-21 1.5850000000000003e-20 0.0 73.19 0.0
S282589 326.6455 53.9088 3.823e-18 3.833e-18 2.781e-18 0.0 70.82 0.0
S282590 326.6806 53.8694 6.534e-23 1.6489999999999997e-22 8.124999999999999e-22 0.0 73.43 0.0
S282591 326.6609 53.8997 1.456e-18 1.594e-18 1.387e-18 0.0 70.82 0.0
S282592 326.6822 53.8688 3.69e-22 9.031e-22 4.105e-21 0.0 73.29 0.0
S282593 326.6902 53.9796 1.5339999999999998e-22 3.2119999999999997e-22 1.062e-21 0.0 70.68 0.0
S282594 326.6664 53.8842 1.768e-24 6.625999999999999e-24 7.28e-23 0.0 72.89 0.0
S282595 326.6533 53.8971 7.625e-21 1.351e-20 3.1290000000000005e-20 0.0 71.29 0.0
S282596 326.6355 53.8923 1.588e-22 3.8029999999999995e-22 1.7030000000000002e-21 0.0 71.75 0.0
S282597 326.6597 53.9307 8.432e-19 1.013e-18 1.07e-18 0.0 70.43 0.0
S282598 326.6849 53.9045 2.515e-21 4.439e-21 1.0360000000000001e-20 0.0 71.74 0.0
S282599 326.6347 53.8825 1.858e-21 3.677e-21 1.0710000000000001e-20 0.0 72.16 0.0
S282600 326.6934 53.8726 1.753e-21 1.212e-21 4.291e-22 0.0 72.93 0.0
S282601 326.7222 53.7434 4.04e-21 7.244e-21 1.767e-20 0.0 73.77 0.0
S282602 326.6567 53.9151 1.022e-21 2.189e-21 7.488e-21 0.0 70.66 0.0
S282603 326.6413 53.9165 4.4880000000000004e-21 7.541e-21 1.567e-20 0.0 70.39 0.0
S282604 326.6088 53.9117 6.459e-24 2.07e-23 1.7229999999999997e-22 0.0 71.08 0.0
S282605 326.7204 53.8841 5.402e-21 9.92e-21 2.4420000000000002e-20 0.0 72.45 0.0
S282606 326.6913 53.8099 3.467e-17 7.156e-17 2.325e-16 0.0 73.87 0.0
S282607 326.6458 53.8794 4.1549999999999997e-22 9.780999999999998e-22 4.103e-21 0.0 72.48 0.0
S282608 326.6719 53.9034 4.6680000000000005e-20 7.072000000000001e-20 1.209e-19 0.0 71.51 0.0
S282609 326.6892 53.9611 5.769e-24 1.719e-23 1.206e-22 0.0 70.67 0.0
S282610 326.6516 53.8853 7.523e-19 9.041e-19 9.583e-19 0.0 72.56 0.0
S282611 326.6428 53.9045 8.613e-23 2.302e-22 1.2410000000000001e-21 0.0 70.98 0.0
S282612 326.661 53.8951 2.212e-21 4.397e-21 1.294e-20 0.001 71.14 0.0
S282613 326.7677 53.9517 6.038e-19 7.036e-19 7.194e-19 0.0 71.66 0.0
S282614 326.6579 53.8934 2.163e-17 1.881e-17 1.019e-17 0.0 72.08 0.0
S282615 326.651 53.8759 3.7069999999999995e-22 8.058999999999999e-22 2.933e-21 0.0 72.8 0.0
S282616 326.6172 53.9497 1.023e-20 1.718e-20 3.553e-20 0.0 70.29 0.0
S282617 326.6317 53.9049 3.032e-23 8.376999999999999e-23 4.991e-22 0.0 71.21 0.0
S282618 326.6589 53.8755 1.9699999999999998e-23 5.902e-23 4.098e-22 0.0 73.04 0.0
S282619 326.6602 53.9082 1.458e-22 3.8409999999999995e-22 2.056e-21 0.0 70.89 0.0
S282620 326.6649 53.9093 1.7619999999999998e-22 4.354e-22 1.99e-21 0.0 70.84 0.0
S282621 326.6773 53.8064 6.446999999999999e-23 1.593e-22 7.612999999999999e-22 0.0 73.79 0.0
S282622 326.7084 53.9087 2.064e-21 1.415e-21 4.860999999999999e-22 0.0 71.89 0.0
S282623 326.6929 53.7885 6.657e-19 7.464e-19 6.88e-19 0.0 73.76 0.0
S282624 326.6284 53.9035 1.6610000000000003e-20 2.6770000000000002e-20 5.1530000000000004e-20 0.0 71.18 0.0
S282625 326.7034 53.8684 1.449e-17 2.507e-17 5.54e-17 0.0 73.03 0.0
S282626 326.6577 53.9042 1.915e-20 3.0460000000000005e-20 5.864e-20 0.0 70.86 0.0
S282627 326.6772 53.911 9.719e-18 8.908e-18 5.435e-18 0.0 71.43 0.0
S282628 326.653 53.9007 1.836e-18 1.882e-18 1.425e-18 0.0 70.93 0.0
S282629 326.6712 53.8804 6.518e-18 6.467e-18 4.599e-18 0.0 73.21 0.0
S282630 326.6298 53.9169 1.755e-18 1.936e-18 1.749e-18 0.0 70.62 0.0
S282631 326.6635 53.887 1.101e-19 1.55e-19 2.305e-19 0.0 72.95 0.0
S282632 326.6772 53.9071 7.945e-18 1.217e-17 2.15e-17 0.0 71.48 0.0
S282633 326.6823 53.8194 1.7239999999999998e-22 4.1829999999999996e-22 1.85e-21 0.0 73.67 0.0
S282634 326.638 53.8726 2.406e-21 4.625e-21 1.2880000000000001e-20 0.0 72.48 0.0
S282635 326.6581 53.8643 7.532000000000001e-20 1.053e-19 1.504e-19 0.0 73.36 0.0
S282636 326.6626 53.8974 7.863e-20 1.198e-19 2.015e-19 0.0 71.4 0.0
S282637 326.6974 53.7955 1.0499999999999999e-23 3.038e-23 2.0559999999999999e-22 0.0 73.75 0.0
S282638 326.6561 53.8874 1.076e-19 1.505e-19 2.151e-19 0.0 72.49 0.0
S282639 326.5422 53.9951 1.245e-19 1.722e-19 2.367e-19 0.0 70.35 0.0
S282640 326.6516 53.8989 1.539e-21 3.327e-21 1.175e-20 0.0 71.15 0.0
S282641 326.6325 53.8857 1.907e-21 3.594e-21 9.694e-21 0.0 72.0 0.0
S282642 326.6523 53.9481 7.012999999999999e-22 1.5230000000000001e-21 5.589e-21 0.0 70.31 0.0
S282643 326.6574 53.914 1.592e-22 3.6489999999999996e-22 1.5500000000000001e-21 0.0 70.58 0.0
S282644 326.649 53.9021 5.506e-20 8.078000000000001e-20 1.274e-19 0.0 71.27 0.0
S282645 326.6689 54.0004 2.79e-20 4.361e-20 8.13e-20 0.0 70.26 0.0
S282646 326.667 53.9099 9.689e-23 2.4529999999999996e-22 1.225e-21 0.0 70.9 0.0
S282647 326.6464 53.8832 5.98e-24 1.903e-23 1.548e-22 0.0 72.39 0.0
S282648 326.6578 53.8626 2.2720000000000003e-20 3.6280000000000003e-20 6.888e-20 0.001 73.33 0.0
S282649 326.6997 53.8533 1.094e-19 1.602e-19 2.654e-19 0.0 73.45 0.0
S282650 326.6485 53.8549 8.242e-24 2.5969999999999997e-23 2.0369999999999999e-22 0.0 73.06 0.0
S282651 326.6609 53.8947 2.166e-19 2.9e-19 3.786e-19 0.0 71.89 0.0
S282652 326.644 53.8992 8.198999999999999e-22 1.852e-21 7.512e-21 0.0 71.36 0.0
S282653 326.6709 53.8497 8.019e-19 9.096e-19 8.5e-19 0.0 73.49 0.0
S282654 326.6835 53.9366 1.58e-18 1.734e-18 1.462e-18 0.0 70.72 0.0
S282655 326.661 53.8942 4.422e-25 1.831e-24 2.5059999999999997e-23 0.0 72.01 0.0
S282656 326.6619 53.9021 4.446e-23 1.0269999999999999e-22 4.1099999999999996e-22 0.0 70.99 0.0
S282657 326.677 53.8732 1.022e-19 1.465e-19 2.229e-19 0.0 73.36 0.0
S282658 326.6554 53.8935 3.445e-22 7.908999999999999e-22 3.221e-21 0.001 71.88 0.0
S282659 326.6985 53.8543 2.146e-21 4.0120000000000004e-21 1.0380000000000001e-20 0.0 73.37 0.0
S282660 326.6736 53.8884 1.855e-19 2.37e-19 2.766e-19 0.0 72.49 0.0
S282661 326.6635 53.8879 4.315e-23 1.236e-22 7.785999999999999e-22 0.0 72.61 0.0
S282662 326.6458 53.9145 3.278e-19 3.826e-19 3.898e-19 0.0 70.61 0.0
S282663 326.6803 53.9086 6.590000000000001e-20 9.187e-20 1.273e-19 0.0 71.61 0.0
S282664 326.6233 53.9208 3.0329999999999996e-22 6.761999999999999e-22 2.601e-21 0.0 70.68 0.0
S282665 326.6557 53.8939 4.627e-17 3.914e-17 1.999e-17 0.0 71.72 0.0
S282666 326.7365 53.718 4.103e-19 5.031e-19 5.351e-19 0.0 73.89 0.0
S282667 326.6345 53.9169 1.993e-22 4.518999999999999e-22 1.754e-21 0.0 70.69 0.0
S282668 326.6578 53.8918 8.770999999999999e-24 2.88e-23 2.5269999999999996e-22 0.0 72.31 0.0
S282669 326.7864 53.929 4.823e-23 1.1789999999999999e-22 5.231999999999999e-22 0.0 71.79 0.0
S282670 326.6632 53.8971 1.7510000000000002e-20 2.7630000000000005e-20 5.0680000000000006e-20 0.0 71.13 0.0
S282671 326.6595 53.894 1.982e-19 2.623e-19 3.302e-19 0.0 71.99 0.0
S282672 326.725 53.936 5.383e-13 3.97e-13 1.586e-13 0.0 71.46 0.0
S282673 326.7208 53.8656 9.144e-25 3.242e-24 3.346e-23 0.0 73.07 0.0
S282674 326.7077 53.9111 2.6299999999999995e-22 5.974999999999999e-22 2.248e-21 0.0 71.96 0.0
S282675 326.6638 53.918 9.18e-19 1.059e-18 1.014e-18 0.0 70.73 0.0
S282676 326.6474 53.8941 2.2860000000000003e-26 1.377e-25 4.38e-24 0.0 71.69 0.0
S282677 326.6623 53.8825 3.507e-23 9.835999999999999e-23 5.978999999999999e-22 0.0 73.03 0.0
S282678 326.6596 53.8981 5.404e-20 7.784e-20 1.23e-19 0.0 70.89 1.0
S282679 326.8238 53.853 1.924e-19 2.421e-19 2.851e-19 0.0 72.52 0.0
S282680 326.6478 53.8464 1.749e-19 2.254e-19 2.803e-19 0.0 73.34 0.0
S282681 326.666 53.8949 2.8349999999999996e-23 7.431e-23 4.0489999999999995e-22 0.0 72.55 0.0
S282682 326.6363 53.8885 6.926e-20 1.024e-19 1.66e-19 0.0 72.02 0.0
S282683 326.6604 53.9041 9.067e-24 2.7899999999999997e-23 2.0989999999999998e-22 0.0 71.14 0.0
S282684 326.6572 53.9203 5.008e-24 1.561e-23 1.185e-22 0.0 70.35 0.0
S282685 326.6476 53.8998 9.637000000000001e-20 1.299e-19 1.738e-19 0.0 71.1 0.0
S282686 326.6869 53.8594 3.348e-21 5.969e-21 1.4300000000000002e-20 0.0 73.71 0.0
S282687 326.6903 53.895 2.841e-19 3.541e-19 3.99e-19 0.0 72.2 0.0
S282688 326.6998 53.8357 7.355e-17 5.747e-17 2.592e-17 0.0 73.71 0.0
S282689 326.6739 53.897 1.916e-21 1.319e-21 4.54e-22 0.0 72.0 0.0
S282690 326.6415 53.9253 9.243999999999998e-22 1.9350000000000002e-21 6.441e-21 0.0 70.33 0.0
S282691 326.6651 53.8444 8.809999999999999e-22 1.974e-21 7.632e-21 0.0 73.55 0.0
S282692 326.6604 53.9098 2.497e-21 4.8440000000000004e-21 1.3640000000000003e-20 0.0 70.75 0.0
S282693 326.6221 53.8953 2.278e-22 5.539e-22 2.477e-21 0.0 71.5 0.0
S282694 326.6667 53.8818 4.167e-24 1.313e-23 1.0529999999999999e-22 0.0 73.17 0.0
S282695 326.6465 53.8945 1.536e-21 2.991e-21 8.281e-21 0.0 71.68 0.0
S282696 326.6811 53.8656 2.215e-21 4.439e-21 1.3390000000000002e-20 0.0 73.54 0.0
S282697 326.6484 53.9183 7.055e-21 1.218e-20 2.6970000000000002e-20 0.0 70.38 0.0
S282698 326.6678 53.8956 4.531e-19 5.314e-19 5.517e-19 0.0 72.02 0.0
S282699 326.6602 53.8888 5.749e-23 1.6979999999999998e-22 1.162e-21 0.0 72.72 0.0
S282700 326.5932 53.9211 4.7860000000000005e-20 7.256000000000001e-20 1.234e-19 0.0 70.95 0.0
S282701 326.6404 53.8903 1.391e-20 2.2070000000000002e-20 4.271e-20 0.0 71.82 0.0
S282702 326.6767 53.9664 7.552e-23 2.131e-22 1.385e-21 0.0 70.57 0.0
S282703 326.6713 53.8913 8.569e-21 1.484e-20 3.229e-20 0.0 72.39 0.0
S282704 326.6489 53.911 1.966e-21 3.591e-21 8.904000000000001e-21 0.0 70.79 0.0
S282705 326.6594 53.8859 2.068e-17 3.233e-17 5.828e-17 0.0 72.72 0.0
S282706 326.6499 53.896 1.986e-23 5.315e-23 3.035e-22 0.0 71.15 0.0
S282707 326.7356 53.8691 1.648e-22 3.6239999999999994e-22 1.37e-21 0.0 72.74 0.0
S282708 326.7502 53.8645 6.333e-23 1.6869999999999998e-22 9.519999999999999e-22 0.0 72.82 0.0
S282709 326.653 53.8924 5.487e-20 7.843000000000001e-20 1.213e-19 0.0 71.86 0.0
S282710 326.7078 53.9186 3.547e-17 2.94e-17 1.481e-17 0.0 71.5 0.0
S282711 326.6441 53.8966 3.2730000000000006e-20 5.2980000000000004e-20 1.012e-19 0.0 71.52 0.0
S282712 326.67 53.8803 4.6449999999999996e-27 3.225e-26 1.308e-24 0.0 73.23 0.0
S282713 326.6335 53.9064 2.424e-17 2.157e-17 1.247e-17 0.0 71.08 0.0
S282714 326.6669 53.8865 1.177e-19 1.559e-19 2.029e-19 0.0 73.04 0.0
S282715 326.5939 53.9119 1.839e-23 5.08e-23 2.977e-22 0.0 71.25 0.0
S282716 326.676 53.8627 1.5339999999999998e-22 3.8339999999999996e-22 1.882e-21 0.0 73.56 0.0
S282717 326.787 53.6907 2.33e-22 5.169e-22 1.977e-21 0.0 73.66 0.0
S282718 326.6413 53.9008 1.7860000000000002e-21 3.462e-21 9.747e-21 0.0 71.17 0.0
S282719 326.7006 53.9807 7.992e-20 1.146e-19 1.747e-19 0.0 70.66 1.0
S282720 326.6635 53.8822 3.311e-20 5.0140000000000005e-20 8.245e-20 0.0 72.98 0.0
S282721 326.6657 53.8967 1.69e-20 2.8200000000000003e-20 6.067e-20 0.0 70.95 0.0
S282722 326.6887 53.9011 1.462e-17 1.316e-17 7.782e-18 0.0 71.9 0.0
S282723 326.6341 53.9326 1.728e-18 1.928e-18 1.755e-18 0.0 70.36 0.0
S282724 326.6514 53.89 2.28e-19 2.874e-19 3.414e-19 0.0 72.11 0.0
S282725 326.6673 53.907 3.731e-24 1.2579999999999999e-23 1.169e-22 0.0 71.18 0.0
S282726 326.656 53.8963 1.319e-21 2.718e-21 8.859e-21 0.0 70.82 0.0
S282727 326.6409 53.8674 4.482e-22 9.681e-22 3.411e-21 0.0 72.77 0.0
S282728 326.5776 53.9643 9.703e-22 1.984e-21 6.143e-21 0.0 70.5 0.0
S282729 326.6783 53.9363 1.752e-21 3.397e-21 9.889e-21 0.0 70.75 0.0
S282730 326.7443 53.8385 2.1070000000000002e-21 4.045e-21 1.111e-20 0.0 73.34 0.0
S282731 326.6539 53.8945 1.589e-21 1.1070000000000001e-21 3.9879999999999994e-22 0.0 70.68 0.0
S282732 326.6566 53.9 1.77e-24 6.477e-24 7.327e-23 0.0 71.16 0.0
S282733 326.6598 53.9219 9.844e-18 1.738e-17 4.184e-17 0.0 70.5 0.0
S282734 326.6642 53.8923 8.389e-22 1.787e-21 6.291e-21 0.0 72.45 0.0
S282735 326.6193 53.9013 9.318999999999999e-23 2.4239999999999997e-22 1.316e-21 0.0 71.4 0.0
S282736 326.6377 53.8492 1.09e-19 1.457e-19 1.859e-19 0.0 73.02 0.0
S282737 326.6231 54.0173 4.577e-17 6.732e-17 1.062e-16 0.0 70.08 1.0
S282738 326.6638 53.8954 3.9399999999999996e-23 1.0899999999999999e-22 6.386e-22 0.0 71.93 0.0
S282739 326.6601 53.9111 2.449e-17 2.097e-17 1.092e-17 0.0 70.62 0.0
S282740 326.6704 53.8599 1.154e-18 1.257e-18 1.09e-18 0.0 73.56 0.0
S282741 326.5685 53.9032 2.1499999999999997e-22 4.678e-22 1.686e-21 0.0 71.45 0.0
S282742 326.685 53.8875 5.898e-17 4.966e-17 2.473e-17 0.0 72.74 0.0
S282743 326.6736 53.929 2.408e-18 2.487e-18 1.998e-18 0.0 70.85 0.0
S282744 326.5869 54.006 1.928e-24 6.627e-24 6.163999999999999e-23 0.0 70.15 0.0
S282745 326.6079 53.9389 3.1300000000000004e-20 4.588e-20 7.500000000000001e-20 0.0 70.52 0.0
S282746 326.6459 53.9035 3.4119999999999997e-22 8.138999999999999e-22 3.469e-21 0.0 71.04 0.0
S282747 326.6611 53.9181 2.506e-21 4.637e-21 1.235e-20 0.0 70.61 0.0
S282748 326.6591 53.8978 4.1500000000000005e-20 6.264e-20 1.041e-19 0.0 70.8 0.0
S282749 326.7519 53.7921 2.0359999999999998e-22 4.711999999999999e-22 2.025e-21 0.0 73.68 0.0
S282750 326.6187 53.9783 1.736e-21 1.195e-21 4.247e-22 0.0 70.09 0.0
S282751 326.6538 53.9026 4.815e-17 1.026e-16 3.522e-16 0.0 70.75 1.0
S282752 326.6728 53.8879 1.7049999999999998e-22 4.272e-22 2.068e-21 0.0 72.86 0.0
S282753 326.6718 53.8839 2.049e-13 1.397e-13 4.584e-14 0.0 72.85 0.0
S282754 326.6885 53.8873 6.047e-23 1.6309999999999998e-22 9.220999999999999e-22 0.0 72.61 0.0
S282755 326.6438 53.9107 1.188e-21 2.3450000000000002e-21 6.7110000000000004e-21 0.0 70.73 0.0
S282756 326.6365 53.9066 3.233e-21 6.269e-21 1.781e-20 0.0 71.01 0.0
S282757 326.6709 53.8793 9.726e-21 1.646e-20 3.59e-20 0.0 73.2 0.0
S282758 326.6413 53.8864 1.836e-18 2.028e-18 1.726e-18 0.0 72.15 0.0
S282759 326.6852 53.8844 1.5089999999999998e-22 4.1069999999999994e-22 2.4160000000000002e-21 0.0 72.79 0.0
S282760 326.6909 53.9126 2.531e-17 2.19e-17 1.19e-17 0.0 71.49 0.0
S282761 326.6543 53.8823 2.36e-17 2.027e-17 1.064e-17 0.0 72.94 0.0
S282762 326.6629 53.8895 1.007e-17 8.899e-18 5.089e-18 0.0 72.28 0.0
S282763 326.6636 53.88 1.199e-20 2.0130000000000003e-20 4.285e-20 0.0 72.92 0.0
S282764 326.6657 53.8921 1.227e-18 1.432e-18 1.406e-18 0.0 72.24 0.0
S282765 326.6663 53.9171 8.992e-19 1.028e-18 9.59e-19 0.0 70.61 0.0
S282766 326.688 53.8923 7.511e-18 1.318e-17 3.056e-17 0.0 72.59 0.0
S282767 326.645 53.8996 4.095e-18 3.931e-18 2.58e-18 0.0 71.46 0.0
S282768 326.6844 53.8837 4.2279999999999996e-22 9.805e-22 4.142e-21 0.0 73.4 0.0
S282769 326.6789 53.9181 7.313e-19 8.723e-19 9.013e-19 0.0 71.05 0.0
S282770 326.675 53.9134 8.461e-25 3.312e-24 4.342e-23 0.0 71.0 0.0
S282771 326.62 53.927 6.151e-23 1.6309999999999998e-22 8.931e-22 0.0 70.44 0.0
S282772 326.6977 53.9023 3.2489999999999997e-22 7.825e-22 3.573e-21 0.0 72.01 0.0
S282773 326.6382 53.8983 1.022e-16 8.156e-17 3.783e-17 0.0 71.17 0.0
S282774 326.687 53.8835 9.144e-13 7.527e-13 3.581e-13 0.0 73.34 1.0
S282775 326.6802 53.8804 9.135e-21 1.522e-20 3.148e-20 0.0 73.34 0.0
S282776 326.6422 53.9079 3.067e-22 5.764999999999999e-22 1.582e-21 0.0 70.97 0.0
S282777 326.6425 53.9133 2.749e-19 3.361e-19 3.502e-19 0.0 70.76 0.0
S282778 326.6841 53.9207 1.546e-19 2.044e-19 2.728e-19 0.0 70.69 0.0
S282779 326.6563 53.8929 1.4419999999999998e-22 3.2389999999999995e-22 1.314e-21 0.0 71.92 0.0
S282780 326.6541 53.9276 5.451000000000001e-20 8.14e-20 1.333e-19 0.0 70.36 0.0
S282781 326.6772 53.8988 2.773e-18 2.973e-18 2.487e-18 0.0 71.88 0.0
S282782 326.6458 53.8809 3.403e-18 3.422e-18 2.409e-18 0.0 72.4 0.0
S282783 326.6404 53.9111 2.0580000000000003e-20 3.2540000000000004e-20 5.938e-20 0.0 70.63 0.0
S282784 326.654 53.9007 7.423e-22 1.631e-21 6.167e-21 0.0 70.81 0.0
S282785 326.6442 53.8716 7.573e-22 1.604e-21 5.5810000000000004e-21 0.0 72.87 0.0
S282786 326.6601 53.9013 1.286e-21 2.645e-21 8.6e-21 0.0 71.13 0.0
S282787 326.6639 53.9267 1.262e-16 9.895e-17 4.597e-17 0.0 70.39 0.0
S282788 326.654 53.8957 8.185e-19 9.586e-19 9.335e-19 0.0 71.66 0.0
S282789 326.6338 53.8846 1.213e-21 2.4460000000000002e-21 7.484e-21 0.0 72.13 0.0
S282790 326.6784 53.8941 8.97e-22 1.751e-21 4.945e-21 0.0 73.06 0.0
S282791 326.6416 53.9402 4.555e-19 5.68e-19 6.202e-19 0.0 70.21 0.0
S282792 326.6485 53.8967 1.4790000000000002e-20 2.4440000000000003e-20 4.956000000000001e-20 0.0 71.17 0.0
S282793 326.6618 53.8854 2.448e-21 1.649e-21 5.434e-22 0.0 72.76 0.0
S282794 326.6498 53.899 2.4349999999999998e-23 6.099999999999999e-23 2.924e-22 0.0 71.35 0.0
S282795 326.6655 53.9083 3.56e-18 3.501e-18 2.493e-18 0.0 71.34 0.0
S282796 326.6769 53.9047 5.849e-18 5.856e-18 4.329e-18 0.0 70.79 0.0
S282797 326.6551 53.8885 2.82e-22 6.631999999999999e-22 2.861e-21 0.0 72.29 0.0
S282798 326.6455 53.8908 3.31e-18 3.547e-18 2.852e-18 0.0 71.88 0.0
S282799 326.6427 53.9111 1.999e-21 1.37e-21 4.814e-22 0.001 70.38 0.0
S282800 326.6769 53.8847 2.719e-24 9.948999999999999e-24 1.068e-22 0.0 73.28 0.0
S282801 326.6396 53.9252 4.14e-21 7.585000000000001e-21 1.9510000000000002e-20 0.0 70.33 0.0
S282802 326.6665 53.8867 3.0680000000000004e-20 4.7560000000000007e-20 8.212e-20 0.0 72.93 0.0
S282803 326.6191 53.8928 2.3209999999999997e-22 5.277999999999999e-22 2.136e-21 0.0 71.51 0.0
S282804 326.6651 53.8691 1.421e-19 1.844e-19 2.264e-19 0.0 73.58 0.0
S282805 326.6841 53.912 2.046e-17 3.151e-17 5.333e-17 0.0 71.35 0.0
S282806 326.6667 53.8722 4.1449999999999995e-22 1.0060000000000001e-21 4.541e-21 0.0 72.96 0.0
S282807 326.6803 53.888 1.687e-23 5.1459999999999996e-23 3.868e-22 0.0 72.47 0.0
S282808 326.6568 53.8962 5.843e-17 4.601e-17 2.028e-17 0.0 71.63 0.0
S282809 326.6512 53.9365 3.178e-19 4.01e-19 4.573e-19 0.0 70.24 1.0
S282810 326.6857 53.89 5.739e-18 5.593e-18 3.814e-18 0.0 72.39 0.0
S282811 326.6647 53.8812 7.367e-18 6.955e-18 4.417e-18 0.0 72.92 0.0
S282812 326.6844 53.9113 5.078e-18 4.937e-18 3.458e-18 0.0 70.8 0.0
S282813 326.6324 53.8698 8.062e-18 7.633e-18 4.872e-18 0.0 72.92 0.0
S282814 326.6425 53.906 3.9629999999999997e-22 8.656999999999999e-22 3.105e-21 0.0 70.63 0.0
S282815 326.6664 53.8965 9.726e-18 9.076e-18 5.688e-18 0.0 71.63 0.0
S282816 326.6545 53.8596 2.397e-17 2.109e-17 1.214e-17 0.0 73.36 0.0
S282817 326.6323 53.8929 3.141e-24 1.182e-23 1.3819999999999998e-22 0.0 70.88 0.0
S282818 326.6586 53.9082 5.432e-23 1.2529999999999998e-22 5.069999999999999e-22 0.0 70.88 0.0
S282819 326.6543 53.8876 5.198e-19 6.121e-19 6.231e-19 0.0 72.24 0.0
S282820 326.6563 53.9003 6.758999999999999e-23 1.659e-22 7.891999999999999e-22 0.0 71.48 0.0
S282821 326.6723 53.8995 1.528e-21 3.022e-21 9.22e-21 0.0 71.68 0.0
S282822 326.643 53.9029 1.867e-22 4.469e-22 1.945e-21 0.0 70.68 0.0
S282823 326.6654 53.8865 1.2139999999999999e-23 3.886e-23 3.164e-22 0.0 72.82 0.0
S282824 326.6314 53.9084 6.286e-17 5.377e-17 2.874e-17 0.0 70.91 0.0
S282825 326.6464 53.9169 4.092e-21 7.602e-21 1.9930000000000002e-20 0.0 70.57 0.0
S282826 326.7159 53.8762 4.2340000000000004e-20 6.583000000000001e-20 1.136e-19 0.0 73.33 0.0
S282827 326.6617 53.8854 3.1369999999999996e-22 6.152999999999999e-22 1.778e-21 0.0 72.65 0.0
S282828 326.6543 53.8768 1.472e-17 1.286e-17 6.911e-18 0.0 73.29 0.0
S282829 326.6821 53.8917 1.122e-17 1.858e-17 3.649e-17 0.0 72.76 0.0
S282830 326.6689 53.9217 1.4e-21 2.765e-21 8.351e-21 0.0 70.45 0.0
S282831 326.6672 53.872 3.6939999999999996e-22 9.037999999999998e-22 4.071e-21 0.0 73.38 0.0
S282832 326.6483 53.91 1.859e-17 1.567e-17 8.101e-18 0.001 70.72 0.0
S282833 326.6619 53.8812 1.005e-19 1.376e-19 1.886e-19 0.0 72.93 0.0
S282834 326.6767 53.9091 2.657e-16 1.983e-16 8.17e-17 0.0 71.2 0.0
S282835 326.6659 53.8804 8.978e-19 1.023e-18 9.752e-19 0.0 73.18 0.0
S282836 326.6844 53.8837 1.135e-19 1.644e-19 2.452e-19 0.0 73.23 0.0
S282837 326.6645 53.8939 1.896e-21 1.331e-21 4.531e-22 0.0 73.03 0.0
S282838 326.6592 53.8905 1.893e-17 2.98e-17 5.576e-17 0.0 72.17 0.0
S282839 326.6612 53.8947 1.3170000000000001e-20 2.139e-20 4.176e-20 0.0 71.79 0.0
S282840 326.6888 53.8958 5.554e-21 1.0050000000000001e-20 2.5490000000000002e-20 0.0 72.2 0.0
S282841 326.6878 53.8942 6.449e-19 7.322e-19 6.979e-19 0.0 73.39 0.0
S282842 326.6101 53.8933 1.13e-18 1.31e-18 1.256e-18 0.0 71.38 0.0
S282843 326.6437 53.8807 3.1049999999999996e-23 8.841999999999999e-23 5.585e-22 0.0 72.47 0.0
S282844 326.636 53.9189 2.05e-21 1.415e-21 4.738e-22 0.0 70.39 0.0
S282845 326.6573 53.8754 1.6630000000000001e-21 3.2780000000000002e-21 9.667e-21 0.0 73.23 0.0
S282846 326.694 53.8908 4.674e-18 4.718e-18 3.51e-18 0.0 73.46 0.0
S282847 326.6432 53.8945 2.71e-17 2.304e-17 1.248e-17 0.0 71.37 0.0
S282848 326.6668 53.8797 6.723999999999999e-23 1.7939999999999998e-22 9.933999999999999e-22 0.0 73.24 0.0
S282849 326.6822 53.9104 2.258e-17 1.97e-17 1.074e-17 0.0 71.44 1.0
S282850 326.646 53.9192 6.1139999999999995e-22 1.251e-21 4.064e-21 0.0 70.48 0.0
S282851 326.6719 53.9105 1.36e-18 1.487e-18 1.311e-18 0.0 71.09 0.0
S282852 326.645 53.8874 1.3230000000000001e-20 2.226e-20 4.6470000000000006e-20 0.0 72.96 0.0
S282853 326.6606 53.8753 2.479e-19 3.078e-19 3.449e-19 0.0 73.22 0.0
S282854 326.6829 53.9167 1.896e-21 3.794e-21 1.1400000000000001e-20 0.0 70.42 0.0
S282855 326.6542 53.9245 8.135e-18 7.37e-18 4.465e-18 0.0 70.44 0.0
S282856 326.6661 53.9005 1.5890000000000002e-20 2.6320000000000002e-20 5.2410000000000005e-20 0.0 71.35 0.0
S282857 326.6486 53.8932 3.3330000000000006e-26 1.8200000000000001e-25 4.578e-24 0.0 71.88 0.0
S282858 326.6777 53.8682 5.344e-17 1.116e-16 3.935e-16 0.0 73.36 1.0
S282859 326.6579 53.8858 1.174e-19 1.65e-19 2.352e-19 0.0 72.79 0.0
S282860 326.6064 53.8961 3.3549999999999996e-23 8.701e-23 4.559e-22 0.0 71.01 0.0
S282861 326.6753 53.8909 5.447e-18 5.5e-18 4.068e-18 0.0 73.12 0.0
S282862 326.6694 53.9032 4.384e-18 6.799e-18 1.206e-17 0.0 70.9 0.0
S282863 326.665 53.8499 5.516e-21 9.415000000000001e-21 1.9750000000000003e-20 0.0 73.43 0.0
S282864 326.6351 53.9076 6.729999999999999e-23 1.9239999999999998e-22 1.176e-21 0.0 70.91 0.0
S282865 326.6988 53.8846 2.247e-21 1.527e-21 5.130999999999999e-22 0.0 73.42 0.0
S282866 326.6916 53.8898 3.617e-17 7.023e-17 2.011e-16 0.0 72.82 0.0
S282867 326.6662 53.9017 3.946e-19 4.863e-19 5.351e-19 0.0 71.24 0.0
S282868 326.6784 53.8976 3.964e-16 2.826e-16 1.063e-16 0.0 72.0 0.0
S282869 326.6505 53.892 1.765e-23 4.969e-23 3.1279999999999995e-22 0.0 71.83 0.0
S282870 326.677 53.89 3.615e-21 6.466e-21 1.522e-20 0.0 73.03 0.0
S282871 326.6301 53.8654 6.675e-18 1.423e-17 4.949e-17 0.0 73.11 0.0
S282872 326.6716 53.9213 2.0920000000000003e-20 3.298e-20 6.046e-20 0.0 70.44 0.0
S282873 326.7134 53.8741 1.391e-18 1.544e-18 1.344e-18 0.0 73.38 0.0
S282874 326.6435 53.8986 2.547e-22 6.034999999999999e-22 2.704e-21 0.0 71.32 0.0
S282875 326.6742 53.914 1.8009999999999998e-23 5.527e-23 4.0499999999999996e-22 0.0 70.96 0.0
S282876 326.6482 53.9148 1.589e-17 2.695e-17 5.829e-17 0.0 70.6 0.0
S282877 326.6753 53.8863 6.567e-21 1.1310000000000001e-20 2.488e-20 0.0 73.1 0.0
S282878 326.6468 53.9084 3.614e-18 3.631e-18 2.556e-18 0.0 70.69 0.0
S282879 326.6297 53.8878 2.327e-17 2.042e-17 1.132e-17 0.0 71.83 0.0
S282880 326.6527 53.9259 2.308e-17 2.05e-17 1.161e-17 0.0 70.48 0.0
S282881 326.6381 53.8776 1.139e-17 1.908e-17 4.058e-17 0.0 72.73 0.0
S282882 326.6687 53.8903 1.74e-21 1.203e-21 4.1989999999999996e-22 0.0 72.53 0.0
S282883 326.6697 53.8725 4.5660000000000004e-20 6.787e-20 1.155e-19 0.0 73.36 0.0
S282884 326.6335 53.9022 3.281e-23 9.075999999999999e-23 5.488999999999999e-22 0.0 71.11 0.0
S282885 326.6546 53.8821 5.653e-13 4.184e-13 1.673e-13 0.0 73.17 0.0
S282886 326.6961 53.8734 1.682e-17 2.871e-17 6.071e-17 0.0 73.62 0.0
S282887 326.6859 53.9017 5.197e-18 4.942e-18 3.253e-18 0.0 71.92 0.0
S282888 326.6553 53.8751 2.258e-17 3.334e-17 5.39e-17 0.0 73.34 0.0
S282889 326.6526 53.9025 1.207e-21 8.766e-22 3.4689999999999995e-22 0.0 70.95 0.0
S282890 326.6697 53.894 2.709e-17 2.311e-17 1.18e-17 0.0 72.07 0.0
S282891 326.6814 53.8843 1.228e-17 2.141e-17 5.094e-17 0.0 73.07 0.0
S282892 326.6455 53.8895 1.548e-18 1.71e-18 1.552e-18 0.0 72.47 0.0
S282893 326.6937 53.9182 4.084e-18 3.881e-18 2.564e-18 0.0 71.07 0.0
S282894 326.6386 53.9206 7.215e-22 1.5650000000000001e-21 5.537e-21 0.0 70.25 0.0
S282895 326.6438 53.874 6.982e-24 2.1129999999999998e-23 1.526e-22 0.0 72.64 0.0
S282896 326.6526 53.8788 1.733e-18 1.956e-18 1.807e-18 0.0 72.67 0.0
S282897 326.6699 53.8924 6.1039999999999996e-24 2.052e-23 1.8209999999999998e-22 0.0 72.35 0.0
S282898 326.6417 53.8819 2.746e-23 7.554e-23 4.607999999999999e-22 0.0 72.36 0.0
S282899 326.6118 53.8931 1.265e-17 1.166e-17 7.345e-18 0.0 71.39 0.0
S282900 326.6387 53.889 1.008e-17 1.872e-17 4.924e-17 0.0 71.71 0.0
S282901 326.6695 53.8853 5.942e-13 5.745e-13 3.974e-13 0.0 72.81 1.0
S282902 326.6773 53.9029 1.444e-18 1.547e-18 1.303e-18 0.0 71.49 0.0
S282903 326.6906 53.8844 2.934e-20 4.402e-20 7.518000000000001e-20 0.0 72.71 1.0
S282904 326.6637 53.9223 1.216e-16 9.634e-17 4.368e-17 0.001 70.68 0.0
S282905 326.6641 53.9087 1.956e-13 1.342e-13 4.608e-14 0.0 71.23 0.0
S282906 326.6564 53.8893 2.662e-18 2.797e-18 2.16e-18 0.0 72.18 0.0
S282907 326.6731 53.8792 1.749e-21 1.233e-21 4.249e-22 0.0 73.02 0.0
S282908 326.6686 53.9004 3.09e-17 2.58e-17 1.337e-17 0.0 71.49 0.0
S282909 326.6516 53.8942 3.332e-17 2.724e-17 1.371e-17 0.0 71.12 0.0
S282910 326.6401 53.9125 2.681e-19 3.339e-19 3.841e-19 0.0 70.56 0.0
S282911 326.6733 53.8895 7.82e-19 8.556e-19 7.405e-19 0.0 72.68 0.0
S282912 326.6702 53.8873 3.326e-17 2.788e-17 1.418e-17 0.0 72.65 0.0
S282913 326.6699 53.8832 9.166e-19 1.027e-18 9.612e-19 0.0 72.83 0.0
S282914 326.7083 53.8935 3.999e-17 5.912e-17 9.538e-17 0.0 72.59 0.0
S282915 326.6927 53.8832 1.997e-17 1.79e-17 1.061e-17 0.0 73.12 0.0
S282916 326.6571 53.8877 7.723e-17 6.656e-17 3.479e-17 0.0 73.18 0.0
S282917 326.6683 53.885 1.432e-16 1.136e-16 5.203e-17 0.0 72.4 0.0
S282918 326.6439 53.9193 3.731e-17 7.448e-17 2.315e-16 0.0 70.39 0.0
S282919 326.6624 53.9006 3.629e-17 3.165e-17 1.745e-17 0.0 71.63 0.0
S282920 326.6863 53.8861 6.158e-18 5.927e-18 4.114e-18 0.0 73.13 0.0
S282921 326.6723 53.8808 1.864e-21 1.284e-21 4.565999999999999e-22 0.0 72.92 0.0
S282922 326.6682 53.873 5.759e-17 1.471e-16 7.511e-16 0.0 73.23 1.0
S282923 326.6718 53.898 1.84e-21 1.27e-21 4.388999999999999e-22 0.0 71.77 0.0
S282924 326.6588 53.9239 5.887e-20 8.534000000000001e-20 1.309e-19 0.0 70.35 0.0
S282925 326.6679 53.8654 5.195e-24 1.517e-23 9.8e-23 0.0 73.49 0.0
S282926 326.6542 53.8667 5.207e-17 4.148e-17 1.973e-17 0.0 73.46 0.0
S282927 326.6676 53.8787 5.945e-23 1.6489999999999997e-22 9.807e-22 0.0 73.19 0.0
S282928 326.6866 53.909 3.61e-19 4.418e-19 4.703e-19 0.0 71.44 0.0
S282929 326.663 53.8758 5.635e-18 5.326e-18 3.453e-18 0.0 73.16 0.0
S282930 326.6397 53.8909 1.151e-23 3.457e-23 2.413e-22 0.0 71.83 0.0
S282931 326.6711 53.8843 4.6410000000000005e-20 6.784000000000001e-20 1.062e-19 0.0 72.88 0.0
S282932 326.6602 53.9179 3.078e-19 3.781e-19 4.016e-19 0.0 70.61 0.0
S282933 326.6199 53.9022 4.298e-17 3.437e-17 1.615e-17 0.0 71.15 0.0
S282934 326.6487 53.9019 1.085e-17 1.033e-17 6.575e-18 0.0 71.2 0.0
S282935 326.6881 53.8957 7.963e-18 7.768e-18 5.311e-18 0.0 72.6 0.0
S282936 326.6374 53.9118 2.3e-19 2.827e-19 3.192e-19 0.0 70.54 0.0
S282937 326.6762 53.8818 2.89e-18 2.964e-18 2.277e-18 0.0 72.85 0.0
S282938 326.6338 53.8795 1.108e-17 1.033e-17 6.546e-18 0.0 72.42 0.0
S282939 326.6372 53.9098 8.249e-24 2.72e-23 2.345e-22 0.0 70.65 0.0
S282940 326.6513 53.9044 3.227e-24 1.0329999999999999e-23 8.253e-23 0.0 70.88 0.0
S282941 326.6755 53.8845 3.9659999999999996e-23 1.0889999999999998e-22 6.581999999999999e-22 0.0 72.88 0.0
S282942 326.6453 53.9068 2.648e-19 3.333e-19 3.868e-19 0.0 70.84 0.0
S282943 326.6503 53.9058 9.876999999999999e-22 7.479999999999999e-22 3.03e-22 0.0 70.98 0.0
S282944 326.6505 53.9043 1.708e-17 2.747e-17 5.207e-17 0.0 70.78 0.0
S282945 326.6791 53.8836 4.166e-19 4.887e-19 4.889e-19 0.0 72.79 0.0
S282946 326.6368 53.9083 3.136e-19 4e-19 4.675e-19 0.0 70.81 0.0
S282947 326.6764 53.8804 9.489e-19 1.171e-18 1.304e-18 0.0 72.92 0.0
S282948 326.6437 53.9069 3.541e-17 3.156e-17 1.778e-17 0.0 71.03 0.0
S282949 326.6859 53.8859 3.7579999999999995e-22 8.3869999999999995e-22 3.161e-21 0.0 72.98 0.0
S282950 326.6693 53.8829 1.238e-19 1.673e-19 2.251e-19 0.0 73.08 0.0
S282951 326.6481 53.9125 5.087e-19 5.987e-19 5.953e-19 0.0 70.74 0.0
S282952 326.6543 53.9065 1.833e-17 1.639e-17 9.36e-18 0.0 70.76 0.0
S282953 326.6784 53.8638 1.313e-17 1.175e-17 6.858e-18 0.0 73.5 0.0
S282954 326.6744 53.8744 3.4059999999999997e-22 8.168999999999999e-22 3.524e-21 0.0 73.24 0.0
S282955 326.6434 53.9071 7.5960000000000005e-25 3.103e-24 4.331e-23 0.0 70.75 0.0
S282956 326.6773 53.8778 1.814e-21 1.255e-21 4.381e-22 0.0 73.05 0.0
S282957 326.6438 53.9015 7.839e-21 1.306e-20 2.7230000000000004e-20 0.0 71.23 0.0
S282958 326.6799 53.8765 1.061e-24 3.921e-24 4.2429999999999997e-23 0.0 73.15 0.0
S282959 326.6424 53.9121 6.139e-19 7.151e-19 6.939e-19 0.0 70.74 0.0
S282960 326.6507 53.909 3.109e-17 4.94e-17 9.231e-17 0.0 70.68 0.0
S282961 326.6388 53.9148 1.575e-17 3.125e-17 9.197e-17 0.0 70.59 0.0
S282962 326.6492 53.9098 3.918e-17 7.786e-17 2.235e-16 0.0 70.81 0.0
S282963 326.6427 53.9139 6.34e-21 1.1030000000000001e-20 2.436e-20 0.0 70.6 0.0
S282964 326.6593 53.896 2.126e-17 1.915e-17 1.151e-17 0.0 71.54 0.0
S282965 326.6418 53.9176 1.534e-18 1.675e-18 1.462e-18 0.0 70.5 0.0
S282966 326.681 53.8804 1.253e-17 1.206e-17 8.142e-18 0.0 73.13 0.0
S282967 326.6452 53.9102 2.415e-20 3.6890000000000004e-20 6.196e-20 0.0 70.73 0.0
S282968 326.6357 53.9059 2.672e-19 3.345e-19 3.7e-19 0.0 70.98 0.0
S282969 326.6749 53.8878 2.415e-17 3.467e-17 5.376e-17 0.0 72.72 0.0
S282970 326.6861 53.8758 2.126e-17 1.878e-17 1.104e-17 0.0 73.03 0.0
S282971 326.6768 53.8832 1.24e-24 4.787e-24 5.763e-23 0.0 73.08 0.0
S282972 326.6723 53.8802 1.748e-18 1.889e-18 1.613e-18 0.0 73.1 0.0
S282973 326.68 53.8829 1.893e-22 4.0439999999999997e-22 1.462e-21 0.0 72.94 0.0
S282974 326.6403 53.9079 2.049e-17 1.845e-17 1.035e-17 0.0 70.87 0.0
S282975 326.6441 53.9021 1.687e-21 1.197e-21 4.2289999999999996e-22 0.0 71.11 0.0
S282976 326.6836 53.8864 9.391e-24 2.885e-23 2.132e-22 0.0 72.83 0.0
S282977 326.683 53.8819 2.31e-21 4.959e-21 1.7160000000000003e-20 0.0 72.98 0.0
S282978 326.6355 53.9218 2.597e-21 5.294e-21 1.7070000000000002e-20 0.0 70.45 0.0
S282979 326.6703 53.8842 5.42e-18 5.505e-18 4.184e-18 0.0 72.92 0.0
S282980 326.6708 53.8804 1.1530000000000001e-20 1.9520000000000002e-20 4.3020000000000005e-20 0.0 73.17 0.0
S282981 326.6333 53.9156 3.081e-21 5.752e-21 1.526e-20 0.0 70.86 0.0
S282982 326.6917 53.8717 1.178e-19 1.555e-19 1.986e-19 0.0 73.4 0.0
S282983 326.6822 53.8745 2.497e-21 4.704e-21 1.237e-20 0.0 73.23 0.0
S282984 326.6438 53.9069 2.126e-24 6.827e-24 5.766e-23 0.0 71.04 0.0
S282985 326.6417 53.9011 1.4e-20 2.287e-20 4.7e-20 0.0 71.29 0.0
S282986 326.6911 53.8898 3.048e-21 5.652e-21 1.429e-20 0.0 72.46 0.0
S282987 326.6378 53.9109 5.692e-17 4.506e-17 2.032e-17 0.0 70.71 0.0
S282988 326.6834 53.8798 1.186e-12 8.861e-13 3.614e-13 0.0 73.05 1.0
S282989 326.685 53.8827 3.141e-17 2.741e-17 1.496e-17 0.0 72.88 0.0
S282990 326.6466 53.9078 6.479999999999999e-22 1.414e-21 5.162e-21 0.0 70.74 0.0
S282991 326.6448 53.9102 1.133e-18 1.305e-18 1.279e-18 0.0 70.83 0.0
S282992 326.6682 53.8748 4.404e-18 4.353e-18 3.077e-18 0.0 73.27 0.0
S282993 326.6748 53.8811 2.14e-22 5.015e-22 2.098e-21 0.0 73.05 0.0
S282994 326.6774 53.8809 4.369e-18 4.476e-18 3.303e-18 0.0 72.99 0.0
S282995 326.6482 53.9102 8.838e-18 1.404e-17 2.622e-17 0.0 70.86 0.0
S282996 326.6357 53.91 6.6e-13 4.85e-13 1.924e-13 0.0 70.73 0.0
S282997 326.6826 53.8792 1.391e-16 1.107e-16 5.133e-17 0.0 73.01 0.0
S282998 326.6883 53.8828 3.062e-19 3.964e-19 4.813e-19 0.0 73.0 0.0
S282999 326.6364 53.9137 1.2850000000000001e-20 2.0300000000000003e-20 3.725e-20 0.0 70.8 0.0
S283000 326.6693 53.8935 1.112e-16 9.281e-17 4.537e-17 0.0 72.18 0.0
S283001 326.642 53.9054 5.589e-18 5.489e-18 3.809e-18 0.0 71.14 0.0
S283002 326.6379 53.9221 1.4010000000000002e-25 6.522e-25 1.1239999999999999e-23 0.0 70.42 0.0
S283003 326.645 53.9161 2.632e-17 2.293e-17 1.294e-17 0.001 70.49 0.0
S283004 326.6401 53.9125 6.891e-18 1.176e-17 2.693e-17 0.0 70.66 0.0
S283005 326.64 53.9091 6.251e-22 1.356e-21 4.779e-21 0.0 70.71 0.0
S283006 326.6742 53.8827 2.683e-23 7.604e-23 4.876999999999999e-22 0.0 72.95 0.0
S283007 326.6295 53.9109 4.517e-21 8.283e-21 2.125e-20 0.0 70.71 0.0
S283008 326.6884 53.8803 5.751e-21 1.0070000000000001e-20 2.3240000000000002e-20 0.0 72.96 0.0
S283009 326.6365 53.9085 8.156e-20 1.195e-19 1.842e-19 0.0 70.89 0.0
S283010 326.6409 53.9142 4.358e-21 7.569e-21 1.7310000000000002e-20 0.0 70.55 0.0
S283011 326.6751 53.8718 8.469e-19 9.602e-19 9.054e-19 0.0 73.41 0.0
S283012 326.6831 53.8684 8.286e-22 1.872e-21 7.129e-21 0.0 73.33 0.0
S283013 326.6866 53.8773 1.652e-19 2.182e-19 2.739e-19 0.0 73.0 0.0
S283014 326.6869 53.879 5.056e-18 7.946e-18 1.478e-17 0.0 72.91 0.0
S283015 326.6935 53.8834 1.656e-22 4.0149999999999997e-22 1.782e-21 0.0 72.81 0.0
S283016 326.6875 53.8688 3.526e-17 2.918e-17 1.489e-17 0.0 73.29 0.0
S283017 326.6887 53.8809 5.281e-23 1.5639999999999998e-22 1.03e-21 0.0 72.87 0.0
S283018 326.641 53.9075 3.154e-24 1.008e-23 8.015999999999999e-23 0.0 71.02 0.0
S283019 326.6481 53.9078 1.477e-17 2.295e-17 3.998e-17 0.0 70.86 0.0
S283020 326.679 53.878 5.4160000000000003e-20 7.754e-20 1.162e-19 0.0 73.0 0.0
S283021 326.6799 53.8676 6.555e-17 5.151e-17 2.355e-17 0.0 73.41 0.0
S283022 326.6411 53.9068 1.633e-19 2.076e-19 2.44e-19 0.0 70.97 0.0
S283023 326.6417 53.9065 4.353e-18 4.49e-18 3.366e-18 0.0 70.99 0.0
S283024 326.647 53.9156 3.177e-19 3.98e-19 4.644e-19 0.0 70.63 0.0
S283025 326.6815 53.8763 4.217e-20 6.026000000000001e-20 9.424000000000001e-20 0.0 73.24 0.0
S283026 326.6454 53.9094 1.934e-17 1.638e-17 8.584e-18 0.0 70.84 0.0
S283027 326.6771 53.8824 1.21e-18 1.302e-18 1.12e-18 0.0 72.96 0.0
S283028 326.6416 53.9072 3.339e-13 2.676e-13 1.214e-13 0.0 70.99 1.0
S283029 326.6901 53.868 1.711e-17 1.521e-17 8.911e-18 0.0 73.27 0.0
S283030 326.6461 53.9148 4.243e-19 5e-19 4.827e-19 0.0 70.56 0.0
S283031 326.6824 53.8784 3.908e-14 2.552e-14 7.957e-15 0.0 73.22 0.0
S283032 326.6839 53.8855 1.879e-21 3.784e-21 1.1860000000000001e-20 0.0 72.72 0.0
S283033 326.6411 53.9079 1.058e-22 2.776e-22 1.49e-21 0.0 71.03 0.0
S283034 326.6383 53.9123 5.974e-19 7.041e-19 7.027e-19 0.0 70.61 0.0
S283035 326.6971 53.8724 3.7799999999999994e-22 8.116999999999999e-22 2.77e-21 0.0 73.1 0.0
S283036 326.6194 53.9204 2.474e-20 3.7630000000000006e-20 6.627000000000001e-20 0.0 70.92 0.0
S283037 326.6482 53.907 1.327e-17 1.24e-17 7.62e-18 0.0 71.03 0.0
S283038 326.6394 53.9181 1.596e-16 1.214e-16 5.188e-17 0.0 70.58 1.0
S283039 326.6425 53.9069 1.143e-17 1.007e-17 5.61e-18 0.0 70.94 0.0
S283040 326.6782 53.8838 2.611e-21 4.973e-21 1.4130000000000002e-20 0.0 72.75 0.0
S283041 326.6877 53.8717 4.795e-19 5.652e-19 5.599e-19 0.0 73.25 0.0
S283042 326.6845 53.8646 1.254e-16 9.918e-17 4.474e-17 0.0 73.33 1.0
S283043 326.6241 53.9205 4.104e-19 4.684e-19 4.322e-19 0.0 70.66 0.0
S283044 326.634 53.9127 5.96e-16 1.541e-15 8.109e-15 0.001 70.87 1.0
S283045 326.6742 53.8753 2.008e-19 2.503e-19 2.897e-19 0.0 73.19 0.0
S283046 326.6368 53.92 1.0480000000000001e-20 1.8070000000000002e-20 4.0260000000000005e-20 0.0 70.54 0.0
S283047 326.6889 53.8742 8.046e-18 1.292e-17 2.48e-17 0.0 73.29 0.0
S283048 326.679 53.8735 1.423e-21 1.0180000000000001e-21 3.675e-22 0.0 73.31 0.0
S283049 326.6846 53.8668 6.72e-20 9.627e-20 1.45e-19 0.0 73.33 0.0
S283050 326.6335 53.9181 2.893e-19 3.543e-19 3.84e-19 0.0 70.62 0.0
S283051 326.63 53.9147 8.305000000000001e-20 1.065e-19 1.304e-19 0.0 70.74 0.0
S283052 326.6379 53.9164 1.508e-20 2.5160000000000003e-20 5.0750000000000006e-20 0.0 70.52 0.0
S283053 326.692 53.8676 4.982e-18 5e-18 3.677e-18 0.0 73.45 0.0
S283054 326.696 53.8737 7.971999999999999e-23 1.8759999999999998e-22 8.003e-22 0.0 73.07 0.0
S283055 326.6851 53.8725 1.2660000000000001e-20 1.926e-20 3.2740000000000005e-20 0.0 73.29 0.0
S283056 326.6945 53.8766 7.725e-20 1.092e-19 1.554e-19 0.0 73.05 0.0
S283057 326.6889 53.8835 1.266e-19 1.751e-19 2.401e-19 0.0 72.85 0.0
S283058 326.6429 53.9109 1.514e-17 2.242e-17 3.767e-17 0.0 70.78 0.0
S283059 326.6403 53.9108 1.111e-17 9.956e-18 6.049e-18 0.0 70.86 0.0
S283060 326.6401 53.9174 5.457e-13 3.993e-13 1.614e-13 0.0 70.7 0.0
S283061 326.6412 53.909 7.031e-20 9.989000000000001e-20 1.426e-19 0.0 70.81 0.0
S283062 326.6389 53.9069 1.5379999999999998e-23 4.056e-23 2.196e-22 0.0 70.99 0.0
S283063 326.6906 53.8731 1.033e-21 7.589e-22 3.0259999999999997e-22 0.0 73.23 0.0
S283064 326.6281 53.9131 1.7759999999999998e-22 4.239999999999999e-22 1.873e-21 0.0 70.87 0.0
S283065 326.6453 53.9062 7.176000000000001e-26 3.9500000000000003e-25 9.986e-24 0.0 71.11 0.0
S283066 326.6909 53.8715 1.712e-18 1.778e-18 1.341e-18 0.0 73.1 0.0
S283067 326.6366 53.9184 1.492e-21 1.085e-21 4.054e-22 0.0 70.63 0.0
S283068 326.6372 53.9148 2.06e-17 3.499e-17 7.578e-17 0.0 70.83 0.0
S283069 326.6428 53.9154 4.627e-21 8.82e-21 2.4060000000000003e-20 0.0 70.72 0.0
S283070 326.6417 53.9043 4.2890000000000005e-20 6.354000000000001e-20 9.983000000000001e-20 0.0 71.09 0.0
S283071 326.629 53.9156 1.025e-17 1.819e-17 4.429e-17 0.0 70.63 0.0
S283072 326.6161 53.9201 1.2530000000000002e-20 2.205e-20 5.1040000000000004e-20 0.0 70.7 0.0
S283073 326.6906 53.8741 1.506e-17 1.408e-17 9.082e-18 0.0 73.39 0.0
S283074 326.6292 53.9112 2.319e-18 2.373e-18 1.763e-18 0.0 70.76 0.0
S283075 326.6847 53.8761 2.41e-16 1.906e-16 8.506e-17 0.0 73.18 1.0
S283076 326.6866 53.8754 7.556e-17 6.329e-17 3.084e-17 0.0 72.94 0.0
S283077 326.6319 53.9232 2.254e-25 9.766e-25 1.461e-23 0.0 70.59 0.0
S283078 326.6382 53.9117 3.392e-22 7.864999999999999e-22 3.358e-21 0.0 70.81 0.0
S283079 326.6369 53.9122 1.231e-21 2.532e-21 8.153e-21 0.0 70.82 0.0
S283080 326.697 53.8635 4.498e-18 4.644e-18 3.503e-18 0.0 73.51 0.0
S283081 326.6348 53.9128 5.74e-24 1.726e-23 1.196e-22 0.0 70.82 0.0
S283082 326.6323 53.9206 1.096e-17 9.812e-18 5.856e-18 0.0 70.63 0.0
S283083 326.6412 53.9133 2.468e-21 4.459e-21 1.059e-20 0.0 70.71 0.0
S283084 326.6953 53.8687 6.033e-17 4.951e-17 2.334e-17 0.0 73.04 0.0
S283085 326.6255 53.928 2.866e-17 4.157e-17 6.586e-17 0.0 70.58 0.0
S283086 326.6314 53.9103 1.509e-19 1.895e-19 2.113e-19 0.0 70.79 0.0
S283087 326.6854 53.8811 3.06e-21 2.003e-21 6.358999999999999e-22 0.0 72.77 0.0
S283088 326.6314 53.9235 5.612e-21 9.917e-21 2.2890000000000003e-20 0.0 70.73 0.0
S283089 326.6867 53.8649 4.3500000000000005e-25 1.901e-24 2.847e-23 0.0 73.4 0.0
S283090 326.6883 53.8697 7.1089999999999995e-22 1.597e-21 6.048e-21 0.0 73.25 0.0
S283091 326.6349 53.9122 7.731000000000001e-20 1.118e-19 1.654e-19 0.0 70.87 0.0
S283092 326.6911 53.8797 2.055e-23 5.426999999999999e-23 2.867e-22 0.0 72.9 0.0
S283093 326.6924 53.8743 1.4250000000000001e-21 1.017e-21 3.7069999999999995e-22 0.0 73.13 0.0
S283094 326.6268 53.916 1.577e-16 1.257e-16 5.922e-17 0.0 70.62 0.0
S283095 326.6957 53.8697 3.017e-18 3.032e-18 2.137e-18 0.001 73.31 0.0
S283096 326.6397 53.91 6.724e-21 1.185e-20 2.762e-20 0.0 70.82 0.0
S283097 326.629 53.9158 3.247e-18 3.533e-18 2.891e-18 0.0 70.74 0.0
S283098 326.6273 53.9155 1.475e-19 1.942e-19 2.37e-19 0.0 70.7 0.0
S283099 326.6835 53.8651 1.779e-18 1.958e-18 1.708e-18 0.0 73.5 0.0
S283100 326.6901 53.8735 1.361e-23 4.279e-23 3.3499999999999995e-22 0.0 73.22 0.0
S283101 326.6316 53.9213 1.456e-16 1.105e-16 4.581e-17 0.0 70.56 1.0
S283102 326.631 53.9274 2.225e-17 1.956e-17 1.083e-17 0.0 70.49 0.0
S283103 326.6345 53.9151 1.017e-17 1.537e-17 2.549e-17 0.0 70.59 0.0
S283104 326.6875 53.8726 9.674e-18 1.536e-17 3e-17 0.0 73.02 0.0
S283105 326.6342 53.9166 1.761e-17 1.588e-17 9.329e-18 0.0 70.78 0.0
S283106 326.6327 53.9196 4.629e-17 9.831e-17 3.514e-16 0.0 70.69 1.0
S283107 326.6246 53.9228 2.3310000000000002e-20 3.4680000000000004e-20 5.626000000000001e-20 0.0 70.63 0.0
S283108 326.6871 53.8759 2.0920000000000003e-20 3.1490000000000005e-20 5.2810000000000007e-20 0.0 73.09 0.0
S283109 326.6822 53.879 5.779e-17 1.024e-16 2.427e-16 0.0 72.92 0.0
S283110 326.6876 53.8732 1.522e-16 1.164e-16 4.802e-17 0.0 73.07 1.0
S283111 326.6949 53.8682 2.325e-24 7.381e-24 5.949999999999999e-23 0.0 73.27 0.0
S283112 326.6218 53.9191 8.119e-21 1.2830000000000001e-20 2.4130000000000003e-20 0.0 70.74 0.0
S283113 326.6848 53.8688 4.505e-21 7.557e-21 1.6240000000000002e-20 0.0 73.33 0.0
S283114 326.6977 53.8689 1.471e-16 1.169e-16 5.464e-17 0.0 73.28 0.0
S283115 326.6293 53.922 1.9140000000000002e-20 3.1230000000000004e-20 6.442e-20 0.0 70.67 0.0
S283116 326.7039 53.8709 2.283e-13 1.627e-13 6.006e-14 0.0 73.17 0.0
S283117 326.635 53.9165 9.708e-18 8.949e-18 5.584e-18 0.0 70.69 0.0
S283118 326.6376 53.9224 2.083e-17 1.87e-17 1.08e-17 0.0 70.44 0.0
S283119 326.6878 53.8635 2.177e-22 5.314e-22 2.393e-21 0.0 73.43 0.0
S283120 326.6304 53.9122 1.559e-17 2.586e-17 5.167e-17 0.0 70.82 0.0
S283121 326.6838 53.8722 1.1579999999999999e-23 3.382e-23 2.331e-22 0.0 73.15 0.0
S283122 326.6254 53.925 3.942e-21 7.539e-21 2.035e-20 0.0 70.58 0.0
S283123 326.6974 53.8645 2.601e-19 3.32e-19 3.913e-19 0.0 73.25 0.0
S283124 326.6276 53.9192 1.676e-17 1.472e-17 8.075e-18 0.0 70.53 0.0
S283125 326.6232 53.9276 8.763e-22 1.707e-21 4.924e-21 0.0 70.66 0.0
S283126 326.7041 53.86 3.216e-17 2.747e-17 1.44e-17 0.0 73.19 0.0
S283127 326.6242 53.9221 2.227e-17 1.896e-17 9.576e-18 0.0 70.59 0.0
S283128 326.7037 53.8612 5.616e-20 8.029000000000001e-20 1.197e-19 0.0 73.24 0.0
S283129 326.6308 53.9144 2.265e-22 5.806e-22 2.847e-21 0.0 70.8 0.0
S283130 326.7022 53.8691 4.983e-21 9.064e-21 2.187e-20 0.0 72.96 0.0
S283131 326.6297 53.9247 2.19e-23 7.249999999999999e-23 6.222e-22 0.0 70.37 0.0
S283132 326.6311 53.9194 2.835e-22 6.595999999999999e-22 2.73e-21 0.0 70.74 0.0
S283133 326.6188 53.9226 1.304e-18 1.352e-18 1.063e-18 0.0 70.64 0.0
S283134 326.6196 53.9225 6.951e-18 6.506e-18 4.124e-18 0.0 70.6 0.0
S283135 326.6267 53.9202 9.078000000000001e-20 1.261e-19 1.783e-19 0.0 70.77 0.0
S283136 326.6945 53.8624 1.404e-17 1.275e-17 7.493e-18 0.0 73.32 0.0
S283137 326.69 53.8731 4.092e-13 3.451e-13 1.714e-13 0.0 73.22 1.0
S283138 326.6244 53.9319 2.0680000000000003e-20 3.23e-20 5.895000000000001e-20 0.0 70.61 0.0
S283139 326.6862 53.8789 8.111e-17 2.096e-16 1.12e-15 0.0 73.0 1.0
S283140 326.7054 53.865 3.89e-18 3.967e-18 2.978e-18 0.0 73.11 0.0
S283141 326.6286 53.9214 5.3670000000000004e-21 9.615e-21 2.3340000000000003e-20 0.0 70.78 0.0
S283142 326.6162 53.9288 2.1710000000000003e-20 3.5720000000000004e-20 7.345000000000001e-20 0.0 70.67 0.0
S283143 326.7 53.858 1.653e-17 2.471e-17 4.059e-17 0.001 73.32 0.0
S283144 326.6193 53.9175 6.921e-21 1.237e-20 3.031e-20 0.0 70.71 0.0
S283145 326.6349 53.9207 2.522e-21 4.834e-21 1.325e-20 0.0 70.62 0.0
S283146 326.6944 53.8714 1.081e-22 2.992e-22 1.759e-21 0.0 73.05 1.0
S283147 326.6219 53.918 8.769999999999999e-23 2.241e-22 1.121e-21 0.0 70.79 0.0
S283148 326.6241 53.9265 2.158e-18 2.17e-18 1.585e-18 0.0 70.53 0.0
S283149 326.6196 53.9419 6.711e-13 4.826e-13 1.757e-13 0.0 70.44 0.0
S283150 326.692 53.8787 1.867e-17 1.698e-17 1.004e-17 0.0 72.93 0.0
S283151 326.6296 53.9215 1.121e-25 5.285000000000001e-25 9.844e-24 0.0 70.59 0.0
S283152 326.6298 53.921 2.759e-20 4.188e-20 7.064e-20 0.0 70.6 0.0
S283153 326.6857 53.8735 4.1119999999999995e-23 1.118e-22 6.5739999999999995e-22 0.0 73.05 0.0
S283154 326.6244 53.9269 5.02e-21 9.165e-21 2.3580000000000003e-20 0.0 70.44 0.0
S283155 326.6957 53.8711 7.916e-13 5.929e-13 2.41e-13 0.0 72.96 0.0
S283156 326.6135 53.9212 1.68e-18 1.799e-18 1.51e-18 0.0 70.86 0.0
S283157 326.7138 53.8569 2.065e-21 1.432e-21 4.834999999999999e-22 0.0 73.22 0.0
S283158 326.6237 53.9359 3.952e-19 4.793e-19 5.096e-19 0.0 70.56 1.0
S283159 326.6991 53.8691 2.503e-24 7.929e-24 6.532e-23 0.0 73.05 0.0
S283160 326.6111 53.9371 1.4679999999999998e-23 4.4629999999999995e-23 3.14e-22 0.0 70.66 1.0
S283161 326.6163 53.9355 9.306999999999999e-23 2.3999999999999996e-22 1.299e-21 0.0 70.69 0.0
S283162 326.699 53.8705 5.936e-17 4.889e-17 2.462e-17 0.0 72.98 0.0
S283163 326.619 53.9179 1.302e-21 9.527e-22 3.6e-22 0.0 70.65 0.0
S283164 326.7013 53.8639 1.832e-21 1.28e-21 4.415999999999999e-22 0.0 73.18 0.0
S283165 326.6241 53.927 8.211e-19 8.643e-19 6.984e-19 0.0 70.64 0.0
S283166 326.6184 53.9261 2.676e-19 3.319e-19 3.611e-19 0.0 70.61 0.0
S283167 326.6184 53.9341 4.986e-18 4.55e-18 2.731e-18 0.0 70.51 0.0
S283168 326.6173 53.9296 4.305e-22 8.889999999999998e-22 2.859e-21 0.0 70.43 0.0
S283169 326.6984 53.8743 1.5419999999999998e-22 3.927e-22 1.992e-21 0.0 73.13 0.0
S283170 326.7109 53.8527 2.26e-16 1.864e-16 8.914e-17 0.0 73.33 0.0
S283171 326.6192 53.9363 1.343e-21 2.653e-21 8.167e-21 0.0 70.38 0.0
S283172 326.6258 53.9282 5.29e-17 4.394e-17 2.244e-17 0.0 70.5 0.0
S283173 326.715 53.8574 4.835e-18 4.673e-18 3.207e-18 0.0 73.32 0.0
S283174 326.705 53.8685 5.392e-17 9.845e-17 2.424e-16 0.0 73.1 0.0
S283175 326.6212 53.9182 8.386e-23 2.0129999999999997e-22 8.853e-22 0.0 70.74 0.0
S283176 326.6124 53.9296 2.39e-22 5.734e-22 2.443e-21 0.0 70.59 0.0
S283177 326.6999 53.8558 1.228e-19 1.672e-19 2.272e-19 0.0 73.18 0.0
S283178 326.698 53.8616 2.615e-20 4.015e-20 7.213e-20 0.0 73.45 0.0
S283179 326.7082 53.8611 1.481e-20 2.3590000000000002e-20 4.512e-20 0.0 73.43 0.0
S283180 326.6193 53.9231 2.567e-22 5.657e-22 2.133e-21 0.0 70.69 0.0
S283181 326.6925 53.8688 1.582e-22 4.275e-22 2.462e-21 0.0 73.16 0.0
S283182 326.7069 53.8593 6.709e-19 7.565e-19 7.05e-19 0.0 73.22 0.0
S283183 326.6161 53.9339 7.853e-17 1.27e-16 2.476e-16 0.0 70.61 0.0
S283184 326.7053 53.8674 8.239e-19 9.023e-19 8.154e-19 0.0 73.13 0.0
S283185 326.7085 53.8589 9.034999999999999e-23 2.307e-22 1.206e-21 0.0 73.16 0.0
S283186 326.6922 53.8672 4.4750000000000005e-20 6.396000000000001e-20 9.703000000000001e-20 0.0 73.11 0.0
S283187 326.6209 53.9214 1.513e-17 1.359e-17 8.125e-18 0.0 70.65 0.0
S283188 326.7116 53.8592 2.151e-17 1.941e-17 1.117e-17 0.0 73.28 0.0
S283189 326.6193 53.9352 8.569e-19 9.412e-19 8.342e-19 0.0 70.55 0.0
S283190 326.6164 53.9309 1.263e-22 3.3349999999999995e-22 1.851e-21 0.0 70.76 0.0
S283191 326.6222 53.9292 7.422e-18 6.846e-18 4.247e-18 0.0 70.56 0.0
S283192 326.6192 53.9309 5.521e-25 2.134e-24 2.6279999999999998e-23 0.0 70.59 0.0
S283193 326.6136 53.9217 7.244e-21 1.173e-20 2.3040000000000002e-20 0.0 70.84 0.0
S283194 326.7115 53.8487 7.352e-18 6.896e-18 4.427e-18 0.0 73.32 0.0
S283195 326.7072 53.8564 1.2899999999999998e-22 3.4649999999999997e-22 1.9170000000000002e-21 0.0 73.27 0.0
S283196 326.62 53.93 9.179e-23 2.4249999999999997e-22 1.322e-21 0.0 70.71 0.0
S283197 326.7105 53.8572 7.142e-18 1.266e-17 2.966e-17 0.0 73.22 0.0
S283198 326.7072 53.8583 1.0910000000000001e-20 1.836e-20 3.9720000000000004e-20 0.0 73.16 0.0
S283199 326.6127 53.9333 2.623e-17 5.997e-17 2.437e-16 0.0 70.59 1.0
S283200 326.6063 53.9252 2.776e-20 4.052e-20 6.556e-20 0.0 70.8 0.0
S283201 326.6999 53.8632 1.917e-18 2.074e-18 1.782e-18 0.0 73.19 0.0
S283202 326.6028 53.9338 4.966999999999999e-22 9.549999999999999e-22 2.694e-21 0.0 70.56 0.0
S283203 326.6088 53.9309 5.698e-25 2.351e-24 3.1669999999999997e-23 0.0 70.73 0.0
S283204 326.6068 53.9359 7.402e-18 7.121e-18 4.718e-18 0.0 70.68 0.0
S283205 326.7116 53.8579 5.12e-22 1.055e-21 3.384e-21 0.0 73.31 0.0
S283206 326.6092 53.9385 1.9290000000000002e-21 1.362e-21 4.740999999999999e-22 0.0 70.71 0.0
S283207 326.617 53.939 1.264e-24 4.655e-24 4.903e-23 0.0 70.57 0.0
S283208 326.7089 53.8497 3.0559999999999996e-23 8.084e-23 4.1859999999999997e-22 0.0 73.34 0.0
S283209 326.7045 53.8607 7.859999999999999e-22 1.763e-21 6.672e-21 0.0 73.27 0.0
S283210 326.6212 53.9327 1.495e-17 1.333e-17 7.392e-18 0.0 70.64 0.0
S283211 326.7169 53.8526 2.0960000000000002e-20 3.5500000000000005e-20 7.668000000000001e-20 0.0 73.35 0.0
S283212 326.705 53.8608 1.5239999999999998e-22 3.9069999999999995e-22 2.007e-21 0.0 73.02 0.0
S283213 326.709 53.8591 1.843e-17 1.605e-17 8.943e-18 0.0 73.35 0.0
S283214 326.6052 53.9418 1.347e-19 1.86e-19 2.63e-19 0.0 70.54 0.0
S283215 326.7084 53.8523 7.764e-19 8.62e-19 8.014e-19 0.0 73.24 0.0
S283216 326.7051 53.8533 2.98e-18 3.22e-18 2.661e-18 0.0 73.29 0.0
S283217 326.6011 53.9312 7.16e-21 1.1890000000000002e-20 2.3860000000000002e-20 0.0 70.77 0.0
S283218 326.6153 53.9349 1.744e-17 3.474e-17 1.081e-16 0.0 70.5 0.0
S283219 326.6222 53.9386 1.008e-19 1.391e-19 1.979e-19 0.0 70.33 0.0
S283220 326.7128 53.858 1.194e-17 1.733e-17 2.724e-17 0.0 73.19 0.0
S283221 326.6137 53.9364 2.576e-18 2.907e-18 2.73e-18 0.0 70.56 0.0
S283222 326.6143 53.9327 5.803e-19 6.95e-19 7.133e-19 0.0 70.54 0.0
S283223 326.7169 53.8535 7.567e-19 9.01e-19 9.184e-19 0.0 73.32 0.0
S283224 326.6063 53.9412 8.225e-19 9.52e-19 9.446e-19 0.0 70.61 0.0
S283225 326.6146 53.9301 3.293e-20 5.3790000000000005e-20 1.032e-19 0.0 70.75 0.0
S283226 326.7185 53.8615 1.705e-20 2.9e-20 6.252e-20 0.0 73.07 0.0
S283227 326.7152 53.8517 2.687e-22 6.033999999999999e-22 2.336e-21 0.0 73.23 0.0
S283228 326.7104 53.8541 1.671e-21 1.181e-21 4.252999999999999e-22 0.0 73.14 0.0
S283229 326.6096 53.9382 1.008e-17 1.853e-17 4.816e-17 0.0 70.68 0.0
S283230 326.7148 53.8544 1.728e-18 1.926e-18 1.718e-18 0.0 73.15 0.0
S283231 326.7119 53.851 1.877e-23 4.9119999999999996e-23 2.659e-22 0.0 73.34 0.0
S283232 326.6023 53.9421 1.101e-20 1.867e-20 4.031e-20 0.0 70.7 0.0
S283233 326.6106 53.9344 4.564e-24 1.465e-23 1.2049999999999999e-22 0.0 70.41 0.0
S283234 326.7084 53.8426 4.641e-13 3.242e-13 1.107e-13 0.0 73.36 0.0
S283235 326.712 53.8514 8.298000000000001e-20 1.167e-19 1.695e-19 0.0 73.39 0.0
S283236 326.6006 53.9441 3.135e-18 3.366e-18 2.694e-18 0.0 70.45 0.0
S283237 326.7065 53.8558 6.62e-19 7.854e-19 7.961e-19 0.0 73.33 0.0
S283238 326.7147 53.853 2.9009999999999998e-22 7.193999999999999e-22 3.583e-21 0.0 73.13 0.0
S283239 326.731 53.8504 1.641e-21 3.31e-21 1.0410000000000001e-20 0.0 73.31 0.0
S283240 326.7104 53.8519 2.997e-17 2.709e-17 1.586e-17 0.0 73.26 0.0
S283241 326.661 53.8947 3.758e-15 2.507e-15 8.268e-16 0.0 69.03 0.0
S283242 326.661 53.8944 3.77e-16 2.722e-16 1.011e-16 0.0 70.21 0.0
S283243 326.6105 53.9381 1.824e-21 1.261e-21 4.3009999999999995e-22 0.0 70.51 0.0
S283244 326.7093 53.8519 3.258e-17 2.625e-17 1.239e-17 0.0 73.28 0.0
S283245 326.6107 53.9364 4.644e-18 4.508e-18 3.13e-18 0.0 70.55 0.0
S283246 326.6073 53.9379 1.047e-16 8.143e-17 3.58e-17 0.0 70.52 1.0
S283247 326.6081 53.9389 6.936e-17 5.662e-17 2.682e-17 0.0 70.45 0.0
S283248 326.6136 53.9334 4.244e-16 3.192e-16 1.279e-16 0.0 70.7 0.0
S283249 326.7128 53.8541 1.024e-14 7.062e-15 2.401e-15 0.0 73.2 0.0
S283250 326.7095 53.8551 2.207e-16 1.651e-16 6.757e-17 0.0 73.25 1.0
S283251 326.6084 53.9325 6e-19 7.029e-19 7.158e-19 0.0 70.54 0.0
S283252 326.6074 53.9341 3.171e-17 2.728e-17 1.479e-17 0.0 70.61 0.0
S283253 326.7162 53.8558 7.995e-16 5.915e-16 2.333e-16 0.0 73.29 0.0
S283254 326.7141 53.8571 4.199e-17 3.508e-17 1.769e-17 0.0 73.19 0.0
S283255 326.7178 53.8535 1.714e-17 3.826e-17 1.417e-16 0.0 73.2 0.0
S283256 326.6092 53.9286 7.182e-15 4.798e-15 1.567e-15 0.0 70.82 0.0
S283257 326.6071 53.9296 2.979e-18 3.183e-18 2.542e-18 0.0 70.73 0.0
S283258 326.7172 53.8595 1.239e-17 1.106e-17 6.514e-18 0.0 73.25 0.0
S283259 326.7195 53.8581 2.345e-19 2.93e-19 3.318e-19 0.0 73.11 0.0
S283260 326.5997 53.9315 7.841e-17 1.78e-16 7.096e-16 0.0 70.7 1.0
S283261 326.6036 53.9281 3.485e-16 2.584e-16 1.008e-16 0.0 70.69 0.0
S283262 326.5987 53.9298 1.787e-17 1.606e-17 9.066e-18 0.0 70.85 0.0
S283263 326.599 53.9311 5.109e-16 3.766e-16 1.513e-16 0.0 70.75 0.0
S283264 326.604 53.9242 1.864e-17 1.77e-17 1.197e-17 0.0 70.86 0.0
S283265 326.7194 53.864 9.418e-16 6.661e-16 2.365e-16 0.0 72.95 0.0
S283266 326.603 53.9231 1.503e-15 1.05e-15 3.705e-16 0.0 71.0 0.0
S283267 326.718 53.8677 9.18e-13 6.749e-13 2.684e-13 0.0 72.96 0.0
S283268 326.7197 53.8655 2.353e-17 1.985e-17 1.023e-17 0.0 72.93 0.0
S283269 326.7188 53.8697 1.502e-15 1.062e-15 3.822e-16 0.0 72.99 0.0
S283270 326.5996 53.9222 2.387e-21 1.598e-21 5.156999999999999e-22 0.0 70.91 0.0
S283271 326.6012 53.9183 3.559e-17 2.921e-17 1.426e-17 0.0 71.02 0.0
S283272 326.6014 53.9187 3.408e-16 2.655e-16 1.177e-16 0.0 71.0 0.0
S283273 326.5991 53.918 1.028e-12 7.542e-13 3.001e-13 0.0 71.09 0.0
S283274 326.7251 53.8699 5.679e-17 4.851e-17 2.67e-17 0.0 72.88 0.0
S283275 326.6029 53.9106 7.786e-13 6.599e-13 3.396e-13 0.0 71.19 1.0
S283276 326.5932 53.9196 1.537e-16 1.213e-16 5.594e-17 0.0 71.02 1.0
S283277 326.7269 53.8724 1.079e-16 9.056e-17 4.479e-17 0.0 72.76 0.0
S283278 326.7214 53.8771 4.56e-16 3.407e-16 1.365e-16 0.0 72.9 0.0
S283279 326.7264 53.8767 2.095e-16 1.661e-16 7.322e-17 0.0 72.9 1.0
S283280 326.5996 53.9107 8.391e-16 6.02e-16 2.198e-16 0.0 71.28 0.0
S283281 326.5986 53.9091 3.749e-17 3.288e-17 1.832e-17 0.0 71.26 0.0
S283282 326.721 53.8835 3.87e-18 7.923e-18 2.518e-17 0.0 72.48 0.0
S283283 326.7245 53.882 1.373e-16 1.08e-16 4.792e-17 0.0 72.47 0.0
S283284 326.7238 53.8834 1.703e-16 1.297e-16 5.529e-17 0.0 72.46 1.0
S283285 326.5948 53.9062 1.413e-16 1.128e-16 5.19e-17 0.0 71.33 0.0
S283286 326.5977 53.9041 2.794e-16 2.087e-16 8.177e-17 0.0 71.31 0.0
S283287 326.7227 53.8886 3.579e-17 3.096e-17 1.645e-17 0.0 72.34 0.0
S283288 326.5969 53.9005 2.118e-13 1.458e-13 4.887e-14 0.0 71.42 0.0
S283289 326.5981 53.8975 2.842e-15 1.946e-15 6.764e-16 0.0 71.57 0.0
S283290 326.7232 53.8917 8.076e-16 5.922e-16 2.241e-16 0.0 72.46 0.0
S283291 326.5957 53.8935 7.088e-15 4.803e-15 1.561e-15 0.0 71.5 0.0
S283292 326.5946 53.8964 7.884e-13 5.789e-13 2.277e-13 0.0 71.62 0.0
S283293 326.7252 53.8928 8.151e-16 6.001e-16 2.401e-16 0.0 72.25 0.0
S283294 326.5944 53.8943 3.451e-13 2.383e-13 8.089e-14 0.0 71.48 0.0
S283295 326.724 53.8987 1.114e-17 1.949e-17 4.547e-17 0.0 72.15 0.0
S283296 326.6007 53.8918 1.864e-16 1.43e-16 6.107e-17 0.0 71.65 1.0
S283297 326.602 53.8879 6.875e-18 6.41e-18 4.011e-18 0.001 71.75 1.0
S283298 326.5982 53.8896 2.304e-13 2.835e-13 3.194e-13 0.0 71.69 0.0
S283299 326.723 53.9022 2.75e-17 2.369e-17 1.279e-17 0.0 72.07 0.0
S283300 326.7243 53.9055 7.608e-17 6.172e-17 2.921e-17 0.0 72.12 0.0
S283301 326.7262 53.9052 4.135e-16 3.11e-16 1.246e-16 0.0 72.09 0.0
S283302 326.5989 53.8808 2.037e-16 1.595e-16 6.832e-17 0.0 71.84 1.0
S283303 326.5976 53.8846 3.218e-17 2.678e-17 1.303e-17 0.0 71.79 0.0
S283304 326.5976 53.8793 2.382e-17 4.592e-17 1.26e-16 0.0 71.97 0.0
S283305 326.7242 53.9129 1.328e-15 9.495e-16 3.532e-16 0.0 72.01 0.0
S283306 326.5982 53.8755 5.79e-17 4.744e-17 2.36e-17 0.0 72.26 0.0
S283307 326.5978 53.8738 3.58e-16 2.775e-16 1.221e-16 0.0 72.01 0.0
S283308 326.6015 53.87 1.059e-14 4.148e-14 4.93e-13 0.0 72.09 0.0
S283309 326.6004 53.8709 2.588e-16 2.091e-16 9.978e-17 0.0 72.21 0.0
S283310 326.7236 53.9237 8.617e-17 7.278e-17 3.682e-17 0.0 71.53 0.0
S283311 326.6033 53.867 6.045e-13 4.977e-13 2.437e-13 0.0 72.05 1.0
S283312 326.7181 53.9232 2.481e-15 1.739e-15 6.072e-16 0.0 71.68 0.0
S283313 326.6026 53.8602 1.531e-15 1.156e-15 4.592e-16 0.0 72.3 0.0
S283314 326.6045 53.8554 3.417e-18 5.483e-18 1.088e-17 0.0 72.4 0.0
S283315 326.6012 53.8624 4.141e-15 2.901e-15 1.03e-15 0.0 72.35 0.0
S283316 326.7162 53.9279 1.681e-17 1.515e-17 9.064e-18 0.0 71.74 0.0
S283317 326.7157 53.9289 1.255e-17 2.108e-17 4.313e-17 0.0 71.39 0.0
S283318 326.7159 53.9417 9.948e-16 7.316e-16 2.794e-16 0.0 71.32 0.0
S283319 326.6077 53.8493 2.435e-18 2.585e-18 2.079e-18 0.0 72.41 0.0
S283320 326.6054 53.8462 7.66e-16 5.597e-16 2.106e-16 0.0 72.46 0.0
S283321 326.7108 53.9453 3.891e-16 2.882e-16 1.166e-16 0.0 71.35 0.0
S283322 326.7136 53.9409 2.949e-17 2.578e-17 1.362e-17 0.0 71.33 0.0
S283323 326.613 53.8474 2.992e-16 2.238e-16 9.139e-17 0.0 72.6 0.0
S283324 326.6133 53.8435 3.008e-16 2.235e-16 8.898e-17 0.0 72.59 0.0
S283325 326.613 53.838 9.177e-16 6.336e-16 2.207e-16 0.0 72.83 0.0
S283326 326.6159 53.8407 3.336e-17 4.883e-17 7.928e-17 0.0 72.77 0.0
S283327 326.7076 53.9552 8.095e-17 6.577e-17 3.174e-17 0.0 70.82 0.0
S283328 326.7035 53.9541 1.139e-15 8.042e-16 2.863e-16 0.0 70.88 0.0
S283329 326.6175 53.8303 1.776e-17 3.089e-17 7.097e-17 0.0 72.96 0.0
S283330 326.622 53.8326 7.656e-13 7.435e-13 5.155e-13 0.0 72.98 1.0
S283331 326.6232 53.8296 4.768e-16 3.492e-16 1.302e-16 0.0 73.01 0.0
S283332 326.6262 53.8318 3.538e-15 2.488e-15 8.784e-16 0.0 73.03 0.0
S283333 326.6271 53.8282 7.346e-16 4.915e-16 1.633e-16 0.0 72.94 0.0
S283334 326.6252 53.824 6.483e-19 8.244e-19 9.72e-19 0.0 72.94 0.0
S283335 326.6283 53.822 1.681e-16 1.333e-16 5.935e-17 0.0 73.07 1.0
S283336 326.6294 53.815 8.051e-18 1.275e-17 2.413e-17 0.0 73.17 0.0
S283337 326.6333 53.8209 3.073e-18 3.255e-18 2.609e-18 0.0 73.16 0.0
S283338 326.689 53.9732 2.594e-16 2.026e-16 9.14e-17 0.0 70.8 1.0
S283339 326.6354 53.8147 6.35e-13 4.966e-13 2.192e-13 0.0 73.34 1.0
S283340 326.6864 53.9765 4.4970000000000004e-20 6.336e-20 9.242000000000001e-20 0.0 70.43 0.0
S283341 326.6412 53.8153 3.075e-19 3.978e-19 5.005e-19 0.0 73.35 0.0
S283342 326.6418 53.8098 9.387e-18 1.636e-17 3.537e-17 0.0 73.4 0.0
S283343 326.6786 53.9793 4.417e-16 3.22e-16 1.23e-16 0.0 70.39 0.0
S283344 326.679 53.9827 3.924e-16 2.876e-16 1.109e-16 0.0 70.4 0.0
S283345 326.6485 53.8048 5.793e-16 4.182e-16 1.544e-16 0.0 73.54 0.0
S283346 326.6721 53.9799 7.625e-17 6.204e-17 2.889e-17 0.0 70.38 0.0
S283347 326.652 53.8048 4.577e-16 3.356e-16 1.293e-16 0.0 73.55 0.0
S283348 326.6512 53.8007 3.287e-17 2.845e-17 1.548e-17 0.0 73.53 0.0
S283349 326.6571 53.7956 1.05e-15 7.772e-16 3.014e-16 0.0 73.54 0.0
S283350 326.6575 53.8022 4.248e-17 1.017e-16 4.502e-16 0.0 73.54 1.0
S283351 326.6572 53.7948 8.369e-15 5.721e-15 1.884e-15 0.0 73.44 0.0
S283352 326.6581 53.9928 7.712e-17 6.064e-17 2.713e-17 0.0 70.22 0.0
S283353 326.6646 53.7972 7.007e-16 5.086e-16 1.93e-16 0.0 73.61 0.0
S283354 326.6632 53.7935 3.049e-15 2.03e-15 6.676e-16 0.0 73.55 0.0
S283355 326.6738 53.793 4.412e-16 3.337e-16 1.38e-16 0.0 73.63 0.0
S283356 326.6512 53.9927 6.648e-18 6.478e-18 4.324e-18 0.0 70.16 0.0
S283357 326.6444 53.9988 3.085e-17 2.632e-17 1.405e-17 0.0 70.05 0.0
S283358 326.6801 53.792 1.94e-21 1.343e-21 4.665e-22 0.0 73.75 0.0
S283359 326.6413 53.9971 2.721e-17 2.217e-17 1.048e-17 0.0 69.98 0.0
S283360 326.6828 53.7923 1.357e-17 1.248e-17 7.573e-18 0.0 73.81 0.0
S283361 326.6842 53.7899 3.998e-18 7.952e-18 2.351e-17 0.0 73.88 0.0
S283362 326.6332 53.9943 7.588e-16 5.71e-16 2.266e-16 0.0 70.11 0.0
S283363 326.6912 53.7883 7.212e-18 7.793e-18 6.271e-18 0.0 73.87 0.0
S283364 326.6926 53.7895 2.049e-15 1.403e-15 4.964e-16 0.0 73.84 0.0
S283365 326.6211 53.9974 8.554e-17 6.627e-17 2.811e-17 0.0 70.08 0.0
S283366 326.6961 53.7928 1.625e-16 1.265e-16 5.598e-17 0.0 73.85 1.0
S283367 326.6173 53.9976 2.088e-18 2.147e-18 1.651e-18 0.0 70.01 0.0
S283368 326.6161 53.9947 5.38e-15 3.611e-15 1.163e-15 0.0 70.08 0.0
S283369 326.7114 53.7898 1.782e-21 1.237e-21 4.411e-22 0.0 73.88 0.0
S283370 326.6078 53.9976 1.964e-17 1.681e-17 9.135e-18 0.0 70.16 0.0
S283371 326.7114 53.7923 1.664e-16 1.239e-16 5.089e-17 0.0 73.83 0.0
S283372 326.6087 53.9921 3.891e-16 3.028e-16 1.271e-16 0.0 69.93 1.0
S283373 326.7199 53.7952 1.423e-16 1.061e-16 4.232e-17 0.0 73.8 0.0
S283374 326.7217 53.7995 1.749e-21 1.222e-21 4.340999999999999e-22 0.0 73.78 0.0
S283375 326.6028 53.9868 1.295e-15 9.254e-16 3.56e-16 0.0 70.07 0.0
S283376 326.7261 53.7961 4.448e-18 4.552e-18 3.457e-18 0.0 73.63 0.0
S283377 326.5889 53.9928 1.505e-16 1.133e-16 4.544e-17 0.0 70.13 1.0
S283378 326.7323 53.8023 1.239e-15 8.619e-16 3.034e-16 0.0 73.55 0.0
S283379 326.5878 53.9846 1.006e-15 7.228e-16 2.719e-16 0.0 70.23 0.0
S283380 326.7356 53.805 9.243e-13 7.53e-13 3.721e-13 0.0 73.55 1.0
S283381 326.7413 53.8048 3.251e-16 2.394e-16 9.253e-17 0.0 73.72 0.0
S283382 326.7419 53.8114 7.553e-13 5.413e-13 2.04e-13 0.0 73.64 0.0
S283383 326.5743 53.9798 4.57e-17 3.77e-17 1.843e-17 0.0 70.31 0.0
S283384 326.5744 53.9736 6.906e-13 5.42e-13 2.362e-13 0.0 70.44 1.0
S283385 326.7509 53.8164 1.968e-17 1.759e-17 1.015e-17 0.0 73.41 0.0
S283386 326.571 53.9712 3.342e-13 2.405e-13 8.836e-14 0.0 70.42 0.0
S283387 326.5637 53.9705 3.739e-17 6.036e-17 1.136e-16 0.0 70.45 0.0
S283388 326.5676 53.9634 4.484e-16 3.393e-16 1.361e-16 0.0 70.54 0.0
S283389 326.5639 53.9624 9.436e-16 6.796e-16 2.59e-16 0.0 70.66 0.0
S283390 326.5664 53.9541 7.892e-16 5.783e-16 2.233e-16 0.0 70.78 0.0
S283391 326.5696 53.948 6.497e-14 4.343e-14 1.374e-14 0.0 70.73 0.0
S283392 326.5654 53.9464 3.671e-21 6.262e-21 1.3850000000000002e-20 0.0 70.72 0.0
S283393 326.5676 53.9384 1.222e-17 2.179e-17 5.084e-17 0.0 71.08 0.0
S283394 326.5615 53.9401 3.669e-15 2.49e-15 8.4e-16 0.0 70.81 0.0
S283395 326.5631 53.9371 1.858e-16 1.473e-16 6.43e-17 0.0 70.98 1.0
S283396 326.7618 53.8591 2.617e-16 1.996e-16 8.574e-17 0.0 72.89 1.0
S283397 326.5593 53.925 4.15e-16 3.068e-16 1.209e-16 0.0 71.23 0.0
S283398 326.5593 53.9237 8.317e-18 1.464e-17 3.408e-17 0.0 71.13 0.0
S283399 326.7619 53.8694 1.704e-15 1.184e-15 4.083e-16 0.0 72.54 0.0
S283400 326.553 53.9143 5.503e-16 3.99e-16 1.549e-16 0.0 71.19 0.0
S283401 326.5584 53.9051 3.879e-15 2.639e-15 9.099e-16 0.0 71.54 0.0
S283402 326.5573 53.9028 1.233e-19 1.671e-19 2.351e-19 0.0 71.61 0.0
S283403 326.7623 53.8933 2.615e-18 2.571e-18 1.85e-18 0.0 72.26 0.0
S283404 326.7612 53.8976 4.7e-16 3.632e-16 1.538e-16 0.0 72.24 0.0
S283405 326.7568 53.9004 7.985e-18 1.395e-17 3.162e-17 0.0 72.06 0.0
S283406 326.7665 53.907 2.227e-17 2.018e-17 1.179e-17 0.0 72.19 0.0
S283407 326.5652 53.8732 2.02e-19 2.937e-19 4.43e-19 0.0 71.77 0.0
S283408 326.7518 53.9198 3.807e-16 2.805e-16 1.058e-16 0.0 71.85 0.0
S283409 326.568 53.8639 8.301e-13 5.947e-13 2.274e-13 0.0 72.05 0.0
S283410 326.7522 53.9264 1.572e-16 1.24e-16 5.476e-17 0.0 71.78 1.0
S283411 326.7493 53.935 8.647e-17 7.105e-17 3.458e-17 0.0 71.75 0.0
S283412 326.7457 53.9423 1.104e-15 8.177e-16 3.13e-16 0.0 71.55 0.0
S283413 326.7414 53.9375 1.42e-17 2.805e-17 8.345e-17 0.0 71.64 0.0
S283414 326.5842 53.839 2.392e-16 1.742e-16 6.923e-17 0.0 72.46 0.0
S283415 326.7368 53.9544 7.953e-16 5.73e-16 2.168e-16 0.0 71.28 0.0
S283416 326.7337 53.9618 4.276e-15 2.892e-15 9.639e-16 0.0 71.23 0.0
S283417 326.7308 53.9713 1.143e-15 8.31e-16 3.049e-16 0.0 71.16 0.0
S283418 326.5903 53.811 8.739000000000001e-20 1.172e-19 1.556e-19 0.0 72.86 0.0
S283419 326.5993 53.8103 6.648e-17 5.134e-17 2.195e-17 0.0 72.94 0.0
S283420 326.6055 53.81 1.274e-13 8.535e-14 2.702e-14 0.0 72.87 0.0
S283421 326.6054 53.7992 9.633e-16 7.217e-16 2.907e-16 0.0 72.98 0.0
S283422 326.6115 53.8 1.77e-13 1.185e-13 3.988e-14 0.0 73.2 0.0
S283423 326.6202 53.7966 8.722e-18 1.502e-17 3.284e-17 0.0 73.2 0.0
S283424 326.7179 53.8576 1.637e-18 1.792e-18 1.508e-18 0.0 73.18 0.0
S283425 326.6106 53.9251 5.972999999999999e-23 1.5049999999999998e-22 7.401999999999999e-22 0.0 70.9 0.0
S283426 326.7142 53.8634 3.095e-16 2.347e-16 9.557e-17 0.0 73.13 1.0
S283427 326.6061 53.9236 3.947e-19 4.85e-19 5.405e-19 0.0 70.65 0.0
S283428 326.7124 53.8669 1.664e-16 1.269e-16 5.329e-17 0.0 73.05 1.0
S283429 326.608 53.9225 2.083e-18 2.245e-18 1.941e-18 0.0 70.84 0.0
S283430 326.6039 53.926 1.415e-22 3.7279999999999994e-22 2.1130000000000002e-21 0.0 70.88 0.0
S283431 326.7164 53.8614 4.768e-16 3.556e-16 1.435e-16 0.0 73.07 0.0
S283432 326.5979 53.9295 8.73e-18 8.258e-18 5.193e-18 0.0 70.93 0.0
S283433 326.7318 53.8551 1.007e-18 1.136e-18 1.059e-18 0.0 73.17 0.0
S283434 326.6008 53.9276 2.0540000000000003e-20 3.208e-20 5.672e-20 0.0 70.82 0.0
S283435 326.7054 53.8682 2.042e-17 3.588e-17 8.487e-17 0.0 72.9 0.0
S283436 326.7161 53.8682 1.21e-17 1.97e-17 3.803e-17 0.0 72.89 0.0
S283437 326.7174 53.8676 8.274e-18 1.629e-17 4.708e-17 0.0 72.84 0.0
S283438 326.6049 53.9212 1.06e-17 9.687e-18 5.79e-18 0.0 71.09 0.0
S283439 326.7142 53.8678 4.144e-17 3.486e-17 1.75e-17 0.0 72.89 0.0
S283440 326.6004 53.9216 8.696e-17 6.918e-17 3.213e-17 0.0 70.91 0.0
S283441 326.7221 53.8648 6.022e-16 4.497e-16 1.822e-16 0.0 72.97 1.0
S283442 326.721 53.8662 1.824e-17 1.635e-17 9.484e-18 0.0 72.95 0.0
S283443 326.6011 53.9186 9.050000000000001e-20 1.276e-19 1.891e-19 0.0 70.99 0.0
S283444 326.7177 53.8742 8.142e-18 7.758e-18 4.982e-18 0.0 72.84 0.0
S283445 326.7237 53.8715 5.268e-17 4.37e-17 2.137e-17 0.0 72.8 0.0
S283446 326.6044 53.9183 4.029e-18 8.16e-18 2.442e-17 0.0 71.08 0.0
S283447 326.6004 53.9181 6.032e-21 1.1330000000000001e-20 3.0940000000000005e-20 0.0 71.05 0.0
S283448 326.5997 53.9163 2.346e-18 2.552e-18 2.117e-18 0.0 71.06 1.0
S283449 326.7181 53.8739 6.258e-21 1.1500000000000001e-20 2.8670000000000004e-20 0.0 72.84 0.0
S283450 326.7129 53.8794 1.559e-16 3.247e-16 1.085e-15 0.0 72.5 1.0
S283451 326.721 53.8723 4.016e-17 3.325e-17 1.663e-17 0.0 72.87 0.0
S283452 326.6006 53.9107 7.661e-18 6.958e-18 4.343e-18 0.0 71.23 0.0
S283453 326.601 53.9078 2.981e-17 5.907e-17 1.796e-16 0.0 71.18 0.0
S283454 326.729 53.8687 3.894e-18 3.795e-18 2.722e-18 0.0 72.61 0.0
S283455 326.6013 53.9096 5.867e-18 9.615e-18 2.024e-17 0.0 71.21 0.0
S283456 326.5968 53.9054 3.467e-17 2.964e-17 1.592e-17 0.0 71.44 0.0
S283457 326.725 53.8771 6.238e-18 5.856e-18 3.707e-18 0.0 72.66 0.0
S283458 326.597 53.9087 4.501e-17 1.056e-16 4.637e-16 0.0 71.16 1.0
S283459 326.7217 53.8832 7.659e-18 1.749e-17 7.129e-17 0.0 72.63 0.0
S283460 326.6086 53.9066 1.227e-16 9.917e-17 4.64e-17 0.0 71.29 0.0
S283461 326.6059 53.9036 7.823e-18 7.169e-18 4.201e-18 0.0 71.37 0.0
S283462 326.7211 53.884 2.271e-17 3.572e-17 6.574e-17 0.0 72.68 0.0
S283463 326.7224 53.8828 8.229e-17 6.477e-17 2.946e-17 0.0 72.53 0.0
S283464 326.7198 53.8842 9.864000000000001e-20 1.4e-19 2.05e-19 0.0 72.42 0.0
S283465 326.7161 53.8879 6.914999999999999e-22 1.38e-21 4.389e-21 0.0 72.43 0.0
S283466 326.7247 53.8862 4.987e-17 1.2e-16 5.437e-16 0.0 72.43 1.0
S283467 326.7181 53.8866 5.262e-16 3.707e-16 1.352e-16 0.0 72.45 0.0
S283468 326.7217 53.8919 1.63e-18 1.848e-18 1.739e-18 0.0 72.38 0.0
S283469 326.607 53.8975 1.116e-19 1.48e-19 1.961e-19 0.0 71.48 0.0
S283470 326.6047 53.8935 1.448e-18 1.558e-18 1.298e-18 0.0 71.58 0.0
S283471 326.6006 53.8983 1.983e-17 1.799e-17 1.061e-17 0.0 71.31 0.0
S283472 326.7197 53.8928 3.518e-21 6.5090000000000004e-21 1.691e-20 0.0 72.33 0.0
S283473 326.598 53.8928 7.819e-19 8.661e-19 7.906e-19 0.0 71.53 0.0
S283474 326.6009 53.8932 5.732e-17 4.531e-17 2.063e-17 0.0 71.54 0.0
S283475 326.5996 53.9002 1.954e-21 1.357e-21 4.668999999999999e-22 0.0 71.45 0.0
S283476 326.725 53.8914 5.985e-17 4.814e-17 2.286e-17 0.0 72.28 0.0
S283477 326.6056 53.8943 5.124e-18 5.012e-18 3.574e-18 0.0 71.65 0.0
S283478 326.7188 53.9071 2.197e-17 1.931e-17 1.081e-17 0.0 71.78 0.0
S283479 326.5956 53.8879 6.951e-19 8.382e-19 8.9e-19 0.0 71.59 0.0
S283480 326.7202 53.8993 1.036e-16 8.451e-17 4.149e-17 0.0 72.13 0.0
S283481 326.5998 53.8885 2.886e-17 5.053e-17 1.2e-16 0.0 71.76 0.0
S283482 326.597 53.8843 3.422e-18 3.469e-18 2.601e-18 0.0 71.75 0.0
S283483 326.5984 53.8867 2.194e-18 2.419e-18 2.149e-18 0.0 71.74 0.0
S283484 326.6022 53.8816 7.851e-18 1.501e-17 4.279e-17 0.0 71.84 0.0
S283485 326.5916 53.882 1.021e-15 7.47e-16 2.842e-16 0.0 71.77 0.0
S283486 326.5972 53.8933 1.357e-17 1.289e-17 8.13e-18 0.0 71.65 0.0
S283487 326.5973 53.8802 3.786e-17 5.465e-17 8.579e-17 0.0 71.9 0.0
S283488 326.604 53.8711 2.372e-18 2.368e-18 1.742e-18 0.0 72.08 0.0
S283489 326.6011 53.8785 1.065e-16 8.454e-17 3.817e-17 0.0 72.03 0.0
S283490 326.7283 53.906 9.336000000000001e-20 1.308e-19 1.86e-19 0.0 72.09 0.0
S283491 326.7222 53.9072 3.111e-17 7.648e-17 3.6e-16 0.0 71.89 1.0
S283492 326.6038 53.8788 1.145e-15 8.296e-16 3.184e-16 0.0 71.92 0.0
S283493 326.5983 53.8757 6.232e-24 2.397e-23 2.9879999999999996e-22 0.0 72.09 0.0
S283494 326.7228 53.9086 1.582e-16 1.264e-16 5.989e-17 0.0 71.94 0.0
S283495 326.602 53.8697 3.4469999999999996e-29 4.231e-28 5.775000000000001e-26 0.0 72.05 0.0
S283496 326.7115 53.9156 4.663e-17 3.775e-17 1.774e-17 0.0 71.79 0.0
S283497 326.5998 53.8697 3.729e-16 2.801e-16 1.131e-16 0.0 72.04 0.0
S283498 326.7173 53.9124 1.746e-17 3.488e-17 1.053e-16 0.0 71.91 0.0
S283499 326.6073 53.8659 4.12e-17 3.607e-17 1.967e-17 0.0 72.31 0.0
S283500 326.7234 53.9261 5.472e-18 5.293e-18 3.738e-18 0.0 71.61 0.0
S283501 326.6078 53.8816 4.902e-16 3.584e-16 1.386e-16 0.0 71.95 0.0
S283502 326.7168 53.9245 1.072e-16 8.247e-17 3.594e-17 0.0 71.59 0.0
S283503 326.7168 53.9235 5.699000000000001e-20 8.088e-20 1.163e-19 0.0 71.68 0.0
S283504 326.7154 53.9223 9.979e-18 9.579e-18 6.27e-18 0.001 71.65 0.0
S283505 326.7126 53.9347 6.286e-24 1.807e-23 1.17e-22 0.0 71.35 0.0
S283506 326.713 53.9317 1.135e-16 9.097e-17 4.332e-17 0.0 71.44 0.0
S283507 326.6074 53.8515 3.399e-16 2.448e-16 9.415e-17 0.0 72.5 0.0
S283508 326.6064 53.8616 7.68e-17 6.378e-17 3.227e-17 0.0 72.35 0.0
S283509 326.7119 53.9291 8.247e-16 5.867e-16 2.193e-16 0.0 71.36 0.0
S283510 326.6098 53.8585 6.833e-19 7.817e-19 7.457e-19 0.0 72.48 0.0
S283511 326.7105 53.9385 6.822e-17 5.487e-17 2.542e-17 0.0 71.29 0.0
S283512 326.7117 53.9386 1.415e-17 2.538e-17 6.195e-17 0.0 71.31 0.0
S283513 326.6054 53.8566 8.446e-19 9.549e-19 8.839e-19 0.0 72.41 0.0
S283514 326.7071 53.9298 9.912e-16 7.115e-16 2.647e-16 0.0 71.5 0.0
S283515 326.7108 53.9356 1.747e-16 1.392e-16 6.33e-17 0.0 71.38 1.0
S283516 326.7102 53.9366 2.844e-19 3.45e-19 3.698e-19 0.0 71.41 0.0
S283517 326.7112 53.9376 2.197e-17 1.922e-17 1.083e-17 0.0 71.19 0.0
S283518 326.7137 53.9398 6.802e-18 6.347e-18 3.971e-18 0.0 71.28 0.0
S283519 326.6145 53.8515 2.365e-17 2.002e-17 1.039e-17 0.0 72.6 0.0
S283520 326.704 53.9358 1.133e-17 1.982e-17 4.636e-17 0.0 71.19 0.0
S283521 326.7055 53.9459 1.176e-21 8.756e-22 3.466e-22 0.0 71.07 0.0
S283522 326.6127 53.8394 3.395e-17 5.289e-17 9.612e-17 0.0 72.69 0.0
S283523 326.7065 53.956 3.045e-13 2.096e-13 7.524e-14 0.0 71.04 0.0
S283524 326.6202 53.8397 3.018e-17 2.459e-17 1.19e-17 0.0 72.75 0.0
S283525 326.7071 53.951 1.2600000000000002e-20 2.0610000000000003e-20 4.169e-20 0.0 71.1 0.0
S283526 326.7061 53.9544 3.416e-16 2.607e-16 1.095e-16 0.0 70.97 1.0
S283527 326.6239 53.8404 3.9229999999999996e-22 9.308999999999999e-22 4.076e-21 0.0 72.89 0.0
S283528 326.6208 53.8335 1.6769999999999999e-22 4.0579999999999996e-22 1.851e-21 0.0 72.82 0.0
S283529 326.6226 53.8306 2.182e-21 1.476e-21 5.015e-22 0.0 72.99 0.0
S283530 326.6264 53.842 1.65e-20 2.7710000000000004e-20 5.692000000000001e-20 0.0 72.94 0.0
S283531 326.6976 53.9648 1.561e-17 3.219e-17 1.067e-16 0.0 70.82 0.0
S283532 326.624 53.8295 6.504e-19 7.641e-19 7.77e-19 0.0 72.94 0.0
S283533 326.6941 53.9538 5.261e-18 1.008e-17 2.727e-17 0.0 70.82 0.0
S283534 326.6297 53.8333 2.186e-21 1.513e-21 5.098999999999999e-22 0.0 72.98 0.0
S283535 326.629 53.8257 5.472e-17 4.486e-17 2.116e-17 0.0 73.12 0.0
S283536 326.6289 53.8251 1.7030000000000002e-21 1.191e-21 4.2059999999999996e-22 0.0 73.15 0.0
S283537 326.6259 53.82 5.409e-17 1.243e-16 5e-16 0.0 73.1 1.0
S283538 326.6891 53.9637 2.122e-15 1.388e-15 4.164e-16 0.0 70.82 0.0
S283539 326.6322 53.8194 8.563999999999998e-22 1.933e-21 7.752e-21 0.0 73.16 0.0
S283540 326.6872 53.9645 6.251e-16 4.503e-16 1.714e-16 0.0 70.66 0.0
S283541 326.6874 53.972 3.815e-17 3.078e-17 1.404e-17 0.0 70.58 0.0
S283542 326.6833 53.9689 1.251e-21 9.218999999999999e-22 3.6439999999999998e-22 0.0 70.58 0.0
S283543 326.6805 53.9673 1.488e-22 3.5289999999999995e-22 1.507e-21 0.0 70.66 0.0
S283544 326.6895 53.9819 1.637e-15 1.158e-15 4.198e-16 0.0 70.63 0.0
S283545 326.6862 53.9864 3.434e-16 2.524e-16 9.739e-17 0.0 70.48 0.0
S283546 326.6443 53.8139 2.612e-17 4.703e-17 1.151e-16 0.0 73.65 0.0
S283547 326.6807 53.9784 4.215e-18 4.432e-18 3.456e-18 0.0 70.41 0.0
S283548 326.676 53.9755 6.372e-13 4.547e-13 1.708e-13 0.0 70.62 0.0
S283549 326.6702 53.9741 2.837e-16 2.132e-16 8.626e-17 0.0 70.43 0.0
S283550 326.6762 53.9794 5.745e-19 6.908e-19 7.284e-19 0.001 70.43 0.0
S283551 326.6526 53.8157 8.445999999999999e-22 1.778e-21 6.1520000000000004e-21 0.0 73.5 0.0
S283552 326.6728 53.9826 1.9e-18 1.994e-18 1.602e-18 0.0 70.39 0.0
S283553 326.6487 53.8055 1.295e-16 1.068e-16 5.083e-17 0.0 73.45 0.0
S283554 326.6619 53.9774 5.1060000000000004e-21 9.408e-21 2.398e-20 0.0 70.36 0.0
S283555 326.6532 53.805 2.497e-17 2.179e-17 1.244e-17 0.0 73.56 0.0
S283556 326.6573 53.7937 1.327e-16 1.08e-16 4.998e-17 0.0 73.69 0.0
S283557 326.6522 53.7952 2.752e-18 2.919e-18 2.383e-18 0.0 73.42 0.0
S283558 326.6598 53.8043 8.679000000000001e-20 1.29e-19 2.045e-19 0.0 73.65 0.0
S283559 326.6633 53.9844 1.771e-21 1.233e-21 4.382e-22 0.0 70.32 0.0
S283560 326.6522 53.987 6.788e-19 7.824e-19 7.484e-19 0.0 70.17 0.0
S283561 326.6637 54.0052 3.259e-13 3.015e-13 1.842e-13 0.0 70.11 1.0
S283562 326.6693 53.8014 2.488e-16 1.801e-16 6.863e-17 0.0 73.7 0.0
S283563 326.6682 53.8007 2.132e-17 3.391e-17 6.513e-17 0.0 73.67 0.0
S283564 326.6708 53.8005 3.526e-18 3.463e-18 2.374e-18 0.0 73.69 0.0
S283565 326.6475 53.9919 5.4130000000000006e-20 7.882e-20 1.232e-19 0.0 70.2 0.0
S283566 326.6751 53.7935 7.029e-19 8.624e-19 9.157e-19 0.0 73.85 0.0
S283567 326.6743 53.794 7.674e-17 6.192e-17 2.979e-17 0.0 73.86 0.0
S283568 326.6789 53.8023 3.0629999999999997e-22 7.612999999999999e-22 3.657e-21 0.0 73.71 0.0
S283569 326.6487 54.0005 5.998e-18 5.721e-18 3.718e-18 0.0 70.2 0.0
S283570 326.6869 53.7994 3.11e-18 3.251e-18 2.516e-18 0.0 73.84 0.0
S283571 326.6443 54.0015 1.42e-17 1.192e-17 6.141e-18 0.0 70.13 0.0
S283572 326.6821 53.7966 6.197000000000001e-20 8.299e-20 1.121e-19 0.0 73.74 0.0
S283573 326.6851 53.8024 1.124e-17 2.233e-17 6.478e-17 0.0 73.75 0.0
S283574 326.6914 53.7965 3.207e-18 4.869e-18 8.227e-18 0.0 73.78 0.0
S283575 326.6914 53.7937 6.579e-20 9.794000000000001e-20 1.633e-19 0.0 73.84 0.0
S283576 326.6992 53.7883 3.47e-17 5.395e-17 9.701e-17 0.0 73.87 0.0
S283577 326.6877 53.7938 2.961e-17 2.43e-17 1.226e-17 0.0 73.95 0.0
S283578 326.6361 53.9942 3.027e-17 2.501e-17 1.227e-17 0.0 70.07 0.0
S283579 326.6222 53.9972 2.174e-17 4.866e-17 1.9e-16 0.0 70.09 0.0
S283580 326.6911 53.7963 7.73e-18 7.674e-18 5.327e-18 0.0 73.82 0.0
S283581 326.6271 53.9821 1.156e-17 1.085e-17 6.712e-18 0.0 70.13 0.0
S283582 326.701 53.79 1.064e-17 2.103e-17 6.157e-17 0.0 73.82 0.0
S283583 326.7024 53.7978 6.584e-17 1.336e-16 4.291e-16 0.0 73.75 1.0
S283584 326.6176 53.9911 4.111e-17 8.618e-17 2.966e-16 0.0 69.92 1.0
S283585 326.617 53.9781 1.391e-17 2.277e-17 4.629e-17 0.0 70.04 0.0
S283586 326.7133 53.7952 2.784e-16 2.098e-16 8.636e-17 0.0 73.8 1.0
S283587 326.61 53.9892 1.679e-16 1.354e-16 6.365e-17 0.0 70.12 0.0
S283588 326.6021 53.997 1.677e-17 1.522e-17 8.914e-18 0.0 70.04 0.0
S283589 326.7138 53.8129 3.113e-23 9.12e-23 6.466999999999999e-22 0.0 73.71 0.0
S283590 326.7211 53.796 1.397e-17 2.521e-17 6.149e-17 0.0 73.75 0.0
S283591 326.5981 53.9941 9.488e-14 6.292e-14 2.045e-14 0.0 70.18 0.0
S283592 326.7197 53.8036 1.2789999999999999e-23 3.3489999999999997e-23 1.7799999999999998e-22 0.0 73.73 0.0
S283593 326.5844 53.9943 2.91e-18 2.955e-18 2.206e-18 0.0 70.33 0.0
S283594 326.595 53.9906 4.449e-17 4.011e-17 2.42e-17 0.0 70.06 0.0
S283595 326.7348 53.7935 1.29e-17 1.188e-17 7.29e-18 0.0 73.62 0.0
S283596 326.7337 53.8012 5.197e-23 1.2819999999999998e-22 6.0539999999999995e-22 0.001 73.68 0.0
S283597 326.7339 53.8044 2.221e-22 5.625e-22 2.671e-21 0.0 73.74 0.0
S283598 326.5831 53.9873 1.886e-17 3.211e-17 6.737e-17 0.0 70.15 0.0
S283599 326.7404 53.8039 6.787e-13 5.012e-13 1.931e-13 0.0 73.53 0.0
S283600 326.7287 53.8134 5.797e-18 9.21e-18 1.8e-17 0.0 73.72 0.0
S283601 326.7398 53.8113 1.084e-18 1.16e-18 9.991e-19 0.0 73.67 0.0
S283602 326.5845 53.9758 3.102e-18 3.075e-18 2.269e-18 0.0 70.27 0.0
S283603 326.5842 53.9738 3.981e-27 2.784e-26 1.157e-24 0.0 70.37 0.0
S283604 326.594 53.9637 1.708e-17 1.574e-17 9.358e-18 0.0 70.43 0.0
S283605 326.7473 53.8135 2.77e-21 5.5930000000000004e-21 1.75e-20 0.0 73.51 0.0
S283606 326.5744 53.9711 5.246e-18 5.25e-18 3.811e-18 0.0 70.3 0.0
S283607 326.753 53.8174 2.103e-17 1.917e-17 1.113e-17 0.0 73.54 0.0
S283608 326.5685 53.9707 1.162e-23 3.439e-23 2.2829999999999997e-22 0.0 70.53 0.0
S283609 326.5722 53.964 8.522e-18 8.146e-18 5.328e-18 0.0 70.58 0.0
S283610 326.7531 53.8267 1.953e-17 3.341e-17 7.328e-17 0.0 73.28 0.0
S283611 326.583 53.9456 5.187e-17 4.223e-17 1.989e-17 0.0 70.6 0.0
S283612 326.7535 53.8371 1.028e-18 1.173e-18 1.128e-18 0.0 73.37 0.0
S283613 326.7487 53.8362 4.201e-17 3.57e-17 1.814e-17 0.0 73.22 0.0
S283614 326.7644 53.8341 3.3170000000000003e-20 4.8420000000000004e-20 7.844000000000001e-20 0.0 73.32 0.0
S283615 326.5651 53.9496 3.142e-17 2.714e-17 1.487e-17 0.0 70.85 0.0
S283616 326.5626 53.9514 6.099e-19 6.996e-19 6.783e-19 0.0 70.71 0.0
S283617 326.7661 53.8413 1.1159999999999999e-23 3.672e-23 3.1089999999999998e-22 0.0 73.19 0.0
S283618 326.5697 53.93 6.863e-18 1.046e-17 1.851e-17 0.0 70.96 0.0
S283619 326.5726 53.9309 2.31e-15 7.858e-15 7.46e-14 0.0 70.99 0.0
S283620 326.5611 53.9311 6.011e-22 1.312e-21 4.67e-21 0.0 71.06 0.0
S283621 326.5551 53.9343 5.466e-15 3.643e-15 1.135e-15 0.0 71.0 0.0
S283622 326.5728 53.9187 1.031e-17 9.082e-18 5.192e-18 0.0 70.96 0.0
S283623 326.7604 53.8624 2.197e-17 1.918e-17 1.043e-17 0.0 72.86 0.0
S283624 326.5679 53.9198 3.299e-19 4.051e-19 4.404e-19 0.0 71.24 0.0
S283625 326.7608 53.8612 8.311e-18 1.68e-17 5.307e-17 0.0 72.79 0.0
S283626 326.7624 53.8753 1.36e-16 1.075e-16 4.758e-17 0.0 72.58 1.0
S283627 326.7585 53.8852 3.796e-20 5.758e-20 9.507000000000001e-20 0.0 72.38 0.0
S283628 326.761 53.8892 1.644e-21 1.14e-21 4.0879999999999997e-22 0.0 72.35 0.0
S283629 326.7665 53.88 4.685e-13 3.414e-13 1.324e-13 0.0 72.55 0.0
S283630 326.566 53.8938 2.5860000000000003e-20 4.0880000000000005e-20 7.564e-20 0.0 71.62 0.0
S283631 326.5614 53.8961 2.263e-20 3.7450000000000003e-20 7.546000000000001e-20 0.0 71.51 0.0
S283632 326.7661 53.8948 1.171e-16 9.818e-17 4.867e-17 0.0 72.2 0.0
S283633 326.56 53.8896 9.675e-17 7.542e-17 3.21e-17 0.0 71.71 1.0
S283634 326.5751 53.8792 9.731e-19 1.074e-18 9.564e-19 0.0 71.78 0.0
S283635 326.5685 53.8855 1.2640000000000001e-20 2.0480000000000002e-20 3.94e-20 0.0 71.94 0.0
S283636 326.7638 53.9032 2.8099999999999996e-22 7.014999999999999e-22 3.476e-21 0.0 72.17 0.0
S283637 326.7562 53.9176 1.98e-17 4.194e-17 1.495e-16 0.0 71.92 0.0
S283638 326.5675 53.8614 8.301e-24 2.866e-23 2.6249999999999997e-22 0.0 72.2 0.0
S283639 326.7461 53.9209 2.386e-16 1.83e-16 7.696e-17 0.0 71.98 1.0
S283640 326.7475 53.9226 2.556e-17 5.328e-17 1.729e-16 0.0 71.66 1.0
S283641 326.5786 53.8587 1.018e-20 1.7960000000000002e-20 4.153e-20 0.0 72.11 0.0
S283642 326.7497 53.932 4.05e-18 4.061e-18 3.005e-18 0.0 71.69 0.0
S283643 326.5782 53.8445 2.17e-17 5.016e-17 2.084e-16 0.0 72.37 1.0
S283644 326.5773 53.8429 4.616e-25 1.883e-24 2.449e-23 0.0 72.27 0.0
S283645 326.5735 53.8348 1.679e-17 4.056e-17 1.812e-16 0.0 72.44 1.0
S283646 326.5787 53.8415 2.325e-19 3.168e-19 4.316e-19 0.0 72.5 0.0
S283647 326.7395 53.9545 2.413e-16 1.763e-16 6.962e-17 0.0 71.26 0.0
S283648 326.5922 53.8286 3.8499999999999996e-22 9.876999999999999e-22 4.822e-21 0.0 72.65 0.0
S283649 326.7381 53.973 6.876e-17 1.161e-16 2.454e-16 0.0 71.17 0.0
S283650 326.7246 53.9638 7.414e-19 8.721e-19 8.887e-19 0.0 71.21 0.0
S283651 326.7325 53.9734 1.072e-16 8.36e-17 3.866e-17 0.001 70.98 1.0
S283652 326.724 53.9745 2.2899999999999998e-23 6.39e-23 3.9319999999999997e-22 0.0 70.97 0.0
S283653 326.7295 53.9905 2.71e-16 1.942e-16 7.274e-17 0.0 71.02 0.0
S283654 326.7162 53.9796 1.051e-18 1.196e-18 1.112e-18 0.0 70.88 0.0
S283655 326.713 53.9714 5.757e-16 4.16e-16 1.565e-16 0.0 70.85 0.0
S283656 326.6049 53.7965 1.18e-16 9.186e-17 3.968e-17 0.0 73.06 1.0
S283657 326.7093 53.9861 8.183e-19 9.213e-19 8.203e-19 0.0 70.66 0.0
S283658 326.7102 53.9984 5.806e-21 1.073e-20 2.718e-20 0.0 70.8 0.0
S283659 326.6984 53.9877 3.551e-18 5.405e-18 9.437e-18 0.0 70.61 0.0
S283660 326.7035 54.0133 5.038e-19 5.913e-19 5.836e-19 0.0 70.62 0.0
S283661 326.6923 53.9985 6.454e-17 5.176e-17 2.371e-17 0.0 70.41 0.0
S283662 326.6896 54.0112 2.051e-16 1.532e-16 6.096e-17 0.0 70.49 0.0
S283663 326.6294 53.7763 5.2309999999999997e-23 1.343e-22 6.835999999999999e-22 0.0 73.33 0.0
S283664 326.6812 54.0091 9.683e-18 9.057e-18 5.995e-18 0.0 70.36 0.0
