Name Equatorial Polar BlueF GreenF RedF Parallax RadialVelocity Variable?
S009430 326.0307 54.8355 3.404e-24 1.073e-23 8.58e-23 0.0 156.43 0.0
S009467 325.9867 54.7752 3.5829999999999997e-23 9.372e-23 4.830999999999999e-22 0.0 156.63 0.0
S009543 326.0506 54.8573 3.7969999999999996e-22 8.671e-22 3.376e-21 0.0 156.78 0.0
S009611 326.0894 54.8305 5.87e-21 1.0810000000000001e-20 2.7510000000000003e-20 0.0 156.43 0.0
S009665 326.0873 54.8377 4.3170000000000004e-20 6.545000000000001e-20 1.145e-19 0.001 156.47 0.0
S010085 326.0841 54.8471 1.457e-15 1.083e-15 4.307e-16 0.0 156.53 0.0
S010086 326.0842 54.8461 6.399e-17 5.392e-17 2.716e-17 0.0 156.48 0.0
S010088 326.0841 54.8454 5.797e-16 4.198e-16 1.584e-16 0.0 156.52 0.0
S010090 326.0784 54.8415 1.687e-20 2.747e-20 5.48e-20 0.0 156.49 0.0
S010091 326.0801 54.8427 1.579e-16 1.212e-16 5.158e-17 0.0 156.44 1.0
S010095 326.0726 54.8354 4.165e-16 3.133e-16 1.241e-16 0.0 156.41 0.0
S010096 326.074 54.8324 4.361e-13 3.09e-13 1.126e-13 0.0 156.39 0.0
S010097 326.0749 54.833 1.193e-15 8.621e-16 3.376e-16 0.0 156.38 0.0
S010098 326.0739 54.8317 1.028e-15 7.498e-16 2.791e-16 0.0 156.43 0.0
S010101 326.0776 54.8292 3.419e-15 2.375e-15 8.15e-16 0.0 156.43 0.0
S010102 326.0735 54.8261 2.119e-16 1.582e-16 6.518e-17 0.0 156.35 1.0
S010104 326.0769 54.8221 1.168e-15 7.943e-16 2.732e-16 0.0 156.35 0.0
S010105 326.0735 54.8206 1.124e-19 1.571e-19 2.221e-19 0.0 156.42 0.0
S010106 326.0744 54.8198 2.871e-15 1.954e-15 6.747e-16 0.0 156.38 0.0
S010109 326.0817 54.8163 7.459e-16 5.003e-16 1.645e-16 0.0 156.42 0.0
S010111 326.0763 54.8128 1.866e-15 1.261e-15 4.142e-16 0.0 156.48 0.0
S010117 326.0859 54.8052 2.431e-17 4.197e-17 9.526e-17 0.0 156.7 1.0
S010123 326.1074 54.8013 1.976e-17 1.815e-17 1.098e-17 0.0 156.91 0.0
S010124 326.1049 54.7987 1.231e-16 9.507e-17 3.991e-17 0.0 156.94 1.0
S010169 326.0831 54.8476 5.104e-17 4.389e-17 2.346e-17 0.0 156.49 0.0
S010171 326.0838 54.8434 1.421e-17 1.323e-17 8.356e-18 0.0 156.57 0.0
S010174 326.0889 54.8378 1.431e-16 1.148e-16 5.154e-17 0.0 156.47 1.0
S010180 326.073 54.8293 1.276e-17 1.153e-17 6.926e-18 0.0 156.29 0.0
S010182 326.0856 54.8337 2.729e-17 5.455e-17 1.635e-16 0.0 156.48 0.0
S010183 326.0713 54.8274 7.923000000000001e-20 1.121e-19 1.708e-19 0.0 156.35 0.0
S010189 326.084 54.8207 6.488e-19 7.778e-19 8.104e-19 0.0 156.41 0.0
S010193 326.0707 54.8137 9.007e-20 1.258e-19 1.737e-19 0.0 156.53 0.0
S010197 326.0854 54.8077 1.847e-21 1.259e-21 4.337e-22 0.0 156.52 0.0
S010199 326.0897 54.808 1.884e-17 3.151e-17 6.36e-17 0.0 156.64 0.0
S010201 326.1001 54.8075 4.303e-19 5.075e-19 5.206e-19 0.0 156.79 0.0
S010202 326.1009 54.805 3.185e-19 3.901e-19 4.305e-19 0.0 156.73 0.0
S010203 326.1081 54.8064 2.538e-15 1.779e-15 6.422e-16 0.0 156.82 0.0
S010204 326.1005 54.8002 7.024e-17 5.528e-17 2.417e-17 0.0 156.93 0.0
S010206 326.1196 54.8014 3.575e-17 9.723e-17 5.707e-16 0.0 157.0 1.0
S010210 326.1131 54.7929 1.514e-18 1.501e-18 1.057e-18 0.0 157.07 0.0
S010212 326.123 54.7965 4.389e-18 4.34e-18 2.934e-18 0.0 157.11 0.0
S011247 325.9403 54.8006 1.922e-20 3.0680000000000004e-20 5.739000000000001e-20 0.0 158.26 0.0
S011248 325.9009 54.8169 3.6179999999999995e-22 7.742999999999999e-22 2.741e-21 0.0 157.54 0.0
S011249 325.969 54.8152 1.415e-19 1.776e-19 2.015e-19 0.0 159.12 0.0
S011250 326.0706 54.855 3.704e-21 7.076e-21 1.963e-20 0.0 159.46 0.0
S011251 325.9538 54.8008 2.0409999999999999e-22 4.6869999999999995e-22 1.901e-21 0.0 159.0 0.0
S011252 325.9579 54.7888 3.719e-18 3.715e-18 2.617e-18 0.0 159.64 0.0
S011253 325.9816 54.7678 4.818e-19 5.437e-19 5.225e-19 0.0 160.02 0.0
S011254 325.959 54.8026 5.384e-24 1.747e-23 1.462e-22 0.0 159.79 0.0
S011255 325.9753 54.7939 9.509e-22 1.818e-21 5.109e-21 0.0 160.1 0.0
S011256 325.9507 54.8009 3.333e-19 3.857e-19 3.844e-19 0.0 157.8 0.0
S011258 326.0102 54.8207 7.199e-19 8.242e-19 7.685e-19 0.0 159.41 0.0
S011259 325.9461 54.8042 6.013e-19 6.589e-19 5.885e-19 0.0 158.06 0.0
S011260 325.953 54.7713 3.907e-21 7.047e-21 1.6890000000000002e-20 0.0 159.58 0.0
S011261 325.8961 54.766 3.708e-21 6.353e-21 1.401e-20 0.0 158.54 0.0
S011262 325.9673 54.8012 1.307e-23 3.481e-23 1.9579999999999998e-22 0.0 159.65 0.0
S011263 325.9622 54.7956 1.352e-21 9.476e-22 3.4559999999999996e-22 0.0 159.88 0.0
S011264 325.9537 54.8013 2.871e-18 4.792e-18 9.944e-18 0.0 158.66 0.0
S011265 325.8464 54.8792 1.899e-19 2.406e-19 2.711e-19 0.0 157.55 0.0
S011266 325.9088 54.7487 5.555e-24 1.706e-23 1.25e-22 0.0 158.94 0.0
S011267 326.042 54.7661 4.943e-21 8.205e-21 1.629e-20 0.0 160.37 0.0
S011268 325.9741 54.8098 1.037e-21 1.967e-21 5.586e-21 0.0 159.44 0.0
S011269 325.9524 54.7992 7.982e-23 2.213e-22 1.289e-21 0.0 159.68 0.0
S011270 325.955 54.8023 1.813e-21 1.258e-21 4.407e-22 0.0 158.63 0.0
S011271 325.98 54.8467 6.39e-24 2.028e-23 1.6379999999999998e-22 0.0 158.72 0.0
S011272 325.8836 54.8477 3.2409999999999996e-22 7.707e-22 3.359e-21 0.0 157.52 0.0
S011273 325.9585 54.8042 3.7699999999999997e-22 8.093999999999999e-22 2.903e-21 0.0 159.13 0.0
S011274 325.9337 54.7954 7.34e-23 1.8009999999999997e-22 8.271e-22 0.0 158.34 1.0
S011275 325.974 54.726 1.5410000000000001e-21 3.0110000000000002e-21 8.917000000000001e-21 0.0 159.98 0.0
S011277 325.959 54.8004 2.147e-17 1.907e-17 1.102e-17 0.0 159.76 0.0
S011278 325.9619 54.8068 3.484e-24 1.2789999999999999e-23 1.369e-22 0.0 158.98 0.0
S011279 325.9439 54.803 1.263e-21 2.543e-21 8.117e-21 0.0 157.96 0.0
S011280 325.9099 54.7644 3.0829999999999995e-22 7.328999999999999e-22 3.196e-21 0.0 158.55 0.0
S011281 325.9589 54.8154 2.067e-17 1.839e-17 1.041e-17 0.0 158.48 0.0
S011282 325.9861 54.8129 4.692e-22 1.014e-21 3.553e-21 0.0 159.44 0.0
S011283 325.9572 54.8029 2.094e-21 1.403e-21 4.723e-22 0.0 159.18 0.0
S011284 325.9424 54.8058 2.083e-19 2.401e-19 2.315e-19 0.0 157.95 0.0
S011285 325.96 54.8044 5.018e-22 1.065e-21 3.804e-21 0.0 159.29 0.0
S011286 325.9185 54.7944 1.1310000000000001e-20 1.908e-20 4.181e-20 0.0 158.12 0.0
S011287 325.9724 54.7873 2.4780000000000004e-20 3.884e-20 6.985000000000001e-20 0.0 160.24 0.0
S011288 325.926 54.7929 1.6759999999999998e-23 5.503e-23 4.602e-22 0.0 158.32 0.0
S011289 325.9584 54.7983 1.147e-21 2.1070000000000002e-21 5.5810000000000004e-21 0.0 159.88 0.0
S011290 325.9254 54.8151 1.2459999999999999e-22 2.9059999999999996e-22 1.197e-21 0.0 157.58 0.0
S011291 325.9496 54.8007 1e-23 3.0789999999999996e-23 2.325e-22 0.0 158.04 0.0
S011292 325.947 54.7993 3.479e-20 5.3330000000000003e-20 8.9e-20 0.0 158.49 0.0
S011293 325.9446 54.7972 2.161e-22 4.699999999999999e-22 1.764e-21 0.0 158.29 1.0
S011294 325.9659 54.8015 2.908e-23 8.298e-23 5.205999999999999e-22 0.0 159.5 0.0
S011295 325.9859 54.7809 7.687e-23 1.982e-22 1.036e-21 0.0 160.41 0.0
S011296 325.9648 54.7955 1.325e-22 2.9659999999999996e-22 1.153e-21 0.0 159.79 0.0
S011297 325.9531 54.8002 1.03e-22 2.8309999999999996e-22 1.691e-21 0.0 158.81 0.0
S011298 325.945 54.8029 1.1270000000000002e-20 1.7610000000000003e-20 3.1560000000000005e-20 0.0 157.97 0.0
S011299 326.0153 54.8214 1.0430000000000001e-20 1.76e-20 3.6180000000000006e-20 0.0 159.63 0.0
S011300 325.9536 54.8001 1.04e-19 1.441e-19 2.016e-19 0.0 158.99 0.0
S011301 325.9637 54.8104 5.654000000000001e-20 8.198e-20 1.255e-19 0.0 158.87 0.0
S011302 325.9644 54.8224 3.679e-20 5.581e-20 9.378000000000001e-20 0.0 158.57 0.0
S011303 325.9531 54.8093 7.2920000000000005e-25 2.724e-24 2.977e-23 0.0 158.19 0.0
S011304 325.9407 54.8291 1.384e-23 3.806e-23 2.287e-22 0.0 157.85 0.0
S011305 325.9574 54.8143 1.902e-21 1.31e-21 4.429999999999999e-22 0.0 158.54 0.0
S011306 325.9814 54.7972 8.029e-18 7.633e-18 5.028e-18 0.0 159.94 0.0
S011307 325.9522 54.8086 5.854e-19 7.133e-19 7.77e-19 0.0 158.23 0.0
S011308 326.0079 54.8095 5.078e-22 1.055e-21 3.374e-21 0.0 159.68 0.0
S011309 325.972 54.822 4.692e-23 1.2969999999999998e-22 7.7329999999999995e-22 0.0 158.83 0.0
S011310 325.953 54.7882 2.715e-21 4.9510000000000004e-21 1.2550000000000001e-20 0.0 159.51 0.0
S011311 325.9436 54.7963 1.1679999999999999e-22 3.0029999999999996e-22 1.578e-21 0.0 158.57 0.0
S011312 325.9921 54.8464 2.335e-24 8.088e-24 7.558e-23 0.0 158.89 0.0
S011313 325.9544 54.8024 2.675e-17 2.376e-17 1.374e-17 0.001 157.65 0.0
S011314 326.0493 54.8168 4.459e-23 1.239e-22 7.75e-22 0.0 159.94 0.0
S011315 325.8965 54.8942 1.281e-22 2.703e-22 9.133999999999999e-22 0.0 157.6 0.0
S011316 326.0351 54.7351 9.202e-21 1.6170000000000002e-20 3.6670000000000005e-20 0.0 160.15 0.0
S011317 325.9327 54.7926 3.38e-17 6.692e-17 1.997e-16 0.0 158.26 0.0
S011318 325.9344 54.7963 4.1550000000000004e-21 7.723e-21 1.981e-20 0.0 158.29 0.0
S011319 325.9576 54.8024 7.046e-23 1.6229999999999997e-22 6.627999999999999e-22 0.0 159.22 0.0
S011320 325.9798 54.7896 1.9130000000000003e-20 3.3030000000000004e-20 7.443e-20 0.0 160.12 0.0
S011321 325.9569 54.7945 5.379999999999999e-22 1.046e-21 2.918e-21 0.0 159.87 0.0
S011322 325.9479 54.7968 3.445e-21 6.1e-21 1.421e-20 0.0 158.63 0.0
S011323 325.9844 54.7429 3.8069999999999997e-22 8.851e-22 3.613e-21 0.0 160.09 0.0
S011324 325.8963 54.8973 3.266e-24 1.088e-23 9.263999999999999e-23 0.0 157.55 0.0
S011325 326.0015 54.8058 7.489e-23 1.6209999999999999e-22 5.946999999999999e-22 0.001 159.79 0.0
S011326 325.9507 54.7552 7.699e-23 1.893e-22 8.772999999999999e-22 0.0 159.55 0.0
S011327 325.9522 54.8005 6.778e-18 1.195e-17 2.876e-17 0.0 158.2 0.0
S011328 325.971 54.7634 1.386e-23 4.3199999999999995e-23 3.429e-22 0.0 160.01 0.0
S011329 325.9799 54.7974 5.854e-24 1.757e-23 1.288e-22 0.0 159.9 0.0
S011330 325.9347 54.7952 1.5019999999999998e-22 3.5239999999999997e-22 1.494e-21 0.0 158.37 0.0
S011331 325.9243 54.8043 3.5500000000000005e-20 5.0540000000000006e-20 7.956000000000001e-20 0.0 157.77 0.0
S011332 325.8642 54.9031 2.879e-22 6.661999999999999e-22 2.661e-21 0.0 157.42 0.0
S011333 325.9583 54.7966 1.366e-20 2.0920000000000003e-20 3.7500000000000005e-20 0.0 159.86 0.0
S011334 325.9313 54.8377 1.4670000000000002e-26 9.116000000000001e-26 2.899e-24 0.0 157.76 0.0
S011335 325.9342 54.8176 4.9829999999999995e-23 1.248e-22 6.008999999999999e-22 0.0 157.63 0.0
S011336 325.9575 54.7989 1.196e-21 2.499e-21 8.197e-21 0.0 159.62 0.0
S011337 325.959 54.805 1.087e-17 1.647e-17 2.804e-17 0.0 158.91 0.0
S011338 325.9955 54.8226 9.33e-22 1.969e-21 6.837e-21 0.0 159.24 0.0
S011339 325.9285 54.809 4.954e-19 5.786e-19 5.64e-19 0.0 157.89 0.0
S011340 325.9959 54.8156 6.401e-24 2.3679999999999998e-23 2.731e-22 0.0 159.34 0.0
S011341 325.9846 54.8191 3.56e-19 4.073e-19 3.75e-19 0.0 159.35 0.0
S011342 325.9622 54.807 3.1590000000000002e-21 5.98e-21 1.628e-20 0.0 159.08 0.0
S011343 325.9346 54.7935 3.5319999999999997e-22 6.34e-22 1.495e-21 0.0 158.59 0.0
S011344 325.9626 54.7943 1.618e-22 3.6769999999999995e-22 1.504e-21 0.0 159.82 0.0
S011345 325.9568 54.7963 1.937e-21 3.9290000000000004e-21 1.218e-20 0.0 159.87 0.0
S011346 325.9264 54.8414 6.732999999999999e-22 1.3150000000000001e-21 3.7e-21 0.0 157.9 0.0
S011347 325.9184 54.7952 4.852e-22 1.076e-21 4.057e-21 0.0 158.06 0.0
S011348 325.9534 54.8207 3.27e-23 9.575999999999999e-23 6.505e-22 0.0 158.2 0.0
S011349 325.9495 54.7877 3.671e-20 5.1240000000000005e-20 7.617000000000001e-20 0.0 159.22 0.0
S011350 325.9177 54.7287 2.832e-19 3.569e-19 4.042e-19 0.0 159.38 0.0
S011351 325.9503 54.7978 5.522e-20 8.061000000000001e-20 1.232e-19 0.0 158.62 0.0
S011352 325.9599 54.7805 1.8009999999999997e-22 3.7809999999999995e-22 1.224e-21 0.0 159.8 0.0
S011353 325.9449 54.7947 6.43e-25 2.454e-24 2.963e-23 0.0 158.59 0.0
S011354 325.9523 54.8001 1.41e-22 3.3319999999999998e-22 1.474e-21 0.0 158.54 0.0
S011355 325.9536 54.8007 4.465e-19 5.25e-19 5.289e-19 0.001 159.14 0.0
S011356 325.9357 54.8086 2.373e-21 4.233e-21 9.892e-21 0.0 157.7 0.0
S011357 325.9863 54.8598 1.309e-19 1.854e-19 2.709e-19 0.0 158.65 0.0
S011358 325.9467 54.8037 1.204e-19 1.643e-19 2.279e-19 0.0 157.91 0.0
S011359 325.9506 54.8061 6.677999999999999e-23 1.4759999999999998e-22 5.632999999999999e-22 0.0 157.94 0.0
S011360 325.9568 54.7799 1.224e-22 2.7269999999999996e-22 1.046e-21 0.0 159.58 0.0
S011361 325.9533 54.7997 3e-20 4.533e-20 7.722000000000001e-20 0.0 160.04 0.0
S011362 325.9821 54.8527 1.419e-20 2.256e-20 4.2550000000000004e-20 0.0 158.71 0.0
S011363 325.9645 54.8094 1.371e-21 2.729e-21 7.922e-21 0.001 159.02 0.0
S011364 325.936 54.8137 2.104e-17 3.935e-17 1.012e-16 0.0 157.71 0.0
S011365 325.9522 54.7785 9.342999999999999e-22 1.963e-21 6.496e-21 0.0 159.5 0.0
S011366 325.9364 54.7877 4.467e-17 3.683e-17 1.752e-17 0.0 158.66 0.0
S011367 325.9533 54.7999 1.623e-19 2.088e-19 2.504e-19 0.0 160.23 0.0
S011368 325.9384 54.8207 5.459e-18 5.186e-18 3.349e-18 0.0 157.61 0.0
S011369 325.9552 54.8088 7.166000000000001e-26 3.591e-25 7.738e-24 0.0 158.51 0.0
S011370 325.9059 54.8223 3.119e-23 8.451e-23 4.787999999999999e-22 0.0 157.49 0.0
S011371 325.9546 54.7999 3.285e-20 4.7860000000000005e-20 7.485e-20 0.0 160.07 0.0
S011372 325.9393 54.8798 1.347e-18 1.427e-18 1.147e-18 0.0 158.17 0.0
S011373 325.9221 54.7611 3.099e-23 9.040999999999999e-23 5.853e-22 0.0 159.1 0.0
S011374 325.9435 54.8093 3.49e-25 1.468e-24 2.1569999999999998e-23 0.0 157.92 0.0
S011375 325.9522 54.8024 1.107e-22 2.852e-22 1.468e-21 0.0 158.29 0.0
S011376 325.9412 54.801 3.948e-20 5.572e-20 8.469e-20 0.0 158.15 0.0
S011377 325.9535 54.809 2.501e-22 5.930999999999999e-22 2.501e-21 0.0 158.57 0.0
S011378 326.0089 54.8063 1.5059999999999999e-22 3.5539999999999997e-22 1.491e-21 0.0 159.73 0.0
S011379 325.9513 54.8019 2.893e-18 2.92e-18 2.172e-18 0.001 158.17 0.0
S011380 325.9602 54.796 1.9270000000000002e-20 2.9230000000000004e-20 5.0740000000000006e-20 0.0 159.99 0.0
S011381 326.0702 54.7754 3.9169999999999996e-22 8.901e-22 3.392e-21 0.0 160.24 0.0
S011382 325.9487 54.8041 1.493e-19 1.863e-19 2.113e-19 0.0 158.09 0.0
S011383 325.929 54.8175 2.222e-20 3.3170000000000003e-20 5.418000000000001e-20 0.0 157.58 0.0
S011384 325.9741 54.8045 5.263e-19 6.175e-19 6.074e-19 0.0 159.62 0.0
S011385 325.9487 54.7789 5.420999999999999e-23 1.641e-22 1.163e-21 0.0 159.21 0.0
S011386 325.9322 54.8996 8.444e-13 6.236e-13 2.374e-13 0.0 158.08 0.0
S011387 325.9561 54.802 4.858e-20 6.972e-20 1.052e-19 0.0 159.32 0.0
S011388 325.9252 54.8145 1.2669999999999999e-23 4.296e-23 4.0249999999999994e-22 0.0 157.51 0.0
S011389 325.8643 54.8324 5.668000000000001e-20 7.772e-20 1.093e-19 0.0 157.32 0.0
S011390 325.9818 54.8113 2.597e-22 6.006999999999999e-22 2.418e-21 0.0 159.41 0.0
S011391 325.9426 54.826 3.011e-19 3.635e-19 3.832e-19 0.0 157.92 0.0
S011392 325.9461 54.7723 5.757e-24 1.87e-23 1.5239999999999998e-22 0.0 159.27 0.0
S011393 325.9523 54.7896 8.306999999999999e-22 1.756e-21 6.089e-21 0.0 159.38 0.0
S011394 325.9642 54.8022 4.616e-22 1.085e-21 4.77e-21 0.0 159.46 0.0
S011395 326.0405 54.774 1.669e-24 5.567e-24 4.838e-23 0.0 160.38 0.0
S011396 325.9592 54.8129 1.032e-21 2.28e-21 8.261e-21 0.0 158.54 0.0
S011397 326.0092 54.7974 3.671e-19 4.603e-19 5.162e-19 0.0 160.03 0.0
S011398 325.927 54.8061 6.732999999999999e-23 1.9179999999999998e-22 1.194e-21 0.0 157.84 0.0
S011399 325.9423 54.8144 3.725e-21 6.934e-21 1.828e-20 0.0 157.74 0.0
S011400 325.958 54.8003 3.6809999999999998e-22 8.942e-22 4.099e-21 0.0 159.95 0.0
S011401 325.9849 54.8103 2.627e-18 2.746e-18 2.112e-18 0.0 159.51 0.0
S011402 325.9252 54.8158 1.248e-22 2.827e-22 1.1130000000000001e-21 0.0 157.46 0.0
S011403 325.9566 54.8058 2.2069999999999998e-24 7.735e-24 7.737999999999999e-23 0.0 158.57 0.0
S011404 325.9504 54.8108 2.984e-23 7.895e-23 4.352e-22 0.0 158.23 0.0
S011405 325.944 54.7804 5.896e-21 1.0390000000000002e-20 2.3210000000000002e-20 0.0 159.18 0.0
S011406 325.9179 54.8016 6.859e-22 1.351e-21 4.009e-21 0.0 157.88 0.0
S011407 325.9478 54.771 6.6270000000000004e-21 1.123e-20 2.402e-20 0.0 159.53 0.0
S011408 325.9495 54.8042 1.8919999999999998e-22 4.498e-22 1.969e-21 0.0 157.97 0.0
S011409 325.8955 54.8556 4.7320000000000004e-20 7.054e-20 1.164e-19 0.0 157.36 0.0
S011410 325.9498 54.8038 8.24e-22 1.787e-21 6.2600000000000005e-21 0.0 158.3 0.0
S011411 325.9588 54.8024 2.904e-19 3.65e-19 4.156e-19 0.001 159.34 0.0
S011412 325.9541 54.8028 1.835e-21 1.271e-21 4.304e-22 0.0 157.99 0.0
S011413 325.9297 54.8364 4.66e-23 1.265e-22 7.098e-22 0.0 157.63 0.0
S011414 325.9313 54.8104 4.9520000000000004e-21 8.258e-21 1.7720000000000002e-20 0.0 157.77 0.0
S011415 325.9526 54.7962 6.575e-20 8.994000000000001e-20 1.255e-19 0.0 159.19 0.0
S011416 325.9526 54.8077 1.27e-23 4.0409999999999996e-23 3.1429999999999996e-22 0.0 158.01 0.0
S011417 325.9581 54.8067 1.6e-21 3.0580000000000002e-21 8.764e-21 0.0 158.84 0.0
S011418 325.9355 54.8442 1.3e-23 3.8619999999999996e-23 2.6839999999999997e-22 0.0 157.92 0.0
S011419 325.952 54.7763 1.8189999999999998e-23 5.0619999999999997e-23 3.0939999999999997e-22 0.0 159.57 0.0
S011420 325.9501 54.8042 7.648999999999999e-23 1.8899999999999997e-22 8.846e-22 0.0 157.95 0.0
S011421 325.9202 54.7947 7.151e-23 1.9129999999999998e-22 1.081e-21 0.0 158.31 0.0
S011422 326.0044 54.7639 1.3949999999999998e-23 3.639e-23 1.9579999999999998e-22 0.0 160.48 0.0
S011423 325.9589 54.7943 1.201e-18 1.292e-18 1.106e-18 0.0 159.55 0.0
S011424 325.9416 54.8055 3.582e-23 9.852e-23 5.669e-22 0.0 157.91 0.0
S011426 325.8978 54.8333 1.64e-21 3.018e-21 7.616e-21 0.0 157.58 0.0
S011427 325.9591 54.7368 3.217e-13 2.337e-13 8.731e-14 0.0 159.73 0.0
S011428 325.9644 54.789 1.5789999999999998e-22 3.8339999999999996e-22 1.7980000000000002e-21 0.0 159.99 0.0
S011429 325.9567 54.8055 1.439e-18 1.566e-18 1.349e-18 0.0 158.82 0.0
S011430 325.9068 54.8625 1.588e-23 4.7e-23 3.2859999999999997e-22 0.0 157.67 0.0
S011431 325.9127 54.8314 2.293e-25 1.025e-24 1.669e-23 0.0 157.73 0.0
S011432 325.9328 54.7888 4.789e-18 4.688e-18 3.149e-18 0.0 158.45 0.0
S011433 325.9185 54.7828 5.703e-23 1.452e-22 7.072999999999999e-22 0.0 158.48 0.0
S011435 325.952 54.8001 1.2559999999999998e-22 3.1979999999999997e-22 1.572e-21 0.0 158.14 0.0
S011436 326.0329 54.8064 2.3750000000000002e-21 4.6900000000000004e-21 1.363e-20 0.0 159.78 0.0
S011437 325.9604 54.7901 4.914e-21 8.798e-21 2.056e-20 0.0 159.87 0.0
S011438 325.9869 54.7967 1.61e-18 1.833e-18 1.733e-18 0.0 160.03 0.0
S011439 325.955 54.8327 8.447e-18 1.44e-17 3.206e-17 0.0 158.18 0.0
S011440 325.9673 54.7961 2.41e-17 3.868e-17 7.443e-17 0.0 160.03 0.0
S011441 325.9641 54.7818 4.007e-19 4.83e-19 5.273e-19 0.0 159.93 0.0
S011442 325.8885 54.8515 1.9779999999999999e-22 4.675e-22 2.05e-21 0.0 157.61 0.0
S011443 325.9295 54.8189 4.5980000000000004e-26 2.305e-25 4.867e-24 0.0 157.61 0.0
S011444 325.9478 54.8038 1.301e-17 1.977e-17 3.291e-17 0.0 157.93 0.0
S011445 325.9317 54.7976 1.3859999999999998e-22 3.117e-22 1.236e-21 0.0 158.19 0.0
S011446 325.9536 54.8005 1.867e-19 2.47e-19 3.316e-19 0.0 159.72 0.0
S011447 325.9525 54.7534 3.487e-19 4.261e-19 4.455e-19 0.0 159.6 0.0
S011448 325.9534 54.7839 1.9589999999999999e-22 4.592e-22 1.933e-21 0.0 159.4 0.0
S011449 325.9633 54.7901 1.9259999999999999e-22 4.637999999999999e-22 2.076e-21 0.0 159.64 0.0
S011450 325.9522 54.8555 2.2679999999999997e-22 5.208e-22 2.111e-21 0.0 158.2 0.0
S011451 325.8825 54.8093 1.1939999999999999e-22 3.0609999999999995e-22 1.5620000000000001e-21 0.0 157.63 0.0
S011452 325.9485 54.8187 3.652e-20 5.52e-20 9.213e-20 0.0 158.24 0.0
S011453 325.9925 54.7206 4.127e-21 7.516e-21 1.8480000000000002e-20 0.0 160.04 0.0
S011454 325.9517 54.8043 1.6949999999999998e-22 4.25e-22 1.985e-21 0.0 158.46 0.0
S011455 325.9564 54.799 1.0029999999999999e-23 2.812e-23 1.7239999999999998e-22 0.0 159.54 0.0
S011456 325.9576 54.8052 1.4400000000000001e-21 2.752e-21 7.602e-21 0.0 158.99 0.0
S011457 325.9452 54.8022 3.5080000000000005e-20 5.121e-20 8.120000000000001e-20 0.0 158.0 0.0
S011458 325.9444 54.7974 3.8e-19 4.557e-19 4.59e-19 0.0 158.58 0.0
S011459 325.9565 54.8022 1.756e-17 3.362e-17 9.218e-17 0.0 159.04 0.0
S011460 325.9562 54.8026 9.147999999999999e-23 2.196e-22 9.324e-22 0.0 159.53 0.0
S011461 325.9527 54.8041 1.2749999999999998e-22 3.045e-22 1.351e-21 0.0 158.0 0.0
S011462 325.9316 54.7682 1.827e-21 3.5250000000000004e-21 9.586e-21 0.0 159.05 0.0
S011463 325.9397 54.797 7.454e-22 1.511e-21 4.672e-21 0.0 158.36 0.0
S011464 325.9257 54.7634 1.399e-23 3.63e-23 1.9099999999999998e-22 0.0 158.91 0.0
S011465 325.9547 54.8032 1.664e-21 1.172e-21 4.0929999999999995e-22 0.0 158.59 0.0
S011466 325.836 54.789 4.313e-20 6.144e-20 9.381000000000001e-20 0.0 157.94 0.0
S011467 325.9335 54.8881 5.568e-25 2.418e-24 3.662e-23 0.0 157.88 0.0
S011468 325.894 54.7984 4.5969999999999997e-23 1.1629999999999998e-22 5.892e-22 0.0 157.86 0.0
S011469 325.9493 54.8009 3.692e-21 7.09e-21 1.9230000000000003e-20 0.0 157.92 0.0
S011470 325.8862 54.8081 1.781e-17 3.247e-17 7.938e-17 0.0 157.73 0.0
S011471 325.9782 54.7716 1.509e-21 1.056e-21 3.75e-22 0.0 160.31 0.0
S011472 325.9494 54.7926 4.893e-21 8.646e-21 2.032e-20 0.0 159.07 0.0
S011473 325.966 54.8053 1.6599999999999997e-22 4.2349999999999996e-22 2.152e-21 0.0 159.35 0.0
S011474 325.9603 54.8253 9.384999999999999e-23 2.309e-22 1.097e-21 0.0 158.6 0.0
S011475 325.9336 54.8456 1.757e-23 5.262e-23 3.5689999999999997e-22 0.0 157.84 0.0
S011476 325.872 54.7928 1.82e-23 5.268e-23 3.4839999999999995e-22 0.0 157.97 0.0
S011477 325.9693 54.7917 5.08e-19 6.088e-19 6.326e-19 0.0 160.09 0.0
S011478 326.02 54.8452 4.505e-20 6.104e-20 8.257000000000001e-20 0.0 159.1 0.0
S011479 325.9556 54.8028 6.911e-23 1.8509999999999998e-22 1.056e-21 0.0 159.25 0.0
S011480 325.968 54.7701 2.4730000000000002e-20 3.6110000000000006e-20 5.657000000000001e-20 0.0 159.96 0.0
S011481 325.885 54.8543 3.78e-18 3.995e-18 3.231e-18 0.0 157.41 0.0
S011482 325.9813 54.8247 8.507999999999999e-22 1.705e-21 5.394e-21 0.0 159.02 0.0
S011483 325.9399 54.8215 5.961e-18 5.486e-18 3.42e-18 0.0 157.8 0.0
S011484 325.9596 54.7929 9.799e-21 1.688e-20 3.836e-20 0.0 159.83 0.0
S011485 325.9635 54.8411 2.529e-20 3.8820000000000004e-20 6.648000000000001e-20 0.0 158.45 0.0
S011486 325.9587 54.8076 5.772e-20 8.478000000000001e-20 1.357e-19 0.0 158.88 0.0
S011487 325.97 54.7767 3.277e-19 3.929e-19 4.132e-19 0.0 160.13 0.0
S011488 325.9368 54.7972 4.111e-18 6.658e-18 1.286e-17 0.0 158.25 0.0
S011489 325.9434 54.8032 2.36e-22 5.536e-22 2.324e-21 0.0 158.19 0.0
S011490 325.9273 54.8335 2.107e-23 5.268e-23 2.6029999999999997e-22 0.0 157.51 0.0
S011491 325.9711 54.798 3.9839999999999997e-22 8.185999999999999e-22 2.633e-21 0.0 159.92 0.0
S011492 325.9426 54.8063 1.77e-18 1.857e-18 1.458e-18 0.0 158.01 0.0
S011493 325.9995 54.7341 1.029e-24 4.122e-24 5.432999999999999e-23 0.0 160.04 0.0
S011494 325.9884 54.7343 4.846999999999999e-22 1.089e-21 4.066e-21 0.0 160.09 0.0
S011496 325.9675 54.7993 2.6610000000000003e-20 4.1180000000000003e-20 7.321e-20 0.0 159.95 0.0
S011497 325.9502 54.8044 2.486e-23 7.22e-23 4.7469999999999995e-22 0.0 158.01 0.0
S011498 325.8187 54.7802 1.285e-25 5.88e-25 1.013e-23 0.0 157.97 0.0
S011499 325.8549 54.7585 3.312e-26 1.874e-25 4.933e-24 0.0 158.28 0.0
S011500 325.9191 54.8147 2.795e-21 5.384e-21 1.4510000000000002e-20 0.0 157.66 0.0
S011501 326.0094 54.7191 1.695e-21 1.18e-21 4.1169999999999996e-22 0.0 160.22 0.0
S011502 325.9378 54.8785 6.4939999999999996e-24 2.036e-23 1.644e-22 0.0 158.02 0.0
S011503 325.9357 54.8081 1.7470000000000003e-20 2.858e-20 5.846000000000001e-20 0.0 157.77 0.0
S011504 325.963 54.7874 3.4399999999999997e-23 9.456e-23 5.584e-22 0.0 159.93 0.0
S011505 325.9434 54.8014 1.2459999999999999e-22 2.934e-22 1.206e-21 0.001 158.08 0.0
S011506 325.8865 54.7737 1.674e-21 3.481e-21 1.1580000000000002e-20 0.0 158.42 0.0
S011507 325.9367 54.8293 7.927e-21 1.2960000000000002e-20 2.626e-20 0.0 157.65 0.0
S011508 325.8915 54.8537 5.1950000000000003e-20 7.596000000000001e-20 1.169e-19 0.0 157.45 0.0
S011509 325.9494 54.7783 1.425e-22 3.1599999999999997e-22 1.175e-21 0.0 159.45 0.0
S011510 325.9552 54.8091 1.059e-21 2.1310000000000002e-21 6.595e-21 0.0 158.41 0.0
S011511 326.014 54.8092 8.755e-20 1.182e-19 1.563e-19 0.0 159.66 0.0
S011512 325.9728 54.7987 2.803e-13 1.91e-13 6.671e-14 0.0 159.98 0.0
S011513 325.9924 54.8629 5.567e-23 1.466e-22 7.8819999999999995e-22 0.0 158.78 0.0
S011514 325.9924 54.8041 1.109e-22 2.9349999999999996e-22 1.587e-21 0.0 160.03 0.0
S011515 325.8216 54.7932 4.305e-22 9.876999999999999e-22 4.123e-21 0.0 157.99 0.0
S011516 325.9532 54.7873 4.504e-19 5.258e-19 5.053e-19 0.001 159.47 0.0
S011517 325.9675 54.82 1.482e-21 2.708e-21 6.587e-21 0.0 158.9 0.0
S011518 325.9726 54.7871 4.754e-21 8.812e-21 2.2410000000000002e-20 0.0 160.14 0.0
S011519 325.9912 54.7698 3.447e-18 3.441e-18 2.507e-18 0.0 160.26 0.0
S011520 326.0183 54.7193 7.568000000000001e-20 1.096e-19 1.655e-19 0.0 160.13 0.0
S011521 325.9634 54.8169 9.958999999999998e-22 1.957e-21 5.875e-21 0.0 158.59 0.0
S011522 325.9302 54.7851 8.646e-14 1.295e-13 2.102e-13 0.0 158.54 0.0
S011523 325.9194 54.8087 3.377e-23 8.815e-23 4.864999999999999e-22 0.0 157.71 0.0
S011524 325.9678 54.8424 7.606e-18 7.296e-18 4.827e-18 0.0 158.7 0.0
S011525 325.9338 54.8027 4.345000000000001e-25 1.934e-24 3.1079999999999996e-23 0.0 157.88 0.0
S011526 325.9372 54.7925 4.825e-23 1.2339999999999998e-22 6.3219999999999995e-22 0.0 158.57 0.0
S011527 325.9564 54.7962 1.576e-21 1.109e-21 3.9679999999999996e-22 0.0 159.79 0.0
S011528 325.9183 54.7587 1.579e-21 1.105e-21 3.9539999999999996e-22 0.0 158.96 0.0
S011529 325.9534 54.7961 5.900000000000001e-20 8.880000000000001e-20 1.485e-19 0.0 159.18 0.0
S011530 325.9595 54.8 1.153e-23 3.474e-23 2.45e-22 0.0 159.7 0.0
S011531 325.9378 54.7973 2.444e-19 2.935e-19 3.047e-19 0.0 158.24 0.0
S011532 325.9465 54.8001 6.778e-18 6.555e-18 4.487e-18 0.0 158.14 0.0
S011533 326.0323 54.7257 1.137e-19 1.472e-19 1.803e-19 0.0 160.43 0.0
S011534 325.9383 54.7974 9.413e-23 2.2389999999999997e-22 9.952e-22 0.0 158.29 0.0
S011535 325.9627 54.7835 1.283e-23 3.6899999999999996e-23 2.444e-22 0.0 159.93 0.0
S011536 325.9556 54.8038 1.304e-21 2.663e-21 8.735e-21 0.0 158.12 0.0
S011537 325.9489 54.7953 3.867e-22 8.404e-22 2.962e-21 0.0 158.88 0.0
S011538 325.9477 54.8127 3.542e-22 7.4209999999999995e-22 2.498e-21 0.0 158.04 0.0
S011539 325.9545 54.8019 1.966e-21 3.8820000000000004e-21 1.156e-20 0.0 158.88 0.0
S011540 325.9491 54.801 1.2980000000000001e-20 2.2130000000000003e-20 4.6550000000000005e-20 0.0 158.05 0.0
S011541 326.0086 54.7763 1.739e-13 1.189e-13 3.989e-14 0.0 160.24 0.0
S011542 325.9852 54.7648 7.684999999999999e-22 1.683e-21 5.97e-21 0.0 160.16 0.0
S011543 325.9121 54.8634 3.077e-21 5.5e-21 1.254e-20 0.0 157.73 0.0
S011544 325.9509 54.7967 2.733e-23 7.522e-23 4.564999999999999e-22 0.0 159.17 0.0
S011545 325.9568 54.7865 1.737e-21 3.212e-21 7.954000000000001e-21 0.0 159.73 0.0
S011546 326.028 54.8162 4.918e-22 1.029e-21 3.491e-21 0.0 159.77 0.0
S011547 325.8967 54.8087 3.802e-21 7.125e-21 1.911e-20 0.0 157.78 0.0
S011548 325.924 54.8277 1.445e-21 1.013e-21 3.6799999999999997e-22 0.0 157.53 0.0
S011549 325.9781 54.812 2.571e-20 3.797e-20 6.138e-20 0.0 159.43 0.0
S011550 325.8975 54.8299 3.986e-24 1.2329999999999999e-23 9.320999999999999e-23 0.0 157.55 0.0
S011551 325.8796 54.7956 7.331e-21 1.2760000000000001e-20 2.953e-20 0.0 158.01 0.0
S011552 325.9241 54.8319 1.2049999999999999e-22 2.8409999999999997e-22 1.186e-21 0.0 157.57 0.0
S011553 325.933 54.7991 1.0149999999999999e-23 3.078e-23 2.241e-22 0.0 158.07 0.0
S011554 325.9183 54.8296 2.931e-17 2.623e-17 1.491e-17 0.0 157.49 0.0
S011555 325.8574 54.7801 1.212e-19 1.665e-19 2.41e-19 0.0 158.12 0.0
S011556 325.972 54.8214 2.385e-19 3.032e-19 3.718e-19 0.0 159.02 0.0
S011557 325.9557 54.8032 2.858e-20 4.7460000000000004e-20 9.778000000000001e-20 0.0 158.54 0.0
S011558 325.9645 54.7897 2.199e-24 7.519e-24 6.969999999999999e-23 0.0 159.89 0.0
S011559 325.9025 54.7564 3.535e-21 6.717e-21 1.8130000000000002e-20 0.0 158.93 0.0
S011560 325.8991 54.7576 3.971e-18 4.169e-18 3.251e-18 0.0 158.63 0.0
S011561 325.9512 54.7973 8.328e-21 1.46e-20 3.3720000000000004e-20 0.0 159.52 0.0
S011562 325.9124 54.861 3.177e-17 2.588e-17 1.259e-17 0.0 157.76 0.0
S011563 325.9424 54.8268 2.7829999999999996e-23 7.656999999999999e-23 4.665e-22 0.0 157.71 0.0
S011564 325.982 54.8381 2.864e-21 5.2e-21 1.318e-20 0.0 158.86 0.0
S011565 325.9167 54.8666 2.646e-17 6.518e-17 3.024e-16 0.0 157.69 1.0
S011566 326.0136 54.7841 2.646e-21 1.733e-21 5.271e-22 0.0 160.22 0.0
S011567 325.9406 54.7448 1.855e-21 1.278e-21 4.373999999999999e-22 0.0 159.43 0.0
S011568 325.9696 54.7844 4.355e-20 6.107e-20 8.994000000000001e-20 0.0 160.16 0.0
S011569 325.9535 54.8028 6.901e-18 6.582e-18 4.343e-18 0.0 158.73 0.0
S011570 325.9516 54.8035 1.393e-21 9.723999999999999e-22 3.534e-22 0.0 158.29 0.0
S011571 325.9545 54.7992 1.302e-22 3.0099999999999996e-22 1.2170000000000001e-21 0.0 160.25 0.0
S011572 325.9595 54.8001 5.2130000000000004e-21 9.665e-21 2.5510000000000003e-20 0.0 159.76 0.0
S011573 325.8875 54.7919 1.162e-17 2.397e-17 7.343e-17 0.0 158.13 0.0
S011574 325.9535 54.8013 3.433e-21 6.27e-21 1.583e-20 0.0 157.85 0.0
S011575 325.9725 54.8514 3.261e-19 4.042e-19 4.319e-19 0.0 158.42 0.0
S011576 325.967 54.8104 1.351e-17 1.225e-17 7.065e-18 0.0 159.17 0.0
S011579 325.9536 54.7973 1.235e-23 3.444e-23 2.137e-22 0.0 159.9 0.0
S011580 325.9547 54.8021 1.675e-19 2.1e-19 2.4e-19 0.0 158.8 0.0
S011581 325.9996 54.8196 1.148e-23 3.491e-23 2.6089999999999996e-22 0.0 159.38 0.0
S011582 325.9677 54.8059 1.655e-21 1.143e-21 3.9619999999999997e-22 0.0 159.35 0.0
S011583 326.0247 54.7417 5.204999999999999e-22 1.085e-21 3.641e-21 0.0 160.27 0.0
S011584 326.005 54.7991 4.631e-22 9.686e-22 3.279e-21 0.0 160.11 0.0
S011585 325.9451 54.7811 7.664e-21 1.3470000000000001e-20 3.1500000000000005e-20 0.0 159.22 0.0
S011586 325.9485 54.8109 4.142e-18 3.969e-18 2.696e-18 0.0 157.96 0.0
S011587 325.9762 54.7845 1.825e-24 6.852e-24 7.863e-23 0.0 160.3 0.0
S011588 325.9039 54.7819 2.288e-22 5.378e-22 2.278e-21 0.0 158.39 0.0
S011589 325.9625 54.7707 4.824e-22 9.973e-22 3.261e-21 0.0 159.66 0.0
S011590 325.9507 54.8054 1.216e-21 2.435e-21 7.436e-21 0.0 158.22 0.0
S011591 325.9944 54.7687 9.908999999999999e-22 1.888e-21 5.2490000000000004e-21 0.0 160.25 0.0
S011592 325.9757 54.8154 2.038e-22 4.558e-22 1.769e-21 0.0 159.01 0.0
S011593 325.9303 54.9097 1.0499999999999999e-22 2.5579999999999997e-22 1.184e-21 0.0 157.77 0.0
S011594 325.9678 54.7926 1.998e-17 1.737e-17 9.425e-18 0.0 160.06 0.0
S011595 326.0083 54.8613 1.67e-22 4.09e-22 1.887e-21 0.0 158.9 0.0
S011596 325.8821 54.8276 2.905e-19 3.459e-19 3.54e-19 0.0 157.58 0.0
S011597 325.9595 54.802 2.825e-23 7.135e-23 3.4059999999999997e-22 0.0 159.31 0.0
S011598 325.9617 54.7783 2.713e-21 5.16e-21 1.421e-20 0.0 159.77 0.0
S011599 325.9225 54.8529 1.1019999999999999e-23 3.465e-23 2.747e-22 0.0 157.77 0.0
S011600 325.9627 54.8224 7.457999999999999e-22 1.693e-21 6.607e-21 0.0 158.61 0.0
S011601 325.9533 54.8001 2.8529999999999995e-22 7.23e-22 3.503e-21 0.0 159.84 0.0
S011602 325.941 54.7907 1.6680000000000002e-20 2.92e-20 6.588000000000001e-20 0.0 158.85 0.0
S011604 325.9493 54.8095 1.035e-25 5.166e-25 1.03e-23 0.0 157.96 0.0
S011605 325.9581 54.7924 2.611e-24 8.489e-24 7.318e-23 0.0 159.95 0.0
S011606 325.9455 54.8041 6.912999999999999e-22 1.486e-21 5.251e-21 0.0 158.24 0.0
S011607 325.9629 54.7947 4.455e-22 9.937999999999999e-22 3.842e-21 0.0 159.93 0.0
S011608 325.9502 54.7986 2.9359999999999996e-23 7.567e-23 3.9069999999999995e-22 0.0 158.76 0.0
S011609 325.8982 54.8433 5.231e-13 3.575e-13 1.234e-13 0.001 157.49 0.0
S011610 325.9328 54.8067 9.098999999999998e-22 2.076e-21 8.203000000000001e-21 0.0 157.88 0.0
S011611 325.9694 54.8338 2.2389999999999997e-22 5.476e-22 2.621e-21 0.0 158.68 0.0
S011612 325.9554 54.8014 2.653e-23 7.18e-23 3.9749999999999996e-22 0.0 159.64 0.0
S011613 325.9408 54.8158 3.988e-19 4.932e-19 5.474e-19 0.0 157.71 0.0
S011614 325.9569 54.8032 2.642e-18 2.699e-18 2.088e-18 0.0 159.23 0.0
S011615 325.859 54.7996 4.255999999999999e-22 8.747999999999999e-22 2.7610000000000002e-21 0.0 157.83 0.0
S011616 325.9545 54.8019 5.921e-17 4.809e-17 2.323e-17 0.0 158.82 0.0
S011617 326.0482 54.7827 1.143e-19 1.468e-19 1.825e-19 0.0 160.15 0.0
S011618 325.9249 54.7562 2.259e-17 1.918e-17 9.552e-18 0.0 159.12 0.0
S011619 325.9724 54.8147 6.048e-21 1.0410000000000001e-20 2.294e-20 0.0 159.13 0.0
S011620 325.9598 54.8002 4.299e-23 1.161e-22 6.5299999999999995e-22 0.0 159.26 0.0
S011621 325.964 54.8066 1.454e-17 3.206e-17 1.213e-16 0.0 159.97 0.0
S011622 325.9498 54.8079 4.567e-19 5.556e-19 5.976e-19 0.0 157.87 0.0
S011623 325.9578 54.8098 1.061e-21 1.8990000000000002e-21 4.538e-21 0.0 158.78 0.0
S011624 325.9564 54.7867 2.649e-21 5.372e-21 1.6720000000000002e-20 0.0 159.63 0.0
S011625 325.9388 54.7826 3.06e-19 3.963e-19 4.85e-19 0.0 158.88 0.0
S011626 325.9379 54.79 1.725e-21 1.186e-21 4.1219999999999995e-22 0.0 157.88 0.0
S011627 325.939 54.8096 2.659e-23 7.896e-23 5.454999999999999e-22 0.0 157.87 0.0
S011628 325.9405 54.8091 5.479e-16 1.743e-15 1.391e-14 0.0 157.89 1.0
S011629 325.9413 54.7985 1.007e-19 1.335e-19 1.736e-19 0.0 157.88 0.0
S011630 325.9791 54.8189 1.529e-17 1.38e-17 8.406e-18 0.001 159.25 0.0
S011631 325.9501 54.8014 8.869e-23 2.1709999999999996e-22 9.885e-22 0.0 158.4 0.0
S011632 325.955 54.7707 4.383e-16 3.204e-16 1.264e-16 0.0 159.92 0.0
S011633 325.975 54.7703 1.311e-17 1.146e-17 6.433e-18 0.0 160.33 0.0
S011634 325.9484 54.7909 1.2409999999999998e-22 3.2849999999999996e-22 1.756e-21 0.0 158.96 0.0
S011635 325.9727 54.8153 6.118e-21 1.0460000000000001e-20 2.2750000000000003e-20 0.0 159.01 0.0
S011636 325.9681 54.7842 1.824e-18 2.024e-18 1.869e-18 0.0 159.97 0.0
S011637 325.9541 54.7898 6.397e-22 1.384e-21 5.087e-21 0.0 159.65 0.0
S011638 325.9448 54.7924 2.092e-17 3.396e-17 6.724e-17 0.0 158.8 0.0
S011639 325.9235 54.7996 8.853e-21 1.483e-20 3.1310000000000003e-20 0.0 157.92 0.0
S011640 325.9672 54.7991 7.863e-16 5.741e-16 2.171e-16 0.0 159.59 0.0
S011641 325.9607 54.8159 1.454e-21 2.627e-21 6.428e-21 0.0 158.61 0.0
S011642 325.9851 54.791 2.1490000000000002e-21 1.456e-21 4.823e-22 0.0 160.35 0.0
S011643 325.9631 54.8107 8.884999999999999e-23 2.229e-22 1.077e-21 0.0 159.03 0.0
S011644 325.9336 54.7957 2.4799999999999997e-23 6.833e-23 3.861e-22 0.0 158.18 0.0
S011645 325.9724 54.7951 4.522e-18 4.378e-18 3.033e-18 0.0 160.1 0.0
S011646 325.9349 54.7959 1.779e-17 2.938e-17 6.155e-17 0.0 158.19 0.0
S011647 325.9568 54.7973 1.9309999999999998e-23 4.874e-23 2.3879999999999997e-22 0.001 159.43 0.0
S011648 325.976 54.8125 1.548e-17 3.625e-17 1.608e-16 0.0 159.22 0.0
S011649 325.9464 54.8123 1.739e-17 2.303e-17 2.973e-17 0.0 157.99 0.0
S011650 325.94 54.8268 3.736e-17 3.18e-17 1.663e-17 0.0 157.71 0.0
S011651 325.9617 54.7948 3.73e-18 3.685e-18 2.61e-18 0.0 159.83 0.0
S011652 325.9559 54.8107 3.042e-21 5.6410000000000004e-21 1.4330000000000003e-20 0.0 158.51 0.0
S011653 325.9717 54.8095 7.789e-20 1.105e-19 1.697e-19 0.0 159.51 0.0
S011654 325.9744 54.8053 1.188e-22 2.7449999999999998e-22 1.155e-21 0.0 159.56 0.0
S011655 325.9542 54.8313 2.804e-17 4.144e-17 6.52e-17 0.0 157.88 0.0
S011656 325.9459 54.8002 3.745e-17 8.931e-17 4.017e-16 0.0 157.97 1.0
S011657 325.9638 54.8017 8.546e-23 2.1139999999999998e-22 9.838999999999998e-22 0.0 159.63 0.0
S011658 325.963 54.8137 1.412e-21 3.002e-21 1.047e-20 0.0 158.87 0.0
S011659 325.9638 54.786 5.706e-18 5.464e-18 3.476e-18 0.0 159.68 0.0
S011660 325.9649 54.7921 1.188e-19 1.564e-19 1.962e-19 0.001 159.92 0.0
S011661 325.9543 54.7895 1.667e-17 3.389e-17 1.07e-16 0.0 159.46 0.0
S011662 325.9648 54.7853 2.228e-22 5.066999999999999e-22 2.056e-21 0.0 160.05 0.0
S011663 325.9692 54.8159 8.561000000000001e-20 1.177e-19 1.602e-19 0.0 159.19 0.0
S011664 325.938 54.8163 1.812e-21 1.249e-21 4.265e-22 0.0 158.0 0.0
S011665 325.9308 54.8044 3.6110000000000006e-20 5.438e-20 9.212000000000001e-20 0.0 157.88 0.0
S011666 325.9371 54.8257 5.0810000000000004e-26 2.934e-25 8.29e-24 0.001 157.78 0.0
S011667 325.9506 54.7849 1.528e-21 2.914e-21 8.014e-21 0.0 159.12 0.0
S011668 325.9494 54.7938 3.245e-19 4.006e-19 4.446e-19 0.0 159.32 0.0
S011669 325.9585 54.7932 2.129e-26 1.216e-25 3.179e-24 0.0 159.61 0.0
S011670 325.946 54.8084 1.739e-24 5.836e-24 5.2179999999999997e-23 0.0 158.13 0.0
S011671 325.9324 54.7983 2.016e-22 5.242e-22 2.79e-21 0.0 157.72 0.0
S011672 325.9417 54.7883 7.833e-24 2.354e-23 1.7379999999999997e-22 0.0 158.88 0.0
S011673 325.9472 54.8164 8.853e-21 1.5130000000000002e-20 3.2940000000000005e-20 0.0 157.73 0.0
S011674 325.9623 54.7776 1.85e-17 2.779e-17 4.802e-17 0.0 160.32 0.0
S011675 325.9463 54.8208 3.891e-19 4.725e-19 4.976e-19 0.0 158.08 0.0
S011676 325.936 54.8015 2.272e-22 4.852e-22 1.71e-21 0.0 158.12 0.0
S011677 325.9865 54.806 5.949e-17 1.385e-16 5.985e-16 0.0 159.93 1.0
S011678 325.9539 54.8023 7.242e-21 1.2290000000000001e-20 2.7290000000000004e-20 0.0 158.71 0.0
S011679 325.983 54.7792 2.29e-18 2.397e-18 1.898e-18 0.0 160.24 0.0
S011680 325.9315 54.7992 8.7e-17 7.083e-17 3.435e-17 0.0 157.86 0.0
S011681 325.9774 54.8047 2.694e-23 8.243e-23 6.201999999999999e-22 0.0 159.93 0.0
S011682 325.9639 54.8225 2.765e-19 3.553e-19 4.304e-19 0.0 158.75 0.0
S011683 325.946 54.8163 5.544e-13 4.058e-13 1.588e-13 0.0 157.63 0.0
S011684 325.9783 54.8061 1.362e-19 1.701e-19 1.973e-19 0.0 159.78 0.0
S011685 325.9816 54.8115 9.563e-18 1.946e-17 5.926e-17 0.0 159.89 0.0
S011686 325.9876 54.7904 6.674e-21 1.1970000000000001e-20 2.9560000000000005e-20 0.0 160.19 0.0
S011687 325.9644 54.7982 2.649e-18 2.617e-18 1.886e-18 0.0 159.86 0.0
S011688 325.9526 54.792 4.488e-19 5.51e-19 5.892e-19 0.0 159.54 0.0
S011689 325.9226 54.8022 1.248e-23 4.332e-23 4.236e-22 0.0 157.69 0.0
S011690 325.9787 54.7968 1.4e-20 2.243e-20 4.244e-20 0.0 160.18 0.0
S011691 325.9707 54.7957 2.436e-19 2.917e-19 3.032e-19 0.0 160.16 0.0
S011692 325.9303 54.7986 4.217e-17 3.553e-17 1.872e-17 0.0 157.84 0.0
S011693 325.981 54.7833 3.529e-21 6.498e-21 1.69e-20 0.0 160.28 0.0
S011694 325.9357 54.8202 2.1350000000000002e-20 3.221e-20 5.3910000000000007e-20 0.0 157.56 0.0
S011695 325.9822 54.8034 1.605e-18 1.716e-18 1.467e-18 0.0 159.83 0.0
S011696 325.9502 54.7926 2.451e-17 2.193e-17 1.225e-17 0.0 159.77 0.0
S011697 325.9535 54.7699 2.1479999999999996e-22 5.392e-22 2.588e-21 0.0 159.95 0.0
S011698 325.9461 54.795 1.1079999999999998e-22 2.517e-22 9.595e-22 0.0 158.85 0.0
S011699 325.959 54.8325 4.586e-18 4.436e-18 3.043e-18 0.0 158.03 0.0
S011700 325.9877 54.792 1.271e-19 1.64e-19 1.997e-19 0.0 160.37 0.0
S011701 325.9864 54.7882 6.533e-23 1.6169999999999998e-22 7.428999999999999e-22 0.0 160.28 0.0
S011702 325.9455 54.7935 1.6970000000000002e-21 1.174e-21 4.21e-22 0.0 158.64 0.0
S011703 325.9473 54.787 2.664e-20 4.2470000000000005e-20 8.314000000000001e-20 0.0 159.16 0.0
S011704 325.9502 54.8102 4.55e-21 7.854e-21 1.729e-20 0.0 158.52 0.0
S011705 325.9611 54.8138 5.022e-17 4.1e-17 2.034e-17 0.0 158.7 0.0
S011706 325.9397 54.8242 4.243e-17 3.466e-17 1.606e-17 0.0 157.54 0.0
S011707 325.9617 54.792 1.9849999999999999e-22 4.807e-22 2.176e-21 0.0 159.72 0.0
S011708 325.9442 54.7809 6.097e-18 1.186e-17 3.33e-17 0.0 159.19 0.0
S011709 325.9579 54.7665 6.217e-20 8.277000000000001e-20 1.112e-19 0.0 159.83 0.0
S011710 325.9474 54.8095 1.535e-18 1.591e-18 1.234e-18 0.0 157.89 0.0
S011711 325.9687 54.7984 1.73e-21 3.277e-21 9.125e-21 0.0 159.92 0.0
S011712 325.9572 54.7863 1.615e-17 2.648e-17 5.304e-17 0.0 159.95 0.0
S011713 325.9378 54.7672 3.42e-21 6.229e-21 1.5100000000000002e-20 0.0 159.22 0.0
S011714 325.9493 54.8073 1.72e-21 1.209e-21 4.2289999999999996e-22 0.0 158.26 0.0
S011715 325.9251 54.8023 1.31e-21 9.295e-22 3.334e-22 0.0 157.49 0.0
S011716 325.9501 54.8045 5.062e-21 9.075e-21 2.1790000000000002e-20 0.0 158.31 0.0
S011717 325.9406 54.7963 2.7150000000000005e-20 4.3440000000000005e-20 8.006e-20 0.0 158.2 0.0
S011718 325.9453 54.8116 2.363e-17 4.431e-17 1.177e-16 0.0 157.96 0.0
S011719 325.9342 54.7986 2.301e-19 3.231e-19 4.607e-19 0.0 157.91 0.0
S011720 325.9236 54.7987 7.496e-21 1.3340000000000002e-20 3.298e-20 0.0 158.11 0.0
S011721 325.9435 54.8284 1.41e-21 2.821e-21 8.539e-21 0.0 157.62 0.0
S011722 325.9779 54.7997 2.6140000000000002e-20 4.1030000000000004e-20 7.418000000000001e-20 0.0 160.27 0.0
S011723 325.9453 54.8032 4.51e-23 1.2039999999999998e-22 6.535e-22 0.0 158.04 0.0
S011724 325.9485 54.8141 6.567e-18 1.124e-17 2.387e-17 0.0 158.13 0.0
S011725 325.9683 54.7843 2.105e-18 2.223e-18 1.795e-18 0.0 160.34 0.0
S011726 325.9676 54.7976 1.616e-18 1.683e-18 1.286e-18 0.0 159.89 0.0
S011727 325.9647 54.7805 8.217e-19 9.212e-19 8.465e-19 0.0 159.89 0.0
S011728 325.9517 54.7918 5.820000000000001e-20 8.257000000000001e-20 1.219e-19 0.0 159.24 0.0
S011729 325.9916 54.8071 1.092e-20 1.704e-20 2.9700000000000005e-20 0.0 159.9 0.0
S011730 325.9286 54.7977 8.061e-18 7.394e-18 4.49e-18 0.0 158.07 0.0
S011731 325.9205 54.8208 1.785e-21 1.218e-21 4.1999999999999997e-22 0.0 157.43 0.0
S011732 325.9685 54.7978 1.488e-17 1.308e-17 7.487e-18 0.0 160.03 0.0
S011733 325.9699 54.7853 1.346e-17 1.212e-17 6.789e-18 0.0 160.07 0.0
S011734 325.9472 54.8262 9.352e-17 1.932e-16 6.533e-16 0.0 157.79 1.0
S011735 325.9354 54.7996 2.165e-17 2.898e-17 3.846e-17 0.0 158.07 0.0
S011736 325.9455 54.7831 8.882e-18 8.395e-18 5.43e-18 0.0 159.16 0.0
S011737 325.9631 54.8215 2.664e-18 2.735e-18 2.011e-18 0.0 158.61 0.0
S011738 325.9747 54.8 1.704e-17 1.463e-17 7.834e-18 0.0 160.15 0.0
S011739 325.9444 54.7886 1.039e-25 5.282000000000001e-25 1.0979999999999999e-23 0.0 159.03 0.0
S011740 325.9244 54.7949 1.861e-21 1.285e-21 4.379e-22 0.0 157.61 0.0
S011741 325.9516 54.7856 2.449e-17 2.112e-17 1.133e-17 0.0 159.3 0.0
S011742 325.9458 54.826 1.941e-25 9.44e-25 1.779e-23 0.0 157.48 0.0
S011743 325.9941 54.8014 4.631e-17 4.005e-17 2.217e-17 0.0 160.09 0.0
S011744 325.9598 54.8003 5.343e-17 4.548e-17 2.369e-17 0.0 159.7 0.0
S011745 325.9498 54.7848 4.0499999999999996e-22 8.626999999999999e-22 2.909e-21 0.0 159.31 0.0
S011746 325.9473 54.8084 2.516e-17 5.325e-17 1.895e-16 0.0 158.11 0.0
S011747 325.9338 54.7992 5.901999999999999e-22 1.234e-21 4.064e-21 0.0 158.23 0.0
S011748 325.9371 54.8068 8.791e-22 1.6570000000000001e-21 4.533e-21 0.0 157.76 0.0
S011749 325.9482 54.8042 9.838e-18 1.855e-17 5.035e-17 0.0 158.15 0.0
S011750 325.9351 54.8289 8.992e-19 9.927e-19 8.561e-19 0.0 157.73 0.0
S011751 325.9434 54.7854 4.94e-20 7.254000000000001e-20 1.199e-19 0.0 158.94 0.0
S011752 325.9585 54.8063 4.508e-21 8.385e-21 2.1820000000000003e-20 0.0 158.92 0.0
S011753 325.9226 54.7944 1.51e-19 2.148e-19 3.261e-19 0.0 157.87 0.0
S011754 325.9722 54.8024 1.244e-17 1.177e-17 7.771e-18 0.0 160.3 0.0
S011755 325.9493 54.8082 1.233e-19 1.688e-19 2.304e-19 0.0 157.91 0.0
S011756 325.9365 54.7931 9.729e-18 8.73e-18 5.131e-18 0.0 158.1 0.0
S011757 325.9275 54.7864 3.294e-19 4.072e-19 4.713e-19 0.0 158.35 0.0
S011758 325.9354 54.8118 1.8240000000000002e-20 2.8260000000000004e-20 5.025000000000001e-20 0.0 158.06 0.0
S011759 325.9311 54.8003 1.4160000000000002e-20 2.181e-20 3.761e-20 0.0 157.89 0.0
S011760 325.9573 54.8256 2.584e-22 5.113999999999999e-22 1.568e-21 0.0 158.3 0.0
S011761 325.9381 54.8017 5.327e-18 1.125e-17 3.783e-17 0.0 157.99 0.0
S011762 325.9422 54.8104 8.749e-25 3.241e-24 3.624e-23 0.0 157.84 0.0
S011763 325.9322 54.7951 1.8720000000000002e-20 2.761e-20 4.3790000000000004e-20 0.0 158.41 0.0
S011764 325.9424 54.7874 2.3450000000000002e-21 4.355e-21 1.1270000000000002e-20 0.0 159.02 0.0
S011765 325.9677 54.8009 3.2609999999999996e-23 8.659e-23 4.917e-22 0.0 159.54 0.0
S011766 325.9472 54.7943 5.437e-19 6.213e-19 5.803e-19 0.0 158.35 0.0
S011767 325.9477 54.779 1.8e-21 1.25e-21 4.326999999999999e-22 0.0 159.84 0.0
S011768 325.967 54.7872 1.208e-19 1.717e-19 2.473e-19 0.0 159.91 0.0
S011769 325.9713 54.8098 1.7920000000000002e-21 1.237e-21 4.282999999999999e-22 0.0 159.24 0.0
S011770 325.9273 54.7688 1.673e-18 1.778e-18 1.462e-18 0.0 159.01 0.0
S011771 325.9661 54.8067 1.254e-21 8.854e-22 3.304e-22 0.0 159.8 0.0
S011772 325.9479 54.7874 1.208e-19 1.472e-19 1.631e-19 0.0 159.46 0.0
S011773 325.964 54.7882 3.246e-18 3.282e-18 2.46e-18 0.0 159.78 0.0
S011774 325.9414 54.7819 1.514e-17 1.388e-17 8.118e-18 0.0 159.09 0.0
S011775 325.9594 54.8094 1.893e-18 1.982e-18 1.535e-18 0.0 158.77 0.0
S011776 325.9526 54.8306 2.559e-17 2.329e-17 1.382e-17 0.0 158.07 0.0
S011777 325.9406 54.7995 9.889e-19 1.194e-18 1.267e-18 0.0 158.02 0.0
S011778 325.9491 54.7792 3.203e-21 6.304e-21 1.9000000000000002e-20 0.0 159.57 0.0
S011779 325.969 54.7847 4.7490000000000007e-20 6.686000000000001e-20 1.019e-19 0.0 160.19 0.0
S011780 325.9658 54.8051 7.513e-17 1.914e-16 9.681e-16 0.0 159.87 1.0
S011781 325.9367 54.8013 1.055e-19 1.429e-19 1.939e-19 0.0 158.13 0.0
S011782 325.95 54.8066 1.802e-21 1.243e-21 4.305e-22 0.0 158.4 0.0
S011783 325.956 54.7968 9.283e-17 2.422e-16 1.258e-15 0.0 159.45 1.0
S011784 325.9497 54.7803 5.127e-13 3.661e-13 1.318e-13 0.0 159.5 0.0
S011785 325.972 54.8094 7.985e-24 2.72e-23 2.496e-22 0.0 159.16 0.0
S011786 325.9578 54.8397 9.584e-18 1.561e-17 3.119e-17 0.0 158.26 0.0
S011787 325.9463 54.7908 1.571e-18 1.8e-18 1.682e-18 0.0 159.87 0.0
S011788 325.9474 54.7935 1.893e-14 3.142e-14 6.224e-14 0.0 158.77 0.0
S011789 325.953 54.8075 4.135e-20 6.220000000000001e-20 1.061e-19 0.0 158.58 0.0
S011790 325.9777 54.7981 1.664e-23 4.5159999999999997e-23 2.532e-22 0.0 159.87 0.0
S011791 325.9507 54.7901 1.626e-23 4.7229999999999995e-23 3.0099999999999996e-22 0.0 159.93 0.0
S011792 325.9629 54.7879 3.218e-13 2.264e-13 8.227e-14 0.0 160.2 0.0
S011793 325.9623 54.7909 5.683999999999999e-23 1.5059999999999999e-22 8.326999999999999e-22 0.0 159.8 0.0
S011794 325.9438 54.7736 7.845e-20 1.076e-19 1.445e-19 0.0 159.53 0.0
S011795 325.973 54.803 3.0569999999999998e-22 6.578e-22 2.278e-21 0.0 159.91 0.0
S011796 325.9669 54.8001 6.056e-20 8.968000000000001e-20 1.446e-19 0.0 159.77 0.0
S011797 325.9542 54.7927 1.395e-16 1.079e-16 4.689e-17 0.0 159.81 1.0
S011798 325.9394 54.8279 3.5969999999999996e-22 8.174999999999999e-22 3.323e-21 0.0 157.73 0.0
S011799 325.9488 54.7873 1.416e-17 2.494e-17 5.74e-17 0.0 159.29 0.0
S011800 325.9324 54.8239 1.271e-19 1.771e-19 2.504e-19 0.0 157.54 0.0
S011801 325.9257 54.793 6.41e-18 1.07e-17 2.252e-17 0.0 158.17 0.0
S011802 325.9772 54.8164 1.608e-17 1.425e-17 8.242e-18 0.0 159.37 0.0
S011803 325.9729 54.8005 1.742e-18 1.936e-18 1.723e-18 0.0 159.72 0.0
S011804 325.933 54.8058 1.0929999999999998e-22 2.6109999999999997e-22 1.141e-21 0.0 157.86 0.0
S011805 325.9496 54.7981 1.299e-21 9.386e-22 3.497e-22 0.0 158.66 0.0
S011806 325.9685 54.7989 6.155999999999999e-22 1.297e-21 4.419e-21 0.0 159.68 0.0
S011807 325.9701 54.7951 4.09e-17 7.519e-17 1.893e-16 0.0 159.98 0.0
S011808 325.9635 54.8019 1.879e-19 2.48e-19 3.05e-19 0.0 159.63 0.0
S011809 325.9633 54.7992 2.989e-19 3.627e-19 3.948e-19 0.0 159.72 0.0
S011810 325.9617 54.799 4.1399999999999997e-22 9.134999999999999e-22 3.325e-21 0.0 159.87 0.0
S011811 325.9397 54.8044 1.173e-16 9.687e-17 4.835e-17 0.0 157.82 0.0
S011812 325.9704 54.7996 5.0060000000000006e-20 7.035e-20 1.051e-19 0.0 159.74 0.0
S011813 325.9685 54.7967 9.629999999999999e-23 2.396e-22 1.1310000000000001e-21 0.0 159.85 0.0
S011814 325.9686 54.7959 1.259e-21 2.564e-21 7.881e-21 0.0 159.98 0.0
S011815 325.9753 54.7977 1.787e-21 1.2380000000000001e-21 4.403999999999999e-22 0.0 159.87 0.0
S011816 325.9697 54.7978 7.674e-23 2.0139999999999998e-22 1.114e-21 0.0 159.84 0.0
S011817 325.9479 54.8074 4.829e-22 1.103e-21 4.456e-21 0.0 157.85 0.0
S011818 325.9772 54.7971 2.4509999999999998e-23 7.027e-23 4.552999999999999e-22 0.0 160.05 0.0
S011819 325.9709 54.8026 6.554e-20 9.366000000000001e-20 1.386e-19 0.0 159.66 0.0
S011820 325.9414 54.8046 7.968e-17 6.507e-17 3.221e-17 0.0 157.93 0.0
S011821 325.9714 54.7997 8.832e-18 1.839e-17 5.963e-17 0.0 159.86 0.0
S011822 325.9703 54.7973 4.213e-18 4.467e-18 3.468e-18 0.0 159.99 0.0
S011823 325.935 54.8056 5.552e-19 6.159e-19 5.552e-19 0.0 157.89 0.0
S011824 325.961 54.805 1.5470000000000001e-21 1.079e-21 3.8859999999999996e-22 0.0 159.15 0.0
S011825 325.9708 54.7925 7.063e-21 1.125e-20 2.149e-20 0.0 159.97 0.0
S011826 325.97 54.8004 1.7780000000000003e-20 2.856e-20 5.509000000000001e-20 0.0 159.71 0.0
S011827 325.9712 54.802 1.092e-18 1.106e-18 8.55e-19 0.0 159.73 0.0
S011828 325.9661 54.7967 5.2530000000000007e-20 7.946000000000001e-20 1.389e-19 0.0 159.87 0.0
S011829 325.9752 54.7983 5.865e-17 4.747e-17 2.301e-17 0.0 159.9 0.0
S011830 325.9616 54.8045 1.084e-19 1.466e-19 1.981e-19 0.0 159.3 0.0
S011831 325.9598 54.7999 1.233e-17 1.919e-17 3.415e-17 0.0 159.65 0.0
S011832 325.9687 54.8009 6.362e-20 8.825e-20 1.294e-19 0.0 159.82 0.0
S011833 325.9366 54.8023 1.865e-17 1.723e-17 1.08e-17 0.0 157.99 0.0
S011834 325.943 54.8043 1.552e-17 1.422e-17 8.91e-18 0.0 157.97 0.0
S011835 325.9687 54.7992 1.942e-21 1.3360000000000001e-21 4.549999999999999e-22 0.0 159.64 0.0
S011836 325.9472 54.8008 6.943e-27 4.4650000000000006e-26 1.566e-24 0.0 158.21 0.0
S011837 325.971 54.8037 5.571e-13 3.893e-13 1.412e-13 0.0 159.65 0.0
S011838 325.974 54.7961 1.2290000000000001e-21 8.890999999999998e-22 3.4419999999999997e-22 0.0 159.99 1.0
S011839 325.9789 54.7997 1.155e-18 1.291e-18 1.2e-18 0.001 159.97 0.0
S011840 325.9734 54.8007 1.204e-17 1.044e-17 5.639e-18 0.0 159.8 0.0
S011841 325.9673 54.7953 1.9219999999999999e-22 4.869e-22 2.4e-21 0.0 159.9 0.0
S011842 325.9343 54.803 1.049e-17 2.09e-17 6.217e-17 0.0 157.92 0.0
S011843 325.9306 54.8008 9.577e-18 9.31e-18 6.097e-18 0.0 158.0 0.0
S011844 325.9348 54.8068 2.127e-13 1.434e-13 4.79e-14 0.0 157.75 0.0
S011845 325.9385 54.8029 2.0620000000000002e-20 3.1570000000000004e-20 5.376e-20 0.0 157.97 0.0
S011846 325.9702 54.7994 6.112e-18 1.259e-17 4.14e-17 0.0 159.78 0.0
S011847 325.9271 54.8046 5.557e-19 6.235e-19 5.722e-19 0.0 157.74 0.0
S011848 325.9401 54.8036 9.609e-18 8.89e-18 5.445e-18 0.0 158.08 0.0
S011849 325.97 54.8037 6.545e-18 6.184e-18 4.032e-18 0.0 159.58 0.0
S011850 325.9365 54.7983 1.446e-18 1.491e-18 1.152e-18 0.0 158.29 0.0
S011851 325.9697 54.8005 2.2760000000000002e-20 3.4800000000000006e-20 6.270000000000001e-20 0.0 159.85 0.0
S011852 325.9471 54.8034 6.562e-21 1.2140000000000001e-20 3.2660000000000006e-20 0.0 158.26 0.0
S011853 325.937 54.8016 2.299e-21 1.527e-21 4.890999999999999e-22 0.0 158.12 0.0
S011854 325.9712 54.7979 7.474999999999999e-23 1.8529999999999997e-22 9.072999999999999e-22 0.0 159.87 0.0
S011855 325.9707 54.7987 1.2500000000000001e-25 5.583e-25 9.339e-24 0.0 159.85 0.0
S011856 325.9759 54.7944 5.647e-21 1.0030000000000001e-20 2.326e-20 0.0 160.01 0.0
S011857 325.9761 54.7968 1.303e-17 2.567e-17 7.339e-17 0.0 160.0 0.0
S011858 325.9384 54.8045 6.549e-19 7.49e-19 7.044e-19 0.0 157.9 0.0
S011859 325.9641 54.797 2.455e-23 6.569e-23 3.6119999999999996e-22 0.0 159.76 0.0
S011860 325.936 54.8012 4.317e-18 8.171e-18 2.21e-17 0.0 158.07 0.0
S011861 325.9335 54.802 5.574e-21 1.042e-20 2.761e-20 0.0 158.01 0.0
S011862 325.93 54.8032 5.505e-18 9.588e-18 2.143e-17 0.0 157.78 0.0
S011863 325.9379 54.8049 6.63e-19 7.703e-19 7.433e-19 0.0 157.89 0.0
S011864 325.9839 54.7952 8.462e-19 9.323e-19 8.155e-19 0.0 160.06 0.0
S011865 325.9808 54.7967 9.361e-18 1.903e-17 6.076e-17 0.0 160.11 0.0
S011866 325.9329 54.8017 1.628e-17 2.706e-17 5.819e-17 0.0 157.98 0.0
S011867 325.9782 54.799 2.824e-21 5.338e-21 1.4230000000000002e-20 0.0 159.95 0.0
S011868 325.9274 54.8 2.121e-17 3.72e-17 8.622e-17 0.0 157.93 0.0
S011869 325.9293 54.8062 6.046e-13 4.924e-13 2.368e-13 0.0 157.66 1.0
S011870 325.9373 54.7991 3.387e-23 9.548e-23 5.959999999999999e-22 0.0 158.12 0.0
S011871 325.9285 54.8013 1.968e-17 3.117e-17 5.858e-17 0.0 157.96 0.0
S011872 325.9296 54.8009 9.582e-19 1.069e-18 9.957e-19 0.0 157.91 0.0
S011873 325.9388 54.8004 1.213e-17 2.044e-17 4.334e-17 0.0 158.12 0.0
S011874 325.9274 54.8012 1.945e-19 2.559e-19 3.148e-19 0.0 157.93 0.0
S011875 325.9363 54.8045 3.428e-18 3.537e-18 2.632e-18 0.0 157.79 0.0
S011876 325.9259 54.8036 4.322e-18 4.323e-18 3.124e-18 0.0 157.94 0.0
S011877 325.9426 54.8029 7.688e-19 8.689e-19 8.029e-19 0.0 158.12 0.0
S011878 325.9792 54.7991 3.059e-18 3.05e-18 2.174e-18 0.0 160.02 0.0
S011879 325.9219 54.8074 1.874e-18 1.934e-18 1.508e-18 0.0 157.64 0.0
S011880 325.9337 54.8046 1.946e-17 1.765e-17 1.036e-17 0.0 157.88 0.0
S011881 325.9666 54.8003 1.739e-17 2.783e-17 5.237e-17 0.0 159.51 0.0
S011882 325.932 54.8048 2.949e-17 2.564e-17 1.389e-17 0.0 157.68 0.0
S011883 325.969 54.7954 3.276e-18 3.326e-18 2.563e-18 0.0 159.93 0.0
S011884 325.9815 54.7966 8.787e-19 1.053e-18 1.144e-18 0.0 160.2 0.0
S011885 325.9786 54.7951 7.614e-18 6.728e-18 3.946e-18 0.0 159.99 0.0
S011886 325.9293 54.8005 5.610000000000001e-20 8.389000000000001e-20 1.369e-19 0.0 158.02 0.0
S011887 325.9779 54.7976 2.7429999999999996e-22 6.8119999999999995e-22 3.175e-21 0.0 159.92 0.0
S011888 325.9302 54.8088 3.321e-17 2.773e-17 1.451e-17 0.0 157.63 1.0
S011889 325.9239 54.8077 1.1329999999999999e-23 3.614e-23 2.857e-22 0.0 157.65 0.0
S011890 325.9245 54.8011 1.3669999999999998e-22 2.9749999999999997e-22 1.062e-21 0.0 158.04 0.0
S011891 325.9251 54.808 1.584e-19 1.965e-19 2.206e-19 0.0 157.64 0.0
S011892 325.9731 54.7974 5.983e-21 1.082e-20 2.577e-20 0.0 160.01 0.0
S011893 325.9748 54.7984 8.541e-19 1.026e-18 1.053e-18 0.0 159.99 0.0
S011894 325.9393 54.8033 3.625e-18 3.568e-18 2.42e-18 0.0 158.06 0.0
S011895 325.9355 54.8019 9.631999999999998e-22 1.918e-21 5.709e-21 0.0 157.94 0.0
S011896 325.9255 54.8004 1.161e-19 1.518e-19 1.863e-19 0.0 157.93 0.0
S011897 325.9765 54.7906 6.973e-18 1.049e-17 1.813e-17 0.0 160.04 0.0
S011898 325.983 54.796 1.2200000000000002e-20 1.9440000000000003e-20 3.7860000000000004e-20 0.0 159.85 0.0
S011899 325.9833 54.7979 1.169e-17 1.034e-17 5.74e-18 0.0 160.16 1.0
S011900 325.9816 54.8009 6.233e-19 7.128e-19 6.957e-19 0.0 159.72 0.0
S011901 325.9324 54.806 1.513e-21 1.056e-21 3.7389999999999997e-22 0.0 157.8 0.0
S011902 325.9823 54.8004 7.784999999999999e-22 1.485e-21 4.164e-21 0.0 160.03 0.0
S011903 325.9686 54.7983 1.921e-21 3.67e-21 9.668e-21 0.0 159.75 0.0
S011904 325.9238 54.7996 1.589e-17 1.363e-17 7.249e-18 0.0 157.87 0.0
S011905 325.9743 54.7995 2.548e-23 7.625999999999999e-23 5.364999999999999e-22 0.0 159.88 0.0
S011906 325.9295 54.8012 1.22e-19 1.608e-19 2.062e-19 0.001 157.87 0.0
S011907 325.9777 54.7987 1.284e-17 1.173e-17 7.408e-18 0.0 159.92 0.0
S011908 325.9799 54.797 1.974e-23 5.36e-23 3.1069999999999996e-22 0.0 159.85 0.0
S011909 325.9253 54.8078 7.092e-13 4.983e-13 1.821e-13 0.0 157.81 0.0
S011910 325.9835 54.7974 7.813999999999999e-22 1.647e-21 5.264e-21 0.0 160.07 0.0
S011911 325.9769 54.7967 5.249999999999999e-22 1.115e-21 3.8100000000000004e-21 0.0 160.02 0.0
S011912 325.9194 54.808 3.583e-17 7.039e-17 2.04e-16 0.0 157.71 0.0
S011913 325.9265 54.8022 5.918e-13 4.59e-13 1.955e-13 0.0 157.95 1.0
S011914 325.9302 54.8044 3.628e-24 1.2759999999999999e-23 1.259e-22 0.0 157.85 0.0
S011915 325.9303 54.8009 5.227e-17 4.346e-17 2.179e-17 0.0 157.84 0.0
S011916 325.9303 54.8037 2.664e-17 2.221e-17 1.111e-17 0.0 157.77 0.0
S011917 325.9303 54.8005 1.995e-21 1.354e-21 4.632e-22 0.0 157.83 0.0
S011918 325.9292 54.8059 2.831e-24 9.863e-24 9.153e-23 0.0 157.62 0.0
S011919 325.9301 54.8009 6.725e-19 7.762e-19 7.677e-19 0.0 157.83 0.0
S011920 325.9737 54.7975 2.689e-21 1.748e-21 5.535e-22 0.0 160.03 0.0
S011921 325.9823 54.7975 1.161e-18 1.312e-18 1.272e-18 0.0 159.97 0.0
S011922 325.9773 54.7976 2.858e-22 6.571999999999999e-22 2.7610000000000002e-21 0.0 160.02 0.0
S011923 325.9273 54.8056 1.895e-19 2.455e-19 2.956e-19 0.0 157.86 0.0
S011924 325.9177 54.8091 3.7770000000000006e-20 5.422e-20 8.295000000000001e-20 0.0 157.62 0.0
S011925 325.9375 54.8016 1.595e-17 1.42e-17 8.177e-18 0.0 158.08 0.0
S011926 325.9223 54.8027 1.549e-21 1.075e-21 3.7539999999999997e-22 0.0 157.83 1.0
S011927 325.9287 54.8048 1.119e-17 1.935e-17 4.349e-17 0.0 157.91 0.0
S011928 325.9803 54.8009 2.763e-17 4.943e-17 1.189e-16 0.0 159.84 0.0
S011929 325.9888 54.8004 1.658e-19 2.096e-19 2.48e-19 0.001 159.85 0.0
S011930 325.9745 54.7976 1.176e-22 3.237e-22 1.957e-21 0.0 159.91 0.0
S011931 325.9293 54.8004 5.352e-19 6.216e-19 6.194e-19 0.0 158.08 0.0
S011932 325.9227 54.8043 7.996000000000001e-20 1.135e-19 1.667e-19 0.0 157.81 0.0
S011933 325.9887 54.7995 4.264e-17 3.509e-17 1.758e-17 0.0 160.02 0.0
S011934 325.9168 54.8063 7.222e-18 7.172e-18 5.054e-18 0.0 157.6 0.0
S011935 325.9807 54.798 1.273e-18 1.334e-18 1.108e-18 0.0 159.87 0.0
S011936 325.9856 54.8011 1.068e-19 1.4e-19 1.736e-19 0.0 160.02 0.0
S011937 325.9212 54.8033 2.571e-19 3.004e-19 3.022e-19 0.0 157.7 0.0
S011938 325.987 54.8003 4.945e-18 4.701e-18 3.151e-18 0.0 159.96 1.0
S011939 325.9763 54.7994 1.442e-17 2.413e-17 4.88e-17 0.0 159.8 0.0
S011940 325.9142 54.8021 6.165e-18 5.677e-18 3.464e-18 0.0 157.75 0.0
S011941 325.9911 54.7974 1.006e-23 3.192e-23 2.5039999999999996e-22 0.0 160.0 0.0
S011942 325.9843 54.7949 7.56e-18 6.99e-18 4.179e-18 0.0 160.13 0.0
S011943 325.9251 54.8023 2.81e-20 4.3e-20 7.769000000000001e-20 0.0 157.82 0.0
S011944 325.9841 54.8005 3.58e-16 2.764e-16 1.198e-16 0.0 159.96 1.0
S011945 325.9838 54.7986 3.3719999999999995e-22 6.974999999999999e-22 2.2680000000000002e-21 0.0 159.88 0.0
S011946 325.9279 54.8029 3.226e-25 1.313e-24 1.7539999999999998e-23 0.0 157.92 0.0
S011947 325.9194 54.8061 3.186e-18 3.144e-18 2.186e-18 0.0 157.76 0.0
S011948 325.9257 54.8052 4.916e-22 1.108e-21 4.144e-21 0.0 157.71 0.0
S011949 325.9727 54.8007 8.17e-24 2.645e-23 2.184e-22 0.0 159.65 0.0
S011950 325.9173 54.8072 3.113e-19 3.557e-19 3.467e-19 0.0 157.78 0.0
S011951 325.9893 54.7975 1.4599999999999998e-23 4.2459999999999997e-23 2.7299999999999997e-22 0.0 159.96 0.0
S011952 325.9903 54.7961 4.324e-21 7.893000000000001e-21 1.9100000000000002e-20 0.0 160.08 0.0
S011953 325.9906 54.7954 5.861e-18 1.115e-17 2.989e-17 0.0 160.05 0.0
S011954 325.9197 54.8036 5.552e-18 5.666e-18 4.132e-18 0.0 157.62 0.0
S011955 325.9248 54.8007 3.204e-23 8.199999999999999e-23 4.1409999999999997e-22 0.0 158.0 0.0
S011956 325.9766 54.7983 7.264e-19 8.174e-19 7.649e-19 0.0 159.87 0.0
S011957 325.9138 54.8076 1.261e-17 1.186e-17 7.575e-18 0.0 157.61 0.0
S011958 325.9231 54.8057 5.577e-21 1.004e-20 2.5440000000000003e-20 0.0 157.82 0.0
S011959 325.9891 54.8006 6.970999999999999e-22 1.424e-21 4.54e-21 0.0 159.87 0.0
S011960 325.9202 54.8056 3.1509999999999996e-22 6.5889999999999995e-22 2.1490000000000002e-21 0.0 157.92 0.0
S011961 325.9154 54.8065 1.27e-21 9.065e-22 3.3609999999999997e-22 0.0 157.71 0.0
S011962 325.912 54.8078 2.325e-19 2.8e-19 2.998e-19 0.0 157.74 0.0
S011963 325.9943 54.7965 7.079e-14 4.703e-14 1.517e-14 0.0 160.01 0.0
S011964 325.9194 54.8041 6.953e-18 6.914e-18 4.936e-18 0.0 157.68 0.0
S011965 325.9204 54.8028 8.258e-21 1.505e-20 3.76e-20 0.0 157.78 0.0
S011966 325.9233 54.8019 4.602e-21 8.441000000000001e-21 2.056e-20 0.0 157.83 0.0
S011967 325.9812 54.7996 2.305e-13 1.525e-13 5.025e-14 0.0 160.01 0.0
S011968 325.9274 54.8005 2.2519999999999996e-22 5.23e-22 2.228e-21 0.0 158.02 0.0
S011969 325.9122 54.804 1.658e-21 1.153e-21 3.9149999999999995e-22 0.0 157.78 0.0
S011970 325.9873 54.7983 8.321e-18 1.405e-17 2.941e-17 0.0 159.89 0.0
S011971 325.921 54.8014 3.268e-16 2.492e-16 1.071e-16 0.0 157.77 1.0
S011972 325.978 54.7947 1.264e-21 9.095999999999998e-22 3.4569999999999997e-22 0.0 160.06 0.0
S011973 325.9193 54.806 8.245e-21 1.3710000000000003e-20 2.99e-20 0.0 157.79 0.0
S011974 325.9093 54.8069 1.903e-18 2.011e-18 1.608e-18 0.0 157.63 0.0
S011975 325.9924 54.7974 1.573e-21 3.087e-21 9.105e-21 0.0 159.96 0.0
S011976 325.9172 54.8082 4.48e-19 5.66e-19 6.438e-19 0.0 157.63 0.0
S011977 325.994 54.7949 2.778e-18 2.842e-18 2.131e-18 0.0 159.94 0.0
S011978 325.9173 54.8023 5.422e-21 9.662e-21 2.3170000000000002e-20 0.0 158.0 0.0
S011979 325.9946 54.7935 2.468e-16 1.823e-16 7.293e-17 0.0 160.18 0.0
S011980 325.9189 54.8024 2.0059999999999998e-22 5.487999999999999e-22 3.1830000000000002e-21 0.0 157.77 0.0
S011981 325.9908 54.7987 1.4060000000000002e-20 2.1920000000000003e-20 3.962e-20 0.0 159.95 0.0
S011982 325.9899 54.7978 2.616e-21 4.563e-21 1.0640000000000001e-20 0.0 160.08 0.0
S011983 325.9993 54.7974 6.381e-19 6.961e-19 6.044e-19 0.0 160.07 0.0
S011984 325.9143 54.8046 3.975e-20 6.062e-20 1.016e-19 0.0 157.88 0.0
S011985 325.989 54.7945 2.075e-18 2.073e-18 1.505e-18 0.0 160.26 0.0
S011986 325.9164 54.802 8.827e-20 1.153e-19 1.48e-19 0.0 157.87 0.0
S011987 325.9161 54.8068 9.904000000000001e-20 1.351e-19 1.846e-19 0.0 157.83 0.0
S011988 325.9911 54.7969 1.585e-21 1.1040000000000001e-21 3.9589999999999995e-22 0.0 159.88 0.0
S011989 325.9924 54.7962 9.49e-18 1.48e-17 2.752e-17 0.0 160.03 0.0
S011990 325.9116 54.7988 2.451e-17 2.195e-17 1.273e-17 0.0 157.89 0.0
S011991 325.9993 54.7985 3.076e-17 2.684e-17 1.486e-17 0.0 159.86 0.0
S011992 325.9892 54.7967 2.455e-19 3.042e-19 3.426e-19 0.0 160.01 0.0
S011993 325.9144 54.8025 2.151e-19 2.744e-19 3.308e-19 0.0 157.78 0.0
S011994 325.9198 54.804 1.423e-19 1.94e-19 2.575e-19 0.0 157.83 0.0
S011995 325.9966 54.7949 1.809e-17 1.598e-17 9.255e-18 0.0 160.13 0.0
S011996 325.9851 54.7979 1.7720000000000002e-20 2.8470000000000004e-20 5.546e-20 0.0 159.98 0.0
S011997 325.9198 54.8042 8.394e-20 1.137e-19 1.537e-19 0.0 157.82 0.0
S011998 325.9183 54.8065 7.688e-13 5.59e-13 2.183e-13 0.0 157.79 0.0
S011999 325.9101 54.8064 9.103e-23 2.466e-22 1.41e-21 0.001 157.81 0.0
S012000 325.9923 54.7973 4.742e-17 4.054e-17 2.162e-17 0.0 159.95 0.0
S012001 325.9975 54.7961 2.259e-17 3.172e-17 4.693e-17 0.0 159.99 0.0
S012002 325.906 54.8066 1.756e-19 2.225e-19 2.625e-19 0.0 157.72 0.0
S012003 325.9135 54.7994 1.086e-17 9.797e-18 5.999e-18 0.0 157.82 0.0
S012004 325.9077 54.8061 4.203e-17 3.61e-17 1.906e-17 0.0 157.8 0.0
S012005 326.0005 54.7918 1.39e-18 1.59e-18 1.524e-18 0.0 160.18 0.0
S012006 325.9979 54.7975 7.047e-19 8.144e-19 7.807e-19 0.0 159.92 0.0
S012007 325.9176 54.8035 3.8589999999999996e-23 1.1049999999999999e-22 6.970999999999999e-22 0.0 157.63 0.0
S012008 325.9971 54.7987 1.8059999999999998e-22 4.442e-22 2.07e-21 0.0 159.88 0.0
S012009 325.9098 54.8088 1.469e-19 1.895e-19 2.274e-19 0.0 157.61 0.0
S012010 325.9122 54.8032 5.044e-23 1.463e-22 9.567e-22 0.0 157.75 0.0
S012011 325.9147 54.802 1.744e-17 1.528e-17 8.537e-18 0.0 157.94 0.0
S012012 325.909 54.806 1.6510000000000001e-21 1.149e-21 4.0429999999999996e-22 0.0 157.78 0.0
S012013 325.9141 54.8036 1.6100000000000002e-20 2.505e-20 4.3e-20 0.0 157.76 0.0
S012014 325.9996 54.7945 3.144e-18 3.329e-18 2.61e-18 0.0 160.01 0.0
S012015 326.0027 54.7941 2.513e-21 4.97e-21 1.431e-20 0.0 160.18 0.0
S012016 326.001 54.7992 2.953e-13 2.129e-13 8.253e-14 0.0 160.03 0.0
S012017 325.913 54.8066 1.263e-17 2.301e-17 5.527e-17 0.0 157.76 0.0
S012018 325.9986 54.7969 3.025e-17 5.221e-17 1.176e-16 0.0 160.04 0.0
S012019 325.9021 54.8104 2.409e-18 2.457e-18 1.833e-18 0.0 157.76 0.0
S012020 325.9984 54.8046 5.830999999999999e-22 1.188e-21 3.794e-21 0.0 159.76 1.0
S012021 325.9957 54.7982 3.27e-18 3.298e-18 2.453e-18 0.0 159.97 0.0
S012022 325.9979 54.7989 2.737e-17 2.202e-17 1.014e-17 0.0 159.95 0.0
S012023 325.9094 54.8078 2.767e-20 4.202e-20 7.127e-20 0.0 157.71 0.0
S012024 326.002 54.7971 1.0719999999999999e-24 4.306e-24 5.57e-23 0.001 160.02 0.0
S012025 326.0015 54.7928 3.503e-23 9.08e-23 4.724e-22 0.0 160.1 0.0
S012026 326.0012 54.7935 5.334e-24 1.722e-23 1.4859999999999998e-22 0.0 160.05 0.0
S012027 325.9165 54.8032 2.227e-18 2.236e-18 1.581e-18 0.0 157.8 0.0
S012028 326.0111 54.7964 6.758e-28 5.639e-27 3.417e-25 0.0 160.05 0.0
S012029 325.9994 54.7922 8.77e-24 2.559e-23 1.6939999999999998e-22 0.0 160.15 0.0
S012030 326.0066 54.7952 6.752e-20 9.095000000000001e-20 1.218e-19 0.0 160.03 0.0
S012031 325.9112 54.8056 4.215e-19 5.106e-19 5.524e-19 0.0 157.77 0.0
S012032 326.0045 54.7948 1.906e-21 3.762e-21 1.0860000000000001e-20 0.0 160.08 0.0
S012033 326.0008 54.7933 1.372e-19 1.813e-19 2.276e-19 0.0 160.06 0.0
S012034 326.0078 54.7976 4.562e-20 6.463e-20 9.698000000000001e-20 0.0 160.02 0.0
S012035 325.9919 54.7963 3.138e-18 3.011e-18 1.997e-18 0.0 159.99 0.0
S012036 325.9123 54.8006 5.557999999999999e-22 1.282e-21 5.3320000000000004e-21 0.0 157.87 0.0
S012037 325.9005 54.8088 1.153e-21 8.118999999999999e-22 3.035e-22 0.0 157.59 0.0
S012038 325.9006 54.804 4.5599999999999996e-24 1.388e-23 9.997999999999999e-23 0.0 157.8 0.0
S012039 326.0066 54.7946 4.8239999999999996e-23 1.263e-22 6.788e-22 0.0 160.11 0.0
S012040 326.007 54.8 8.495e-17 6.918e-17 3.182e-17 0.0 159.88 0.0
S012041 325.9022 54.8057 5.722999999999999e-22 1.245e-21 4.5230000000000004e-21 0.0 157.78 0.0
S012042 325.8974 54.8065 3.3220000000000005e-20 5.211e-20 9.484e-20 0.0 157.78 0.0
S012043 326.0019 54.7979 4.912e-18 4.923e-18 3.458e-18 0.0 160.08 0.0
S012044 326.0083 54.7982 6.095e-21 1.1600000000000001e-20 3.1780000000000004e-20 0.0 159.89 0.0
S012045 325.9055 54.808 4.4279999999999997e-23 1.0019999999999999e-22 3.8939999999999996e-22 0.0 157.8 0.0
S012046 325.892 54.8094 1.6059999999999998e-22 4.0959999999999997e-22 2.076e-21 0.0 157.59 0.0
S012047 325.9964 54.7979 3.327e-23 9.496e-23 6.133e-22 0.0 159.96 0.0
S012048 325.8961 54.8082 5.815e-24 1.8759999999999998e-23 1.592e-22 0.0 157.67 0.0
S012049 325.9045 54.8126 3.6349999999999997e-23 9.929e-23 5.863e-22 0.0 157.68 0.0
S012050 325.9539 54.8009 5.019e-18 5.101e-18 3.859e-18 0.0 162.83 0.0
S012051 325.9539 54.8008 1.761e-15 1.245e-15 4.475e-16 0.0 162.69 0.0
S012052 326.0104 54.7977 1.519e-18 1.599e-18 1.271e-18 0.0 159.98 0.0
S012053 325.9011 54.8053 1.363e-16 1.084e-16 5.012e-17 0.0 157.79 0.0
S012054 326.0094 54.7946 1.797e-15 1.273e-15 4.621e-16 0.0 160.15 0.0
S012055 326.01 54.7927 3.06e-17 2.566e-17 1.358e-17 0.0 159.94 0.0
S012056 325.8974 54.8109 6.841e-16 5.152e-16 2.023e-16 0.0 157.79 0.0
S012057 326.016 54.7883 1.267e-17 1.14e-17 6.741e-18 0.0 160.12 0.0
S012058 326.011 54.7878 1.438e-15 9.943e-16 3.61e-16 0.0 160.13 0.0
S012059 325.8981 54.8159 3.666e-17 2.901e-17 1.339e-17 0.0 157.77 0.0
S012060 325.8944 54.819 1.123e-16 8.736e-17 3.755e-17 0.0 157.59 1.0
S012061 325.8938 54.8198 8.841e-17 7.335e-17 3.605e-17 0.0 157.74 0.0
S012062 325.8927 54.8225 1.701e-16 1.313e-16 5.87e-17 0.0 157.45 1.0
S012063 325.8922 54.8245 6.399e-13 4.693e-13 1.839e-13 0.0 157.48 0.0
S012064 326.0112 54.775 9.723e-16 6.877e-16 2.539e-16 0.0 160.38 0.0
S012065 325.8942 54.8297 6.511e-17 5.212e-17 2.496e-17 0.0 157.66 0.0
S012066 326.0176 54.7706 1.4e-17 2.934e-17 9.479e-17 0.0 160.44 0.0
S012067 326.0108 54.7696 1.168e-16 8.807e-17 3.534e-17 0.0 160.42 0.0
S012068 326.0111 54.767 4.304e-17 3.499e-17 1.712e-17 0.0 160.2 0.0
S012069 326.0077 54.7649 3.154e-17 2.772e-17 1.536e-17 0.0 160.34 0.0
S012070 325.8989 54.8397 1.139e-17 2.137e-17 5.588e-17 0.0 157.51 0.0
S012071 326.0074 54.7616 2.677e-16 2.021e-16 8.211e-17 0.0 160.32 0.0
S012072 326.0069 54.7586 7.452e-13 5.798e-13 2.599e-13 0.0 160.24 1.0
S012073 326.0036 54.7601 2.444e-13 1.65e-13 5.642e-14 0.0 160.37 0.0
S012074 326.0043 54.7574 6.408e-16 4.692e-16 1.814e-16 0.0 160.26 0.0
S012075 326.0012 54.7534 2.161e-21 4.347e-21 1.2960000000000002e-20 0.001 160.26 0.0
S012076 325.9069 54.8464 1.046e-16 8.357e-17 3.952e-17 0.0 157.58 0.0
S012077 325.9082 54.8517 1.757e-15 1.224e-15 4.104e-16 0.0 157.71 0.0
S012078 325.9963 54.7522 1.133e-12 9.871e-13 5.198e-13 0.0 160.34 1.0
S012079 325.9146 54.8531 3.456e-16 2.565e-16 1.054e-16 0.0 157.61 0.0
S012080 325.9933 54.7508 7.037e-17 5.71e-17 2.685e-17 0.0 160.03 0.0
S012081 325.916 54.8587 2.379e-16 1.772e-16 7.357e-17 0.001 157.62 1.0
S012082 325.9862 54.7458 2.009e-17 1.716e-17 8.999e-18 0.0 160.0 0.0
S012083 325.9227 54.8594 2.474e-16 1.89e-16 8.077e-17 0.0 157.76 1.0
S012084 325.9264 54.8589 8.931e-18 1.627e-17 4.047e-17 0.0 157.89 0.0
S012085 325.9779 54.7445 3.822e-19 4.715e-19 5.338e-19 0.0 160.14 0.0
S012086 325.9304 54.8634 5.97e-16 4.332e-16 1.713e-16 0.0 157.86 0.0
S012087 325.9364 54.8572 2.826e-17 4.819e-17 1.084e-16 0.0 157.82 0.0
S012088 325.97 54.7443 1.441e-16 1.08e-16 4.438e-17 0.0 159.81 0.0
S012089 325.9404 54.859 4.698e-16 3.573e-16 1.444e-16 0.0 158.1 0.0
S012090 325.9459 54.8588 3.643e-16 2.755e-16 1.134e-16 0.0 158.15 0.0
S012091 325.9611 54.7394 2.268e-17 2.075e-17 1.253e-17 0.0 159.9 0.0
S012092 325.9518 54.8574 1.947e-16 1.503e-16 6.402e-17 0.0 158.19 1.0
S012093 325.9545 54.8607 3.835e-16 2.88e-16 1.184e-16 0.0 158.2 0.0
S012094 325.9504 54.7405 1.593e-15 1.113e-15 4.016e-16 0.001 159.5 0.0
S012095 325.9458 54.7443 2.122e-15 1.502e-15 5.345e-16 0.0 159.53 0.0
S012096 325.9421 54.7413 7.052e-18 1.246e-17 2.945e-17 0.0 159.53 0.0
S012097 325.9388 54.7454 6.979e-16 4.973e-16 1.846e-16 0.0 159.42 0.0
S012098 325.9712 54.8571 1.645e-13 1.111e-13 3.619e-14 0.0 158.4 0.0
S012099 325.9296 54.7493 4.247e-19 4.753e-19 4.389e-19 0.0 159.21 0.0
S012100 325.9287 54.7414 8.263e-16 5.991e-16 2.283e-16 0.0 159.3 0.0
S012101 325.9227 54.749 4.789e-17 3.851e-17 1.852e-17 0.0 159.13 0.0
S012102 325.9228 54.7533 2.357e-15 1.571e-15 5.148e-16 0.001 159.11 0.0
S012103 325.9172 54.7532 1.394e-16 1.075e-16 4.522e-17 0.0 159.14 1.0
S012104 325.9119 54.7535 2.196e-16 1.687e-16 7.283e-17 0.0 158.96 1.0
S012105 325.995 54.8499 6.914e-18 6.652e-18 4.465e-18 0.0 158.9 0.0
S012106 326.0011 54.8476 3.615e-18 3.703e-18 2.894e-18 0.0 159.2 0.0
S012107 325.9021 54.7579 1.028e-13 6.818e-14 2.218e-14 0.0 158.72 0.0
S012108 326.0024 54.8401 6.526e-17 5.387e-17 2.662e-17 0.0 159.16 0.0
S012109 325.8951 54.7644 1.829e-20 3.128e-20 6.877e-20 0.0 158.64 0.0
S012110 326.0125 54.8371 9.108e-18 8.873e-18 6.242e-18 0.0 159.22 0.0
S012111 325.8943 54.7666 2.348e-19 3.04e-19 3.579e-19 0.0 158.53 0.0
S012112 326.0232 54.8311 1.31e-17 2.136e-17 4.126e-17 0.0 159.48 0.0
S012113 326.023 54.8277 1.521e-15 1.121e-15 4.403e-16 0.0 159.5 0.0
S012114 325.885 54.7763 1.016e-16 8.087e-17 3.601e-17 0.0 158.36 0.0
S012115 326.0247 54.8256 4.218e-17 3.303e-17 1.519e-17 0.0 159.55 0.0
S012116 326.0351 54.8199 9.458e-18 9.05e-18 5.904e-18 0.0 159.56 0.0
S012117 325.8777 54.7795 1.362e-16 1.058e-16 4.613e-17 0.0 158.23 1.0
S012118 326.0364 54.8179 1.865e-17 1.659e-17 9.084e-18 0.0 159.75 0.0
S012119 326.0395 54.815 1.24e-16 9.644e-17 4.312e-17 0.0 159.7 1.0
S012120 326.0393 54.8109 6.439e-17 4.913e-17 2.112e-17 0.0 159.8 0.0
S012121 326.0414 54.8084 1.105e-16 9.418e-17 4.938e-17 0.0 159.8 0.0
S012122 325.8599 54.7971 2.282e-16 1.71e-16 6.834e-17 0.0 157.74 0.0
S012123 326.0499 54.8015 2.377e-15 1.688e-15 5.952e-16 0.0 159.96 0.0
S012124 326.0498 54.7991 5.684e-13 5.034e-13 2.877e-13 0.0 159.95 1.0
S012125 326.0513 54.7949 5.652e-17 4.692e-17 2.462e-17 0.0 160.05 0.0
S012126 326.0467 54.7931 5.469e-16 3.857e-16 1.396e-16 0.0 159.9 0.0
S012127 326.0506 54.7889 7.065e-19 8.073e-19 7.875e-19 0.0 160.19 0.0
S012128 325.8608 54.8154 1.576e-16 1.16e-16 4.616e-17 0.0 157.72 0.0
S012129 325.8579 54.8184 3.009e-16 2.257e-16 9.451e-17 0.0 157.56 0.0
S012130 326.0537 54.7794 7.629e-16 5.63e-16 2.197e-16 0.0 160.24 0.0
S012131 325.8559 54.8251 1.005e-17 9.214e-18 5.538e-18 0.0 157.57 0.0
S012132 325.8527 54.8275 4.264e-16 3.226e-16 1.318e-16 0.0 157.51 0.0
S012133 326.0493 54.7714 2.15e-21 1.432e-21 4.857e-22 0.0 160.18 0.0
S012134 326.0466 54.7689 7.762e-17 5.787e-17 2.39e-17 0.0 160.2 0.0
S012135 325.8548 54.8376 1.684e-17 1.395e-17 6.771e-18 0.0 157.38 0.0
S012136 325.8564 54.8403 1.609e-15 1.094e-15 3.614e-16 0.0 157.53 0.0
S012137 325.8655 54.8411 5.921e-16 4.268e-16 1.634e-16 0.0 157.54 0.0
S012138 325.8514 54.8452 3.676e-13 3.833e-13 3.08e-13 0.0 157.42 1.0
S012139 326.0455 54.7535 1.085e-17 1.593e-17 2.615e-17 0.0 160.45 0.0
S012140 326.0418 54.7501 2.302e-15 1.673e-15 6.275e-16 0.0 160.38 0.0
S012141 325.8588 54.8584 5.317e-16 3.877e-16 1.462e-16 0.0 157.31 0.0
S012142 325.8665 54.854 2.889e-16 2.185e-16 9.151e-17 0.0 157.42 1.0
S012143 326.0375 54.7431 2.626e-17 2.228e-17 1.122e-17 0.0 160.33 0.0
S012144 325.869 54.8603 1.807e-16 1.384e-16 5.997e-17 0.0 157.32 1.0
S012145 326.0329 54.7379 3.415e-16 2.567e-16 1.059e-16 0.0 160.25 1.0
S012146 326.0323 54.7367 3.8e-17 3.133e-17 1.574e-17 0.0 160.44 0.0
S012147 325.88 54.8666 5.388e-16 3.916e-16 1.448e-16 0.0 157.26 0.0
S012148 326.0319 54.7359 1.332e-15 9.474e-16 3.466e-16 0.0 160.3 0.0
S012149 326.0253 54.7265 2.562e-16 1.875e-16 7.522e-17 0.0 160.34 0.0
S012150 325.8882 54.8701 2.368e-19 2.999e-19 3.479e-19 0.0 157.54 0.0
S012151 326.0124 54.7262 7.708e-17 6.21e-17 2.953e-17 0.0 160.21 0.0
S012152 325.8929 54.8745 5.088e-18 4.969e-18 3.498e-18 0.0 157.72 0.0
S012153 325.8994 54.8802 4.595e-16 3.318e-16 1.263e-16 0.0 157.62 0.0
S012154 326.0041 54.7242 1.452e-15 9.816e-16 3.287e-16 0.0 160.26 0.0
S012155 325.9064 54.875 2.356e-17 3.839e-17 7.75e-17 0.0 157.53 0.0
S012156 325.9098 54.8846 1.208e-17 1.08e-17 6.339e-18 0.0 157.8 0.0
S012157 325.9927 54.7197 2.758e-15 1.91e-15 6.41e-16 0.0 160.11 0.0
S012158 325.9899 54.7167 8.501999999999998e-22 1.948e-21 7.817e-21 0.0 159.94 0.0
S012159 325.9857 54.7168 6.602e-15 4.414e-15 1.446e-15 0.0 159.93 0.0
S012160 325.9283 54.884 1.808e-17 1.642e-17 9.624e-18 0.0 157.9 0.0
S012161 325.9749 54.7153 6.104e-16 4.601e-16 1.947e-16 0.0 159.8 0.0
S012162 325.9366 54.8838 1.08e-16 8.342e-17 3.631e-17 0.0 157.98 1.0
S012163 325.9667 54.7169 2.828e-17 2.538e-17 1.454e-17 0.0 159.8 0.0
S012164 325.9615 54.7207 4.608e-16 3.404e-16 1.376e-16 0.0 159.64 0.0
S012165 325.9516 54.8789 9.726e-18 9.159e-18 5.804e-18 0.0 158.29 0.0
S012166 325.9573 54.8772 9.187e-20 1.218e-19 1.628e-19 0.0 158.29 0.0
S012167 325.9493 54.7227 7.414e-16 5.44e-16 2.154e-16 0.0 159.49 0.0
S012168 325.9655 54.8864 1.028e-12 7.791e-13 3.275e-13 0.0 158.13 1.0
S012169 325.9377 54.7215 1.199e-17 1.136e-17 7.37e-18 0.0 159.5 0.0
S012170 325.976 54.8776 4.387e-13 3.116e-13 1.112e-13 0.0 158.47 0.0
S012171 325.928 54.7224 1.1070000000000001e-20 1.849e-20 3.699e-20 0.0 159.17 0.0
S012172 325.9262 54.7272 4.494e-17 4.106e-17 2.423e-17 0.0 159.41 0.0
S012173 325.9169 54.7237 1.023e-15 6.949e-16 2.365e-16 0.0 159.33 0.0
S012174 325.9941 54.8682 3.962e-16 2.894e-16 1.131e-16 0.0 158.72 0.0
S012175 326.0013 54.873 8.123e-16 5.574e-16 1.869e-16 0.0 158.81 0.0
S012176 325.9027 54.732 1.515e-22 3.838e-22 1.884e-21 0.0 159.06 0.0
S012177 326.0076 54.8686 1.093e-15 7.437e-16 2.603e-16 0.0 158.74 0.0
S012178 326.0112 54.8639 1.042e-16 8.14e-17 3.491e-17 0.0 159.06 0.0
S012179 326.0136 54.8585 5.627e-18 5.515e-18 3.796e-18 0.0 158.95 0.0
S012180 326.0178 54.8568 2.469e-13 1.681e-13 5.616e-14 0.0 158.98 0.0
S012181 326.0301 54.8554 5.436e-17 4.476e-17 2.202e-17 0.0 159.11 0.0
S012182 325.8799 54.7512 1.536e-16 1.225e-16 5.388e-17 0.0 158.51 1.0
S012183 326.0295 54.8502 1.106e-15 7.864e-16 2.887e-16 0.0 159.07 0.0
S012184 325.8697 54.7536 5.184e-16 3.565e-16 1.207e-16 0.0 158.33 0.0
S012185 325.8672 54.7574 5.074e-17 4.405e-17 2.326e-17 0.0 158.53 0.0
S012186 326.044 54.8388 8.184e-18 1.338e-17 2.615e-17 0.0 159.45 0.0
S012187 326.0469 54.834 1.471e-16 1.152e-16 5.234e-17 0.0 159.32 1.0
S012188 325.8526 54.771 1.44e-16 1.146e-16 5.296e-17 0.0 158.42 0.0
S012189 325.8516 54.7735 9.441e-16 6.737e-16 2.484e-16 0.0 158.14 0.0
S012190 326.0597 54.8256 3.721e-13 2.548e-13 8.932e-14 0.0 159.84 0.0
S012191 325.8474 54.7805 2.785e-16 2.074e-16 8.587e-17 0.0 158.07 1.0
S012192 326.0574 54.8186 1.959e-13 1.326e-13 4.343e-14 0.0 159.7 0.0
S012193 325.8404 54.7869 1.531e-19 2.048e-19 2.643e-19 0.0 157.77 0.0
S012194 325.8393 54.7918 6.876e-17 5.138e-17 2.1e-17 0.0 157.87 0.0
S012195 326.0573 54.8074 1.77e-18 1.868e-18 1.523e-18 0.0 159.84 0.0
S012196 326.0682 54.8015 4.408e-19 5.183e-19 5.277e-19 0.0 160.06 0.0
S012197 325.8249 54.8046 1.241e-15 8.514e-16 2.966e-16 0.0 157.73 0.0
S012198 325.8255 54.8092 6.205e-18 1.034e-17 2.077e-17 0.0 157.95 0.0
S012199 325.8252 54.8122 4.179e-15 2.792e-15 9.341e-16 0.0 157.91 0.0
S012200 325.8363 54.8168 1.561e-16 1.207e-16 5.298e-17 0.0 157.75 1.0
S012201 325.8367 54.8198 1.441e-14 9.697e-15 3.141e-15 0.0 157.52 0.0
S012202 325.8351 54.8234 3.925e-16 2.898e-16 1.113e-16 0.0 157.54 0.0
S012203 326.0753 54.7742 8.412e-17 6.834e-17 3.279e-17 0.0 160.11 0.0
S012204 326.0834 54.7694 1.058e-16 8.29e-17 3.633e-17 0.0 160.24 1.0
S012205 325.8259 54.8366 1.793e-16 1.415e-16 6.446e-17 0.0 157.41 1.0
S012206 326.0847 54.7639 7.504e-16 5.438e-16 2.023e-16 0.0 160.35 0.0
S012207 325.8391 54.8417 2.689e-16 2.03e-16 8.607e-17 0.0 157.49 1.0
S012208 326.0709 54.7577 3.415e-16 2.482e-16 9.562e-17 0.0 160.57 0.0
S012209 325.8215 54.8508 1.296e-17 2.193e-17 4.649e-17 0.0 157.45 0.0
S012210 326.076 54.7466 1.085e-15 7.583e-16 2.689e-16 0.0 160.52 0.0
S012211 325.831 54.8604 4.207e-16 3.034e-16 1.142e-16 0.0 157.27 0.0
S012212 326.0754 54.7385 1.028e-18 1.163e-18 1.084e-18 0.0 160.3 0.0
S012213 325.8361 54.8632 1.5530000000000001e-21 1.094e-21 3.905e-22 0.0 157.42 0.0
S012214 326.0665 54.7337 1.346e-16 1.071e-16 5.031e-17 0.0 160.49 0.0
S012215 325.8415 54.8721 4.109e-16 3.053e-16 1.25e-16 0.0 157.4 0.0
S012216 326.0623 54.7335 8.914e-17 6.649e-17 2.728e-17 0.0 160.2 1.0
S012217 325.8516 54.8729 8.268e-18 7.683e-18 4.911e-18 0.0 157.39 0.0
S012218 326.0559 54.7187 7.524e-14 4.95e-14 1.502e-14 0.0 160.36 0.0
S012219 325.8566 54.8849 5.722e-18 6.018e-18 4.892e-18 0.0 157.55 0.0
S012220 326.0466 54.7144 9.34e-19 1.037e-18 9.683e-19 0.0 160.3 0.0
S012221 325.8632 54.8924 1.386e-17 3.204e-17 1.267e-16 0.0 157.38 0.0
S012222 326.0426 54.7137 3.075e-16 2.331e-16 9.482e-17 0.0 160.22 1.0
S012223 325.8726 54.8884 1.476e-17 2.919e-17 8.548e-17 0.0 157.53 0.0
S012224 325.8787 54.8893 2.441e-16 1.849e-16 7.441e-17 0.0 157.68 0.0
S012225 326.0219 54.7064 2.308e-16 1.752e-16 7.18e-17 0.0 160.32 1.0
S012226 326.024 54.7054 4.346e-13 3.017e-13 1.054e-13 0.0 160.1 0.0
S012227 325.8933 54.8897 7.75e-17 6.322e-17 3.155e-17 0.0 157.59 0.0
S012228 325.8967 54.9003 3.938e-23 1.133e-22 7.44e-22 0.0 157.74 0.0
S012229 326.0065 54.703 1.487e-15 1.043e-15 3.709e-16 0.0 160.24 0.0
S012230 326.0038 54.7006 2.047e-16 1.601e-16 6.913e-17 0.0 159.95 1.0
S012231 325.9096 54.899 4.2e-16 3.056e-16 1.171e-16 0.0 157.68 0.0
S012232 325.9901 54.7002 2.382e-17 3.476e-17 5.621e-17 0.0 159.98 0.0
S012233 325.9875 54.6897 4.36e-16 3.14e-16 1.228e-16 0.0 159.97 0.0
S012234 325.9803 54.6987 5.381e-18 5.475e-18 4.234e-18 0.0 159.84 0.0
S012235 325.9752 54.6953 6.725e-22 1.502e-21 5.782e-21 0.0 160.06 0.0
S012236 325.9392 54.8986 7.558e-18 1.716e-17 6.789e-17 0.0 158.1 0.0
S012237 325.9061 54.811 3.042e-16 2.381e-16 1.046e-16 0.0 157.67 1.0
S012238 326.0053 54.7875 2.176e-17 4.349e-17 1.34e-16 0.0 160.09 0.0
S012239 326.0074 54.785 2.1349999999999997e-22 4.971e-22 2.043e-21 0.0 160.13 0.0
S012240 325.8938 54.8177 8.290999999999999e-22 1.796e-21 6.59e-21 0.0 157.7 0.0
S012241 326.0076 54.7847 2.418e-24 8.997e-24 9.895e-23 0.0 160.2 0.0
S012242 325.8896 54.8191 1.0289999999999999e-22 2.3259999999999996e-22 9.314999999999999e-22 0.0 157.56 0.0
S012243 325.8984 54.8195 1.098e-16 8.469e-17 3.679e-17 0.0 157.64 1.0
S012244 326.0092 54.7794 3.428e-18 3.546e-18 2.695e-18 0.0 160.29 0.0
S012245 326.0091 54.779 9.063e-18 1.586e-17 3.582e-17 0.0 160.34 0.0
S012246 326.0126 54.7782 4.187e-24 1.362e-23 1.118e-22 0.0 160.32 0.0
S012247 325.8949 54.8242 1.778e-16 1.369e-16 6.078e-17 0.0 157.49 1.0
S012248 326.0124 54.7717 2.341e-17 3.68e-17 6.716e-17 0.0 160.3 0.0
S012249 326.0157 54.7733 6.571e-18 6.183e-18 4.055e-18 0.0 160.17 0.0
S012250 326.0127 54.7751 6.529e-18 6.196e-18 4.177e-18 0.0 160.23 0.0
S012251 325.9031 54.8302 1.3410000000000002e-20 2.1340000000000002e-20 4.1770000000000006e-20 0.0 157.56 0.0
S012252 325.8975 54.8329 9.797e-17 7.907e-17 3.723e-17 0.0 157.62 0.0
S012253 325.8986 54.8393 1.3860000000000002e-20 2.243e-20 4.3420000000000007e-20 0.0 157.43 0.0
S012254 326.0102 54.7682 1.094e-16 8.477e-17 3.605e-17 0.0 160.3 1.0
S012255 326.0086 54.7643 6.405e-18 1.038e-17 2.034e-17 0.0 160.34 0.0
S012256 326.0038 54.7661 6.92e-17 5.749e-17 2.722e-17 0.0 160.11 0.0
S012257 326.0005 54.764 4.3239999999999997e-23 1.1229999999999998e-22 5.839999999999999e-22 0.0 160.41 0.0
S012258 325.8988 54.842 4.226e-13 3.272e-13 1.413e-13 0.0 157.54 1.0
S012259 325.901 54.844 6.823e-23 1.541e-22 5.874999999999999e-22 0.0 157.38 0.0
S012260 325.9101 54.8367 2.538e-17 5.685e-17 2.174e-16 0.0 157.52 1.0
S012261 325.9053 54.8471 1.158e-17 2.202e-17 6.118e-17 0.0 157.42 0.0
S012262 326.0044 54.7512 2.173e-17 1.867e-17 9.898e-18 0.0 160.26 0.0
S012263 325.9107 54.8501 1.6300000000000001e-21 1.13e-21 4.0499999999999996e-22 0.0 157.7 0.0
S012264 325.9948 54.7526 1.171e-17 2.253e-17 6.152e-17 0.0 160.14 0.0
S012265 325.9189 54.8455 1.879e-13 1.26e-13 4.198e-14 0.0 157.71 0.0
S012266 325.9151 54.8474 3.141e-22 8.098999999999999e-22 4.169e-21 0.0 157.66 0.0
S012267 325.9922 54.758 2.079e-18 2.233e-18 1.811e-18 0.0 160.24 0.0
S012268 325.9898 54.7498 3.508e-19 4.269e-19 4.435e-19 0.0 160.23 0.0
S012269 325.99 54.7499 3.661e-18 3.677e-18 2.624e-18 0.0 160.23 0.0
S012270 325.9211 54.8564 5.794e-13 4.746e-13 2.324e-13 0.0 157.74 1.0
S012271 325.9845 54.7573 2.53e-18 2.61e-18 2.005e-18 0.0 160.14 0.0
S012272 325.9283 54.8492 1.464e-17 1.294e-17 7.412e-18 0.0 157.86 0.0
S012273 325.9827 54.7488 2.557e-19 3.224e-19 3.777e-19 0.0 160.07 0.0
S012274 325.9288 54.8515 3.692e-19 4.507e-19 4.892e-19 0.0 157.65 0.0
S012275 325.9318 54.8588 2.497e-17 2.109e-17 1.029e-17 0.0 157.83 0.0
S012276 325.9744 54.7462 2.489e-16 2.022e-16 9.683e-17 0.0 160.06 0.0
S012277 325.972 54.7501 5.676e-17 1.352e-16 5.965e-16 0.0 159.88 1.0
S012278 325.9738 54.7378 7.407e-20 1.011e-19 1.438e-19 0.0 159.87 0.0
S012279 325.9397 54.8574 2.279e-18 2.313e-18 1.757e-18 0.0 158.01 0.0
S012280 325.9681 54.7443 3.719e-13 2.584e-13 8.89e-14 0.0 159.95 0.0
S012281 325.9655 54.74 3.9879999999999994e-22 9.282999999999999e-22 3.883e-21 0.0 159.78 0.0
S012282 325.9473 54.8515 9.546e-17 8.091e-17 4.177e-17 0.0 158.11 0.0
S012283 325.9508 54.8561 2e-19 2.616e-19 3.267e-19 0.0 158.08 0.0
S012284 325.951 54.8584 7.895e-19 8.842e-19 7.88e-19 0.0 158.2 0.0
S012285 325.9528 54.859 2.505e-18 2.597e-18 1.988e-18 0.0 158.17 0.0
S012286 325.9563 54.8623 1.847e-24 6.507e-24 6.607e-23 0.0 158.14 0.0
S012287 325.9486 54.7348 3.346e-17 2.703e-17 1.308e-17 0.0 159.58 0.0
S012288 325.9458 54.7462 5.0439999999999995e-22 1.087e-21 3.9050000000000004e-21 0.0 159.35 0.0
S012289 325.9439 54.743 9.263e-19 1.137e-18 1.231e-18 0.0 159.44 0.0
S012290 325.9665 54.8556 4.022e-17 3.396e-17 1.765e-17 0.0 158.39 0.0
S012291 325.9376 54.7457 2.264e-17 1.939e-17 9.887e-18 0.0 159.32 0.0
S012292 325.9726 54.8488 7.248e-17 5.583e-17 2.396e-17 0.0 158.46 0.0
S012293 325.974 54.8555 3.045e-17 2.566e-17 1.304e-17 0.0 158.66 0.0
S012294 325.9796 54.8527 1.315e-18 1.438e-18 1.231e-18 0.0 158.7 0.0
S012295 325.9213 54.7499 2.056e-19 2.549e-19 2.753e-19 0.0 158.97 0.0
S012296 325.9852 54.8455 7.923e-18 1.39e-17 3.183e-17 0.0 158.8 0.0
S012297 325.9228 54.7471 1.433e-16 1.093e-16 4.584e-17 0.0 159.05 1.0
S012298 325.9795 54.856 3.355e-18 3.292e-18 2.2e-18 0.0 158.75 0.0
S012299 325.9842 54.8463 5.412e-18 4.841e-18 2.889e-18 0.0 158.72 0.0
S012300 325.9927 54.855 1.639e-17 1.425e-17 8.036e-18 0.0 158.78 0.0
S012301 325.9124 54.7573 1.878e-15 1.269e-15 4.2e-16 0.0 158.97 0.0
S012302 325.9959 54.8485 7.318e-17 6.294e-17 3.331e-17 0.0 158.96 0.0
S012303 325.9058 54.7563 3.214e-18 5.261e-18 1.061e-17 0.0 158.84 0.0
S012304 325.9992 54.8446 5.666e-18 5.551e-18 3.831e-18 0.0 158.87 0.0
S012305 326.0045 54.8451 5.158e-18 8.931e-18 2.033e-17 0.0 159.04 0.0
S012306 326.0036 54.8476 5.803e-15 3.853e-15 1.225e-15 0.0 158.93 0.0
S012307 326.0095 54.8332 2.513e-17 2.252e-17 1.302e-17 0.0 159.23 0.0
S012308 326.0126 54.8394 5.343e-19 6.462e-19 6.78e-19 0.0 159.19 0.0
S012309 326.0244 54.8404 2.399e-17 2.115e-17 1.163e-17 0.0 159.38 0.0
S012310 326.0074 54.8402 8.152e-17 6.427e-17 2.831e-17 0.0 159.08 1.0
S012311 326.0179 54.8323 7.477999999999999e-22 1.463e-21 4.349e-21 0.0 159.46 0.0
S012312 326.015 54.8322 1.421e-15 9.998e-16 3.632e-16 0.0 159.28 0.0
S012313 325.8964 54.7688 3.426e-17 2.77e-17 1.336e-17 0.0 158.39 0.0
S012314 326.0202 54.8237 5.719e-17 9.31e-17 1.783e-16 0.0 159.52 0.0
S012315 326.0182 54.819 4.987e-13 3.435e-13 1.21e-13 0.0 159.48 0.0
S012316 325.877 54.7754 7.683e-16 5.45e-16 2.016e-16 0.0 158.28 0.0
S012317 326.0241 54.8202 8.862e-18 8.557e-18 5.725e-18 0.0 159.48 0.0
S012318 326.026 54.8193 3.529e-16 2.688e-16 1.109e-16 0.0 159.49 1.0
S012319 326.0442 54.8159 8.182e-22 1.716e-21 5.7960000000000005e-21 0.0 159.75 0.0
S012320 325.8678 54.7895 3.032e-17 2.666e-17 1.491e-17 0.0 158.05 0.0
S012321 326.0313 54.8115 1.343e-16 1.065e-16 4.853e-17 0.0 159.78 1.0
S012322 325.868 54.7919 3.346e-20 4.99e-20 8.364e-20 0.0 157.88 0.0
S012323 325.865 54.7935 9.484e-21 1.601e-20 3.334e-20 0.0 157.9 0.0
S012324 325.8806 54.7957 3.036e-17 2.678e-17 1.438e-17 0.0 158.0 0.0
S012325 326.0471 54.8064 3.17e-13 2.877e-13 1.703e-13 0.0 159.76 1.0
S012326 325.8638 54.8014 1.4090000000000003e-20 2.195e-20 4.001e-20 0.0 157.89 1.0
S012327 325.8813 54.7997 1.842e-21 3.771e-21 1.2150000000000002e-20 0.0 157.87 0.0
S012328 325.8568 54.806 3.918e-18 4.101e-18 3.147e-18 0.001 157.67 0.0
S012329 325.8556 54.8083 3.841e-21 6.923e-21 1.6610000000000003e-20 0.0 157.78 0.0
S012330 326.041 54.7929 5.056e-13 3.551e-13 1.308e-13 0.0 160.17 0.0
S012331 325.8513 54.8112 8.188e-18 7.858e-18 5.138e-18 0.0 157.71 0.0
S012332 325.8511 54.8158 1.598e-18 1.821e-18 1.675e-18 0.0 157.69 0.0
S012333 326.0574 54.7854 3.208e-18 5.786e-18 1.41e-17 0.0 160.31 0.0
S012334 326.0734 54.7803 1.2650000000000002e-20 2.098e-20 4.291e-20 0.0 160.26 0.0
S012335 326.0596 54.7788 3.989e-16 2.855e-16 1.058e-16 0.0 160.14 0.0
S012336 326.0394 54.7767 5.011e-17 4.164e-17 2.119e-17 0.0 160.31 0.0
S012337 326.0592 54.7736 2.722e-19 3.52e-19 4.244e-19 0.0 160.23 0.0
S012338 326.0372 54.7768 1.1880000000000001e-20 2.035e-20 4.3220000000000006e-20 0.0 160.18 0.0
S012339 326.0405 54.7701 1.4e-19 1.837e-19 2.361e-19 0.001 160.29 0.0
S012340 326.0528 54.7691 1.028e-20 1.757e-20 3.961e-20 0.0 160.18 0.0
S012341 325.8501 54.8382 1.901e-17 1.701e-17 9.904e-18 0.0 157.53 0.0
S012342 326.0598 54.7651 5.62e-17 4.523e-17 2.118e-17 0.0 160.28 0.0
S012343 325.8489 54.8401 4.411e-17 3.765e-17 2.006e-17 0.0 157.46 0.0
S012344 325.8634 54.8396 1.043e-16 8.117e-17 3.599e-17 0.0 157.34 1.0
S012345 326.0521 54.7528 5.055e-17 4.071e-17 1.984e-17 0.0 160.47 0.0
S012346 326.0488 54.7587 4.617e-17 4.008e-17 2.168e-17 0.0 160.54 0.0
S012347 326.0528 54.7506 1.863e-17 3.016e-17 6.051e-17 0.0 160.37 0.0
S012348 326.0363 54.746 4.473e-17 1.035e-16 4.43e-16 0.0 160.42 1.0
S012349 326.041 54.7516 5.05e-22 1.175e-21 4.804e-21 0.0 160.52 0.0
S012350 326.0459 54.7453 9.645e-18 9.317e-18 6.243e-18 0.0 160.44 0.0
S012351 325.8581 54.8539 7.051e-21 1.2080000000000002e-20 2.747e-20 0.0 157.39 0.0
S012352 325.8734 54.8619 1.04e-19 1.386e-19 1.797e-19 0.0 157.37 0.0
S012353 326.0398 54.7424 2.221e-22 5.09e-22 2.08e-21 0.0 160.32 0.0
S012354 325.8758 54.8601 1.009e-16 7.94e-17 3.505e-17 0.0 157.44 0.0
S012355 325.8867 54.8619 7.749e-13 6.139e-13 2.766e-13 0.0 157.43 1.0
S012356 325.8682 54.8685 6.715e-17 5.625e-17 2.825e-17 0.0 157.36 0.0
S012357 326.0286 54.7429 8.23e-19 8.838e-19 7.257e-19 0.0 160.31 0.0
S012358 326.04 54.733 3.411e-18 3.371e-18 2.366e-18 0.0 160.38 0.0
S012359 326.0182 54.7369 2.228e-16 1.667e-16 6.913e-17 0.0 160.21 1.0
S012360 325.89 54.8631 4.979e-19 5.567e-19 5.084e-19 0.0 157.5 0.0
S012361 325.8925 54.8695 7.968e-17 6.531e-17 3.205e-17 0.0 157.47 0.0
S012362 326.0131 54.7293 3.031e-16 2.229e-16 8.862e-17 0.0 160.37 0.0
S012363 326.0141 54.7308 2.549e-17 2.057e-17 9.922e-18 0.0 160.29 0.0
S012364 326.0172 54.7239 8.96e-16 6.359e-16 2.358e-16 0.0 160.22 0.0
S012365 326.0125 54.729 2.908e-19 3.454e-19 3.674e-19 0.0 160.3 0.0
S012366 325.8984 54.8841 7.432999999999999e-22 1.602e-21 5.728e-21 0.0 157.65 0.0
S012367 326.0043 54.7243 6.754e-23 1.7639999999999997e-22 9.129999999999999e-22 0.0 160.13 0.0
S012368 326.0049 54.7234 4.146e-17 3.584e-17 1.897e-17 0.0 160.27 0.0
S012369 325.9051 54.8802 3.588e-20 5.726e-20 1.053e-19 0.0 157.68 0.0
S012370 325.9968 54.716 1.56e-16 1.205e-16 5.021e-17 0.0 160.14 1.0
S012371 325.9925 54.7255 6.882e-14 4.542e-14 1.458e-14 0.0 160.04 0.0
S012372 325.9957 54.7138 4.876e-17 7.73e-17 1.437e-16 0.0 160.2 0.0
S012373 325.9895 54.7139 3.52e-16 2.611e-16 1.032e-16 0.0 159.89 0.0
S012374 325.983 54.7248 1.506e-17 2.682e-17 6.484e-17 0.0 160.07 0.0
S012375 325.9789 54.7257 1.977e-17 3.249e-17 6.618e-17 0.0 159.99 0.0
S012376 325.9744 54.7287 1.577e-21 1.097e-21 3.927e-22 0.0 160.08 0.0
S012377 325.9736 54.7145 6.498999999999999e-22 1.374e-21 4.589e-21 0.0 159.73 1.0
S012378 325.9684 54.7132 1.235e-20 2.191e-20 5.1600000000000004e-20 0.0 159.68 0.0
S012379 325.9428 54.8802 1.504e-17 2.677e-17 6.407e-17 0.0 158.06 0.0
S012380 325.964 54.7231 4.651e-18 4.66e-18 3.395e-18 0.0 159.96 0.0
S012381 325.9459 54.8808 5.518e-17 4.66e-17 2.397e-17 0.0 158.01 0.0
S012382 325.9523 54.8671 2.474e-17 2.124e-17 1.153e-17 0.0 158.15 0.0
S012383 325.9542 54.8945 1.874e-18 2.011e-18 1.613e-18 0.0 158.13 0.0
S012384 325.9502 54.7237 2.119e-19 2.654e-19 3.124e-19 0.0 159.51 0.0
S012385 325.9603 54.889 2.082e-19 2.712e-19 3.35e-19 0.0 158.33 0.0
S012386 325.9428 54.7204 4.0549999999999994e-22 8.825e-22 3.186e-21 0.0 159.54 0.0
S012387 325.9359 54.7264 9.419e-20 1.28e-19 1.721e-19 0.0 159.33 0.0
S012388 325.9348 54.7188 1.162e-23 3.38e-23 2.258e-22 0.0 159.52 0.0
S012389 325.9775 54.873 1.726e-21 3.5010000000000004e-21 1.0950000000000001e-20 0.0 158.5 0.0
S012390 325.9818 54.8669 5.0470000000000004e-21 9.194e-21 2.288e-20 0.0 158.53 0.0
S012391 325.9833 54.874 2.729e-17 2.42e-17 1.338e-17 0.0 158.67 0.0
S012392 325.9881 54.8819 2.843e-20 4.072e-20 6.368000000000001e-20 0.0 158.55 0.0
S012393 325.9935 54.8668 7.796e-16 5.4e-16 1.903e-16 0.0 158.71 0.0
S012394 325.9928 54.8754 3.31e-17 4.693e-17 7.154e-17 0.0 158.72 0.0
S012395 325.9082 54.7331 1.632e-21 1.142e-21 3.942e-22 0.0 159.06 0.0
S012396 326.0005 54.8668 1.271e-19 1.757e-19 2.418e-19 0.0 158.76 0.0
S012397 326.0044 54.8717 3.255e-18 3.534e-18 2.919e-18 0.0 158.81 0.0
S012398 325.8995 54.7433 1.204e-16 9.216e-17 3.964e-17 0.0 158.94 0.0
S012399 326.0128 54.8723 1.276e-15 8.875e-16 3.238e-16 0.0 159.02 0.0
S012400 326.0168 54.8548 3.423e-18 3.282e-18 2.202e-18 0.0 158.94 0.0
S012401 326.0071 54.8566 5.573e-18 5.515e-18 3.824e-18 0.0 158.95 0.0
S012402 326.0135 54.8611 5.492e-23 1.3559999999999998e-22 6.506999999999999e-22 0.0 159.04 0.0
S012403 326.0245 54.8559 4.359e-17 3.657e-17 1.791e-17 0.0 159.15 0.0
S012404 325.8664 54.7563 6.388e-23 1.7e-22 9.075999999999999e-22 0.0 158.51 0.0
S012405 326.0279 54.8545 2.633e-17 2.538e-17 1.777e-17 0.0 159.11 0.0
S012406 325.8658 54.7551 1.889e-22 4.599e-22 2.093e-21 0.0 158.42 0.0
S012407 325.8719 54.7501 3.819e-17 3.251e-17 1.715e-17 0.0 158.66 0.0
S012408 325.8653 54.7552 2.522e-17 2.197e-17 1.152e-17 0.0 158.48 0.0
S012409 325.8663 54.7605 1.2e-16 9.222e-17 4.058e-17 0.0 158.41 1.0
S012410 326.0361 54.8425 5.728e-23 1.5969999999999997e-22 9.786999999999999e-22 0.0 159.31 0.0
S012411 326.0419 54.8308 5.471e-18 5.397e-18 3.724e-18 0.0 159.55 0.0
S012412 325.8499 54.7674 1.3820000000000002e-20 2.195e-20 4.1180000000000003e-20 0.0 158.38 0.0
S012413 325.8525 54.7705 4.6939999999999996e-23 1.258e-22 6.909999999999999e-22 0.0 158.21 0.0
S012414 326.0724 54.8219 2.494e-17 4.109e-17 8.258e-17 0.0 159.75 0.0
S012415 326.0549 54.826 1.281e-17 2.398e-17 6.361e-17 0.0 159.61 0.0
S012416 325.8424 54.7806 1.076e-18 1.228e-18 1.147e-18 0.0 158.02 0.0
S012417 326.0514 54.823 1.704e-18 1.846e-18 1.556e-18 0.0 159.77 0.0
S012418 325.8368 54.7874 3.033e-18 3.127e-18 2.344e-18 0.0 157.95 0.0
S012419 326.0683 54.8165 9.425e-18 8.575e-18 5.075e-18 0.0 159.95 0.0
S012420 326.0487 54.8127 2.527e-23 7.638e-23 5.497e-22 0.0 159.86 0.0
S012421 326.0572 54.8094 1.975e-18 2.064e-18 1.674e-18 0.0 159.71 0.0
S012422 325.8409 54.7981 6.159e-13 4.41e-13 1.589e-13 0.0 157.8 0.0
S012423 326.0686 54.8034 2.137e-16 1.667e-16 7.241e-17 0.0 159.87 1.0
S012424 325.8334 54.8015 2.591e-16 1.988e-16 8.459e-17 0.0 157.89 1.0
S012425 326.083 54.796 9.868e-19 1.155e-18 1.162e-18 0.001 160.06 0.0
S012426 325.8367 54.8081 1.045e-19 1.445e-19 2.039e-19 0.0 157.68 0.0
S012427 325.8341 54.8108 3.39e-18 3.194e-18 2.105e-18 0.0 157.71 0.0
S012428 325.8351 54.8147 5.962e-18 9.54e-18 1.794e-17 0.0 157.76 0.0
S012429 325.8476 54.8148 1.8609999999999998e-22 4.379e-22 1.886e-21 0.0 157.64 0.0
S012430 326.0832 54.7823 1.175e-16 9.617e-17 4.523e-17 0.0 160.24 0.0
S012431 325.8225 54.8241 7.023e-18 1.076e-17 1.868e-17 0.0 157.66 0.0
S012432 326.0706 54.7768 2.6e-18 2.594e-18 1.797e-18 0.0 160.23 0.0
S012433 326.0776 54.7725 5.926e-18 5.9e-18 4.105e-18 0.001 160.22 0.0
S012434 326.0902 54.7695 2.827e-16 2.156e-16 9.126e-17 0.0 160.35 1.0
S012435 325.8152 54.8364 4.621e-17 8.67e-17 2.322e-16 0.0 157.55 0.0
S012436 325.8419 54.8351 1.126e-18 1.23e-18 1.043e-18 0.0 157.39 0.0
S012437 325.821 54.8418 3.676e-17 6.896e-17 1.812e-16 0.0 157.44 0.0
S012438 325.8347 54.8446 2.634e-18 2.78e-18 2.234e-18 0.0 157.69 0.0
S012439 325.8409 54.8464 1.919e-21 1.3150000000000001e-21 4.448999999999999e-22 0.0 157.55 0.0
S012440 325.846 54.8502 1.143e-17 1.078e-17 6.783e-18 0.0 157.43 0.0
S012441 325.8472 54.8481 4.07e-18 4.069e-18 2.91e-18 0.0 157.3 0.0
S012442 326.0664 54.746 2.409e-19 3.113e-19 3.951e-19 0.0 160.3 0.0
S012443 325.8338 54.854 1.103e-19 1.464e-19 1.899e-19 0.0 157.36 0.0
S012444 325.8421 54.8586 3.982e-16 2.838e-16 1.05e-16 0.0 157.4 0.0
S012445 325.8158 54.861 8.654e-17 1.512e-16 3.51e-16 0.0 157.39 0.0
S012446 326.067 54.7391 5.985e-19 6.708e-19 6.329e-19 0.0 160.41 0.0
S012447 326.0599 54.7351 4.016e-18 3.809e-18 2.51e-18 0.0 160.35 0.0
S012448 325.8491 54.8657 1.449e-17 1.315e-17 7.67e-18 0.0 157.27 0.0
S012449 326.0745 54.7169 7.681e-20 1.074e-19 1.475e-19 0.0 160.49 0.0
S012450 325.8417 54.8714 3.7259999999999997e-23 1.1899999999999998e-22 9.627e-22 0.0 157.31 0.0
S012451 326.0567 54.7336 1.275e-18 1.387e-18 1.181e-18 0.0 160.47 0.0
S012452 326.0594 54.7179 4.67e-13 3.241e-13 1.111e-13 0.0 160.43 0.0
S012453 325.8582 54.8864 2.295e-22 5.312e-22 2.174e-21 0.0 157.42 0.0
S012454 326.0559 54.7235 2.749e-16 2.102e-16 9.009e-17 0.0 160.46 1.0
S012455 326.0493 54.718 6.289e-20 8.883e-20 1.327e-19 0.0 160.43 0.0
S012456 326.0473 54.7152 2.952e-17 2.445e-17 1.235e-17 0.0 160.31 0.0
S012457 325.8668 54.8936 1.836e-17 2.814e-17 4.829e-17 0.0 157.41 0.0
S012458 325.8697 54.8918 1.997e-19 2.563e-19 3.143e-19 0.0 157.53 0.0
S012459 326.0421 54.7032 1.393e-17 3.139e-17 1.236e-16 0.0 160.42 0.0
S012460 325.8702 54.8969 4.508e-16 3.195e-16 1.166e-16 0.0 157.71 0.0
S012461 325.8857 54.9015 8.56e-18 8.561e-18 6.116e-18 0.0 157.61 0.0
S012462 325.886 54.8902 6.098e-18 5.778e-18 3.75e-18 0.0 157.61 0.0
S012463 325.8783 54.8977 5.011e-17 4.11e-17 2e-17 0.0 157.74 1.0
S012464 325.889 54.8967 2.655e-16 2.021e-16 8.484e-17 0.0 157.66 1.0
S012465 326.0088 54.6955 7.141e-18 1.419e-17 4.364e-17 0.0 160.11 0.0
S012466 326.0171 54.6912 3.501e-16 2.646e-16 1.067e-16 0.0 160.12 0.0
S012467 325.907 54.8941 1.53e-16 1.257e-16 6.079e-17 0.0 157.84 0.0
S012468 325.8993 54.9044 6.329e-18 6.155e-18 4.26e-18 0.0 157.77 0.0
S012469 325.9989 54.6935 2.242e-17 1.964e-17 1.081e-17 0.0 159.93 0.0
S012470 325.9073 54.9043 3.421e-18 3.573e-18 2.743e-18 0.0 157.78 0.0
S012471 325.9162 54.8957 1.584e-16 1.219e-16 5.112e-17 0.0 157.8 1.0
S012472 325.9886 54.7027 9.856e-17 7.545e-17 3.247e-17 0.0 159.91 1.0
S012473 325.9819 54.7123 2.141e-24 7.717e-24 8.098e-23 0.0 159.87 0.0
S012474 325.927 54.8954 1.175e-17 2.14e-17 5.489e-17 0.0 157.88 0.0
S012475 325.9777 54.7029 1.083e-18 1.173e-18 1.01e-18 0.0 159.97 0.0
S012476 325.9699 54.7042 2.672e-19 3.337e-19 3.732e-19 0.0 159.75 0.0
S012477 325.941 54.9033 3.174e-16 2.52e-16 1.192e-16 0.0 158.01 0.0
S012478 325.962 54.7062 4.6159999999999996e-23 1.2189999999999998e-22 6.614999999999999e-22 0.0 159.73 0.0
S012479 325.9565 54.7104 1.492e-21 1.045e-21 3.787e-22 0.0 159.74 0.0
S012480 325.9545 54.6858 9.622000000000001e-20 1.37e-19 2.002e-19 0.0 159.57 0.0
S012481 325.955 54.9075 2.693e-23 6.897e-23 3.5589999999999996e-22 0.0 158.19 0.0
S012482 325.9572 54.9039 4.008e-17 3.087e-17 1.354e-17 0.0 158.01 0.0
S012483 325.9666 54.9015 1.777e-17 3.646e-17 1.129e-16 0.0 158.31 0.0
