Name Equatorial Polar BlueF GreenF RedF Parallax RadialVelocity Variable?
S278101 327.2094 50.0319 4.4899999999999997e-23 1.1229999999999998e-22 5.48e-22 0.0 69.11 0.0
S278102 327.221 50.025 1.496e-19 1.999e-19 2.614e-19 0.0 69.74 0.0
S278103 327.2437 50.0101 1.301e-21 2.548e-21 7.278e-21 0.0 68.38 0.0
S278104 327.2339 50.0038 2.0949999999999998e-22 5.087999999999999e-22 2.3690000000000002e-21 0.0 68.42 0.0
S278105 327.2345 50.003 3.028e-22 7.128e-22 3.142e-21 0.0 68.11 0.0
S278106 327.2198 50.0209 3.429e-21 6.359e-21 1.7000000000000002e-20 0.0 68.88 0.0
S278107 327.2299 49.9498 5.316e-18 5.368e-18 3.807e-18 0.0 65.79 0.0
S278108 327.2218 50.0085 5.1330000000000003e-20 7.276e-20 1.073e-19 0.0 68.65 0.0
S278109 327.2231 50.0228 5.400999999999999e-23 1.347e-22 6.532e-22 0.0 69.7 0.0
S278110 327.2216 50.0077 1.095e-22 2.4389999999999997e-22 9.214999999999998e-22 0.0 69.28 0.0
S278111 327.2174 49.9023 2.3139999999999998e-22 5.198e-22 2.023e-21 0.0 65.79 0.0
S278112 327.2421 50.0139 9.124e-20 1.268e-19 1.796e-19 0.0 68.98 0.0
S278113 327.1904 50.0451 1.292e-21 2.417e-21 6.347e-21 0.0 69.14 0.0
S278114 327.2225 49.9914 6.875e-21 1.4e-20 4.34e-20 0.0 66.52 0.0
S278115 327.252 49.8618 9.233e-22 1.9110000000000002e-21 5.9620000000000004e-21 0.0 65.84 0.0
S278116 327.1947 50.1031 2.288e-21 1.546e-21 5.274e-22 0.0 69.78 0.0
S278117 327.2168 50.0233 2.145e-23 5.876e-23 3.355e-22 0.0 69.39 0.0
S278118 327.2169 49.9925 1.683e-17 1.48e-17 8.448e-18 0.0 67.44 0.0
S278119 327.2323 50.0177 6.494e-23 1.8509999999999998e-22 1.171e-21 0.0 68.86 0.0
S278120 327.2185 49.9943 8.682e-19 9.928e-19 9.318e-19 0.0 66.76 0.0
S278121 327.1995 50.222 8.848e-22 1.684e-21 4.743e-21 0.0 70.5 0.0
S278122 327.2321 49.9981 4.889e-21 8.932e-21 2.2210000000000002e-20 0.0 67.58 0.0
S278123 327.2339 50.0517 5.478999999999999e-23 1.6459999999999998e-22 1.129e-21 0.0 70.28 0.0
S278124 327.2267 49.9993 9.64e-23 2.459e-22 1.215e-21 0.0 67.72 0.0
S278125 327.2265 50.0022 1.4859999999999998e-23 4.1939999999999997e-23 2.6549999999999997e-22 0.0 64.89 0.0
S278126 327.2164 50.0921 1.25e-21 2.5770000000000002e-21 8.005e-21 0.0 70.4 0.0
S278127 327.2231 49.9998 6.161e-22 1.439e-21 5.923e-21 0.0 67.89 0.0
S278128 327.2402 49.9819 2.353e-23 6.975e-23 4.893999999999999e-22 0.0 67.29 0.0
S278129 327.2209 49.9987 1.616e-21 1.16e-21 4.297999999999999e-22 0.0 66.94 0.0
S278130 327.2352 49.9596 7.642e-23 2.071e-22 1.18e-21 0.0 65.92 0.0
S278131 327.2174 50.0114 3.397e-18 3.351e-18 2.307e-18 0.0 68.52 0.0
S278132 327.2411 50.0205 1.4930000000000002e-20 2.4940000000000002e-20 5.156000000000001e-20 0.0 68.67 0.0
S278133 327.2641 50.0266 6.968e-21 1.2080000000000002e-20 2.7080000000000002e-20 0.0 68.45 0.0
S278134 327.2264 49.9829 9.857e-18 9.051e-18 5.403e-18 0.0 66.55 1.0
S278135 327.2211 50.0253 4.1449999999999995e-22 9.055e-22 3.208e-21 0.0 69.42 0.0
S278136 327.2272 50.0182 2.0009999999999998e-23 5.335e-23 3.015e-22 0.0 69.12 0.0
S278137 327.232 50.0193 4.9010000000000007e-20 7.263000000000001e-20 1.174e-19 0.0 69.31 0.0
S278138 327.2486 49.9664 6.073e-23 1.6379999999999998e-22 9.201e-22 0.0 67.35 0.0
S278139 327.2015 50.209 4.089e-23 1.239e-22 9.061e-22 0.0 70.63 0.0
S278140 327.221 49.9193 2.404e-19 3.2e-19 4.29e-19 0.0 65.72 0.0
S278141 327.2234 50.0012 1.633e-22 4.1159999999999995e-22 1.957e-21 0.0 66.67 0.0
S278142 327.215 50.0476 1.661e-21 3.048e-21 7.838e-21 0.0 69.61 0.0
S278143 327.2119 49.9982 1.884e-19 2.34e-19 2.663e-19 0.0 67.96 0.0
S278144 327.2129 50.0088 3.011e-25 1.343e-24 2.185e-23 0.0 68.43 0.0
S278145 327.2095 50.1014 1.236e-18 1.338e-18 1.136e-18 0.0 70.53 0.0
S278146 327.2131 50.0036 3.8729999999999997e-22 9.176e-22 3.828e-21 0.0 68.46 0.0
S278147 327.2208 50.0107 3.0550000000000003e-20 4.6540000000000005e-20 8.092000000000001e-20 0.0 69.42 0.0
S278148 327.2442 50.0339 5.178e-24 1.498e-23 9.796e-23 0.0 69.02 0.0
S278149 327.2291 50.0039 1.3920000000000002e-20 2.2520000000000002e-20 4.376e-20 0.0 68.91 0.0
S278150 327.2363 50.0119 1.8249999999999998e-22 4.599e-22 2.231e-21 0.0 69.3 0.0
S278151 327.2339 49.8893 2.205e-24 8.841e-24 1.1159999999999999e-22 0.0 65.6 0.0
S278152 327.2225 50.0099 1.414e-21 2.8620000000000002e-21 9.064e-21 0.0 68.84 0.0
S278153 327.2245 50.0461 1.8990000000000002e-21 3.606e-21 1.016e-20 0.0 70.21 0.0
S278154 327.2141 50.0144 4.78e-19 5.536e-19 5.557e-19 0.0 68.63 0.0
S278155 327.2299 50.013 3.796e-19 4.654e-19 5.203e-19 0.0 69.1 0.0
S278156 327.2215 49.9289 2.3129999999999997e-22 5.507e-22 2.374e-21 0.0 66.0 0.0
S278157 327.239 49.9569 2.931e-30 4.9809999999999996e-29 1.3300000000000003e-26 0.0 66.03 0.0
S278158 327.2511 49.8451 9.23e-23 2.39e-22 1.24e-21 0.0 65.93 0.0
S278159 327.2502 49.9712 6.958e-18 6.615e-18 4.192e-18 0.0 67.16 0.0
S278160 327.2302 50.0193 7.479e-19 8.094e-19 6.821e-19 0.0 69.71 0.0
S278161 327.2263 50.1096 1.18e-18 1.329e-18 1.235e-18 0.0 70.5 0.0
S278162 327.1891 50.1028 2.488e-21 4.971e-21 1.463e-20 0.0 69.93 0.0
S278163 327.223 50.0055 3.112e-17 5.675e-17 1.408e-16 0.0 69.63 0.0
S278164 327.208 50.0668 3.6719999999999997e-22 8.322999999999999e-22 3.117e-21 0.0 69.87 0.0
S278165 327.2209 50.0004 7.551999999999999e-22 1.558e-21 4.9640000000000005e-21 0.0 66.6 0.0
S278166 327.2319 50.0276 3.203e-18 3.287e-18 2.476e-18 0.0 69.56 0.0
S278167 327.2228 49.9105 2.828e-21 1.862e-21 5.938e-22 0.0 65.88 0.0
S278168 327.2021 50.0299 1.688e-24 5.83e-24 5.613e-23 0.0 68.73 0.0
S278169 327.2327 49.9745 2.3129999999999997e-22 5.582e-22 2.554e-21 0.0 67.06 0.0
S278170 327.2182 50.0046 5.949e-24 1.8499999999999998e-23 1.473e-22 0.0 68.28 0.0
S278171 327.2115 49.9947 5.723e-18 1.071e-17 2.761e-17 0.0 67.62 0.0
S278172 327.2227 50.0395 4.007e-21 7.707e-21 2.1620000000000002e-20 0.0 70.13 0.0
S278173 327.2259 50.0001 5.619999999999999e-22 1.205e-21 4.248e-21 0.0 66.53 0.0
S278174 327.2537 49.8982 8.792e-20 1.269e-19 1.892e-19 0.0 66.21 0.0
S278175 327.2171 49.9667 4.006e-21 6.75e-21 1.4960000000000002e-20 0.0 67.05 0.0
S278176 327.2159 50.0081 1.745e-21 3.482e-21 1.013e-20 0.0 68.33 0.0
S278177 327.23 50.0324 5.862e-20 8.856000000000001e-20 1.499e-19 0.0 70.06 0.0
S278178 327.2553 50.1039 1.679e-19 2.204e-19 2.845e-19 0.0 69.66 0.0
S278179 327.2242 50.0073 2.482e-18 2.578e-18 2.015e-18 0.0 68.93 0.0
S278180 327.2165 50.009 2.882e-22 6.398e-22 2.456e-21 0.0 68.31 0.0
S278181 327.241 50.016 1.6360000000000001e-21 3.129e-21 8.794e-21 0.0 68.56 0.0
S278182 327.2206 49.9908 5.747e-21 1.0670000000000001e-20 2.7150000000000005e-20 0.0 66.66 0.0
S278183 327.2135 50.0024 2.3e-18 2.344e-18 1.729e-18 0.0 68.07 0.0
S278184 327.2145 49.9111 2.202e-20 3.5370000000000004e-20 6.606000000000001e-20 0.0 66.47 0.0
S278185 327.2042 50.0226 1.722e-23 4.923e-23 3.1079999999999997e-22 0.0 69.08 0.0
S278186 327.2342 49.9682 7.605000000000001e-20 1.13e-19 1.845e-19 0.0 66.32 0.0
S278187 327.2298 49.9863 3.522e-21 6.279e-21 1.518e-20 0.0 66.98 0.0
S278188 327.251 50.0076 2.084e-19 2.741e-19 3.441e-19 0.0 68.26 0.0
S278189 327.2214 49.9966 6.11e-23 1.5599999999999998e-22 7.893999999999999e-22 0.0 67.8 0.0
S278190 327.2341 49.9889 1.433e-22 3.853e-22 2.158e-21 0.0 66.47 0.0
S278191 327.2044 50.0333 5.565e-19 6.485e-19 6.485e-19 0.0 69.28 0.0
S278192 327.2188 50.0015 1.0089999999999999e-24 3.674e-24 4.019e-23 0.0 67.79 0.0
S278193 327.2355 49.9674 3.0569999999999998e-22 6.623e-22 2.41e-21 0.0 66.98 0.0
S278194 327.2311 50.0275 7.31e-21 1.2960000000000002e-20 3.098e-20 0.0 69.44 0.0
S278195 327.2191 50.007 3.903e-19 4.718e-19 5e-19 0.0 68.39 0.0
S278196 327.2125 50.0365 1.4960000000000002e-20 2.381e-20 4.3450000000000004e-20 0.0 69.85 0.0
S278197 327.2271 49.9863 9.863e-23 2.637e-22 1.479e-21 0.0 66.83 0.0
S278198 327.2216 50.0315 9.008999999999999e-23 2.264e-22 1.138e-21 0.0 69.94 0.0
S278199 327.2141 49.9762 1.98e-21 1.387e-21 4.844999999999999e-22 0.0 66.62 0.0
S278200 327.2212 50.0481 4.192e-19 5.293e-19 6.254e-19 0.0 70.21 0.0
S278201 327.2151 49.8656 1.984e-20 3.2620000000000003e-20 6.234000000000001e-20 0.0 65.65 0.0
S278202 327.2168 50.0715 1.927e-21 1.343e-21 4.783e-22 0.0 70.32 0.0
S278203 327.2218 50.0201 5.745e-20 8.012000000000001e-20 1.127e-19 0.0 69.48 0.0
S278204 327.2333 50.0323 1.073e-17 2.32e-17 8.291e-17 0.0 69.58 0.0
S278205 327.2125 50.0792 2.6379999999999996e-22 6.713e-22 3.368e-21 0.0 70.16 0.0
S278206 327.2299 50.0652 3.637e-22 8.911e-22 4.134e-21 0.0 70.42 0.0
S278207 327.229 50.0633 5.398e-24 1.622e-23 1.125e-22 0.0 70.36 0.0
S278208 327.2198 49.9904 3.7020000000000005e-20 5.470000000000001e-20 8.645e-20 0.0 66.5 0.0
S278209 327.2173 50.0322 1.6090000000000003e-20 2.5480000000000003e-20 4.7e-20 0.0 69.62 0.0
S278210 327.2328 49.9316 2.769e-20 4.438e-20 8.669000000000001e-20 0.0 65.8 0.0
S278211 327.2267 50.0069 2.194e-24 7.372e-24 6.547e-23 0.0 69.8 0.0
S278212 327.2173 50.0035 5.011e-23 1.3009999999999998e-22 6.868999999999999e-22 0.0 68.42 0.0
S278213 327.2378 49.9996 1.217e-22 3.0709999999999997e-22 1.474e-21 0.0 67.97 0.0
S278214 327.2242 50.0026 1.484e-17 2.772e-17 7.077e-17 0.0 68.03 0.0
S278215 327.2167 49.9825 8.206999999999999e-22 1.939e-21 7.978000000000001e-21 0.0 66.71 0.0
S278216 327.2305 49.9872 2.109e-21 4.034e-21 1.1380000000000001e-20 0.0 66.91 0.0
S278217 327.2217 50.0542 9.762e-23 2.337e-22 1.054e-21 0.0 70.44 0.0
S278218 327.2339 49.992 1.191e-18 1.298e-18 1.076e-18 0.0 67.52 0.0
S278219 327.2179 50.0077 1.006e-18 1.133e-18 1.028e-18 0.0 68.69 0.0
S278220 327.232 49.9828 6.78e-20 9.065000000000001e-20 1.214e-19 0.0 66.4 0.0
S278221 327.2152 50.0123 9.19e-18 8.609e-18 5.267e-18 0.0 69.7 0.0
S278222 327.2409 50.0259 3.783e-23 1.0639999999999999e-22 6.4849999999999995e-22 0.0 69.3 0.0
S278223 327.218 50.0499 7.603e-21 1.3000000000000001e-20 2.9710000000000004e-20 0.0 70.17 0.0
S278224 327.213 50.1249 1.206e-22 2.956e-22 1.398e-21 0.0 70.55 0.0
S278225 327.2214 50.0135 1.1059999999999999e-23 3.164e-23 2.0939999999999997e-22 0.0 69.44 0.0
S278226 327.2102 49.961 5.069e-21 8.633e-21 1.8780000000000003e-20 0.0 66.11 0.0
S278227 327.2338 50.058 3.399e-22 8.367999999999999e-22 3.8340000000000004e-21 0.0 70.31 0.0
S278228 327.2249 50.042 7.511e-23 1.9629999999999999e-22 1.03e-21 0.0 70.1 0.0
S278229 327.2214 50.078 5.368999999999999e-22 1.199e-21 4.604e-21 0.0 70.44 0.0
S278230 327.2126 49.9857 2.231e-19 2.833e-19 3.337e-19 0.0 67.41 0.0
S278231 327.2325 49.9986 6.926e-18 6.76e-18 4.696e-18 0.0 67.38 0.0
S278232 327.225 50.0009 1.906e-21 1.316e-21 4.565999999999999e-22 0.0 67.04 0.0
S278233 327.2395 49.969 7.959e-22 1.756e-21 6.576e-21 0.0 66.78 0.0
S278234 327.2496 49.9418 1.8220000000000002e-21 1.27e-21 4.544e-22 0.0 66.9 0.0
S278235 327.2213 49.9674 4.0309999999999996e-23 9.996e-23 4.932e-22 0.0 66.03 0.0
S278236 327.2709 49.9849 1.562e-19 2.1e-19 2.819e-19 0.0 67.8 0.0
S278237 327.2263 50.0758 3.576e-19 4.246e-19 4.444e-19 0.0 70.42 0.0
S278238 327.1974 49.8376 4.8460000000000005e-26 2.688e-25 7.041e-24 0.0 66.03 0.0
S278239 327.2236 50.0171 1.0479999999999999e-22 2.976e-22 1.85e-21 0.0 69.76 0.0
S278240 327.2303 50.0031 1.27e-21 2.5590000000000002e-21 7.969e-21 0.0 68.11 0.0
S278241 327.2204 50.007 8.292e-20 1.157e-19 1.735e-19 0.0 68.37 0.0
S278242 327.2293 50.0133 2.727e-20 3.9660000000000003e-20 6.061000000000001e-20 0.0 69.34 0.0
S278243 327.2263 50.0068 9.747e-19 1.135e-18 1.133e-18 0.0 68.62 0.0
S278244 327.2159 50.008 2.093e-18 2.179e-18 1.659e-18 0.0 68.34 0.0
S278245 327.1995 50.2011 6.974e-18 6.45e-18 4.117e-18 0.0 70.44 0.0
S278246 327.2273 50.0041 1.253e-18 1.432e-18 1.353e-18 0.0 69.18 0.0
S278247 327.2141 50.0028 7.539e-18 7.122e-18 4.567e-18 0.0 68.14 0.0
S278248 327.2422 50.0298 9.713e-19 1.146e-18 1.183e-18 0.0 69.16 0.0
S278249 327.222 50.003 2.9349999999999996e-22 6.8569999999999995e-22 2.921e-21 0.0 68.78 0.0
S278250 327.1898 50.0546 1.962e-21 1.374e-21 4.742999999999999e-22 0.0 69.28 0.0
S278251 327.23 50.0022 2.06e-21 4.181e-21 1.2960000000000002e-20 0.0 66.9 0.0
S278252 327.2209 50.0031 7.905000000000001e-20 1.16e-19 1.849e-19 0.0 68.17 0.0
S278253 327.2269 49.9825 9.618e-30 1.395e-28 2.7490000000000004e-26 0.0 66.43 0.0
S278254 327.2334 50.0507 3.328e-20 5.0680000000000006e-20 8.519000000000001e-20 0.0 69.98 0.0
S278255 327.2338 50.0128 1.5240000000000002e-20 2.6750000000000003e-20 6.03e-20 0.0 68.47 0.0
S278256 327.2507 49.9635 1.528e-21 1.082e-21 3.9669999999999995e-22 0.0 67.24 0.0
S278257 327.2267 50.0084 4.1990000000000005e-20 6.351000000000001e-20 1.047e-19 0.0 68.99 0.0
S278258 327.2231 50.0193 3.1729999999999996e-22 6.846e-22 2.384e-21 0.0 69.71 0.0
S278259 327.2149 50.0068 2.5889999999999998e-23 7.31e-23 4.536999999999999e-22 0.0 69.48 0.0
S278260 327.2268 50.0232 3.4129999999999997e-22 7.770999999999999e-22 2.997e-21 0.0 69.86 0.0
S278261 327.2492 50.0161 1.21e-19 1.637e-19 2.249e-19 0.0 68.5 0.0
S278262 327.2098 49.9636 9.234e-19 9.711e-19 7.922e-19 0.0 66.46 0.0
S278263 327.2297 50.0207 1.409e-18 1.486e-18 1.217e-18 0.0 69.66 0.0
S278264 327.2258 49.9926 5.971e-21 1.0830000000000001e-20 2.6970000000000002e-20 0.0 66.71 0.0
S278265 327.2287 49.9885 1.726e-23 4.791e-23 2.934e-22 0.0 67.04 0.0
S278266 327.2304 50.0283 2.708e-19 3.435e-19 3.998e-19 0.0 69.5 1.0
S278267 327.2151 50.027 1.983e-21 1.384e-21 4.744999999999999e-22 0.0 69.52 0.0
S278268 327.2226 50.0094 5.423e-23 1.4269999999999998e-22 7.393e-22 0.0 69.11 0.0
S278269 327.2289 49.9459 2.3629999999999996e-22 4.908999999999999e-22 1.615e-21 0.0 65.85 0.0
S278270 327.2092 50.0011 3.105e-18 3.195e-18 2.375e-18 0.0 68.06 0.0
S278271 327.2283 50.0275 8.1789999999999995e-22 1.674e-21 5.252e-21 0.0 69.89 0.0
S278272 327.2238 49.9965 2.8330000000000004e-20 4.2460000000000006e-20 7.096e-20 0.0 66.91 0.0
S278273 327.1632 50.0597 1.374e-22 3.0379999999999995e-22 1.17e-21 0.0 68.62 0.0
S278274 327.2344 50.0072 1.5569999999999998e-22 3.3229999999999997e-22 1.149e-21 0.0 68.55 0.0
S278275 327.2358 50.0358 1.095e-22 3.0379999999999995e-22 1.823e-21 0.0 70.22 0.0
S278276 327.2079 49.9917 3.724e-18 6.853e-18 1.73e-17 0.0 67.85 0.0
S278277 327.2143 50.0227 4.333e-20 6.456e-20 1.006e-19 0.0 69.76 0.0
S278278 327.2224 49.9921 5.544e-21 9.637e-21 2.2400000000000003e-20 0.0 67.5 0.0
S278279 327.2371 49.9948 9.087e-24 2.6629999999999996e-23 1.7459999999999998e-22 0.0 67.13 0.0
S278280 327.2274 49.9987 4.457e-19 5.296e-19 5.275e-19 0.0 67.26 0.0
S278281 327.2308 49.9909 3.4329999999999996e-22 8.023999999999999e-22 3.541e-21 0.0 67.31 0.0
S278282 327.2211 50.0474 1.4049999999999998e-22 3.5519999999999996e-22 1.806e-21 0.0 69.42 0.0
S278283 327.2257 49.9534 1.961e-18 2.075e-18 1.66e-18 0.0 65.89 0.0
S278284 327.2457 49.9979 1.052e-19 1.384e-19 1.78e-19 0.0 67.97 0.0
S278285 327.2288 50.0296 7.700999999999999e-22 1.575e-21 4.874e-21 0.0 69.9 0.0
S278286 327.2113 49.9586 1.097e-19 1.505e-19 2.043e-19 0.0 66.76 0.0
S278287 327.2278 50.0147 4.165e-22 9.32e-22 3.474e-21 0.0 69.12 0.0
S278288 327.2208 50.0216 1.038e-18 1.113e-18 9.108e-19 0.0 69.4 0.0
S278289 327.2586 49.9552 7.286e-20 1.077e-19 1.772e-19 0.001 67.32 0.0
S278290 327.2512 49.7413 1.83e-18 1.968e-18 1.68e-18 0.0 65.57 0.0
S278291 327.2197 50.0252 2.7959999999999997e-22 6.177e-22 2.347e-21 0.0 69.84 0.0
S278292 327.2224 49.9864 1.1700000000000002e-20 1.9920000000000003e-20 4.23e-20 0.0 66.49 0.0
S278293 327.2209 50.0079 3.301e-23 9.181e-23 5.471999999999999e-22 0.0 68.71 0.0
S278294 327.2289 49.9218 3.749e-23 8.751999999999999e-23 3.674e-22 0.0 65.66 0.0
S278295 327.2506 50.0033 2.1939999999999997e-22 5.233999999999999e-22 2.3750000000000002e-21 0.0 68.12 0.0
S278296 327.2157 50.025 1.1070000000000001e-20 1.8060000000000003e-20 3.562e-20 0.0 69.88 0.0
S278297 327.2275 49.9401 5.391e-22 1.129e-21 3.903e-21 0.0 66.02 0.0
S278298 327.2259 50.0126 9.792e-24 3.475e-23 3.555e-22 0.0 69.65 0.0
S278299 327.2121 50.0177 1.394e-17 2.012e-17 3.091e-17 0.0 69.53 0.0
S278300 327.2152 49.9954 1.827e-19 2.397e-19 3.105e-19 0.0 66.52 0.0
S278301 327.225 49.9979 1.154e-18 1.363e-18 1.347e-18 0.001 67.08 0.0
S278302 327.21 50.041 2.713e-20 4.079e-20 6.950000000000001e-20 0.0 69.22 0.0
S278303 327.24 49.9708 1.656e-18 1.846e-18 1.701e-18 0.0 66.11 0.0
S278304 327.216 50.1207 8.497e-20 1.271e-19 2.073e-19 0.0 70.61 0.0
S278305 327.2231 50.0056 1.133e-12 8.766e-13 3.654e-13 0.0 69.12 1.0
S278306 327.2282 50.0002 5.187e-13 3.641e-13 1.24e-13 0.0 67.99 0.0
S278307 327.2251 50.0135 8.497e-20 1.23e-19 1.977e-19 0.0 69.13 0.0
S278308 327.2215 50.0064 1.298e-21 9.580999999999999e-22 3.7299999999999996e-22 0.0 69.75 0.0
S278309 327.2056 50.021 1.07e-22 2.3429999999999997e-22 8.478999999999999e-22 0.0 68.67 0.0
S278310 327.2429 49.9503 2.218e-22 5.601e-22 2.715e-21 0.0 66.42 0.0
S278311 327.2303 50.0002 7.207000000000001e-26 3.6380000000000003e-25 7.35e-24 0.0 67.2 0.0
S278312 327.2286 49.9773 5.878e-24 2.0169999999999998e-23 1.897e-22 0.0 66.79 0.0
S278313 327.2189 49.9687 1.752e-17 4.011e-17 1.569e-16 0.0 66.36 0.0
S278314 327.2429 49.9198 4.435e-21 8.34e-21 2.1820000000000003e-20 0.0 66.16 0.0
S278315 327.2102 50.0343 2.518e-22 5.427999999999999e-22 1.963e-21 0.0 69.1 0.0
S278316 327.2282 50.0224 3.803e-21 7.091e-21 1.8100000000000002e-20 0.0 68.93 0.0
S278317 327.2256 50.0288 5.2659999999999996e-23 1.317e-22 6.304999999999999e-22 0.0 69.56 0.0
S278318 327.2289 50.0041 3.8319999999999994e-22 9.057e-22 3.8930000000000004e-21 0.0 68.36 0.0
S278319 327.2204 50.0097 2.612e-21 5.095e-21 1.5030000000000002e-20 0.0 68.63 0.0
S278320 327.2124 49.9564 3.606e-19 4.493e-19 5.17e-19 0.0 66.92 0.0
S278321 327.2329 49.9695 9.4e-21 1.656e-20 3.9240000000000004e-20 0.0 66.21 0.0
S278322 327.2012 50.029 1.966e-20 3.1920000000000004e-20 6.32e-20 0.0 68.74 0.0
S278323 327.2236 50.0021 1.111e-12 9.702e-13 5.178e-13 0.0 67.3 1.0
S278324 327.2259 49.9799 1.132e-19 1.549e-19 2.184e-19 0.0 66.31 1.0
S278325 327.221 49.9635 5.545e-17 1.511e-16 8.665e-16 0.0 66.2 1.0
S278326 327.2173 49.9701 2.2379999999999998e-23 6.146e-23 3.5959999999999995e-22 0.0 66.46 0.0
S278327 327.2184 49.9007 2.7249999999999998e-24 8.971e-24 7.919999999999999e-23 0.0 65.64 0.0
S278328 327.2688 49.9166 3.503e-22 7.512e-22 2.738e-21 0.0 66.64 0.0
S278329 327.2407 49.998 2.165e-17 3.991e-17 1.007e-16 0.0 67.76 0.0
S278330 327.223 50.002 4.427e-18 4.441e-18 3.29e-18 0.0 67.68 0.0
S278331 327.1947 50.028 8.464999999999999e-22 1.789e-21 6.197e-21 0.0 68.85 0.0
S278332 327.2255 50.0143 4.645e-24 1.601e-23 1.496e-22 0.001 69.61 0.0
S278333 327.2263 50.0241 4.7299999999999996e-23 1.3569999999999998e-22 8.817e-22 0.0 69.46 0.0
S278334 327.236 50.0149 1.876e-21 3.776e-21 1.1360000000000001e-20 0.0 68.58 0.0
S278335 327.2241 49.9322 1.691e-20 2.7440000000000003e-20 5.461e-20 0.0 65.78 0.0
S278336 327.2263 50.006 3.711e-21 6.6750000000000004e-21 1.722e-20 0.0 68.36 0.0
S278337 327.228 50.0196 1.4679999999999998e-23 4.7889999999999997e-23 4.0499999999999996e-22 0.0 68.95 0.0
S278338 327.2359 49.9341 2.9209999999999996e-22 7.043999999999999e-22 3.317e-21 0.0 65.76 0.0
S278339 327.2207 50.0386 2.5889999999999998e-23 8.035999999999999e-23 6.174e-22 0.0 69.85 0.0
S278340 327.2107 49.9948 4.933e-21 9.106e-21 2.2480000000000002e-20 0.0 67.49 0.0
S278341 327.2084 50.0454 8.715e-19 1.012e-18 9.962e-19 0.0 69.5 0.0
S278342 327.2226 49.9903 2.022e-21 4.135e-21 1.3240000000000001e-20 0.0 66.9 0.0
S278343 327.2198 50.0214 2.39e-22 5.512999999999999e-22 2.264e-21 0.0 69.26 0.0
S278344 327.2256 49.9869 4.728e-18 4.354e-18 2.73e-18 0.0 66.6 0.0
S278345 327.2223 50.0025 2.491e-19 3.224e-19 4.09e-19 0.0 66.39 0.0
S278346 327.2301 50.0231 1.4499999999999998e-23 3.7939999999999996e-23 2.0019999999999998e-22 0.0 69.41 0.0
S278347 327.2315 49.9891 8.785e-24 2.4479999999999998e-23 1.462e-22 0.0 66.64 0.0
S278348 327.2324 50.0446 6.624e-19 7.553e-19 6.896e-19 0.0 70.07 0.0
S278349 327.2307 50.0206 4.278e-24 1.281e-23 8.991999999999999e-23 0.0 68.8 0.0
S278350 327.2231 49.8225 1.0359999999999999e-22 2.8459999999999996e-22 1.622e-21 0.0 65.57 0.0
S278351 327.2286 50.0204 4.175e-17 8.433e-17 2.667e-16 0.0 69.33 0.0
S278352 327.223 49.9991 4.28e-22 9.705e-22 3.629e-21 0.0 66.73 0.0
S278353 327.234 49.9876 6.205e-22 1.504e-21 6.671e-21 0.0 66.91 0.0
S278354 327.2309 49.9989 2.0839999999999998e-22 5.715e-22 3.358e-21 0.0 66.62 0.0
S278355 327.1798 49.9693 1.171e-21 8.874e-22 3.5349999999999994e-22 0.0 67.53 0.0
S278356 327.2363 50.0508 6.1020000000000006e-30 9.228999999999999e-29 2.0210000000000002e-26 0.0 69.41 0.0
S278357 327.2265 50.0112 4.942e-20 7.015e-20 1.087e-19 0.0 69.63 0.0
S278358 327.2179 50.0131 2.169e-22 5.8169999999999995e-22 3.317e-21 0.0 69.05 0.0
S278359 327.2274 49.9985 3.2129999999999998e-22 7.571e-22 3.196e-21 0.0 67.22 0.0
S278360 327.2821 50.0345 3.604e-18 3.868e-18 3.157e-18 0.0 68.49 0.0
S278361 327.2278 49.99 2.409e-19 3.052e-19 3.505e-19 0.0 66.94 0.0
S278362 327.2264 50.0184 5.491e-22 1.178e-21 4.055e-21 0.0 69.38 0.0
S278363 327.2204 50.0065 6.339e-13 4.675e-13 1.86e-13 0.0 68.85 0.0
S278364 327.2368 49.9861 5.883e-23 1.4949999999999999e-22 7.427999999999999e-22 0.0 66.49 0.0
S278365 327.2409 50.0064 1.85e-20 2.981e-20 5.56e-20 0.0 68.31 0.0
S278366 327.2221 49.9562 1.413e-19 1.865e-19 2.376e-19 0.0 65.86 0.0
S278367 327.2233 49.9692 2.066e-18 2.133e-18 1.668e-18 0.0 66.19 0.0
S278368 327.2318 49.9975 5.999e-19 7.511e-19 8.666e-19 0.0 66.64 0.0
S278369 327.2473 50.0224 1.809e-19 2.363e-19 2.982e-19 0.0 68.64 0.0
S278370 327.2304 49.9977 1.798e-19 2.319e-19 2.943e-19 0.0 66.56 0.0
S278371 327.2267 49.9784 9.706e-22 2.044e-21 6.849e-21 0.0 66.32 0.0
S278372 327.2234 49.9772 8.383e-21 1.449e-20 3.2040000000000006e-20 0.0 66.53 0.0
S278373 327.2196 50.016 2.54e-23 6.783e-23 3.8329999999999995e-22 0.0 69.58 0.0
S278374 327.2131 49.9959 2.66e-20 4.091e-20 7.238000000000001e-20 0.0 67.86 0.0
S278375 327.2206 49.9937 4.244e-19 4.955e-19 4.934e-19 0.0 66.94 0.0
S278376 327.2039 49.9983 1.106e-22 2.6619999999999997e-22 1.139e-21 0.0 68.02 0.0
S278377 327.222 50.0219 2.1140000000000002e-20 3.3030000000000004e-20 6.069e-20 0.001 69.59 0.0
S278378 327.2175 50.0043 4.179e-18 4.178e-18 3.078e-18 0.0 68.21 0.0
S278379 327.2274 50.0137 1.857e-17 3.587e-17 9.911e-17 0.0 69.59 0.0
S278380 327.2313 49.9986 4.331e-24 1.446e-23 1.232e-22 0.0 67.49 0.0
S278381 327.2505 50.0378 9.48e-22 1.943e-21 6.172e-21 0.0 69.07 0.0
S278382 327.2199 49.9922 3.924e-19 4.748e-19 4.924e-19 0.0 67.46 0.0
S278383 327.2127 49.8543 2.056e-17 3.709e-17 9.004e-17 0.0 65.74 0.0
S278384 327.2122 50.0498 2.7589999999999997e-22 6.523999999999999e-22 2.744e-21 0.0 69.81 0.0
S278385 327.229 49.9821 4.515e-21 8.532e-21 2.2620000000000002e-20 0.0 66.34 0.0
S278386 327.2372 49.9405 3.142e-19 3.843e-19 4.176e-19 0.0 65.77 0.0
S278387 327.2188 50.0026 5.951000000000001e-25 2.517e-24 3.515e-23 0.0 67.91 0.0
S278388 327.2149 50.0091 7.385e-23 2.008e-22 1.212e-21 0.0 68.53 0.0
S278389 327.2353 50.0021 3.237e-17 5.895e-17 1.453e-16 0.0 68.0 0.0
S278390 327.2245 49.9961 5.012e-24 1.68e-23 1.4869999999999998e-22 0.0 67.56 0.0
S278391 327.225 50.0211 2.283e-23 6.599e-23 4.304e-22 0.0 69.61 0.0
S278392 327.2214 50.007 1.638e-21 1.175e-21 4.1879999999999994e-22 0.0 68.68 0.0
S278393 327.2255 50.0167 4.354e-18 4.343e-18 3.059e-18 0.0 69.12 0.0
S278394 327.219 49.971 8.765e-22 1.9170000000000002e-21 7.197e-21 0.0 66.2 0.0
S278395 327.2395 49.8461 1.539e-23 4.4379999999999997e-23 2.882e-22 0.0 65.58 0.0
S278396 327.1798 50.1363 1.1460000000000002e-20 1.905e-20 3.858e-20 0.0 69.69 0.0
S278397 327.225 49.9965 1.915e-21 1.317e-21 4.562e-22 0.0 66.62 0.0
S278398 327.2425 49.9621 1.626e-17 1.4e-17 7.467e-18 0.0 66.54 0.0
S278399 327.2241 49.9987 1.3190000000000002e-25 6.265000000000001e-25 1.209e-23 0.0 66.44 0.0
S278400 327.2166 50.0015 4.378e-22 1.016e-21 4.1430000000000004e-21 0.0 68.02 0.0
S278401 327.2191 50.0262 2.345e-23 5.965e-23 2.933e-22 0.0 69.89 0.0
S278402 327.2307 50.0033 9.298e-21 1.5480000000000002e-20 3.222e-20 0.001 68.44 0.0
S278403 327.2192 50.007 8.458999999999999e-22 1.676e-21 4.988e-21 0.0 68.48 0.0
S278404 327.2446 49.9761 1.96e-20 3.2120000000000005e-20 6.496000000000001e-20 0.0 66.74 0.0
S278405 327.2217 50.0275 2.7910000000000005e-20 4.3530000000000003e-20 7.803e-20 0.0 69.71 0.0
S278406 327.227 50.0038 9.1e-21 1.566e-20 3.478e-20 0.0 68.28 0.0
S278407 327.2296 50.019 1.0819999999999998e-22 2.8619999999999996e-22 1.602e-21 0.0 69.3 0.0
S278408 327.2258 50.0037 2.719e-19 3.294e-19 3.635e-19 0.0 68.43 0.0
S278409 327.2482 50.119 2.274e-17 1.957e-17 1.067e-17 0.0 69.93 0.0
S278410 327.237 50.0001 7.889e-18 7.649e-18 5.239e-18 0.0 67.86 0.0
S278411 327.2135 50.0782 7.66e-22 1.766e-21 7.069e-21 0.0 70.28 0.0
S278412 327.2405 50.0171 3.589e-20 5.1530000000000004e-20 7.966e-20 0.0 68.6 0.0
S278413 327.2253 50.001 5.215e-19 5.836e-19 5.32e-19 0.0 68.02 0.0
S278414 327.2077 50.0136 2.488e-21 4.4760000000000004e-21 1.059e-20 0.0 68.39 0.0
S278415 327.2495 50.1306 4.329e-19 5.025e-19 4.861e-19 0.0 70.11 0.0
S278416 327.2256 49.9785 3.516e-21 6.854e-21 1.973e-20 0.0 66.75 0.0
S278417 327.2329 49.9878 2.497e-17 5.852e-17 2.358e-16 0.0 67.14 1.0
S278418 327.2105 49.9727 1.122e-24 4.259e-24 5.148e-23 0.0 66.71 0.0
S278419 327.221 49.9966 5.874000000000001e-20 8.760000000000001e-20 1.424e-19 0.0 66.73 0.0
S278420 327.2303 50.0365 2.518e-18 2.83e-18 2.494e-18 0.0 69.96 0.0
S278421 327.2282 50.002 8.48e-19 9.33e-19 8.235e-19 0.0 67.16 0.0
S278422 327.2348 50.0149 8.093e-24 2.288e-23 1.4309999999999998e-22 0.0 69.64 0.0
S278423 327.1846 50.0743 2.1070000000000002e-21 1.4430000000000001e-21 4.979999999999999e-22 0.0 69.15 0.0
S278424 327.2231 50.0411 1.9999999999999999e-22 4.972e-22 2.397e-21 0.0 69.96 0.0
S278425 327.2263 50.0082 5.947e-18 5.668e-18 3.833e-18 0.0 69.61 0.0
S278426 327.2209 50.0183 4.240999999999999e-22 9.937999999999999e-22 4.105e-21 0.0 68.88 0.0
S278427 327.2289 50.0062 4.191e-24 1.4079999999999998e-23 1.248e-22 0.001 69.41 0.0
S278428 327.2296 50.0011 3.302e-19 3.945e-19 4.145e-19 0.0 67.83 0.0
S278429 327.2206 50.0039 1.574e-18 1.79e-18 1.734e-18 0.0 68.29 0.0
S278430 327.2323 49.959 9.457e-19 1.07e-18 9.885e-19 0.0 65.98 0.0
S278431 327.2276 50.0039 1.472e-25 7.413e-25 1.578e-23 0.001 68.36 0.0
S278432 327.1778 50.1266 3.294e-18 3.188e-18 2.193e-18 0.0 69.72 0.0
S278433 327.2193 50.0151 8.069e-23 1.982e-22 8.963e-22 0.0 69.32 0.0
S278434 327.2235 49.9935 1.267e-17 2.173e-17 4.868e-17 0.0 67.37 0.0
S278435 327.2347 50.0417 1.42e-21 2.819e-21 8.401e-21 0.0 70.12 0.0
S278436 327.1751 49.9534 9.057e-22 1.93e-21 6.597e-21 0.0 67.5 0.0
S278437 327.2276 50.0061 6.084e-20 9.056e-20 1.437e-19 0.0 69.65 0.0
S278438 327.2258 50.0463 7.424e-23 2.0659999999999998e-22 1.231e-21 0.0 70.3 0.0
S278439 327.2206 49.9683 2.379e-23 7.112e-23 4.971e-22 0.0 66.39 0.0
S278440 327.2284 49.9965 6.124e-17 5.174e-17 2.711e-17 0.0 67.31 0.0
S278441 327.2302 50.0016 2.612e-21 1.783e-21 5.943999999999999e-22 0.0 67.92 0.0
S278442 327.2087 49.9806 1.011e-20 1.7650000000000002e-20 4.126e-20 0.0 67.38 0.0
S278443 327.2204 49.9765 2.983e-20 4.7090000000000006e-20 8.718000000000001e-20 0.0 66.43 0.0
S278444 327.23 49.9968 6.582999999999999e-23 1.7649999999999998e-22 9.914e-22 0.0 67.8 0.0
S278445 327.2247 49.9856 2.877e-21 5.5460000000000004e-21 1.587e-20 0.0 66.48 0.0
S278446 327.28 49.9999 2.0839999999999998e-22 4.9549999999999995e-22 2.12e-21 0.0 68.07 0.0
S278447 327.2279 50.0141 1.108e-23 3.0429999999999996e-23 1.7699999999999999e-22 0.001 69.53 0.0
S278448 327.2263 49.973 3.073e-22 7.366999999999999e-22 3.208e-21 0.0 66.31 0.0
S278449 327.2477 49.8639 3.511e-18 3.475e-18 2.434e-18 0.0 65.75 0.0
S278450 327.2301 50.0234 3.016e-19 3.726e-19 4.143e-19 0.0 69.7 0.0
S278451 327.2288 49.9923 1.166e-22 3.0559999999999997e-22 1.6360000000000001e-21 0.0 66.56 0.0
S278452 327.221 49.9858 2.146e-20 3.4540000000000004e-20 6.606000000000001e-20 0.0 66.54 0.0
S278453 327.2124 49.9719 5.972e-17 4.879e-17 2.331e-17 0.0 66.16 0.0
S278454 327.2476 50.0117 9.33e-22 1.932e-21 6.119e-21 0.0 68.37 0.0
S278455 327.2271 50.0145 2.227e-21 4.354e-21 1.2520000000000001e-20 0.001 69.69 0.0
S278456 327.2307 50.0773 1.2380000000000001e-20 2.1000000000000002e-20 4.486e-20 0.0 70.39 0.0
S278457 327.2303 50.0834 9.434e-24 2.7569999999999996e-23 1.8539999999999998e-22 0.0 70.36 0.0
S278458 327.2321 50.0065 9.156e-23 2.2739999999999996e-22 1.068e-21 0.0 68.33 0.0
S278459 327.2194 50.0714 1.9470000000000003e-20 3.189e-20 6.301e-20 0.0 70.39 0.0
S278460 327.218 50.0054 2.106e-25 9.837e-25 1.812e-23 0.0 68.3 0.0
S278461 327.2284 50.0273 3.771e-21 6.677e-21 1.5580000000000002e-20 0.0 69.07 0.0
S278462 327.2283 49.9786 4.356e-24 1.5069999999999998e-23 1.4339999999999998e-22 0.0 66.26 0.0
S278463 327.215 49.9696 4.141e-20 6.220000000000001e-20 1.021e-19 0.0 66.87 0.0
S278464 327.2384 50.0385 4.942e-19 5.76e-19 5.717e-19 0.0 69.44 0.0
S278465 327.2258 50.0356 3.232e-21 5.875e-21 1.456e-20 0.0 69.85 0.0
S278466 327.2245 50.0185 1.4709999999999998e-22 3.3009999999999997e-22 1.276e-21 0.0 69.4 0.0
S278467 327.2279 50.0043 1.679e-21 1.185e-21 4.21e-22 0.0 68.78 0.0
S278468 327.2292 50.0239 4.127e-23 1.1229999999999998e-22 6.657999999999999e-22 0.0 69.55 0.0
S278469 327.2315 50.0113 5.138e-19 6.056e-19 6.159e-19 0.0 69.38 0.0
S278470 327.2142 49.9908 1.524e-23 4.3559999999999996e-23 2.867e-22 0.0 67.45 0.0
S278471 327.2306 49.9666 1.56e-20 2.6340000000000003e-20 5.619000000000001e-20 0.0 66.03 0.0
S278472 327.2349 49.9964 2.15e-21 4.159e-21 1.175e-20 0.0 67.79 0.0
S278473 327.2232 49.9789 4.368e-24 1.5409999999999998e-23 1.611e-22 0.0 66.27 0.0
S278474 327.2163 50.0301 1.004e-20 1.6610000000000003e-20 3.4800000000000006e-20 0.0 69.5 0.0
S278475 327.2439 49.9868 9.966999999999999e-22 2.047e-21 6.787e-21 0.0 67.21 0.0
S278476 327.2269 50.0364 4.055e-23 1.0149999999999999e-22 5.003e-22 0.0 69.72 0.0
S278477 327.2124 49.9737 5.837e-18 5.403e-18 3.265e-18 0.0 66.73 0.0
S278478 327.2679 49.9638 3.776e-20 5.592e-20 9.030000000000001e-20 0.0 67.48 0.0
S278479 327.237 49.9904 1.222e-17 1.125e-17 6.978e-18 0.0 67.28 0.0
S278480 327.2279 50.0494 1.114e-19 1.654e-19 2.576e-19 0.0 70.34 0.0
S278481 327.2298 50.0032 1.8310000000000002e-20 3.069e-20 6.274000000000001e-20 0.0 69.45 0.0
S278482 327.219 49.9881 1.5249999999999998e-23 4.016e-23 2.1559999999999996e-22 0.0 66.92 0.0
S278483 327.2243 50.0031 3.76e-24 1.2319999999999999e-23 1.0389999999999999e-22 0.0 69.07 0.0
S278484 327.225 49.9199 2.8629999999999997e-22 6.309e-22 2.287e-21 0.001 65.76 0.0
S278485 327.2308 49.9769 7.911e-18 1.314e-17 2.791e-17 0.0 66.38 0.0
S278486 327.2265 50.0107 3.393e-21 6.548e-21 1.8750000000000003e-20 0.0 69.09 0.0
S278487 327.1968 49.957 3.066e-21 6.03e-21 1.739e-20 0.0 67.07 0.0
S278488 327.2296 49.9972 4.076e-18 4.011e-18 2.869e-18 0.0 66.81 0.0
S278489 327.2361 50.0567 1.274e-21 2.474e-21 7.072e-21 0.0 70.05 0.0
S278490 327.2247 50.0007 2.0850000000000003e-20 3.236e-20 5.734000000000001e-20 0.0 67.87 0.0
S278491 327.2015 50.0186 1.2969999999999999e-23 3.616e-23 2.2249999999999998e-22 0.0 68.73 0.0
S278492 327.2194 50.0248 5.230999999999999e-22 1.186e-21 4.5950000000000004e-21 0.0 69.57 0.0
S278493 327.2203 50.0162 8.245999999999999e-22 1.814e-21 6.992e-21 0.0 69.37 0.0
S278494 327.2045 49.9356 5.095e-22 1.112e-21 4.182e-21 0.0 66.47 0.0
S278495 327.2132 49.8643 1.401e-20 2.243e-20 4.264e-20 0.0 65.85 0.0
S278496 327.2242 49.9533 1.458e-23 4.4499999999999995e-23 3.364e-22 0.0 66.08 0.0
S278497 327.2182 49.9476 3.108e-17 6.679e-17 2.317e-16 0.0 65.94 0.0
S278498 327.2077 50.0147 2.237e-19 2.794e-19 3.277e-19 0.0 69.06 0.0
S278499 327.2108 50.0658 4.445e-20 7.011000000000001e-20 1.252e-19 0.0 70.22 0.0
S278500 327.2355 50.032 2.3549999999999998e-23 6.547999999999999e-23 3.9149999999999995e-22 0.0 70.08 0.0
S278501 327.2107 50.0242 5.51e-19 6.867e-19 7.467e-19 0.0 69.13 0.0
S278502 327.1814 49.9054 2.575e-19 3.327e-19 4.151e-19 0.0 66.93 0.0
S278503 327.2425 50.0596 3.23e-18 3.35e-18 2.657e-18 0.0 70.27 0.0
S278504 327.2265 50.0051 8.898e-19 1.037e-18 1.037e-18 0.0 68.22 0.0
S278505 327.2127 49.974 4.826e-19 5.856e-19 6.282e-19 0.0 66.75 0.0
S278506 327.2256 50.0313 2.281e-17 1.931e-17 1.014e-17 0.0 69.74 0.0
S278507 327.2024 49.9759 1.628e-20 2.6240000000000003e-20 5.065e-20 0.0 66.79 0.0
S278508 327.2281 49.9797 2.713e-18 2.817e-18 2.266e-18 0.0 66.34 0.0
S278509 327.2113 49.9943 2.1450000000000002e-20 3.3380000000000003e-20 5.85e-20 0.0 67.27 0.0
S278510 327.2547 49.9669 2.391e-17 2.013e-17 1.062e-17 0.0 65.94 0.0
S278511 327.2139 50.0317 2.254e-21 1.519e-21 5.170999999999999e-22 0.0 70.1 0.0
S278512 327.1988 50.0078 1.257e-19 1.706e-19 2.322e-19 0.0 68.43 0.0
S278513 327.2139 49.9795 3.933e-18 3.774e-18 2.566e-18 0.0 66.84 0.0
S278514 327.2526 50.0281 2.0310000000000002e-20 3.2730000000000006e-20 6.182e-20 0.0 69.84 0.0
S278515 327.2347 50.0055 1.518e-17 1.376e-17 8.059e-18 0.0 68.24 0.0
S278516 327.2111 49.993 1.258e-17 1.119e-17 6.508e-18 0.0 67.43 0.0
S278517 327.2057 49.9794 3.476e-23 8.355e-23 3.7659999999999995e-22 0.0 66.2 0.0
S278518 327.2187 50.0735 8.951999999999999e-23 2.472e-22 1.438e-21 0.0 70.34 0.0
S278519 327.2276 49.9963 3.7689999999999997e-22 8.398999999999999e-22 3.218e-21 0.0 67.32 0.0
S278520 327.1919 50.0057 4.1440000000000005e-20 6.268e-20 1.06e-19 0.0 68.38 0.0
S278521 327.1874 50.02 5.776e-19 7.021e-19 7.54e-19 0.0 68.92 0.0
S278522 327.2437 49.9968 1.543e-13 1.003e-13 3.064e-14 0.0 67.57 0.0
S278523 327.2337 49.9796 1.362e-25 6.341e-25 1.166e-23 0.0 66.47 0.0
S278524 327.209 50.0101 5.221e-19 6.444e-19 7.14e-19 0.0 68.69 0.0
S278525 327.2318 50.0585 3.764e-18 3.797e-18 2.749e-18 0.0 70.26 0.0
S278526 327.2581 50.0285 8.453999999999999e-24 2.683e-23 2.0919999999999998e-22 0.0 70.22 0.0
S278527 327.2315 50.031 3.297e-18 3.362e-18 2.49e-18 0.0 69.93 0.0
S278528 327.2331 50.0071 2.386e-21 1.602e-21 5.1929999999999995e-22 0.0 68.78 0.0
S278529 327.2273 50.0121 1.335e-18 1.466e-18 1.221e-18 0.0 69.17 0.0
S278530 327.2659 49.9977 5.53e-19 6.594e-19 6.571e-19 0.0 67.72 0.0
S278531 327.2531 49.9748 2.412e-21 4.72e-21 1.3550000000000001e-20 0.0 66.02 0.0
S278532 327.1885 49.9843 6.346e-18 9.333e-18 1.511e-17 0.0 67.0 0.0
S278533 327.238 49.9979 1.442e-16 1.151e-16 5.236e-17 0.0 66.83 1.0
S278534 327.2281 50.0019 1.68e-16 1.305e-16 5.682e-17 0.0 67.98 1.0
S278535 327.2191 49.9698 1.474e-19 2.134e-19 3.283e-19 0.0 66.07 0.0
S278536 327.2267 49.976 6.080999999999999e-22 1.377e-21 5.171e-21 0.0 66.24 0.0
S278537 327.2365 50.0266 8.142999999999999e-22 1.623e-21 4.918e-21 0.0 69.48 0.0
S278538 327.1787 50.0066 7.667e-21 1.2890000000000002e-20 2.726e-20 0.0 68.96 0.0
S278539 327.1958 50.0036 8.945e-17 2.263e-16 1.114e-15 0.0 68.24 1.0
S278540 327.2452 50.0195 7.111e-18 6.687e-18 4.287e-18 0.0 69.86 0.0
S278541 327.2021 50.0063 1.955e-21 3.709e-21 9.984e-21 0.0 68.53 0.0
S278542 327.207 50.0531 2.384e-21 1.605e-21 5.272e-22 0.0 70.38 0.0
S278543 327.1876 50.0219 1.66e-16 1.297e-16 5.483e-17 0.0 69.49 1.0
S278544 327.2279 49.9727 5.728e-25 2.482e-24 3.6349999999999997e-23 0.0 66.13 0.0
S278545 327.1786 50.0488 1.655e-18 1.8e-18 1.54e-18 0.0 70.09 0.0
S278546 327.2305 50.0009 8.979999999999998e-22 1.837e-21 5.937e-21 0.001 67.97 0.0
S278547 327.2164 49.9886 2.96e-18 3.03e-18 2.25e-18 0.0 66.54 0.0
S278548 327.2152 49.9874 3.871e-18 3.972e-18 2.972e-18 0.0 67.19 1.0
S278549 327.2011 49.9795 4.624e-14 3.062e-14 9.779e-15 0.0 66.88 0.0
S278550 327.177 49.9985 8.572999999999999e-22 1.7090000000000002e-21 5.114e-21 0.0 66.21 0.0
S278551 327.1834 50.007 4.809e-19 5.319e-19 4.775e-19 0.001 68.57 0.0
S278552 327.2517 49.9982 1.693e-19 2.238e-19 2.906e-19 0.0 67.75 0.0
S278553 327.2261 50.0208 7.737e-23 2.0809999999999998e-22 1.138e-21 0.0 69.79 0.0
S278554 327.219 50.0113 1.774e-23 4.6649999999999996e-23 2.5189999999999996e-22 0.0 69.62 0.0
S278555 327.2087 49.9961 1.402e-19 1.912e-19 2.719e-19 0.0 67.23 0.0
S278556 327.223 49.9712 2.199e-21 1.512e-21 5.05e-22 0.0 66.47 0.0
S278557 327.2482 50.0197 3.3289999999999996e-23 9.739e-23 6.609999999999999e-22 0.0 69.46 0.0
S278558 327.2251 50.0172 1.3979999999999998e-22 3.7809999999999995e-22 2.187e-21 0.0 69.47 0.0
S278559 327.1914 50.0159 7.143e-20 1.052e-19 1.636e-19 0.0 69.22 0.0
S278560 327.2383 49.9607 8.648e-18 1.785e-17 5.932e-17 0.0 65.96 0.0
S278561 327.1961 49.9834 2.083e-21 1.436e-21 4.992e-22 0.0 66.09 0.0
S278562 327.1707 49.9503 8.020999999999999e-22 1.788e-21 6.6990000000000004e-21 0.0 65.96 0.0
S278563 327.2157 50.0086 1.681e-16 1.327e-16 6.007e-17 0.0 68.92 1.0
S278564 327.2601 49.9939 1.01e-17 2.061e-17 6.471e-17 0.0 67.21 0.0
S278565 327.1895 50.023 1.044e-17 1.708e-17 3.493e-17 0.0 70.12 0.0
S278566 327.2252 50.0342 2.631e-13 1.839e-13 6.471e-14 0.0 70.07 0.0
S278567 327.2054 49.9908 1.709e-16 1.408e-16 6.761e-17 0.0 66.83 0.0
S278568 327.2551 49.9892 2.377e-19 2.961e-19 3.31e-19 0.0 66.42 0.0
S278569 327.228 49.9865 2.229e-20 3.59e-20 6.620000000000001e-20 0.0 66.85 0.0
S278570 327.261 49.9623 7.072e-18 1.421e-17 4.38e-17 0.0 65.98 0.0
S278571 327.2245 49.9847 4.3430000000000006e-20 6.737000000000001e-20 1.201e-19 0.0 66.86 0.0
S278572 327.2746 49.9716 2.3510000000000002e-21 1.592e-21 5.382999999999999e-22 0.0 65.97 0.0
S278573 327.2067 50.0035 1.9879999999999998e-22 4.977e-22 2.45e-21 0.0 68.17 0.0
S278574 327.1778 50.0045 3.076e-17 2.625e-17 1.359e-17 0.0 69.87 0.0
S278575 327.2026 49.997 4.1769999999999995e-23 1.259e-22 8.905e-22 0.0 67.06 0.0
S278576 327.2466 49.9712 1.7860000000000002e-21 1.255e-21 4.472e-22 0.0 66.9 0.0
S278577 327.2405 49.9985 1.6750000000000002e-20 2.884e-20 6.302000000000001e-20 0.0 67.48 0.0
S278578 327.1904 50.0117 5.185999999999999e-22 1.13e-21 4.232e-21 0.0 69.45 0.0
S278579 327.265 50.0221 1.38e-17 1.265e-17 7.895e-18 0.0 69.94 0.0
S278580 327.201 49.9869 9.237e-23 2.406e-22 1.268e-21 0.0 67.31 0.0
S278581 327.2193 50.0199 6.209e-23 1.4819999999999998e-22 6.296e-22 0.0 69.18 0.0
S278582 327.1996 50.0202 1.392e-19 1.907e-19 2.581e-19 0.0 69.65 0.0
S278583 327.221 50.0456 2.512e-17 5.67e-17 2.161e-16 0.0 70.22 0.0
S278584 327.2476 49.9689 1.218e-23 3.562e-23 2.369e-22 0.0 65.99 0.0
S278585 327.2168 49.9925 1.164e-16 9.338e-17 4.458e-17 0.0 67.15 0.0
S278586 327.2038 50.0387 3.39e-13 2.365e-13 8.09e-14 0.0 70.17 0.0
S278587 327.2597 50.0275 1.528e-19 2.024e-19 2.503e-19 0.0 69.97 0.0
S278588 327.2276 49.9869 8.161999999999999e-22 1.719e-21 5.658e-21 0.0 67.28 0.0
S278589 327.1939 50.0181 3.1370000000000004e-20 4.707e-20 7.66e-20 0.0 69.88 0.0
S278590 327.2356 50.0079 6.146e-23 1.529e-22 7.208999999999999e-22 0.0 68.34 1.0
S278591 327.2234 49.9868 2.188e-20 3.4140000000000003e-20 6.056e-20 0.0 66.43 0.0
S278592 327.2456 50.0522 2.318e-18 3.673e-18 6.534e-18 0.0 70.22 0.0
S278593 327.2689 49.9908 1.05e-19 1.515e-19 2.413e-19 0.0 66.45 0.0
S278594 327.2495 50.0012 1.313e-21 2.532e-21 7.217e-21 0.0 67.31 0.0
S278595 327.2097 50.0334 2.702e-22 6.072e-22 2.435e-21 0.0 69.77 0.0
S278596 327.1946 50.0376 2.195e-21 1.496e-21 4.963e-22 0.0 70.02 0.0
S278597 327.2098 50.0057 1.805e-18 1.927e-18 1.559e-18 0.0 68.27 0.0
S278598 327.1801 49.9761 1.077e-17 9.631e-18 5.471e-18 0.0 65.91 0.0
S278599 327.2026 49.9949 3.495e-18 3.619e-18 2.752e-18 0.0 67.53 0.0
S278600 327.2152 50.0115 3.9100000000000004e-20 5.438e-20 7.717000000000001e-20 0.0 68.91 1.0
S278601 327.2095 50.0046 9.073e-18 8.653e-18 5.551e-18 0.0 68.55 0.0
S278602 327.2377 49.9674 6.438e-19 7.904e-19 8.585e-19 0.0 66.21 0.0
S278603 327.2192 50.0236 2.741e-20 4.204e-20 7.364000000000001e-20 0.0 69.43 0.0
S278604 327.221 50.0144 3.817e-18 3.768e-18 2.592e-18 0.0 68.76 0.0
S278605 327.2405 50.011 4.638e-21 8.025e-21 1.8680000000000003e-20 0.0 68.71 0.0
S278606 327.2157 50.0113 6.591e-13 4.587e-13 1.645e-13 0.0 68.85 0.0
S278607 327.2361 49.9911 1.421e-17 1.272e-17 7.245e-18 0.0 67.58 0.0
S278608 327.191 50.0261 2.08e-21 1.4490000000000001e-21 5.085999999999999e-22 0.0 69.97 0.0
S278609 327.22 49.9761 2.4610000000000003e-20 4.197e-20 9.113000000000001e-20 0.0 66.24 0.0
S278610 327.2249 50.0001 2.8330000000000004e-20 4.4760000000000004e-20 8.101000000000001e-20 0.0 67.81 0.0
S278611 327.2056 49.9992 3.8569999999999996e-22 9.305999999999998e-22 4.0120000000000004e-21 0.0 67.99 0.0
S278612 327.2207 50.0009 1.3e-17 1.169e-17 6.747e-18 0.0 67.92 0.0
S278613 327.2348 50.0306 1.1670000000000001e-20 1.956e-20 4.0890000000000004e-20 0.0 69.94 0.0
S278614 327.2576 50.0164 1.783e-18 1.834e-18 1.388e-18 0.0 68.82 0.0
S278615 327.2464 49.9792 4.436e-21 7.551e-21 1.657e-20 0.0 66.57 0.0
S278616 327.2512 50.0384 2.388e-20 3.7790000000000004e-20 7.138e-20 0.0 69.87 0.0
S278617 327.2238 49.9707 2.808e-19 3.503e-19 4.127e-19 0.0 66.08 0.0
S278618 327.2243 49.9303 1.707e-17 1.52e-17 8.841e-18 0.0 65.82 0.0
S278619 327.1918 50.0225 1.176e-18 1.365e-18 1.353e-18 0.0 70.07 0.0
S278620 327.1899 50.0388 9.654e-18 1.784e-17 4.496e-17 0.0 70.15 0.0
S278621 327.2463 49.9688 3.398e-19 3.967e-19 3.903e-19 0.0 66.01 0.0
S278622 327.2088 50.0097 7.194e-18 6.933e-18 4.645e-18 0.0 68.99 0.0
S278623 327.2498 49.9774 5.507e-18 5.519e-18 3.99e-18 0.0 66.08 0.0
S278624 327.2017 49.981 1.56e-17 1.312e-17 6.703e-18 0.0 66.54 0.0
S278625 327.2118 50.0216 5.721e-24 1.699e-23 1.1569999999999999e-22 0.0 69.47 0.0
S278626 327.2049 49.9799 1.4449999999999998e-22 3.52e-22 1.6390000000000001e-21 0.0 66.47 0.0
S278627 327.2421 50.0011 1.995e-17 3.497e-17 7.942e-17 0.0 67.97 0.0
S278628 327.228 49.99 1.178e-21 2.35e-21 7.224e-21 0.0 66.79 0.0
S278629 327.2474 49.9894 1.789e-22 4.1669999999999995e-22 1.736e-21 0.0 67.16 1.0
S278630 327.2314 49.9754 7.737e-20 1.06e-19 1.444e-19 0.0 67.03 0.0
S278631 327.2934 49.9813 1.72e-17 1.577e-17 9.558e-18 0.0 66.07 0.0
S278632 327.2666 50.0252 6.024e-13 5.598e-13 3.492e-13 0.0 69.78 1.0
S278633 327.1926 50.0132 9.421e-17 7.513e-17 3.536e-17 0.0 69.3 0.0
S278634 327.2496 50.0028 6.37e-22 1.338e-21 4.66e-21 0.0 67.97 0.0
S278635 327.2685 50.0258 2.3429999999999997e-22 5.731e-22 2.683e-21 0.0 69.75 0.0
S278636 327.186 49.9836 3.241e-21 6.043e-21 1.5540000000000003e-20 0.0 66.3 0.0
S278637 327.2003 50.0161 7.548e-18 7.242e-18 4.742e-18 0.0 69.64 0.0
S278638 327.2552 50.0183 1.058e-16 8.446e-17 3.889e-17 0.001 69.1 0.0
S278639 327.2595 49.9927 7.623e-18 1.269e-17 2.694e-17 0.0 66.99 0.0
S278640 327.2252 49.9797 1.185e-17 1.088e-17 6.477e-18 0.0 66.67 0.0
S278641 327.2646 49.9962 4.926e-19 5.617e-19 5.552e-19 0.0 67.3 0.0
S278642 327.2182 49.9946 1.677e-19 2.092e-19 2.417e-19 0.0 66.73 0.0
S278643 327.2342 49.9936 1.374e-17 1.264e-17 7.734e-18 0.0 67.22 0.0
S278644 327.2486 49.9937 1.3079999999999998e-22 3.3829999999999997e-22 1.813e-21 0.0 66.4 0.0
S278645 327.2487 49.9507 1.562e-18 1.684e-18 1.476e-18 0.0 65.86 0.0
S278646 327.1929 49.996 1.253e-19 1.72e-19 2.341e-19 0.0 66.27 0.0
S278647 327.2181 50.0137 6.947e-18 6.882e-18 4.708e-18 0.0 69.19 0.0
S278648 327.2696 49.9762 1.294e-21 2.637e-21 8.511000000000001e-21 0.0 65.9 0.0
S278649 327.2021 50.0072 4.507e-23 1.2829999999999999e-22 7.967999999999999e-22 0.0 68.82 0.0
S278650 327.2436 50.0194 7.15e-19 8.747e-19 9.4e-19 0.0 69.46 0.0
S278651 327.203 50.0087 2.8469999999999996e-22 6.224e-22 2.24e-21 0.0 69.8 0.0
S278652 327.2184 50.0325 1.867e-21 4.027e-21 1.457e-20 0.0 69.68 0.0
S278653 327.1967 50.0153 1.5160000000000003e-20 2.4130000000000003e-20 4.4110000000000007e-20 0.0 69.08 0.0
S278654 327.2007 50.01 3.944e-24 1.426e-23 1.544e-22 0.0 69.86 0.0
S278655 327.2214 49.9812 2.8380000000000002e-21 5.468e-21 1.56e-20 0.0 66.41 0.0
S278656 327.2174 49.9981 8.956e-20 1.16e-19 1.49e-19 0.0 67.28 0.0
S278657 327.1736 49.9994 2.846e-17 5.422e-17 1.42e-16 0.001 67.7 0.0
S278658 327.227 50.0109 7.866e-18 7.314e-18 4.653e-18 0.0 69.49 0.0
S278659 327.2156 50.0102 8.045e-21 1.377e-20 2.9580000000000003e-20 0.0 68.54 0.0
S278660 327.181 50.0418 4.054e-18 3.902e-18 2.662e-18 0.0 70.38 0.0
S278661 327.2227 49.9829 1.646e-20 2.6730000000000002e-20 5.2690000000000005e-20 0.0 66.51 0.0
S278662 327.1718 50.0035 2.315e-22 4.993999999999999e-22 1.812e-21 0.0 68.36 0.0
S278663 327.2353 50.0615 1.616e-17 2.527e-17 4.555e-17 0.0 70.27 0.0
S278664 327.2355 49.9987 1.142e-17 1.007e-17 5.666e-18 0.0 67.56 0.0
S278665 327.2068 49.9822 1.431e-19 1.889e-19 2.307e-19 0.0 67.1 0.0
S278666 327.2651 50.0315 1.481e-18 1.574e-18 1.297e-18 0.0 70.18 0.0
S278667 327.2578 50.0359 1.032e-23 3.098e-23 2.249e-22 0.0 70.3 0.0
S278668 327.2038 50.007 1.027e-18 1.086e-18 8.923e-19 0.0 68.49 0.0
S278669 327.2543 49.9878 3.406e-17 2.714e-17 1.253e-17 0.0 66.26 0.0
S278670 327.1841 49.976 4.7930000000000005e-20 7.143e-20 1.216e-19 0.0 66.68 0.0
S278671 327.2018 50.0291 3.3e-21 6.279e-21 1.705e-20 0.0 69.28 0.0
S278672 327.2257 50.029 3.5389999999999997e-22 7.247999999999999e-22 2.27e-21 0.0 69.28 0.0
S278673 327.2217 50.0277 9.03e-22 1.903e-21 6.2710000000000004e-21 0.0 69.68 0.0
S278674 327.2299 49.9968 1.804e-18 1.899e-18 1.505e-18 0.0 67.68 0.0
S278675 327.2183 49.9948 9.442e-21 1.7300000000000003e-20 4.3500000000000006e-20 0.0 67.37 0.0
S278676 327.2428 50.023 3.932e-13 3.983e-13 3.095e-13 0.0 69.84 1.0
S278677 327.2497 50.0037 6.511e-24 1.9279999999999998e-23 1.3719999999999998e-22 0.0 68.08 0.0
S278678 327.243 50.0267 1.582e-17 1.405e-17 8.215e-18 0.0 69.94 0.0
S278679 327.2392 49.9738 4.006e-17 3.53e-17 1.898e-17 0.0 66.24 0.0
S278680 327.2152 50.0268 1.391e-20 2.4000000000000002e-20 5.3020000000000006e-20 0.0 69.58 0.0
S278681 327.2268 50.0233 2.627e-16 2.068e-16 9.313e-17 0.0 69.47 1.0
S278682 327.2261 50.003 2.222e-17 3.991e-17 9.612e-17 0.0 68.71 0.0
S278683 327.226 50.003 9.536e-17 2.291e-16 9.844e-16 0.0 68.98 1.0
S278684 327.226 50.003 1.712e-17 1.612e-17 1.023e-17 0.0 73.52 0.0
S278685 327.2262 50.0028 5.507e-13 4.012e-13 1.475e-13 0.0 62.39 0.0
S278686 327.226 50.0029 4.644e-16 3.403e-16 1.356e-16 0.0 63.21 0.0
S278687 327.226 50.0029 4.387e-17 3.429e-17 1.577e-17 0.0 63.64 0.0
S278688 327.2263 50.0029 1.314e-15 9.437e-16 3.466e-16 0.0 62.89 0.0
S278689 327.2261 50.003 1.533e-17 1.401e-17 8.497e-18 0.0 70.37 0.0
S278690 327.2258 50.0029 3.08e-16 2.277e-16 9.144e-17 0.0 63.19 0.0
S278691 327.2261 50.0029 1.19e-16 9.447e-17 4.344e-17 0.0 62.74 0.0
S278692 327.2259 50.003 1.423e-21 3.0460000000000002e-21 1.1290000000000001e-20 0.0 67.38 0.0
S278693 327.2261 50.0031 9.134000000000001e-20 1.287e-19 1.897e-19 0.0 73.27 0.0
S278694 327.226 50.0031 2.735e-17 2.103e-17 8.679e-18 0.0 73.12 0.0
S278695 327.2262 50.0031 2.717e-16 2.079e-16 8.634e-17 0.0 73.23 1.0
S278696 327.2259 50.0029 9.85e-17 7.909e-17 3.587e-17 0.0 62.36 0.0
S278697 327.225 49.9912 8.828e-17 7.084e-17 3.291e-17 0.0 66.57 0.0
S278698 327.2254 50.0162 9.061e-16 6.553e-16 2.475e-16 0.0 69.71 0.0
S278699 327.2293 49.9882 9.825e-17 7.695e-17 3.515e-17 0.0 66.48 0.0
S278700 327.2256 50.0198 4.46e-17 8.79e-17 2.684e-16 0.0 69.8 0.0
S278701 327.2262 50.0201 4.631e-17 4.2e-17 2.415e-17 0.0 69.75 0.0
S278702 327.2257 49.9862 1.176e-17 1.084e-17 6.616e-18 0.0 66.46 0.0
S278703 327.2256 50.0233 2.935e-18 3.162e-18 2.664e-18 0.0 69.79 0.0
S278704 327.2244 49.9828 4.212e-16 3.115e-16 1.252e-16 0.0 66.42 0.0
S278705 327.2275 50.0221 4.346e-16 3.226e-16 1.285e-16 0.0 69.67 0.0
S278706 327.2273 50.0234 3.158e-16 2.448e-16 1.057e-16 0.0 69.67 1.0
S278707 327.2225 49.9831 5.036e-15 3.404e-15 1.153e-15 0.0 66.61 0.0
S278708 327.221 49.9839 1.563e-17 2.745e-17 6.428e-17 0.0 66.66 0.0
S278709 327.2218 49.9863 4.357e-18 8.487e-18 2.547e-17 0.0 66.84 0.0
S278710 327.2308 50.0209 2.356e-15 1.668e-15 5.98e-16 0.0 69.32 0.0
S278711 327.2185 49.986 1.833e-15 1.225e-15 4.07e-16 0.0 67.0 0.0
S278712 327.2194 49.9883 4.37e-17 3.784e-17 2.03e-17 0.0 67.15 0.0
S278713 327.2209 49.9892 1.95e-15 1.387e-15 5.154e-16 0.0 67.22 0.0
S278714 327.2331 50.0142 1.104e-16 8.607e-17 3.87e-17 0.0 68.75 1.0
S278715 327.2338 50.0123 4.8550000000000005e-20 7.270000000000001e-20 1.224e-19 0.0 68.65 0.0
S278716 327.2194 49.9958 2.894e-16 2.125e-16 8.458e-17 0.0 67.7 0.0
S278717 327.2353 50.0071 2.433e-17 3.913e-17 7.318e-17 0.0 68.27 0.0
S278718 327.2353 50.0036 2.989e-19 3.745e-19 4.28e-19 0.0 68.09 0.0
S278719 327.2123 50.0056 1.748e-16 1.391e-16 6.264e-17 0.0 68.25 1.0
S278720 327.2142 50.0088 1.2e-17 1.17e-17 7.878e-18 0.0 68.44 0.0
S278721 327.2377 49.9936 1.037e-16 8.392e-17 3.963e-17 0.0 67.59 0.0
S278722 327.2348 49.9893 1.729e-15 1.253e-15 4.706e-16 0.0 67.4 0.0
S278723 327.2163 50.0209 9.446e-16 6.564e-16 2.308e-16 0.0 69.02 0.0
S278724 327.2396 49.9804 3.666e-17 5.851e-17 1.082e-16 0.0 66.97 0.0
S278725 327.2378 49.9763 2.243e-21 4.2980000000000004e-21 1.1640000000000001e-20 0.0 66.83 0.0
S278726 327.2359 49.9726 1.023e-13 6.825e-14 2.222e-14 0.0 66.62 0.0
S278727 327.2149 50.0382 2.221e-15 1.521e-15 5.15e-16 0.0 69.76 0.0
S278728 327.2359 49.9655 5.897e-16 4.362e-16 1.662e-16 0.0 66.28 0.0
S278729 327.2165 50.0452 9.397e-17 7.776e-17 4.048e-17 0.0 69.99 0.0
S278730 327.2367 49.9572 1.651e-18 1.729e-18 1.43e-18 0.0 66.14 0.0
S278731 327.219 50.0489 2.102e-16 1.616e-16 6.876e-17 0.0 70.15 1.0
S278732 327.2195 50.0547 7.946e-15 5.35e-15 1.742e-15 0.0 70.29 0.0
S278733 327.2216 50.0541 7.386e-18 7.235e-18 5.093e-18 0.0 70.25 0.0
S278734 327.22 50.0583 1.109e-19 1.498e-19 2.088e-19 0.0 70.37 0.0
S278735 327.2229 50.0629 1.406e-15 9.904e-16 3.528e-16 0.0 70.43 0.0
S278736 327.2291 49.9413 1.449e-18 1.637e-18 1.528e-18 0.0 65.8 0.0
S278737 327.2251 50.0667 6.581e-15 4.41e-15 1.422e-15 0.0 70.44 0.0
S278738 327.2245 50.0646 2.298e-16 1.767e-16 7.742e-17 0.0 70.46 1.0
S278739 327.2292 50.0641 9.677e-16 7.051e-16 2.61e-16 0.0 70.36 0.0
S278740 327.2232 49.9448 3.363e-17 2.844e-17 1.45e-17 0.0 65.86 0.0
S278741 327.2296 50.0605 3.786e-16 2.894e-16 1.253e-16 0.0 70.23 1.0
S278742 327.2212 49.9436 1.045e-14 7.019e-15 2.225e-15 0.0 66.08 0.0
S278743 327.2356 50.0628 6.691e-17 5.488e-17 2.7e-17 0.0 70.1 0.0
S278744 327.2337 50.0581 9.782e-16 7.043e-16 2.573e-16 0.0 69.99 0.0
S278745 327.2369 50.0513 4.27e-17 3.641e-17 1.978e-17 0.0 69.73 0.0
S278746 327.2388 50.0466 9.354e-17 7.722e-17 3.714e-17 0.0 69.62 0.0
S278747 327.2106 49.9595 2.153e-16 1.633e-16 6.812e-17 0.0 66.7 1.0
S278748 327.2403 50.0431 2.029e-18 2.176e-18 1.827e-18 0.0 69.35 0.0
S278749 327.2436 50.0358 4.012e-17 3.468e-17 1.911e-17 0.0 69.13 0.0
S278750 327.2441 50.0316 1.334e-17 2.654e-17 8.094e-17 0.0 69.0 0.0
S278751 327.2052 49.9866 1.683e-16 1.283e-16 5.391e-17 0.0 67.63 1.0
S278752 327.2453 50.0167 7.562e-18 7.033e-18 4.24e-18 0.0 68.5 0.0
S278753 327.2032 49.9959 2.272e-21 1.54e-21 5.338999999999999e-22 0.0 67.88 0.0
S278754 327.2042 50.0025 6.84e-18 9.788e-18 1.441e-17 0.0 68.06 0.0
S278755 327.2076 50.0112 2.906e-16 2.113e-16 7.96e-17 0.0 68.38 0.0
S278756 327.204 50.0167 3.906e-16 2.875e-16 1.118e-16 0.0 68.51 0.0
S278757 327.2501 49.9794 6.97e-17 5.646e-17 2.701e-17 0.0 67.49 0.0
S278758 327.2497 49.9746 1.276e-16 9.837e-17 4.239e-17 0.0 67.22 1.0
S278759 327.2073 50.0395 6.555e-13 5.567e-13 2.874e-13 0.0 69.18 1.0
S278760 327.2461 49.9572 1.376e-16 1.105e-16 5.166e-17 0.0 66.85 0.0
S278761 327.2469 49.9517 5.934e-17 4.775e-17 2.295e-17 0.0 66.66 0.0
S278762 327.2464 49.944 3.747e-16 2.789e-16 1.137e-16 0.0 66.56 0.0
S278763 327.2065 50.0686 1.105e-14 7.402e-15 2.44e-15 0.0 69.79 0.0
S278764 327.2078 50.0788 1.62e-17 3.157e-17 8.934e-17 0.0 70.11 0.0
S278765 327.2104 50.0801 6.998e-18 6.975e-18 5.052e-18 0.0 70.11 0.0
S278766 327.2413 49.925 1.917e-15 1.331e-15 4.621e-16 0.0 66.02 0.0
S278767 327.2109 50.0955 1.517e-21 1.084e-21 4.0079999999999998e-22 0.0 70.35 0.0
S278768 327.2149 50.0978 2.69e-17 2.39e-17 1.3e-17 0.0 70.44 0.0
S278769 327.2343 49.9085 1.447e-15 1.046e-15 3.902e-16 0.0 65.75 0.0
S278770 327.2199 50.1015 1.307e-15 9.399e-16 3.523e-16 0.0 70.53 0.0
S278771 327.2292 49.901 2.105e-16 1.688e-16 8.127e-17 0.0 65.59 0.0
S278772 327.2289 49.9022 3.396e-21 6.631e-21 1.9620000000000002e-20 0.0 65.69 0.0
S278773 327.2244 50.111 8.258e-17 6.545e-17 2.978e-17 0.0 70.58 0.0
S278774 327.2261 50.1098 3.424e-16 2.696e-16 1.201e-16 0.0 70.6 1.0
S278775 327.2236 49.9026 1.343e-15 9.493e-16 3.481e-16 0.0 65.69 0.0
S278776 327.2223 49.9091 1.84e-15 1.287e-15 4.635e-16 0.0 65.76 0.0
S278777 327.2172 49.9129 3.361e-16 2.527e-16 1.018e-16 0.0 65.94 0.0
S278778 327.2342 50.0937 8.626e-13 6.594e-13 2.74e-13 0.0 70.22 1.0
S278779 327.2413 50.0908 2.8660000000000005e-20 4.147e-20 6.313e-20 0.0 70.05 0.0
S278780 327.211 49.9165 1.41e-16 1.099e-16 4.853e-17 0.0 66.24 1.0
S278781 327.2427 50.0873 1.212e-15 8.519e-16 3.148e-16 0.0 69.85 0.0
S278782 327.2027 49.9314 1.424e-15 9.661e-16 3.335e-16 0.0 66.61 0.0
S278783 327.2494 50.0671 1.305e-16 1.054e-16 5.089e-17 0.0 69.47 0.0
S278784 327.2061 49.9419 6.494e-17 5.301e-17 2.653e-17 0.0 66.84 0.0
S278785 327.2517 50.052 7.072e-17 5.941e-17 3.009e-17 0.0 69.11 0.0
S278786 327.2015 49.9694 6.883e-17 5.494e-17 2.593e-17 0.0 67.36 0.0
S278787 327.1962 49.9707 7.455e-16 5.158e-16 1.851e-16 0.0 67.45 0.0
S278788 327.2559 50.0249 2.537e-17 2.181e-17 1.186e-17 0.0 68.58 0.0
S278789 327.1918 49.9961 1.376e-16 1.156e-16 5.937e-17 0.0 67.92 0.0
S278790 327.1933 50.0038 1.251e-17 1.867e-17 3.044e-17 0.0 68.13 0.0
S278791 327.1943 50.0152 1.352e-16 1.07e-16 4.661e-17 0.0 68.38 1.0
S278792 327.1913 50.0318 7.393e-18 7.065e-18 4.642e-18 0.0 68.67 0.0
S278793 327.1943 50.0381 1.324e-15 9.765e-16 3.858e-16 0.0 68.83 0.0
S278794 327.2589 49.9559 1.605e-16 1.301e-16 6.079e-17 0.0 67.15 0.0
S278795 327.26 49.9447 8.352e-16 5.937e-16 2.187e-16 0.0 66.96 0.0
S278796 327.1959 50.0705 1.715e-17 1.472e-17 7.789e-18 0.0 69.45 0.0
S278797 327.2563 49.9211 3.639e-15 2.495e-15 8.638e-16 0.0 66.67 0.0
S278798 327.2539 49.9139 8.002e-16 5.884e-16 2.268e-16 0.001 66.34 0.0
S278799 327.2011 50.1046 2.721e-16 2.033e-16 8.053e-17 0.0 69.97 0.0
S278800 327.25 49.8912 1.51e-16 1.181e-16 5.219e-17 0.0 66.09 1.0
S278801 327.2501 49.8872 4.917e-16 3.548e-16 1.321e-16 0.0 66.02 0.0
S278802 327.2437 49.8787 5.162e-16 3.834e-16 1.513e-16 0.0 65.78 0.0
S278803 327.2052 50.1315 4.497e-16 3.323e-16 1.333e-16 0.0 70.42 0.0
S278804 327.2057 50.1397 1.283e-16 9.958e-17 4.225e-17 0.0 70.49 1.0
S278805 327.2129 50.1442 5.604e-17 1.281e-16 5.186e-16 0.0 70.6 1.0
S278806 327.2355 49.8564 1.25e-15 8.881e-16 3.178e-16 0.0 65.56 0.0
S278807 327.2165 50.1422 6.131e-17 5.08e-17 2.497e-17 0.0 70.63 0.0
S278808 327.2233 50.1549 1.873e-15 1.31e-15 4.653e-16 0.0 70.62 0.0
S278809 327.2236 50.1542 6.592e-13 5.382e-13 2.564e-13 0.0 70.67 1.0
S278810 327.2238 49.8537 9.613e-16 7.067e-16 2.818e-16 0.0 65.59 0.0
S278811 327.2203 49.8554 5.647e-18 1.006e-17 2.299e-17 0.0 65.66 0.0
S278812 327.2366 50.1567 1.387e-16 1.008e-16 3.889e-17 0.0 70.42 0.0
S278813 327.2391 50.1467 2.578e-16 1.928e-16 7.819e-17 0.0 70.38 0.0
S278814 327.2434 50.1357 6.631e-16 4.906e-16 1.926e-16 0.0 70.27 0.0
S278815 327.2475 50.1412 3.069e-16 2.248e-16 8.992e-17 0.0 70.22 0.0
S278816 327.2506 50.1166 3.838e-16 2.896e-16 1.21e-16 0.0 70.04 0.0
S278817 327.1991 49.887 3.065e-13 2.091e-13 7.077e-14 0.0 66.4 0.0
S278818 327.2551 50.1003 1.349e-15 9.241e-16 3.198e-16 0.0 69.67 0.0
S278819 327.2554 50.0952 9.731e-16 7.209e-16 2.757e-16 0.0 69.58 0.0
S278820 327.1896 49.9325 1.298e-15 9.051e-16 3.207e-16 0.0 66.95 0.0
S278821 327.2645 50.0647 3.715e-18 3.528e-18 2.37e-18 0.001 69.04 0.0
S278822 327.1868 49.9514 6.093e-18 5.958e-18 4.236e-18 0.0 67.31 0.0
S278823 327.2694 50.0384 1.735e-17 1.596e-17 9.562e-18 0.0 68.64 0.0
S278824 327.1848 49.9803 2.137e-16 1.659e-16 7.239e-17 0.0 67.74 1.0
S278825 327.1802 49.9896 3.027e-17 2.67e-17 1.517e-17 0.0 67.89 0.0
S278826 327.1807 50.0112 3.026e-19 3.842e-19 4.344e-19 0.0 68.23 0.0
S278827 327.2699 49.9823 1.03e-17 9.622e-18 5.905e-18 0.0 67.75 0.0
S278828 327.2709 49.9628 6.373e-17 5.267e-17 2.522e-17 0.0 67.47 0.0
S278829 327.1761 50.0607 3.322e-16 2.547e-16 1.072e-16 0.0 68.97 1.0
S278830 327.182 50.0701 9.923e-17 8.071e-17 3.814e-17 0.0 69.07 0.0
S278831 327.2266 49.991 8.944e-19 1.065e-18 1.111e-18 0.0 66.56 0.0
S278832 327.226 50.0161 4.921e-16 3.645e-16 1.411e-16 0.0 69.75 0.0
S278833 327.2291 50.0189 1.8449999999999998e-23 5.842e-23 4.505999999999999e-22 0.0 69.76 0.0
S278834 327.2319 49.9874 8.748e-18 7.972e-18 4.696e-18 0.0 66.44 0.0
S278835 327.2284 49.9861 1.926e-19 2.408e-19 2.75e-19 0.0 66.49 0.0
S278836 327.2263 49.9854 1.549e-16 1.29e-16 6.437e-17 0.0 66.42 0.0
S278837 327.2225 49.9849 5.439e-18 5.221e-18 3.437e-18 0.0 66.48 0.0
S278838 327.2279 50.02 1.526e-19 2.025e-19 2.519e-19 0.0 69.67 0.0
S278839 327.2259 49.9839 5.747e-21 1.0120000000000001e-20 2.3230000000000003e-20 0.0 66.48 0.0
S278840 327.2224 49.9839 2.785e-18 3.002e-18 2.571e-18 0.0 66.58 0.0
S278841 327.2342 50.0202 2.24e-21 4.467e-21 1.3460000000000002e-20 0.0 69.5 0.0
S278842 327.2287 49.9887 2.103e-17 4.38e-17 1.461e-16 0.0 66.85 0.0
S278843 327.2201 50.0225 1.163e-21 2.2e-21 5.849e-21 0.0 69.57 0.0
S278844 327.2362 50.0213 4.686e-18 4.832e-18 3.561e-18 0.0 69.46 0.0
S278845 327.2255 49.981 5.241e-16 3.828e-16 1.448e-16 0.0 66.73 0.0
S278846 327.2268 50.0167 3.422e-17 2.82e-17 1.405e-17 0.0 69.15 0.0
S278847 327.2186 49.9818 1.581e-18 1.618e-18 1.257e-18 0.0 66.77 0.0
S278848 327.2376 50.0173 9.403e-18 8.944e-18 5.819e-18 0.0 69.09 0.0
S278849 327.2223 49.9897 1.63e-17 1.485e-17 8.755e-18 0.0 67.24 0.0
S278850 327.2207 49.9896 6.052e-17 5.136e-17 2.697e-17 0.0 67.18 0.0
S278851 327.231 50.0161 3.467e-19 4.323e-19 4.764e-19 0.0 68.93 0.0
S278852 327.2248 49.9924 1.5229999999999998e-22 3.4119999999999997e-22 1.286e-21 0.0 67.45 0.0
S278853 327.2141 49.9967 3.087e-17 4.574e-17 7.141e-17 0.0 67.77 0.0
S278854 327.2365 50.0082 3.553e-16 2.649e-16 1.113e-16 0.0 68.39 1.0
S278855 327.2357 50.0051 1.674e-23 4.683e-23 2.8169999999999996e-22 0.0 68.25 0.0
S278856 327.2191 50.0023 1.842e-17 3.912e-17 1.342e-16 0.0 68.09 0.0
S278857 327.2335 50.0005 4.692e-18 8.423e-18 2.082e-17 0.0 67.99 0.0
S278858 327.2333 50.0006 3.79e-19 4.455e-19 4.498e-19 0.0 67.95 0.0
S278859 327.238 49.9947 1.242e-17 2.057e-17 4.358e-17 0.0 67.69 0.0
S278860 327.2404 49.9914 6.555e-17 5.515e-17 2.781e-17 0.0 67.54 0.0
S278861 327.2353 49.9905 7.578e-18 7.338e-18 4.927e-18 0.0 67.41 0.0
S278862 327.2137 50.0201 4.083e-18 4.104e-18 3.09e-18 0.0 68.96 0.0
S278863 327.2339 49.9861 2.574e-13 1.82e-13 6.279e-14 0.0 67.14 0.0
S278864 327.2389 49.9818 1.522e-17 1.414e-17 8.765e-18 0.0 67.08 0.0
S278865 327.2147 50.0282 3.157e-17 2.656e-17 1.368e-17 0.001 69.28 0.0
S278866 327.2167 50.0312 3.488e-23 8.864e-23 4.514e-22 0.0 69.45 0.0
S278867 327.2308 49.9773 5.0550000000000005e-20 7.487e-20 1.171e-19 0.0 66.67 0.0
S278868 327.2374 49.9687 4.614e-13 3.22e-13 1.132e-13 0.0 66.49 0.0
S278869 327.2354 49.9692 4.5809999999999997e-23 1.191e-22 6.398e-22 0.0 66.4 0.0
S278870 327.2204 50.04 1.077e-17 9.755e-18 5.9e-18 0.0 69.84 0.0
S278871 327.2327 49.9599 1.912e-21 1.337e-21 4.617e-22 0.0 66.18 0.0
S278872 327.2371 49.9592 4.924e-21 9.246e-21 2.3440000000000003e-20 0.0 66.22 0.0
S278873 327.2213 50.0463 5.653e-20 8.146000000000001e-20 1.209e-19 0.0 70.09 0.0
S278874 327.2325 49.9553 6.415e-17 1.61e-16 7.971e-16 0.0 65.96 1.0
S278875 327.2311 49.9518 1.576e-20 2.7440000000000003e-20 6.133e-20 0.0 65.92 0.0
S278876 327.2177 50.0597 1.866e-16 1.39e-16 5.726e-17 0.0 70.37 1.0
S278877 327.2184 50.0624 1.553e-20 2.512e-20 4.742e-20 0.0 70.44 0.0
S278878 327.2236 50.0562 1.135e-21 2.352e-21 7.675e-21 0.0 70.4 0.0
S278879 327.2236 50.0588 8.165e-18 8.024e-18 5.476e-18 0.0 70.42 0.0
S278880 327.2265 49.9515 1.122e-18 1.22e-18 1.084e-18 0.0 65.76 0.0
S278881 327.2278 49.9453 1.501e-16 1.165e-16 5.083e-17 0.0 65.76 1.0
S278882 327.2232 49.9522 2.477e-19 3.179e-19 3.781e-19 0.0 65.78 0.0
S278883 327.2303 50.0621 4.997e-18 4.758e-18 3.077e-18 0.0 70.38 0.0
S278884 327.2223 50.0617 4.056e-16 3.056e-16 1.213e-16 0.0 70.3 0.0
S278885 327.2269 50.0638 7.515e-22 1.447e-21 4.092e-21 0.0 70.31 0.0
S278886 327.2374 50.074 6.661e-20 9.543e-20 1.49e-19 0.0 70.4 0.0
S278887 327.229 50.068 2.9e-20 4.7510000000000005e-20 9.135000000000001e-20 0.0 70.21 0.0
S278888 327.2239 49.9419 1e-17 1.6e-17 3.124e-17 0.0 66.03 0.0
S278889 327.2176 49.9524 3.096e-19 3.84e-19 4.197e-19 0.0 66.22 0.0
S278890 327.2206 49.9549 3.346e-18 3.35e-18 2.517e-18 0.0 66.32 0.0
S278891 327.2392 50.0474 3.398e-17 3.026e-17 1.719e-17 0.0 69.68 0.0
S278892 327.2161 49.9591 2.517e-17 5.193e-17 1.711e-16 0.0 66.5 0.0
S278893 327.2142 49.9641 6.784e-18 1.394e-17 4.521e-17 0.0 66.73 0.0
S278894 327.2128 49.959 1.862e-17 3.395e-17 8.49e-17 0.0 66.59 0.0
S278895 327.2375 50.0349 8.147e-18 7.995e-18 5.504e-18 0.0 69.24 0.0
S278896 327.2395 50.0434 4.517e-17 3.624e-17 1.769e-17 0.0 69.4 0.0
S278897 327.2436 50.029 1.058e-19 1.457e-19 2.031e-19 0.0 69.0 0.0
S278898 327.2047 49.973 2.921e-17 2.51e-17 1.352e-17 0.0 67.15 0.0
S278899 327.2151 49.9825 3.954e-23 9.967e-23 4.949999999999999e-22 0.0 67.46 0.0
S278900 327.206 49.9826 1.842e-28 1.905e-27 1.9010000000000001e-25 0.0 67.49 0.0
S278901 327.2108 49.9901 3.435e-17 3.091e-17 1.84e-17 0.0 67.68 0.0
S278902 327.2504 50.0091 5.09e-16 3.772e-16 1.507e-16 0.0 68.28 0.0
S278903 327.2032 50.0017 1.602e-21 1.124e-21 4.0569999999999996e-22 0.0 68.05 0.0
S278904 327.2046 50.0071 5.663999999999999e-22 1.273e-21 5.078e-21 0.0 68.26 0.0
S278905 327.2466 49.9979 1.42e-15 9.713e-16 3.319e-16 0.0 67.96 0.0
S278906 327.2469 49.9949 4.256e-18 4.298e-18 3.153e-18 0.0 67.87 0.0
S278907 327.2032 50.0177 5.857e-18 5.586e-18 3.581e-18 0.0 68.55 0.0
S278908 327.2053 50.0207 1.565e-17 2.649e-17 5.775e-17 0.0 68.69 0.0
S278909 327.2071 50.0273 2.505e-17 5.491e-17 2.049e-16 0.0 68.89 0.0
S278910 327.2514 49.9679 9.546e-19 1.12e-18 1.093e-18 0.0 67.21 0.0
S278911 327.2508 49.9612 5.258e-19 6.341e-19 6.579e-19 0.0 67.01 0.0
S278912 327.2469 49.9605 1.582e-21 1.1280000000000001e-21 4.1929999999999997e-22 0.0 66.91 0.0
S278913 327.244 49.9569 1.353e-17 1.296e-17 8.609e-18 0.0 66.67 0.0
S278914 327.2493 49.9498 4.76e-18 4.575e-18 3.071e-18 0.0 66.67 0.0
S278915 327.2048 50.0633 8.324e-21 1.4270000000000002e-20 3.141e-20 0.0 69.59 0.0
S278916 327.205 50.069 3.103e-17 2.821e-17 1.689e-17 0.0 69.74 0.0
S278917 327.2084 50.0676 8.814e-17 7.014e-17 3.176e-17 0.0 69.91 0.0
S278918 327.2054 50.0797 1.699e-16 1.331e-16 5.672e-17 0.0 70.06 1.0
S278919 327.2153 50.0809 1.45e-17 2.797e-17 7.753e-17 0.0 70.19 0.0
S278920 327.2405 49.9209 1.5e-17 1.427e-17 9.13e-18 0.0 66.04 0.0
S278921 327.2411 49.9172 7.697e-16 5.616e-16 2.106e-16 0.0 65.89 0.0
S278922 327.2379 49.9278 8.392e-18 1.635e-17 4.747e-17 0.0 65.93 0.0
S278923 327.2396 49.8966 1.485e-21 3.192e-21 1.1460000000000002e-20 0.0 65.72 0.0
S278924 327.2174 50.0914 1.195e-17 1.91e-17 3.642e-17 0.0 70.41 0.0
S278925 327.2174 50.0909 4.395e-18 4.594e-18 3.529e-18 0.0 70.45 0.0
S278926 327.2198 50.0943 3.01e-18 3.135e-18 2.427e-18 0.0 70.61 0.0
S278927 327.2191 50.1113 3.085e-13 2.056e-13 6.733e-14 0.0 70.56 0.0
S278928 327.2303 49.8945 1.094e-18 1.31e-18 1.37e-18 0.0 65.62 0.0
S278929 327.2246 50.095 6.357e-18 1.326e-17 4.34e-17 0.0 70.62 0.0
S278930 327.2246 50.0997 1.368e-18 1.487e-18 1.271e-18 0.0 70.57 0.0
S278931 327.2266 50.1021 6.006e-18 1.134e-17 2.996e-17 0.0 70.56 0.0
S278932 327.2237 49.9051 4.7370000000000004e-21 8.569e-21 2.143e-20 0.0 65.7 0.0
S278933 327.2192 49.899 1.819e-17 3.138e-17 7.062e-17 0.0 65.76 0.0
S278934 327.2339 50.1157 1.5240000000000002e-20 2.6470000000000004e-20 5.898000000000001e-20 0.0 70.36 0.0
S278935 327.2163 49.9048 1.811e-16 1.381e-16 5.884e-17 0.0 65.82 1.0
S278936 327.2164 49.9129 1.516e-19 2.041e-19 2.778e-19 0.0 66.0 0.0
S278937 327.234 50.0923 1.111e-16 9.358e-17 4.542e-17 0.0 70.23 0.0
S278938 327.2396 50.1026 2.753e-23 7.266999999999999e-23 3.928e-22 0.0 70.14 0.0
S278939 327.2073 49.9219 6.982e-13 5.467e-13 2.372e-13 0.0 66.23 1.0
S278940 327.2461 50.0897 1.189e-18 1.371e-18 1.252e-18 0.0 69.97 0.0
S278941 327.2103 49.9292 1.694e-18 1.832e-18 1.549e-18 0.0 66.55 0.0
S278942 327.206 49.9392 1.44e-24 5.891e-24 7.788e-23 0.0 66.6 0.0
S278943 327.2528 50.063 2.726e-22 5.721999999999999e-22 1.918e-21 0.0 69.37 0.0
S278944 327.2486 50.0584 9.897999999999998e-22 2.017e-21 6.292e-21 0.001 69.3 0.0
S278945 327.2517 50.0555 1.746e-17 2.805e-17 5.465e-17 0.0 69.2 0.0
S278946 327.2534 50.0492 1.653e-21 1.185e-21 4.250999999999999e-22 0.0 69.07 0.0
S278947 327.2527 50.0424 2.1269999999999997e-22 4.771999999999999e-22 1.9e-21 0.0 68.93 0.0
S278948 327.2551 50.0244 1.5459999999999998e-23 4.8019999999999997e-23 3.661e-22 0.0 68.58 0.0
S278949 327.261 50.0303 1.397e-23 3.675e-23 2.0299999999999999e-22 0.0 68.63 0.0
S278950 327.2589 50.0218 1.919e-18 2.123e-18 1.854e-18 0.0 68.45 1.0
S278951 327.1959 49.9982 5.053e-17 4.363e-17 2.367e-17 0.0 68.07 0.0
S278952 327.1994 50.0054 6.84e-21 1.2030000000000002e-20 2.6780000000000004e-20 0.0 68.2 0.0
S278953 327.2555 50.0034 9.713e-22 2.06e-21 6.738e-21 0.0 68.11 0.0
S278954 327.197 50.0156 1.584e-18 1.823e-18 1.765e-18 0.0 68.36 0.0
S278955 327.1938 50.0279 1.234e-16 1.004e-16 4.67e-17 0.0 68.59 0.0
S278956 327.2594 49.9694 1.3229999999999999e-23 4.115e-23 3.0899999999999995e-22 0.0 67.41 0.0
S278957 327.1882 50.0466 4.23e-21 7.75e-21 1.943e-20 0.0 68.89 0.0
S278958 327.1899 50.0548 2.445e-17 4.508e-17 1.162e-16 0.0 69.08 0.0
S278959 327.2639 49.9429 1.262e-21 2.56e-21 8.121e-21 0.0 66.96 0.0
S278960 327.2577 49.941 5.2490000000000004e-21 9.268e-21 2.2040000000000002e-20 0.0 66.83 0.0
S278961 327.2512 49.9369 5.773e-18 5.853e-18 4.43e-18 0.0 66.63 0.0
S278962 327.2566 49.9244 5.373e-16 3.757e-16 1.357e-16 0.0 66.73 0.0
S278963 327.1973 50.0903 9.211e-17 7.339e-17 3.478e-17 0.0 69.73 0.0
S278964 327.1977 50.0996 1.084e-17 9.58e-18 5.609e-18 0.0 69.91 0.0
S278965 327.2479 49.8927 1.191e-21 2.3270000000000002e-21 6.788000000000001e-21 0.0 66.04 0.0
S278966 327.2492 49.8966 4.0210000000000004e-20 6.129000000000001e-20 1.041e-19 0.0 66.13 0.0
S278967 327.2001 50.1117 9.173e-13 6.629e-13 2.521e-13 0.0 70.19 0.0
S278968 327.204 50.1295 1.682e-17 2.624e-17 4.649e-17 0.0 70.35 0.0
S278969 327.2445 49.8816 2.8340000000000003e-20 4.7660000000000004e-20 9.726000000000001e-20 0.0 65.77 0.0
S278970 327.243 49.8795 1.656e-16 1.262e-16 5.538e-17 0.0 65.77 1.0
S278971 327.2119 50.1269 3.703e-18 3.72e-18 2.638e-18 0.0 70.49 0.0
S278972 327.2436 49.865 2.325e-16 1.746e-16 7.032e-17 0.0 65.62 0.0
S278973 327.2359 49.8619 2.739e-18 2.918e-18 2.335e-18 0.0 65.65 0.0
S278974 327.2184 50.1388 1.775e-17 1.573e-17 8.855e-18 0.0 70.58 0.0
S278975 327.2373 49.8544 1.653e-17 2.713e-17 5.47e-17 0.0 65.54 0.0
S278976 327.2182 50.1503 3.816e-17 3.177e-17 1.595e-17 0.0 70.66 0.0
S278977 327.2229 50.1472 5.17e-18 5.326e-18 4.043e-18 0.0 70.65 0.0
S278978 327.2293 49.8562 1.979e-17 1.849e-17 1.135e-17 0.0 65.59 0.0
S278979 327.2261 50.1701 3.072e-17 2.574e-17 1.289e-17 0.0 70.6 0.0
S278980 327.2297 50.1182 8.875e-17 7.441e-17 3.791e-17 0.0 70.57 0.0
S278981 327.232 50.1436 2.979e-17 2.633e-17 1.479e-17 0.0 70.44 0.0
S278982 327.2338 50.157 3.335e-16 2.655e-16 1.167e-16 0.0 70.46 1.0
S278983 327.2132 49.866 1.153e-21 2.4520000000000002e-21 8.463e-21 0.0 65.82 0.0
S278984 327.2101 49.8821 2.938e-18 3.004e-18 2.241e-18 0.0 65.96 0.0
S278985 327.21 49.8714 8.105e-17 6.708e-17 3.335e-17 0.0 65.96 0.0
S278986 327.2453 50.1194 6.864e-17 5.423e-17 2.481e-17 0.0 70.09 0.0
S278987 327.1965 49.8791 1.421e-21 1.025e-21 3.9019999999999996e-22 0.0 66.22 0.0
S278988 327.2021 49.8872 1.417e-19 1.866e-19 2.369e-19 0.0 66.21 0.0
S278989 327.252 50.0848 1.033e-16 8.101e-17 3.681e-17 0.0 69.6 0.0
S278990 327.1973 49.8917 3.413e-17 4.65e-17 6.239e-17 0.0 66.47 0.0
S278991 327.1933 49.9189 2.297e-17 2.004e-17 1.101e-17 0.0 66.77 0.0
S278992 327.2612 50.0804 9.654e-18 8.995e-18 5.85e-18 0.0 69.26 0.0
S278993 327.1894 49.9284 4.34e-19 5.502e-19 6.437e-19 0.0 67.0 0.0
S278994 327.2626 50.0588 7.739e-14 1.115e-13 1.73e-13 0.0 68.98 0.0
S278995 327.2579 50.0647 1.0250000000000001e-25 5.182e-25 1.0719999999999999e-23 0.0 69.09 0.0
S278996 327.2636 50.0437 1.518e-19 2.023e-19 2.728e-19 0.0 68.76 0.0
S278997 327.1844 49.9896 1.838e-17 3.581e-17 1.009e-16 0.0 67.9 0.0
S278998 327.2714 50.0199 1.841e-21 1.298e-21 4.6579999999999995e-22 0.0 68.34 0.0
S278999 327.1804 49.9863 3.127e-18 3.15e-18 2.319e-18 0.0 67.83 0.0
S279000 327.2693 50.0037 1.254e-18 1.457e-18 1.443e-18 0.0 68.13 0.0
S279001 327.1764 50.0172 3.189e-17 6.479e-17 2.1e-16 0.0 68.36 0.0
S279002 327.1886 50.0156 2.347e-19 3.042e-19 3.726e-19 0.0 68.35 0.0
S279003 327.2716 49.964 2.122e-17 4.596e-17 1.628e-16 0.0 67.53 0.0
S279004 327.1836 50.0484 5.004e-16 3.859e-16 1.636e-16 0.0 68.74 1.0
S279005 327.1826 50.0567 9.36e-17 1.911e-16 6.017e-16 0.0 68.91 1.0
S279006 327.1872 50.0626 5.441999999999999e-22 1.152e-21 3.885e-21 0.0 69.1 0.0
S279007 327.2695 49.9307 5.537e-17 4.47e-17 2.083e-17 0.0 66.92 0.0
S279008 327.1793 50.0937 1.268e-16 9.588e-17 4.028e-17 0.001 69.28 0.0
S279009 327.1849 50.1036 4.514e-17 3.734e-17 1.812e-17 0.0 69.69 0.0
