Name Equatorial Polar BlueF GreenF RedF Parallax RadialVelocity Variable?
S245326 331.4907 54.369 1.065e-17 1.15e-17 9.465e-18 0.0 90.27 0.0
S245327 331.5127 54.2796 3.202e-18 3.671e-18 3.538e-18 0.0 91.67 0.0
S245328 331.6408 54.3043 2.559e-23 8.041e-23 6.461e-22 0.0 91.55 0.0
S245329 331.4521 54.3449 1.283e-16 2.089e-16 4.212e-16 0.0 89.58 0.0
S245330 331.4593 54.3287 1.163e-16 1.01e-16 5.61e-17 0.0 90.07 0.0
S245331 331.4648 54.3512 8.499e-19 1.078e-18 1.227e-18 0.0 89.86 0.0
S245332 331.4658 54.3211 2.789e-23 8.939999999999999e-23 7.1089999999999995e-22 0.0 91.05 0.0
S245333 331.507 54.3137 2.3789999999999996e-22 5.679999999999999e-22 2.484e-21 0.0 91.53 0.0
S245334 331.5054 54.2699 3.634e-19 4.793e-19 6.262e-19 0.0 91.47 0.0
S245335 331.4704 54.3357 4.177e-24 1.578e-23 1.8169999999999998e-22 0.0 90.5 0.0
S245336 331.311 54.2853 2.154e-21 4.933e-21 2.0060000000000003e-20 0.0 89.85 0.0
S245337 331.3357 54.3698 3.186e-19 4.443e-19 6.292e-19 0.0 89.3 0.0
S245338 331.5593 54.2127 1.134e-19 1.654e-19 2.696e-19 0.0 91.74 0.0
S245339 331.4245 54.3469 1.833e-21 4.117e-21 1.619e-20 0.0 89.39 0.0
S245340 331.4834 54.3125 6.74e-21 1.306e-20 3.659e-20 0.0 91.53 0.0
S245341 331.4734 54.3469 1.102e-18 1.348e-18 1.429e-18 0.0 90.2 0.0
S245342 331.3617 54.3719 1.058e-22 2.5799999999999997e-22 1.206e-21 0.001 89.06 0.0
S245343 331.5944 54.3592 1.772e-21 3.6200000000000004e-21 1.166e-20 0.0 91.15 0.0
S245344 331.441 54.335 3.468e-17 3.329e-17 2.147e-17 0.0 89.57 0.0
S245345 331.4611 54.3078 6.478e-23 1.8909999999999998e-22 1.269e-21 0.0 90.75 0.0
S245346 331.5416 54.3288 1.3929999999999998e-22 4.257e-22 3.167e-21 0.0 91.41 0.0
S245347 331.7285 53.9743 4.395e-18 4.744e-18 3.949e-18 0.0 91.56 0.0
S245348 331.432 54.3461 1.638e-16 2.792e-16 6.08e-16 0.0 89.33 0.0
S245349 331.588 54.1531 2.679e-24 1.1069999999999999e-23 1.5319999999999999e-22 0.0 91.84 0.0
S245350 331.4858 54.3348 2.098e-18 2.448e-18 2.456e-18 0.0 91.0 0.0
S245351 331.4512 54.335 4.2690000000000004e-20 7.258e-20 1.617e-19 0.0 89.66 0.0
S245352 331.5623 54.468 5.634e-21 1.0070000000000001e-20 2.325e-20 0.0 90.23 0.0
S245353 331.4627 54.3348 1.198e-17 1.214e-17 9.044e-18 0.0 89.81 0.0
S245354 331.3855 54.3248 1.745e-21 4.172e-21 1.7780000000000003e-20 0.0 89.64 0.0
S245355 331.4304 54.3688 4.811e-17 9.287e-17 2.681e-16 0.0 89.36 0.0
S245356 331.4031 54.3882 7.293e-20 1.149e-19 2.171e-19 0.0 89.19 0.0
S245357 331.441 54.3435 6.345e-17 1.084e-16 2.399e-16 0.0 89.51 0.0
S245358 331.409 54.2387 1.237e-17 1.234e-17 8.707e-18 0.0 90.61 0.0
S245359 331.3285 54.3932 4.74e-21 9.778e-21 3.0880000000000004e-20 0.0 88.91 0.0
S245360 331.473 54.3716 5.274000000000001e-28 5.501e-27 5.2e-25 0.0 89.99 0.0
S245361 331.4647 54.3862 8.707e-22 1.859e-21 6.399e-21 0.0 89.75 0.0
S245362 331.2332 54.4524 2.085e-18 2.398e-18 2.352e-18 0.0 89.1 0.0
S245363 331.4556 54.3638 4.11e-17 3.953e-17 2.599e-17 0.001 89.64 0.0
S245364 331.4789 54.3297 5.497e-18 5.832e-18 4.754e-18 0.0 91.14 0.0
S245365 331.4995 54.4069 1.044e-23 3.439e-23 2.918e-22 0.0 90.16 0.0
S245366 331.489 54.3111 2.5210000000000002e-20 4.4980000000000003e-20 1.071e-19 0.0 91.55 0.0
S245367 331.3962 54.1781 3.288e-21 7.188e-21 2.6480000000000003e-20 0.0 90.72 0.0
S245368 331.4792 54.2977 1.346e-24 5.662e-24 8.196e-23 0.0 91.26 0.0
S245369 331.5493 54.3359 5.938e-24 1.995e-23 1.76e-22 0.0 91.22 0.0
S245370 331.4697 54.3417 2.4490000000000002e-20 4.2340000000000004e-20 9.585e-20 0.0 89.77 1.0
S245371 331.6108 54.3142 2.724e-17 2.547e-17 1.663e-17 0.0 91.51 0.0
S245372 331.4395 54.2858 2.595e-20 4.444e-20 1.008e-19 0.0 90.72 0.0
S245373 331.4577 54.3389 1.899e-18 2.235e-18 2.26e-18 0.0 89.66 0.0
S245374 331.4538 54.3207 5.404e-22 1.337e-21 6.376e-21 0.0 90.5 0.0
S245375 331.7079 54.5857 3.023e-22 8.445999999999999e-22 5.345e-21 0.0 90.32 0.0
S245376 331.4647 54.3398 1.907e-24 7.542e-24 9.762999999999999e-23 0.0 89.81 0.0
S245377 331.4666 54.3302 2.106e-19 3.051e-19 4.701e-19 0.0 90.94 0.0
S245378 331.3023 54.2487 3.084e-18 3.654e-18 3.792e-18 0.0 89.94 0.0
S245379 331.2509 54.3732 3.328e-21 7.48e-21 2.933e-20 0.0 89.32 0.0
S245380 331.4659 54.3274 6.706999999999999e-23 1.808e-22 1.069e-21 0.0 90.97 0.0
S245381 331.4804 54.34 3.3630000000000005e-20 5.523000000000001e-20 1.096e-19 0.0 90.73 0.0
S245382 331.4577 54.3317 5.497e-24 2.055e-23 2.273e-22 0.0 89.66 0.0
S245383 331.5326 54.218 3.641e-21 8.014e-21 2.9510000000000003e-20 0.0 91.51 0.0
S245384 331.4876 54.326 1.764e-18 2.061e-18 2.021e-18 0.0 91.22 0.0
S245385 331.4625 54.3472 9.282e-19 1.177e-18 1.375e-18 0.0 89.84 0.0
S245386 331.4536 54.356 4.495e-17 7.65e-17 1.645e-16 0.001 89.57 0.0
S245387 331.4597 54.5374 8.138e-21 1.556e-20 4.3080000000000006e-20 0.0 89.72 0.0
S245388 331.4541 54.3128 4.509e-21 8.764e-21 2.4930000000000002e-20 0.0 90.65 0.0
S245389 331.5452 54.4606 2.135e-21 4.879e-21 1.919e-20 0.0 90.16 0.0
S245390 331.4819 54.3503 1.053e-21 2.2680000000000002e-21 8.188e-21 0.0 90.48 0.0
S245391 331.4928 54.2456 1.674e-12 1.391e-12 6.955e-13 0.0 91.3 1.0
S245392 331.5088 54.3235 5.49e-19 7.239e-19 9.235e-19 0.0 91.37 0.0
S245393 331.5035 54.3354 5.631e-19 7.598e-19 1.002e-18 0.0 91.18 0.0
S245394 331.445 54.3533 1.1840000000000002e-20 2.288e-20 6.337000000000001e-20 0.001 89.49 0.0
S245395 331.1974 54.5098 9.115e-21 1.595e-20 3.6400000000000005e-20 0.0 89.1 0.0
S245396 331.5982 54.3436 3.225e-17 3.063e-17 1.987e-17 0.0 91.2 0.0
S245397 331.4916 54.2955 1.052e-21 2.528e-21 1.1460000000000002e-20 0.0 91.52 0.0
S245398 331.4591 54.33 2.053e-21 4.322e-21 1.452e-20 0.0 89.98 0.0
S245399 331.4631 54.3327 6.521999999999999e-22 1.668e-21 8.371e-21 0.0 89.39 0.0
S245400 331.4093 54.3701 2.132e-18 2.546e-18 2.707e-18 0.0 89.2 0.0
S245401 331.5621 54.2241 1.713e-21 3.725e-21 1.3140000000000001e-20 0.0 91.61 0.0
S245402 331.4468 54.3367 2.367e-18 2.627e-18 2.412e-18 0.0 89.53 0.0
S245403 331.4196 54.3257 3.957e-23 1.069e-22 6.204e-22 0.0 89.65 0.0
S245404 331.4671 54.341 1.556e-19 2.362e-19 4.108e-19 0.0 90.03 0.0
S245405 331.439 54.3459 8.934e-21 1.6540000000000003e-20 4.347e-20 0.0 89.44 0.0
S245406 331.4606 54.3746 9.842e-18 1.037e-17 8.223e-18 0.0 89.75 0.0
S245407 331.4824 54.3354 2.06e-17 3.511e-17 7.731e-17 0.001 90.93 0.0
S245408 331.4688 54.4089 5.057e-18 5.201e-18 3.995e-18 0.0 89.84 0.0
S245409 331.4674 54.3318 9.509000000000001e-20 1.48e-19 2.687e-19 0.0 91.07 0.0
S245410 331.4874 54.3607 6.112e-17 5.62e-17 3.412e-17 0.0 90.28 0.0
S245411 331.3714 54.257 2.155e-16 1.739e-16 7.849e-17 0.0 90.24 0.0
S245412 331.5062 54.4935 4.3920000000000005e-20 7.267e-20 1.447e-19 0.0 89.95 0.0
S245413 331.4436 54.3255 5.372e-17 1.043e-16 2.993e-16 0.0 90.07 0.0
S245414 331.543 54.3216 6.167e-17 5.288e-17 2.904e-17 0.0 91.37 0.0
S245415 331.5446 54.3261 4.874e-23 1.4609999999999998e-22 1.004e-21 0.0 91.39 0.0
S245416 331.4723 54.3363 8.206e-21 5.537e-21 1.818e-21 0.0 90.69 0.0
S245417 331.5988 54.4171 1.277e-21 2.996e-21 1.2280000000000001e-20 0.0 90.68 0.0
S245418 331.4093 54.2597 1.489e-18 1.719e-18 1.649e-18 0.0 90.7 0.0
S245419 331.4291 54.3392 3.135e-24 1.304e-23 1.785e-22 0.0 89.46 0.0
S245420 331.4597 54.3437 1.622e-18 1.889e-18 1.817e-18 0.0 89.78 0.0
S245421 331.387 54.3995 2.139e-18 2.427e-18 2.257e-18 0.0 89.08 0.0
S245422 331.4656 54.3336 1.775e-18 1.963e-18 1.814e-18 0.0 90.29 0.0
S245423 331.5251 54.3074 4.503e-25 2.078e-24 3.715e-23 0.0 91.6 0.0
S245424 331.3796 54.4303 3.241e-18 3.739e-18 3.531e-18 0.0 89.29 0.0
S245425 331.5757 54.258 4.824e-18 5.14e-18 4.133e-18 0.0 91.76 0.0
S245426 331.4737 54.3036 1.295e-21 3.078e-21 1.367e-20 0.0 91.18 0.0
S245427 331.4218 54.3121 6.658e-24 2.4739999999999998e-23 2.704e-22 0.0 89.9 0.0
S245428 331.5532 54.3314 1.04e-26 8.242e-26 4.446e-24 0.0 91.32 0.0
S245429 331.4733 54.3332 9.181e-23 2.6749999999999996e-22 1.745e-21 0.0 91.05 0.0
S245430 331.4918 54.3353 2.1569999999999997e-22 5.107e-22 2.164e-21 0.0 91.03 0.0
S245431 331.454 54.3615 1.301e-18 1.585e-18 1.77e-18 0.0 89.5 0.0
S245432 331.4535 54.3317 5.352999999999999e-22 1.28e-21 5.483e-21 0.0 89.93 0.0
S245433 331.4615 54.327 1.987e-19 2.678e-19 3.698e-19 0.0 90.68 0.0
S245434 331.4767 54.3292 1.3890000000000002e-20 2.5660000000000002e-20 6.738e-20 0.0 90.95 0.0
S245435 331.3389 54.2547 1.091e-21 2.663e-21 1.2470000000000001e-20 0.0 90.27 0.0
S245436 331.469 54.341 2.447e-23 8.32e-23 7.617e-22 0.0 90.13 0.0
S245437 331.462 54.3489 9.698000000000001e-20 1.441e-19 2.389e-19 0.0 89.65 0.0
S245438 331.4554 54.2836 4.515e-22 1.03e-21 4.035e-21 0.0 90.85 0.0
S245439 331.5064 54.3345 5.299e-23 1.4949999999999999e-22 8.945e-22 0.001 91.15 0.0
S245440 331.4663 54.3314 5.879e-17 1.114e-16 2.994e-16 0.0 90.83 0.0
S245441 331.4804 54.314 4.034e-21 8.879e-21 3.1710000000000004e-20 0.0 91.34 0.0
S245442 331.4717 54.3367 4.839e-17 9.927e-17 3.156e-16 0.0 90.71 0.0
S245443 331.4627 54.4211 1.368e-23 5.183e-23 6.078999999999999e-22 0.0 89.81 0.0
S245444 331.5063 54.2537 2.0719999999999997e-22 5.196e-22 2.625e-21 0.0 91.32 0.0
S245445 331.4552 54.3304 5.067e-21 1.049e-20 3.39e-20 0.0 90.1 0.0
S245446 331.417 54.1444 2.8919999999999997e-22 6.775999999999999e-22 2.815e-21 0.0 90.87 0.0
S245447 331.5821 54.3295 4.078e-19 5.635e-19 8.032e-19 0.0 91.49 0.0
S245448 331.5492 54.1789 2.731e-16 2.361e-16 1.291e-16 0.0 91.6 0.0
S245449 331.4037 54.2703 2.835e-21 5.553e-21 1.625e-20 0.0 90.37 1.0
S245450 331.252 54.4149 1.096e-24 4.774e-24 7.324999999999999e-23 0.0 88.99 0.0
S245451 331.5 54.3317 1.008e-21 2.407e-21 1.0340000000000001e-20 0.0 91.28 0.0
S245452 331.5262 54.3407 1.3949999999999998e-23 4.287e-23 3.2479999999999996e-22 0.0 91.08 0.0
S245453 331.4765 54.3253 6.109e-18 6.531e-18 5.433e-18 0.0 91.24 0.0
S245454 331.534 54.2971 2.339e-12 1.64e-12 5.624e-13 0.0 91.61 0.0
S245455 331.3124 54.2859 1.659e-19 2.468e-19 3.955e-19 0.0 89.83 0.0
S245456 331.4814 54.2147 4.675e-22 1.227e-21 6.3300000000000004e-21 0.0 91.2 0.0
S245457 331.5146 54.3603 4.757e-17 7.76e-17 1.565e-16 0.0 90.62 0.0
S245458 331.3053 54.3812 3.193e-21 6.201e-21 1.7480000000000002e-20 0.0 89.07 0.0
S245459 331.3409 54.4646 9.343999999999999e-23 2.6609999999999996e-22 1.6300000000000001e-21 0.0 89.3 0.0
S245460 331.4736 54.2455 2.968e-19 4.336e-19 6.904e-19 0.0 91.1 0.0
S245461 331.4797 54.342 1.508e-21 3.107e-21 1.006e-20 0.0 90.59 0.0
S245462 331.4857 54.3201 5.397e-23 1.5189999999999997e-22 9.477e-22 0.0 91.39 0.0
S245463 331.4605 54.3469 2.9139999999999996e-22 7.960999999999999e-22 4.8680000000000004e-21 0.0 89.83 0.0
S245464 331.4489 54.3427 6.013e-20 9.843000000000001e-20 2.016e-19 0.0 89.34 0.0
S245465 331.4115 54.3163 1.13e-17 1.106e-17 7.777e-18 0.0 89.93 0.0
S245466 331.6502 54.375 4.59e-22 1.058e-21 4.3e-21 0.0 91.17 0.0
S245467 331.4168 54.3605 3.873e-21 8.119e-21 2.633e-20 0.0 89.25 0.0
S245468 331.3747 54.3837 1.859e-17 1.814e-17 1.256e-17 0.0 88.99 0.0
S245469 331.5332 54.2819 6.325e-17 5.416e-17 2.88e-17 0.0 91.73 0.0
S245470 331.489 54.3336 2.531e-19 3.494e-19 4.711e-19 0.0 91.06 0.0
S245471 331.4165 54.343 1.138e-23 3.631e-23 2.9809999999999996e-22 0.0 89.32 0.0
S245472 331.4561 54.3409 4.037e-21 2.9990000000000002e-21 1.184e-21 0.0 89.73 0.0
S245473 331.4614 54.3252 5.434e-21 1.0880000000000001e-20 3.256e-20 0.0 90.5 0.0
S245474 331.4848 54.3334 3.598e-18 4.007e-18 3.667e-18 0.0 90.99 0.0
S245475 331.4728 54.3351 1.531e-12 1.061e-12 3.57e-13 0.0 90.6 0.0
S245476 331.3882 54.3491 4.735e-20 8.087000000000001e-20 1.791e-19 0.0 89.31 0.0
S245477 331.4579 54.356 2.568e-25 1.238e-24 2.416e-23 0.0 89.63 0.0
S245478 331.4504 54.3837 1.143e-24 5.0639999999999996e-24 8.011e-23 0.0 89.65 0.0
S245479 331.2407 54.3101 7.727999999999999e-22 1.498e-21 4.246e-21 0.0 89.69 0.0
S245480 331.3792 54.4164 2.752e-16 7.228e-16 3.874e-15 0.0 89.2 1.0
S245481 331.326 54.4742 9.312000000000001e-25 3.799e-24 5.351e-23 0.0 89.06 0.0
S245482 331.4507 54.3134 4.3039999999999996e-23 1.148e-22 6.179999999999999e-22 0.0 90.45 0.0
S245483 331.4576 54.3279 2.1000000000000002e-20 3.85e-20 9.558000000000001e-20 0.0 89.86 0.0
S245484 331.476 54.3025 4.026e-23 1.337e-22 1.159e-21 0.0 91.29 0.0
S245485 331.4574 54.344 9.728e-21 1.8380000000000002e-20 5.0980000000000004e-20 0.0 89.81 0.0
S245486 331.4661 54.3289 6.246999999999999e-22 1.524e-21 7.019e-21 0.001 91.19 0.0
S245487 331.4752 54.3384 7.172e-22 1.8990000000000002e-21 1.044e-20 0.0 90.62 0.0
S245488 331.4711 54.331 9.336e-17 1.458e-16 2.662e-16 0.0 90.78 0.0
S245489 331.4396 54.3529 3.754e-21 2.877e-21 1.212e-21 0.0 89.3 0.0
S245490 331.4786 54.3182 9.989000000000001e-20 1.566e-19 2.837e-19 0.0 91.32 0.0
S245491 331.4985 54.3176 7.175e-21 4.967e-21 1.71e-21 0.0 91.46 0.0
S245492 331.4808 54.3493 3.342e-22 7.579999999999999e-22 3.138e-21 0.0 90.32 0.0
S245493 331.5666 54.3343 1.1830000000000001e-20 2.198e-20 5.875e-20 0.0 91.36 0.0
S245494 331.4858 54.3009 5.876e-21 1.1020000000000001e-20 2.883e-20 0.0 91.5 0.0
S245495 331.4801 54.3324 1.433e-21 3.251e-21 1.23e-20 0.0 90.88 0.0
S245496 331.5418 54.2219 3.7300000000000003e-26 2.429e-25 8.777e-24 0.0 91.65 0.0
S245497 331.4651 54.2308 1.489e-17 1.482e-17 1.073e-17 0.0 91.18 0.0
S245498 331.4188 54.3204 7.838e-24 2.6499999999999996e-23 2.5289999999999997e-22 0.0 89.84 0.0
S245499 331.3235 54.388 2.8389999999999996e-22 7.196999999999999e-22 3.519e-21 0.0 89.13 0.0
S245500 331.5233 54.3586 1.526e-18 1.85e-18 2.031e-18 0.0 90.81 0.0
S245501 331.4528 54.4181 4.889e-17 8.103e-17 1.679e-16 0.0 89.61 0.0
S245502 331.3615 54.2888 2.751e-27 2.3060000000000002e-26 1.3979999999999999e-24 0.0 90.15 0.0
S245503 331.4542 54.3233 6.726e-17 6.047e-17 3.557e-17 0.0 90.29 0.0
S245504 331.5109 54.2321 1.695e-20 3.0820000000000004e-20 7.405e-20 0.0 91.53 0.0
S245505 331.4441 54.359 2.465e-18 3.06e-18 3.313e-18 0.0 89.33 0.0
S245506 331.4728 54.3101 3.025e-12 2.468e-12 1.167e-12 0.0 91.11 1.0
S245507 331.4822 54.3081 7.651e-21 1.5340000000000002e-20 4.796e-20 0.0 91.49 0.0
S245508 331.4809 54.3676 8.993e-23 2.4159999999999996e-22 1.359e-21 0.0 90.05 0.0
S245509 331.4817 54.3756 5.704e-19 7.826e-19 1.073e-18 0.0 90.13 0.0
S245510 331.4678 54.2999 3.312e-22 8.696e-22 4.692e-21 0.0 91.0 0.0
S245511 331.4278 54.4352 3.273e-18 3.989e-18 4.323e-18 0.001 89.51 0.0
S245512 331.2449 54.3201 2.6629999999999997e-22 6.344999999999999e-22 2.746e-21 0.0 89.53 0.0
S245513 331.4271 54.3816 8.191e-17 1.479e-16 3.585e-16 0.0 89.18 0.0
S245514 331.3467 54.2846 7.758e-23 2.2309999999999997e-22 1.426e-21 0.0 90.04 0.0
S245515 331.4561 54.3168 3.192e-19 4.457e-19 6.245e-19 0.0 90.55 0.0
S245516 331.4661 54.3276 6.388e-21 4.447e-21 1.5650000000000001e-21 0.0 91.18 0.0
S245517 331.5679 54.2211 7.772e-21 5.331e-21 1.842e-21 0.0 91.64 0.0
S245518 331.4983 54.269 5.061e-17 9.274e-17 2.325e-16 0.0 91.58 0.0
S245519 331.354 54.4376 4.8420000000000004e-20 8.016e-20 1.664e-19 0.0 89.08 0.0
S245520 331.5194 54.2793 1.11e-22 3.2399999999999996e-22 2.14e-21 0.0 91.58 0.0
S245521 331.5397 54.3038 6.198e-21 4.2980000000000004e-21 1.542e-21 0.001 91.8 0.0
S245522 331.5959 54.1841 2.74e-22 6.9459999999999995e-22 3.431e-21 0.0 91.82 0.0
S245523 331.4985 54.3315 8.794e-21 1.58e-20 3.782e-20 0.0 91.18 0.0
S245524 331.4477 54.3249 2.058e-12 1.608e-12 7.113e-13 0.0 89.98 1.0
S245525 331.5334 54.3515 1.318e-19 2.068e-19 3.686e-19 0.0 91.11 0.0
S245526 331.4617 54.3303 2.348e-17 2.212e-17 1.461e-17 0.0 90.2 0.0
S245527 331.4246 54.3462 8.015e-18 8.298e-18 6.48e-18 0.0 89.34 0.0
S245528 331.4778 54.3046 4.011e-23 1.206e-22 8.439999999999999e-22 0.0 91.43 0.0
S245529 331.5632 54.4285 9.261e-18 9.468e-18 7.172e-18 0.0 90.42 0.0
S245530 331.4438 54.2906 4.013e-21 8.729e-21 3.12e-20 0.0 90.83 0.0
S245531 331.4058 54.1776 1.284e-24 5.195e-24 6.81e-23 0.0 90.78 0.0
S245532 331.4651 54.4319 1.0049999999999999e-22 2.5709999999999996e-22 1.292e-21 0.0 89.86 0.0
S245533 331.4087 54.3398 6.681e-17 1.524e-16 6.022e-16 0.0 89.4 0.0
S245534 331.4558 54.3415 1.2969999999999999e-23 4.8149999999999997e-23 5.354999999999999e-22 0.0 89.69 0.0
S245535 331.5206 54.3745 1.161e-19 1.74e-19 2.881e-19 0.0 90.54 0.0
S245536 331.3579 54.2942 3.781e-17 3.352e-17 1.949e-17 0.0 89.84 0.0
S245537 331.4028 54.331 1.62e-24 6.905e-24 9.866e-23 0.0 89.59 0.0
S245538 331.3731 54.2715 2.176e-23 7.014e-23 5.916999999999999e-22 0.0 90.15 0.0
S245539 331.4696 54.3426 6.885e-18 7.649e-18 6.728e-18 0.0 90.28 0.0
S245540 331.4698 54.3335 7.862e-21 5.255e-21 1.7210000000000002e-21 0.001 90.55 0.0
S245541 331.4508 54.3698 4.351e-17 4.044e-17 2.532e-17 0.0 89.53 0.0
S245542 331.4455 54.3544 9.679999999999999e-23 2.9789999999999995e-22 2.173e-21 0.0 89.4 0.0
S245543 331.3136 54.5045 2.146e-22 5.754999999999999e-22 3.313e-21 0.0 89.23 1.0
S245544 331.5405 54.254 1.9100000000000002e-20 3.423e-20 8.048e-20 0.0 91.68 0.0
S245545 331.3762 54.3815 8.789e-17 1.52e-16 3.531e-16 0.0 89.23 0.0
S245546 331.4971 54.3049 1.705e-21 3.944e-21 1.5680000000000002e-20 0.0 91.6 0.0
S245547 331.4989 54.3147 7.219e-21 1.3230000000000001e-20 3.4810000000000005e-20 0.0 91.51 0.0
S245548 331.4599 54.3948 2.317e-22 5.708999999999999e-22 2.618e-21 0.0 89.74 0.0
S245549 331.4669 54.3336 7.968e-21 1.514e-20 4.0810000000000005e-20 0.0 90.85 0.0
S245550 331.4231 54.2525 4.645e-22 1.2320000000000001e-21 6.815e-21 0.0 90.51 0.0
S245551 331.3643 54.3562 1.525e-18 1.835e-18 1.943e-18 0.0 89.25 0.0
S245552 331.4691 54.3341 1.54e-21 3.615e-21 1.5440000000000002e-20 0.0 91.05 0.0
S245553 331.4355 54.3806 6.116e-20 1.019e-19 2.064e-19 0.0 89.39 0.0
S245554 331.4973 54.3122 1.38e-22 4.038e-22 2.649e-21 0.0 91.62 0.0
S245555 331.4707 54.3711 4.225e-19 5.407e-19 6.488e-19 0.0 89.81 0.0
S245556 331.3079 54.4142 2.389e-18 2.774e-18 2.752e-18 0.0 89.07 0.0
S245557 331.4626 54.3364 1.232e-19 1.84e-19 2.972e-19 0.0 90.0 0.0
S245558 331.4481 54.322 1.8140000000000002e-20 3.2670000000000005e-20 7.857e-20 0.001 90.26 0.0
S245559 331.5378 54.3335 6.629e-21 4.6540000000000004e-21 1.605e-21 0.0 91.31 0.0
S245560 331.4758 54.3342 9.463e-17 1.866e-16 5.376e-16 0.0 90.88 0.0
S245561 331.4891 54.4088 3.184e-21 6.691e-21 2.2000000000000002e-20 0.0 90.03 0.0
S245562 331.4502 54.358 9.056e-21 1.7230000000000003e-20 4.8140000000000004e-20 0.0 89.61 0.0
S245563 331.4709 54.3455 5.295e-18 5.72e-18 4.67e-18 0.0 90.18 0.0
S245564 331.4636 54.3213 4.532e-21 9.075e-21 2.7840000000000005e-20 0.0 90.94 0.0
S245565 331.4905 54.5384 1.252e-17 1.344e-17 1.116e-17 0.0 89.93 0.0
S245566 331.3943 54.3871 6.45e-18 7.15e-18 6.279e-18 0.0 89.16 0.0
S245567 331.2993 54.3872 2.378e-21 5.029e-21 1.687e-20 0.0 89.2 0.0
S245568 331.4636 54.3294 9.065000000000001e-20 1.383e-19 2.316e-19 0.0 91.35 0.0
S245569 331.4949 54.308 2.955e-20 5.044e-20 1.067e-19 0.0 91.64 0.0
S245570 331.4427 54.3365 1.5930000000000002e-20 3.2960000000000004e-20 1.039e-19 0.0 89.78 0.0
S245571 331.4226 54.2856 2e-12 2.133e-12 1.695e-12 0.0 90.5 1.0
S245572 331.5058 54.2162 4.74e-16 3.582e-16 1.53e-16 0.0 91.36 1.0
S245573 331.4602 54.2508 8.859e-17 1.436e-16 2.826e-16 0.0 91.04 0.0
S245574 331.4201 54.3051 2.221e-18 2.632e-18 2.749e-18 0.0 90.13 0.0
S245575 331.5037 54.3189 8.313e-19 1.121e-18 1.469e-18 0.0 91.56 0.0
S245576 331.4733 54.3482 6.488e-19 9.21e-19 1.356e-18 0.0 90.2 0.0
S245577 331.4675 54.3244 1.626e-23 5.524e-23 5.062e-22 0.0 91.09 0.0
S245578 331.4511 54.3313 8.576e-22 1.999e-21 8.404000000000001e-21 0.0 89.57 0.0
S245579 331.5419 54.3498 1.519e-20 2.684e-20 6.215e-20 0.0 90.99 0.0
S245580 331.4819 54.3109 1.115e-21 2.362e-21 8.111e-21 0.0 91.33 0.0
S245581 331.4661 54.3326 8.369000000000001e-21 5.709e-21 1.92e-21 0.0 90.47 0.0
S245582 331.4352 54.3214 3.6169999999999995e-22 9.077999999999999e-22 4.305e-21 0.0 89.93 0.0
S245583 331.6055 54.3059 4.461e-17 1.014e-16 4.052e-16 0.0 91.54 0.0
S245584 331.4397 54.3735 3.9440000000000004e-20 6.491e-20 1.287e-19 0.0 89.2 0.0
S245585 331.4746 54.3702 8.219e-23 2.2829999999999997e-22 1.411e-21 0.0 89.91 0.0
S245586 331.4038 54.3884 7.799e-19 9.924e-19 1.191e-18 0.0 89.11 0.0
S245587 331.4928 54.2599 1.43e-17 1.38e-17 8.999e-18 0.0 91.28 0.0
S245588 331.4506 54.3503 1.185e-20 2.0230000000000003e-20 4.4120000000000006e-20 0.0 89.67 0.0
S245589 331.4873 54.3566 1.138e-17 1.165e-17 8.936e-18 0.0 90.27 0.0
S245590 331.4858 54.3382 1.227e-19 1.991e-19 3.962e-19 0.0 90.78 0.0
S245591 331.3852 54.3303 1.849e-16 4.854e-16 2.565e-15 0.0 89.64 1.0
S245592 331.471 54.3292 5.518e-19 7.078e-19 8.562e-19 0.0 91.25 0.0
S245593 331.4642 54.3269 1.663e-27 1.5160000000000002e-26 1.1369999999999999e-24 0.0 90.69 0.0
S245594 331.5098 54.277 8.512e-19 1.108e-18 1.424e-18 0.0 91.67 0.0
S245595 331.4421 54.3462 2.7e-18 3.129e-18 3.081e-18 0.0 89.38 0.0
S245596 331.4916 54.3262 1.444e-19 2.114e-19 3.383e-19 0.0 91.44 0.0
S245597 331.4495 54.4716 1.957e-16 3.338e-16 7.367e-16 0.0 89.63 0.0
S245598 331.3346 54.4294 2.472e-22 6.565e-22 3.435e-21 0.0 89.06 0.0
S245599 331.4414 54.3268 1.483e-21 3.318e-21 1.3220000000000002e-20 0.0 89.82 0.0
S245600 331.4246 54.3814 9.896999999999998e-22 2.0240000000000002e-21 6.524e-21 0.0 89.36 0.0
S245601 331.463 54.3342 3.352e-19 4.314e-19 5.251e-19 0.0 89.79 0.0
S245602 331.4647 54.3304 8.553e-22 2.16e-21 1.0700000000000002e-20 0.0 90.61 0.0
S245603 331.3951 54.3741 1.697e-20 3.2180000000000005e-20 8.598e-20 0.0 89.2 0.0
S245604 331.4639 54.3272 8.721e-19 1.118e-18 1.354e-18 0.0 90.97 0.0
S245605 331.468 54.3167 8.262e-18 8.779e-18 7.152e-18 0.0 91.15 0.0
S245606 331.6672 54.2394 1.895e-19 2.709e-19 4.141e-19 0.0 91.98 0.0
S245607 331.4514 54.3393 9.748e-19 1.258e-18 1.522e-18 0.0 89.75 0.0
S245608 331.4653 54.3308 1.9149999999999998e-23 5.599e-23 3.631e-22 0.0 91.3 0.0
S245609 331.4744 54.3707 8.069e-21 1.5340000000000002e-20 4.3e-20 0.0 89.83 0.0
S245610 331.4371 54.2818 6.066e-21 4.2500000000000004e-21 1.515e-21 0.0 90.68 0.0
S245611 331.5153 54.3724 4.1280000000000003e-25 1.967e-24 3.633e-23 0.0 90.5 0.0
S245612 331.3562 54.3268 1.88e-18 2.214e-18 2.186e-18 0.0 89.63 0.0
S245613 331.5071 54.3923 3.255e-16 2.538e-16 1.156e-16 0.0 90.14 0.0
S245614 331.403 54.3934 1.476e-20 2.5780000000000004e-20 5.947000000000001e-20 0.0 89.12 0.0
S245615 331.4814 54.3023 7.186e-17 6.315e-17 3.441e-17 0.0 91.41 0.0
S245616 331.4932 54.3704 4.164e-18 4.47e-18 3.854e-18 0.0 90.23 0.0
S245617 331.5436 54.3417 2.573e-18 2.967e-18 2.797e-18 0.0 91.06 0.0
S245618 331.4335 54.3083 4.743e-21 1.0050000000000001e-20 3.381e-20 0.0 90.26 0.0
S245619 331.5408 54.3397 3.013e-17 5.352e-17 1.292e-16 0.0 91.2 0.0
S245620 331.4018 54.342 7.742e-23 2.0779999999999999e-22 1.179e-21 0.0 89.24 0.0
S245621 331.4824 54.3349 2.652e-21 5.5220000000000004e-21 1.825e-20 0.001 90.87 0.0
S245622 331.4404 54.3255 5.815e-23 1.8399999999999998e-22 1.451e-21 0.0 89.98 0.0
S245623 331.3203 54.6153 2.258e-22 6.305999999999999e-22 3.8e-21 0.0 89.34 0.0
S245624 331.4823 54.4129 1.1590000000000001e-20 2.129e-20 5.586e-20 0.001 89.9 0.0
S245625 331.4944 54.3434 3.661e-19 4.779e-19 6.113e-19 0.0 90.82 0.0
S245626 331.3663 54.3879 1.3639999999999998e-22 3.7249999999999997e-22 2.175e-21 0.0 89.16 0.0
S245627 331.4399 54.2959 5.946e-21 1.1550000000000001e-20 3.1910000000000005e-20 0.001 90.6 0.0
S245628 331.4725 54.3187 1.18e-22 3.3219999999999996e-22 2.003e-21 0.0 91.17 0.0
S245629 331.4055 54.2892 3.393e-21 6.375e-21 1.667e-20 0.0 90.2 0.0
S245630 331.4888 54.3734 1.0640000000000001e-20 1.8370000000000003e-20 4.1450000000000004e-20 0.001 90.09 0.0
S245631 331.4598 54.3392 1.581e-20 2.989e-20 8.061000000000001e-20 0.0 89.66 0.0
S245632 331.4856 54.3271 4.013e-17 5.901e-17 9.307e-17 0.001 91.02 0.0
S245633 331.4465 54.2983 1.4709999999999998e-22 3.57e-22 1.628e-21 0.0 90.88 0.0
S245634 331.4934 54.3555 8.984e-21 1.7300000000000003e-20 4.7530000000000003e-20 0.0 90.44 0.0
S245635 331.4615 54.3266 1.489e-18 1.779e-18 1.807e-18 0.0 90.49 0.0
S245636 331.5136 54.3211 3.504e-21 7.16e-21 2.2450000000000002e-20 0.0 91.64 0.0
S245637 331.4967 54.3097 9.004e-18 9.192e-18 7.159e-18 0.0 91.61 0.0
S245638 331.4423 54.3364 6.156e-23 1.7129999999999998e-22 1.07e-21 0.001 89.36 0.0
S245639 331.4556 54.3208 4.692e-19 6.08e-19 7.206e-19 0.0 90.5 0.0
S245640 331.4795 54.2868 1.098e-22 2.948e-22 1.667e-21 0.0 91.46 0.0
S245641 331.4888 54.3245 1.651e-16 3.095e-16 8.315e-16 0.0 91.13 0.0
S245642 331.4666 54.3151 6.058e-20 9.444000000000001e-20 1.753e-19 0.0 90.9 0.0
S245643 331.4113 54.3178 2.526e-19 3.561e-19 5.054e-19 0.0 89.2 0.0
S245644 331.4526 54.3383 5.1e-20 7.989000000000001e-20 1.462e-19 0.0 89.87 0.0
S245645 331.451 54.3572 1.903e-18 2.376e-18 2.736e-18 0.001 89.43 0.0
S245646 331.487 54.3133 7.548e-17 1.243e-16 2.58e-16 0.0 91.31 0.0
S245647 331.4312 54.3574 5.153e-17 4.608e-17 2.752e-17 0.0 89.24 0.0
S245648 331.4807 54.3319 3.53e-18 4.027e-18 3.79e-18 0.0 91.11 0.0
S245649 331.4337 54.3397 4.622e-17 4.181e-17 2.482e-17 0.0 89.44 0.0
S245650 331.485 54.3401 1.735e-18 2.073e-18 2.124e-18 0.0 91.31 0.0
S245651 331.4711 54.3787 6.922e-21 4.808e-21 1.6600000000000001e-21 0.0 89.64 0.0
S245652 331.5006 54.3513 2.309e-18 2.693e-18 2.598e-18 0.0 90.86 0.0
S245653 331.4313 54.3588 1.2980000000000001e-20 2.3450000000000002e-20 5.878e-20 0.001 89.32 0.0
S245654 331.4569 54.3413 4.071e-12 3.133e-12 1.341e-12 0.0 89.61 1.0
S245655 331.506 54.3295 6.366e-17 1.257e-16 3.678e-16 0.0 91.33 0.0
S245656 331.4329 54.3031 5.335999999999999e-22 1.36e-21 7.058e-21 0.0 90.34 0.0
S245657 331.5091 54.3239 2.2009999999999998e-23 6.91e-23 5.363999999999999e-22 0.0 91.33 0.0
S245658 331.4575 54.3537 4.935e-21 3.568e-21 1.328e-21 0.0 89.6 0.0
S245659 331.4519 54.2976 3.367e-23 1.1559999999999998e-22 1.1e-21 0.0 91.08 0.0
S245660 331.4656 54.295 1.044e-12 7.077e-13 2.365e-13 0.0 91.04 0.0
S245661 331.4379 54.3223 2.3939999999999996e-22 5.873999999999999e-22 2.713e-21 0.0 89.85 0.0
S245662 331.4478 54.3184 3.197e-17 5.349e-17 1.102e-16 0.001 90.26 0.0
S245663 331.46 54.333 5.887e-23 1.8089999999999998e-22 1.39e-21 0.0 89.91 0.0
S245664 331.4587 54.3516 9.354e-22 2.2380000000000002e-21 9.698e-21 0.0 89.79 0.0
S245665 331.5273 54.3101 7.838e-24 3.068e-23 3.809e-22 0.0 91.66 0.0
S245666 331.4134 54.3336 1.156e-16 2.36e-16 7.3e-16 0.0 89.26 0.0
S245667 331.5243 54.3433 1.481e-17 1.522e-17 1.137e-17 0.0 91.11 0.0
S245668 331.4479 54.3498 3.251e-16 2.608e-16 1.194e-16 0.0 89.39 0.0
S245669 331.4561 54.3496 4.9240000000000005e-20 8.557000000000001e-20 1.916e-19 0.001 89.62 0.0
S245670 331.4441 54.321 8.316e-17 1.515e-16 3.729e-16 0.0 89.33 0.0
S245671 331.5219 54.3301 3.765e-24 1.467e-23 1.7689999999999998e-22 0.0 91.51 0.0
S245672 331.4825 54.3271 5.58e-16 4.548e-16 2.185e-16 0.0 90.95 0.0
S245673 331.534 54.2847 6.535e-21 1.3470000000000001e-20 4.396e-20 0.0 91.59 0.0
S245674 331.4216 54.4041 3.876e-17 3.983e-17 3.024e-17 0.0 89.19 0.0
S245675 331.4916 54.3159 3.995e-16 3.134e-16 1.358e-16 0.0 91.57 1.0
S245676 331.446 54.3655 3.658e-21 7.994e-21 2.8680000000000004e-20 0.0 89.37 0.0
S245677 331.5126 54.3232 4.811e-22 1.098e-21 4.45e-21 0.0 91.57 0.0
S245678 331.4224 54.3452 2.439e-17 2.307e-17 1.48e-17 0.0 89.42 0.0
S245679 331.472 54.3366 9.13e-18 9.419e-18 7.259e-18 0.0 90.99 0.0
S245680 331.4425 54.3269 7.053e-18 7.406e-18 5.832e-18 0.0 90.12 0.0
S245681 331.479 54.3354 6.37e-21 4.432e-21 1.561e-21 0.0 90.6 0.0
S245682 331.4212 54.3682 9.74e-17 8.536e-17 4.544e-17 0.0 89.29 0.0
S245683 331.4282 54.3175 9.006e-24 3.203e-23 3.1279999999999995e-22 0.0 89.85 0.0
S245684 331.4533 54.3435 1.164e-21 2.709e-21 1.132e-20 0.0 90.01 0.0
S245685 331.4842 54.3537 7.44e-19 9.921e-19 1.3e-18 0.0 90.23 0.0
S245686 331.4538 54.3735 4.626999999999999e-22 1.146e-21 5.551e-21 0.0 89.3 0.0
S245687 331.4727 54.3603 1.93e-17 2.733e-17 4.088e-17 0.0 90.0 0.0
S245688 331.4432 54.343 2.64e-16 2.083e-16 9.447e-17 0.0 89.49 0.0
S245689 331.4642 54.3442 1.02e-17 1.075e-17 8.689e-18 0.0 89.82 0.0
S245690 331.5034 54.3257 3.533e-22 8.980999999999999e-22 4.434e-21 0.0 91.46 0.0
S245691 331.5264 54.2983 1.507e-17 2.843e-17 7.487e-17 0.0 91.72 0.0
S245692 331.4726 54.2653 1.896e-21 4.552e-21 2.035e-20 0.001 91.37 0.0
S245693 331.4738 54.3587 1.202e-19 1.813e-19 3.167e-19 0.0 90.2 0.0
S245694 331.5047 54.3215 2.492e-21 5.776e-21 2.3140000000000002e-20 0.0 91.17 0.0
S245695 331.4313 54.3125 1.696e-22 4.853e-22 3.167e-21 0.0 90.1 0.0
S245696 331.4586 54.3343 6.139e-24 2.205e-23 2.2459999999999997e-22 0.0 89.67 0.0
S245697 331.4356 54.336 2.376e-19 3.461e-19 5.32e-19 0.0 89.29 0.0
S245698 331.4763 54.33 6.595e-24 2.242e-23 1.9889999999999999e-22 0.0 91.05 0.0
S245699 331.4864 54.3363 1.228e-22 3.201e-22 1.711e-21 0.0 90.98 0.0
S245700 331.4652 54.343 8.206000000000001e-20 1.261e-19 2.171e-19 0.0 89.68 0.0
S245701 331.46 54.3327 1.872e-17 3.307e-17 7.485e-17 0.0 90.21 0.0
S245702 331.4783 54.3035 8.946e-19 1.127e-18 1.322e-18 0.0 91.44 0.0
S245703 331.504 54.311 3.512e-18 3.944e-18 3.562e-18 0.0 91.58 0.0
S245704 331.4313 54.3423 1.84e-17 3.313e-17 8.145e-17 0.0 89.27 0.0
S245705 331.5029 54.3086 1.54e-17 1.591e-17 1.209e-17 0.0 91.71 0.0
S245706 331.4125 54.3332 1.171e-21 2.534e-21 8.888e-21 0.0 89.75 0.0
S245707 331.4235 54.311 2.301e-18 2.87e-18 3.373e-18 0.0 90.06 0.0
S245708 331.4599 54.3719 2.999e-17 2.708e-17 1.616e-17 0.0 89.5 0.0
S245709 331.48 54.349 1.958e-21 4.602e-21 1.9690000000000002e-20 0.0 90.3 0.0
S245710 331.4414 54.3308 1.801e-16 1.472e-16 6.97e-17 0.0 89.97 0.0
S245711 331.4372 54.3419 2.158e-18 2.37e-18 2.119e-18 0.0 89.65 0.0
S245712 331.4343 54.2863 2.456e-19 3.695e-19 6.204e-19 0.0 90.69 0.0
S245713 331.459 54.4006 3.952e-21 8.512e-21 2.919e-20 0.0 89.69 0.0
S245714 331.4796 54.3369 1.662e-18 2.048e-18 2.252e-18 0.0 90.67 0.0
S245715 331.4341 54.2972 2.51e-18 2.896e-18 2.929e-18 0.0 90.61 0.0
S245716 331.4977 54.3177 1.811e-17 1.698e-17 1.092e-17 0.0 91.33 0.0
S245717 331.4938 54.3499 9.799e-18 1.004e-17 7.424e-18 0.0 90.67 0.0
S245718 331.4648 54.3652 9.92e-21 1.743e-20 4.1010000000000006e-20 0.0 89.35 0.0
S245719 331.4779 54.3008 4.658e-18 4.928e-18 4.098e-18 0.0 91.33 0.0
S245720 331.4442 54.3663 7.213e-20 1.104e-19 1.973e-19 0.0 89.3 0.0
S245721 331.5139 54.3263 2.535e-19 3.678e-19 5.793e-19 0.0 91.54 0.0
S245722 331.418 54.3525 2.851e-17 2.679e-17 1.646e-17 0.0 89.25 0.0
S245723 331.5151 54.3141 5.037e-17 4.584e-17 2.733e-17 0.0 91.73 0.0
S245724 331.4864 54.3578 6.867e-21 4.687e-21 1.599e-21 0.0 90.52 0.0
S245725 331.466 54.3366 1.469e-15 1.154e-15 5.125e-16 0.0 90.18 1.0
S245726 331.5114 54.3175 3.176e-22 8.166e-22 4.055e-21 0.0 91.39 0.0
S245727 331.3954 54.3304 1.622e-21 3.482e-21 1.2080000000000002e-20 0.0 89.67 0.0
S245728 331.4662 54.3285 1.084e-21 2.6360000000000002e-21 1.2310000000000001e-20 0.0 91.04 0.0
S245729 331.4315 54.2902 2.361e-16 1.941e-16 9.646e-17 0.0 90.61 0.0
S245730 331.4905 54.3181 2.199e-18 2.47e-18 2.261e-18 0.0 91.49 0.0
S245731 331.4826 54.3437 2.091e-21 4.1670000000000004e-21 1.2660000000000001e-20 0.0 90.63 0.0
S245732 331.5293 54.3188 1.554e-21 3.567e-21 1.405e-20 0.0 91.66 0.0
S245733 331.4679 54.278 5.795e-19 7.42e-19 8.95e-19 0.0 91.19 0.0
S245734 331.4371 54.3551 2.872e-18 3.267e-18 2.97e-18 0.0 89.38 0.0
S245735 331.4111 54.3758 3.935e-18 4.41e-18 4.217e-18 0.0 89.13 0.0
S245736 331.4777 54.3351 2.015e-16 1.543e-16 6.617e-17 0.0 91.13 0.0
S245737 331.4691 54.2889 2.052e-17 1.909e-17 1.148e-17 0.0 91.13 0.0
S245738 331.4552 54.328 2.514e-18 2.977e-18 3.001e-18 0.0 90.17 0.0
S245739 331.4403 54.3514 1.7759999999999998e-22 4.63e-22 2.3390000000000002e-21 0.0 89.45 0.0
S245740 331.4201 54.3279 1.129e-16 2.65e-16 1.141e-15 0.0 89.69 1.0
S245741 331.4715 54.3369 1.584e-21 3.415e-21 1.2120000000000001e-20 0.0 90.5 0.0
S245742 331.4737 54.3394 9.224e-17 7.655e-17 3.856e-17 0.0 90.91 0.0
S245743 331.4374 54.3271 3.661e-22 7.948999999999999e-22 2.781e-21 0.0 89.29 0.0
S245744 331.4417 54.3376 7.116e-18 7.15e-18 5.29e-18 0.0 89.47 0.0
S245745 331.4955 54.31 1.653e-17 3.741e-17 1.469e-16 0.0 91.46 0.0
S245746 331.4754 54.3246 3.196e-17 2.987e-17 1.895e-17 0.0 91.06 0.0
S245747 331.4846 54.3115 8.831e-17 1.745e-16 5.109e-16 0.0 91.36 0.0
S245748 331.4622 54.3483 2.295e-17 2.168e-17 1.381e-17 0.0 89.42 0.0
S245749 331.4444 54.2907 3.714e-21 7.364e-21 2.1730000000000002e-20 0.0 90.78 0.0
S245750 331.4712 54.3377 7.546e-18 7.451e-18 5.29e-18 0.0 90.5 0.0
S245751 331.4555 54.2995 1.5550000000000002e-20 2.688e-20 5.999e-20 0.001 90.91 0.0
S245752 331.4922 54.3138 2.607e-18 2.97e-18 2.695e-18 0.0 91.49 0.0
S245753 331.4504 54.3225 1.234e-18 1.403e-18 1.307e-18 0.0 90.16 0.0
S245754 331.4337 54.3332 6.330999999999999e-22 1.291e-21 3.997e-21 0.0 90.09 0.0
S245755 331.457 54.3589 3.2270000000000004e-20 5.944000000000001e-20 1.508e-19 0.0 89.47 0.0
S245756 331.4823 54.2908 2.544e-19 3.853e-19 6.764e-19 0.0 91.61 0.0
S245757 331.4676 54.3537 3.538e-21 7.143e-21 2.2480000000000002e-20 0.0 89.77 0.0
S245758 331.4307 54.3197 1.108e-18 1.341e-18 1.469e-18 0.0 89.8 0.0
S245759 331.4047 54.3701 2.337e-16 1.87e-16 8.466e-17 0.0 89.18 0.0
S245760 331.4355 54.3051 4.649e-19 6.178e-19 7.924e-19 0.001 90.08 0.0
S245761 331.5154 54.3361 3.6790000000000004e-21 6.792e-21 1.732e-20 0.0 91.34 0.0
S245762 331.4947 54.3304 1.573e-16 3.779e-16 1.629e-15 0.0 91.06 1.0
S245763 331.5093 54.3538 1.161e-20 2.198e-20 5.797000000000001e-20 0.0 90.79 0.0
S245764 331.4128 54.3448 1.037e-21 2.185e-21 7.472e-21 0.0 89.37 0.0
S245765 331.4692 54.3422 6.462e-17 1.252e-16 3.466e-16 0.0 90.29 0.0
S245766 331.4701 54.2952 1.035e-12 9.005e-13 4.982e-13 0.0 91.64 0.0
S245767 331.4911 54.3558 1.108e-23 3.463e-23 2.7969999999999998e-22 0.0 90.58 0.0
S245768 331.4822 54.3411 1.3480000000000002e-20 2.6040000000000002e-20 7.081000000000001e-20 0.0 90.99 0.0
S245769 331.5037 54.3216 1.481e-17 1.532e-17 1.169e-17 0.0 91.47 0.0
S245770 331.5092 54.3397 2.336e-16 1.875e-16 8.673e-17 0.0 91.63 0.0
S245771 331.504 54.3672 4.408e-17 3.982e-17 2.335e-17 0.0 90.52 0.0
S245772 331.4631 54.3186 2.064e-17 3.69e-17 8.61e-17 0.0 91.49 0.0
S245773 331.415 54.312 2.312e-17 2.198e-17 1.496e-17 0.0 89.26 0.0
S245774 331.5055 54.278 2.755e-12 2.234e-12 1.064e-12 0.0 91.39 1.0
S245775 331.4626 54.3111 9.883e-18 1.011e-17 7.454e-18 0.0 90.85 0.0
S245776 331.5331 54.3407 7.997e-21 5.423e-21 1.855e-21 0.0 91.32 0.0
S245777 331.4584 54.2747 1.725e-18 2.008e-18 2.017e-18 0.0 91.25 0.0
S245778 331.4047 54.3663 4.226e-17 7.704e-17 1.925e-16 0.0 89.16 0.0
S245779 331.5221 54.3354 4.654e-17 4.247e-17 2.529e-17 0.0 91.59 1.0
S245780 331.4725 54.3724 3.177e-16 2.573e-16 1.193e-16 0.0 89.83 0.0
S245781 331.5028 54.3302 1.5239999999999998e-22 4.0419999999999996e-22 2.138e-21 0.0 90.87 0.0
S245782 331.4675 54.3201 6.552e-19 8.072e-19 8.941e-19 0.0 91.26 0.0
S245783 331.4882 54.3541 3.3240000000000003e-20 5.985e-20 1.444e-19 0.0 90.38 0.0
S245784 331.4764 54.357 1.389e-16 1.1e-16 5.243e-17 0.0 89.39 0.0
S245785 331.4274 54.3286 5.747e-17 5.272e-17 3.336e-17 0.0 89.56 0.0
S245786 331.4133 54.3405 1.5620000000000002e-20 2.8120000000000004e-20 6.856e-20 0.0 89.46 0.0
S245787 331.3987 54.3342 6.157e-21 4.32e-21 1.525e-21 0.001 89.52 0.0
S245788 331.4978 54.3316 9.312e-17 8.172e-17 4.384e-17 0.0 91.26 0.0
S245789 331.5103 54.3129 8.192e-17 7.018e-17 3.782e-17 0.0 91.47 0.0
S245790 331.4373 54.3453 6.614e-21 1.244e-20 3.1710000000000004e-20 0.0 89.33 0.0
S245791 331.416 54.3504 1.3709999999999998e-22 3.6779999999999996e-22 2.136e-21 0.0 89.28 0.0
S245792 331.4536 54.3398 5.655e-18 6.044e-18 4.977e-18 0.0 89.57 0.0
S245793 331.5296 54.3244 3.801e-17 7.778e-17 2.402e-16 0.0 91.48 0.0
S245794 331.4321 54.3503 1.765e-19 2.602e-19 4.23e-19 0.0 89.46 0.0
S245795 331.3747 54.3577 1.813e-17 1.713e-17 1.073e-17 0.0 89.19 0.0
S245796 331.4176 54.3255 1.389e-17 1.434e-17 1.083e-17 0.0 89.86 0.0
S245797 331.4993 54.3355 3.809e-24 1.448e-23 1.693e-22 0.0 91.15 0.0
S245798 331.4025 54.3549 4.416999999999999e-22 1.062e-21 4.804e-21 0.0 89.21 0.0
S245799 331.5085 54.3239 5.3199999999999996e-24 1.881e-23 1.837e-22 0.0 91.6 0.0
S245800 331.4114 54.3411 5.025e-18 5.62e-18 5.063e-18 0.0 89.44 0.0
S245801 331.5433 54.3074 8.541e-24 3.068e-23 3.1569999999999995e-22 0.0 91.56 0.0
S245802 331.4274 54.326 5.802e-16 4.312e-16 1.651e-16 0.0 89.63 0.0
S245803 331.4102 54.3348 8.92e-19 1.08e-18 1.133e-18 0.0 89.33 0.0
S245804 331.5215 54.3106 3.479e-21 7.875e-21 3.119e-20 0.0 91.49 0.0
S245805 331.4138 54.3492 2.0659999999999998e-22 4.9249999999999995e-22 2.108e-21 0.0 89.31 0.0
S245806 331.5361 54.3379 8.053e-19 1.066e-18 1.376e-18 0.0 91.22 0.0
S245807 331.5289 54.3167 4.284e-19 5.967e-19 8.541e-19 0.0 91.47 1.0
S245808 331.5104 54.3418 4.603e-20 7.494e-20 1.506e-19 0.0 91.04 0.0
S245809 331.3972 54.334 2.316e-21 5.2840000000000004e-21 2.1090000000000003e-20 0.0 89.41 0.0
S245810 331.499 54.3216 4.303e-18 4.699e-18 3.983e-18 0.0 91.33 0.0
S245811 331.4175 54.3597 4.171e-17 8.002e-17 2.314e-16 0.0 89.22 0.0
S245812 331.5263 54.3099 4.802e-17 1.007e-16 3.466e-16 0.0 91.6 1.0
S245813 331.5392 54.3165 7.269e-21 4.9870000000000004e-21 1.728e-21 0.0 91.42 0.0
S245814 331.3968 54.3373 1.671e-16 1.362e-16 6.591e-17 0.0 89.45 0.0
S245815 331.4047 54.3442 2.737e-19 3.7e-19 5.07e-19 0.0 89.39 0.0
S245816 331.3996 54.3342 2.703e-17 2.622e-17 1.824e-17 0.0 89.58 0.0
S245817 331.403 54.3555 4.297e-17 8.136e-17 2.156e-16 0.0 89.18 0.0
S245818 331.396 54.3392 5.637e-20 9.838000000000001e-20 2.131e-19 0.0 89.39 0.0
S245819 331.5413 54.302 9.85e-21 1.8930000000000002e-20 5.169e-20 0.0 91.65 0.0
S245820 331.4185 54.3644 6.017e-19 8.205e-19 1.1e-18 0.0 89.14 0.0
S245821 331.5508 54.3162 4.971e-21 1.0410000000000001e-20 3.47e-20 0.0 91.45 0.0
S245822 331.3973 54.3563 7.671e-17 1.379e-16 3.268e-16 0.0 89.15 0.0
S245823 331.5264 54.3158 4.382e-17 6.975e-17 1.316e-16 0.0 91.59 0.0
S245824 331.5283 54.3366 1.904e-23 6.495999999999999e-23 5.8759999999999995e-22 0.0 91.26 0.0
S245825 331.3995 54.3364 1.625e-21 3.69e-21 1.518e-20 0.0 89.54 0.0
S245826 331.4053 54.3456 8.535000000000001e-21 5.737e-21 1.9350000000000002e-21 0.0 89.29 0.0
S245827 331.5163 54.3117 6.029e-21 4.24e-21 1.503e-21 0.0 91.58 0.0
S245828 331.5455 54.3149 4.191e-16 3.474e-16 1.749e-16 0.0 91.54 0.0
S245829 331.3755 54.3517 2.94e-22 7.11e-22 3.3020000000000002e-21 0.0 89.27 0.0
S245830 331.5555 54.3067 1.02e-18 1.304e-18 1.525e-18 0.0 91.68 0.0
S245831 331.4042 54.3493 6.626e-21 4.594e-21 1.629e-21 0.0 89.29 0.0
S245832 331.4219 54.3459 3.924e-18 4.414e-18 4.014e-18 0.0 89.5 0.0
S245833 331.3854 54.3507 1.8549999999999999e-22 4.723e-22 2.3690000000000002e-21 0.0 89.35 0.0
S245834 331.5075 54.3152 8.192e-19 1.074e-18 1.345e-18 0.0 91.58 0.0
S245835 331.5417 54.3189 1.751e-19 2.665e-19 4.367e-19 0.0 91.43 0.0
S245836 331.5275 54.3283 1.763e-22 5.001e-22 3.184e-21 0.0 91.41 0.0
S245837 331.5215 54.3014 5.842e-20 9.396000000000001e-20 1.772e-19 0.0 91.57 0.0
S245838 331.4004 54.3519 7.853e-17 1.285e-16 2.528e-16 0.0 89.38 0.0
S245839 331.38 54.3591 5.035e-17 1.018e-16 3.169e-16 0.0 89.15 0.0
S245840 331.3757 54.3494 3.368e-18 3.781e-18 3.423e-18 0.0 89.34 0.0
S245841 331.557 54.3063 1.129e-18 1.382e-18 1.562e-18 0.0 91.56 0.0
S245842 331.5663 54.2944 1.843e-18 2.279e-18 2.569e-18 0.0 91.8 0.0
S245843 331.563 54.3151 7.446e-21 1.4370000000000002e-20 3.94e-20 0.0 91.48 0.0
S245844 331.3779 54.3524 1.296e-19 1.966e-19 3.267e-19 0.0 89.39 0.0
S245845 331.5236 54.3081 1.7780000000000003e-20 3.5310000000000003e-20 1.025e-19 0.0 91.63 0.0
S245846 331.3598 54.3509 5.979e-19 8.088e-19 1.125e-18 0.001 89.3 0.0
S245847 331.5419 54.3194 8.151e-20 1.363e-19 2.861e-19 0.0 91.36 0.0
S245848 331.3568 54.355 1.351e-16 1.15e-16 5.708e-17 0.0 89.27 0.0
S245849 331.5579 54.3162 1.153e-19 1.74e-19 2.967e-19 0.0 91.42 0.0
S245850 331.5351 54.3312 5.523e-18 5.985e-18 5.159e-18 0.0 91.32 0.0
S245851 331.3674 54.3483 1.9990000000000003e-20 3.6960000000000004e-20 9.240000000000001e-20 0.0 89.33 0.0
S245852 331.3948 54.3601 1.1449999999999998e-22 3.3719999999999995e-22 2.233e-21 0.0 89.24 0.0
S245853 331.3747 54.3436 3.83e-22 1.0060000000000001e-21 5.314e-21 0.001 89.35 0.0
S245854 331.3949 54.3507 2.228e-23 6.641e-23 4.576e-22 0.0 89.45 0.0
S245855 331.3867 54.3532 4.364e-18 4.882e-18 4.496e-18 0.0 89.34 0.0
S245856 331.5586 54.3119 2.043e-19 3.036e-19 4.83e-19 0.0 91.55 0.0
S245857 331.5473 54.3048 1.215e-18 1.521e-18 1.681e-18 0.001 91.6 0.0
S245858 331.5707 54.293 2.464e-19 3.539e-19 5.33e-19 0.0 91.53 0.0
S245859 331.556 54.331 7.407e-17 6.236e-17 3.237e-17 0.0 91.47 0.0
S245860 331.329 54.3519 4.339e-17 4.075e-17 2.647e-17 0.0 89.36 0.0
S245861 331.3587 54.3526 3.322e-23 9.788999999999999e-23 6.832999999999999e-22 0.0 89.31 0.0
S245862 331.5558 54.3136 2.991e-16 2.375e-16 1.067e-16 0.0 91.55 1.0
S245863 331.5492 54.2983 6.041e-22 1.59e-21 8.59e-21 0.0 91.59 0.0
S245864 331.3818 54.3573 1.437e-17 1.377e-17 9.34e-18 0.0 89.34 0.0
S245865 331.5513 54.3105 5.214e-17 8.101e-17 1.42e-16 0.0 91.51 0.0
S245866 331.353 54.3592 2.132e-21 4.8330000000000004e-21 1.881e-20 0.0 89.11 0.0
S245867 331.3625 54.3371 1.989e-17 1.933e-17 1.334e-17 0.0 89.29 0.0
S245868 331.3711 54.3346 1.5089999999999998e-22 4.277e-22 2.65e-21 0.0 89.36 0.0
S245869 331.3539 54.3619 7.024e-18 6.966e-18 5.024e-18 0.0 89.15 0.0
S245870 331.365 54.342 1.681e-21 3.57e-21 1.2650000000000002e-20 0.0 89.31 0.0
S245871 331.4183 54.3586 2.569e-12 1.985e-12 8.681e-13 0.0 89.28 1.0
S245872 331.3785 54.3599 7.768e-17 6.63e-17 3.501e-17 0.0 89.3 0.0
S245873 331.3344 54.3516 1.356e-21 2.926e-21 1.0190000000000001e-20 0.0 89.3 0.0
S245874 331.3758 54.3493 2.435e-12 1.743e-12 6.384e-13 0.0 89.37 0.0
S245875 331.3466 54.3496 3.099e-17 6.183e-17 1.849e-16 0.0 89.45 0.0
S245876 331.3845 54.3427 1.104e-16 9.494e-17 5.087e-17 0.0 89.29 0.0
S245877 331.3765 54.3479 1.188e-16 1.074e-16 6.177e-17 0.0 89.36 0.0
S245878 331.5612 54.2996 7.555e-17 1.602e-16 5.425e-16 0.0 91.64 0.0
S245879 331.5856 54.3121 8.689e-19 1.058e-18 1.152e-18 0.001 91.49 0.0
S245880 331.3845 54.3422 6.72e-18 6.97e-18 5.439e-18 0.0 89.41 0.0
S245881 331.5449 54.3304 8.095e-17 1.363e-16 2.975e-16 0.0 91.35 0.0
S245882 331.5872 54.2972 2.388e-17 2.323e-17 1.57e-17 0.0 91.53 0.0
S245883 331.3886 54.3501 6.804e-20 1.071e-19 1.997e-19 0.0 89.33 0.0
S245884 331.5948 54.2992 2.993e-22 7.546999999999999e-22 3.735e-21 0.0 91.66 0.0
S245885 331.3831 54.3584 1.568e-23 4.9869999999999997e-23 4.1769999999999996e-22 0.0 89.16 0.0
S245886 331.587 54.3004 1.1900000000000001e-20 2.291e-20 6.243e-20 0.0 91.6 0.0
S245887 331.563 54.3142 2.092e-17 3.514e-17 7.24e-17 0.0 91.5 0.0
S245888 331.56 54.303 3.056e-12 2.411e-12 1.096e-12 0.0 91.67 1.0
S245889 331.3398 54.36 1.624e-16 3.204e-16 9.32e-16 0.0 89.29 0.0
S245890 331.3681 54.365 4.504e-23 1.5389999999999998e-22 1.426e-21 0.0 89.3 0.0
S245891 331.3283 54.3562 4.041e-21 8.587e-21 3.035e-20 0.0 89.34 0.0
S245892 331.3392 54.3718 4.946e-17 8.285e-17 1.76e-16 0.0 89.33 0.0
S245893 331.3172 54.3641 3.162e-18 3.619e-18 3.327e-18 0.0 89.11 0.0
S245894 331.3284 54.3694 3.97e-17 6.835e-17 1.493e-16 0.0 89.25 0.0
S245895 331.3509 54.3559 5.754999999999999e-22 1.447e-21 7.039e-21 0.0 89.36 0.0
S245896 331.5841 54.3144 8.904e-23 2.324e-22 1.289e-21 0.0 91.58 0.0
S245897 331.3349 54.3648 6.982e-23 2.0039999999999999e-22 1.295e-21 0.0 89.26 0.0
S245898 331.5674 54.3098 3.2459999999999995e-22 7.8079999999999995e-22 3.487e-21 0.0 91.57 0.0
S245899 331.5642 54.3325 4.798e-21 9.396e-21 2.8e-20 0.0 91.47 0.0
S245900 331.5829 54.2957 5.417e-17 8.822e-17 1.689e-16 0.0 91.64 0.0
S245901 331.5929 54.3021 3.025e-12 2.446e-12 1.153e-12 0.0 91.63 1.0
S245902 331.3244 54.3608 7.214e-21 1.3550000000000001e-20 3.534e-20 0.0 89.32 0.0
S245903 331.5931 54.3059 1.0860000000000001e-20 1.956e-20 4.8350000000000004e-20 0.0 91.58 0.0
S245904 331.5883 54.3036 6.989e-17 1.382e-16 4.1e-16 0.0 91.62 0.0
S245905 331.3124 54.35 3.672e-17 3.275e-17 1.888e-17 0.0 89.3 0.0
S245906 331.6096 54.3129 8.442e-18 9.08e-18 7.498e-18 0.0 91.46 0.0
S245907 331.6161 54.3023 2.58e-18 2.976e-18 2.907e-18 0.0 91.49 0.0
S245908 331.609 54.3044 1.7230000000000003e-20 2.8130000000000003e-20 5.3260000000000003e-20 0.0 91.66 0.0
S245909 331.3231 54.3654 4.426e-13 2.983e-13 9.697e-14 0.0 89.3 0.0
S245910 331.2872 54.3646 4.19e-18 4.421e-18 3.607e-18 0.0 89.43 0.0
S245911 331.3313 54.3486 1.629e-18 1.969e-18 2.083e-18 0.0 89.33 0.0
S245912 331.5755 54.2907 1.484e-20 2.734e-20 7.038e-20 0.0 91.67 0.0
S245913 331.3208 54.37 7.588e-20 1.231e-19 2.388e-19 0.0 89.32 0.0
S245914 331.5925 54.2884 8.721999999999999e-24 3.072e-23 3.156e-22 0.0 91.84 0.0
S245915 331.6112 54.2987 3.896e-18 4.464e-18 4.175e-18 0.0 91.6 0.0
S245916 331.3685 54.3562 4.557e-21 3.3020000000000002e-21 1.225e-21 0.0 89.24 0.0
S245917 331.6381 54.2918 6.352e-21 4.442e-21 1.59e-21 0.0 91.69 0.0
S245918 331.6044 54.3121 9.35e-17 8.029e-17 4.252e-17 0.0 91.69 0.0
S245919 331.2986 54.3751 8.342000000000001e-20 1.307e-19 2.472e-19 0.001 89.17 0.0
S245920 331.3039 54.3555 7.526000000000001e-20 1.191e-19 2.247e-19 0.0 89.38 0.0
S245921 331.3145 54.3577 5.395e-17 7.698e-17 1.133e-16 0.0 89.29 0.0
S245922 331.6175 54.3081 2.785e-18 3.317e-18 3.437e-18 0.0 91.45 0.0
S245923 331.3053 54.3537 1.717e-12 1.256e-12 4.878e-13 0.0 89.39 0.0
S245924 331.6344 54.3003 2.453e-24 9.648e-24 1.161e-22 0.0 91.54 0.0
S245925 331.3287 54.3737 2.2230000000000003e-20 4.1710000000000005e-20 1.101e-19 0.0 89.37 0.0
S245926 331.5839 54.2997 7.996e-17 7.217e-17 4.38e-17 0.0 91.77 0.0
S245927 331.3047 54.3568 8.035e-19 9.881e-19 1.091e-18 0.0 89.2 0.0
S245928 331.6206 54.3075 2.26e-21 4.605e-21 1.432e-20 0.0 91.59 0.0
S245929 331.6064 54.3028 9.278e-17 1.52e-16 2.959e-16 0.0 91.54 0.0
S245930 331.6237 54.2927 1.66e-17 1.761e-17 1.439e-17 0.0 91.73 0.0
S245931 331.2917 54.3683 3.301e-17 3.019e-17 1.812e-17 0.0 89.25 0.0
S245932 331.6222 54.2885 1.432e-17 1.521e-17 1.208e-17 0.0 91.54 0.0
S245933 331.6199 54.3027 7.252e-18 7.618e-18 5.81e-18 0.0 91.64 0.0
S245934 331.2951 54.3691 2.728e-21 5.723e-21 1.8900000000000002e-20 0.001 89.31 0.0
S245935 331.6317 54.2963 3.0939999999999997e-22 7.676e-22 3.8e-21 0.0 91.58 0.0
S245936 331.6123 54.3071 1.23e-19 1.829e-19 3.042e-19 0.0 91.68 0.0
S245937 331.3037 54.37 6.163e-21 4.296e-21 1.549e-21 0.0 89.38 0.0
S245938 331.3005 54.3618 1.256e-16 3.214e-16 1.632e-15 0.0 89.23 1.0
S245939 331.3029 54.361 2.081e-17 2.017e-17 1.373e-17 0.0 89.31 0.0
S245940 331.6321 54.2985 2.915e-15 2.064e-15 7.652e-16 0.0 91.52 0.0
S245941 331.6204 54.3023 7.589e-16 6.046e-16 2.818e-16 0.0 91.54 0.0
S245942 331.2896 54.3734 1.546e-12 1.148e-12 4.496e-13 0.0 89.18 0.0
S245943 331.6269 54.2919 5.329e-16 3.994e-16 1.599e-16 0.0 91.62 0.0
S245944 331.6286 54.2918 4.82e-17 4.242e-17 2.303e-17 0.0 91.82 0.0
S245945 331.6379 54.2868 5.394e-15 3.785e-15 1.343e-15 0.0 91.56 0.0
S245946 331.2927 54.3768 1.581e-16 1.33e-16 6.72e-17 0.0 89.28 0.0
S245947 331.6362 54.2827 1.778e-15 1.317e-15 5.276e-16 0.0 91.7 0.0
S245948 331.2997 54.3811 8.222e-16 6.413e-16 2.823e-16 0.0 89.2 1.0
S245949 331.6369 54.2792 4.317e-19 5.734e-19 7.739e-19 0.0 91.67 0.0
S245950 331.2954 54.3867 4.743e-17 9.394e-17 2.833e-16 0.0 89.29 0.0
S245951 331.6318 54.2753 7.269e-17 6.327e-17 3.496e-17 0.0 91.81 0.0
S245952 331.2889 54.3973 3.317e-16 2.739e-16 1.354e-16 0.0 89.02 0.0
S245953 331.2802 54.3994 1.238e-12 8.771e-13 3.207e-13 0.0 89.07 0.0
S245954 331.6281 54.2642 5.494e-15 3.861e-15 1.36e-15 0.0 91.6 0.0
S245955 331.6389 54.26 1.889e-16 1.621e-16 8.337e-17 0.0 91.68 0.0
S245956 331.2948 54.4044 1.048e-15 7.613e-16 2.806e-16 0.0 89.03 0.0
S245957 331.636 54.2575 1.181e-16 1.006e-16 5.416e-17 0.0 91.77 0.0
S245958 331.6402 54.2532 2.688e-15 1.899e-15 6.858e-16 0.0 91.84 0.0
S245959 331.2952 54.4167 6.355e-17 5.741e-17 3.445e-17 0.0 88.99 0.0
S245960 331.2982 54.4205 3.319e-17 3.236e-17 2.165e-17 0.0 88.92 0.0
S245961 331.6265 54.2487 1.855e-15 1.301e-15 4.555e-16 0.0 91.76 0.0
S245962 331.6413 54.2319 1.475e-15 1.08e-15 4.338e-16 0.0 91.85 0.0
S245963 331.6404 54.235 1.265e-15 9.365e-16 3.613e-16 0.0 91.76 0.0
S245964 331.3091 54.4304 4.115e-17 7.369e-17 1.727e-16 0.0 89.15 0.0
S245965 331.6325 54.2288 9.931e-16 7.4e-16 2.98e-16 0.0 91.81 0.0
S245966 331.2923 54.4459 1.339e-15 9.81e-16 3.855e-16 0.0 89.12 0.0
S245967 331.2992 54.4422 1.211e-16 1.031e-16 5.329e-17 0.0 89.02 0.0
S245968 331.2991 54.4432 2.405e-12 1.918e-12 9.042e-13 0.0 88.95 1.0
S245969 331.3018 54.4454 1.453e-20 2.6890000000000003e-20 6.935e-20 0.0 89.05 0.0
S245970 331.3187 54.4496 2.274e-14 1.581e-14 5.485e-15 0.0 89.26 0.0
S245971 331.6428 54.2136 5.679e-17 5.152e-17 2.981e-17 0.0 91.85 0.0
S245972 331.2963 54.461 4.032e-17 3.758e-17 2.275e-17 0.0 89.15 0.0
S245973 331.3039 54.4595 2.029e-16 1.628e-16 7.741e-17 0.0 89.15 0.0
S245974 331.3178 54.4694 3.137e-15 2.176e-15 7.705e-16 0.0 89.01 0.0
S245975 331.6151 54.2024 3.011e-16 6.733e-16 2.619e-15 0.0 91.69 1.0
S245976 331.331 54.4569 7.205e-16 5.38e-16 2.142e-16 0.0 89.22 0.0
S245977 331.3252 54.4707 3.845e-16 3.06e-16 1.407e-16 0.0 89.3 1.0
S245978 331.6007 54.1921 8.462e-16 6.28e-16 2.469e-16 0.0 91.81 0.0
S245979 331.6003 54.1879 1.475e-16 1.163e-16 5.355e-17 0.0 91.72 0.0
S245980 331.5963 54.1847 2.639e-18 3.018e-18 2.969e-18 0.0 91.71 0.0
S245981 331.5931 54.1841 9.916e-17 8.153e-17 3.943e-17 0.0 91.67 0.0
S245982 331.5922 54.1831 3.383e-17 3.091e-17 1.878e-17 0.0 91.79 0.0
S245983 331.3526 54.4922 1.996e-16 1.757e-16 1.006e-16 0.0 89.12 0.0
S245984 331.5848 54.1724 2.324e-17 4.635e-17 1.338e-16 0.0 91.76 0.0
S245985 331.5816 54.1816 5.751e-15 4.058e-15 1.469e-15 0.0 91.74 0.0
S245986 331.5682 54.1728 5.144e-18 5.551e-18 4.777e-18 0.0 91.58 0.0
S245987 331.3643 54.4996 5.417e-21 3.797e-21 1.354e-21 0.001 89.19 0.0
S245988 331.3712 54.4893 5.641e-16 4.406e-16 1.886e-16 0.0 89.2 1.0
S245989 331.5538 54.1731 2.488e-12 1.732e-12 6.117e-13 0.001 91.6 0.0
S245990 331.3858 54.4957 3.251e-16 2.606e-16 1.202e-16 0.0 89.4 0.0
S245991 331.5351 54.1694 2.619e-17 2.589e-17 1.888e-17 0.0 91.41 0.0
S245992 331.3996 54.502 1.586e-14 1.032e-14 3.204e-15 0.0 89.42 0.0
S245993 331.4042 54.5012 1.584e-16 1.355e-16 7.093e-17 0.0 89.36 0.0
S245994 331.5212 54.1656 8.641e-16 6.563e-16 2.732e-16 0.0 91.45 1.0
S245995 331.5081 54.1615 4.442e-16 3.574e-16 1.637e-16 0.0 91.3 0.0
S245996 331.5054 54.1693 8.567e-16 6.475e-16 2.641e-16 0.0 91.38 0.0
S245997 331.4962 54.1672 2.111e-12 1.564e-12 6.256e-13 0.0 91.31 0.0
S245998 331.4377 54.4942 7.238e-15 5.096e-15 1.845e-15 0.0 89.61 0.0
S245999 331.4491 54.5077 4.088e-16 3.11e-16 1.272e-16 0.0 89.7 1.0
S246000 331.4601 54.4994 2.816e-15 2.046e-15 7.545e-16 0.0 89.63 0.0
S246001 331.4624 54.1667 5.694e-16 4.345e-16 1.87e-16 0.0 91.2 1.0
S246002 331.456 54.1736 8.895e-15 6.159e-15 2.187e-15 0.0 91.05 0.0
S246003 331.4458 54.1761 6.418e-17 1.017e-16 1.877e-16 0.0 90.96 0.0
S246004 331.4934 54.493 1.961e-15 1.441e-15 5.608e-16 0.0 89.87 0.0
S246005 331.4266 54.163 2.333e-15 1.706e-15 6.61e-16 0.0 91.01 0.0
S246006 331.5132 54.4923 6.511e-19 8.099e-19 9.291e-19 0.0 89.92 0.0
S246007 331.5196 54.4975 7.546e-17 1.453e-16 4.016e-16 0.0 90.02 0.0
S246008 331.3958 54.1776 1.098e-19 1.659e-19 2.761e-19 0.001 90.85 0.0
S246009 331.5408 54.4807 1.543e-15 1.164e-15 4.963e-16 0.0 90.13 1.0
S246010 331.5558 54.4831 7.61e-15 5.342e-15 1.868e-15 0.0 90.23 0.0
S246011 331.5655 54.4731 1.201e-15 9.045e-16 3.811e-16 0.0 90.33 1.0
S246012 331.3519 54.1895 2.176e-16 1.722e-16 7.842e-17 0.0 90.55 0.0
S246013 331.5849 54.4678 2.312e-17 2.13e-17 1.343e-17 0.0 90.28 0.0
S246014 331.3036 54.385 5.829e-21 4.093e-21 1.485e-21 0.0 89.16 0.0
S246015 331.6163 54.2766 3.662e-16 3.051e-16 1.53e-16 0.0 91.81 0.0
S246016 331.2961 54.3872 1.306e-16 1.116e-16 5.946e-17 0.0 89.18 0.0
S246017 331.6256 54.2784 6.023e-18 6.941e-18 6.56e-18 0.0 91.71 0.0
S246018 331.3093 54.388 3.639e-24 1.454e-23 1.7959999999999999e-22 0.0 89.19 0.0
S246019 331.3195 54.3903 4.622e-19 5.931e-19 7.119e-19 0.0 89.13 0.0
S246020 331.6184 54.274 9.352000000000001e-20 1.471e-19 2.808e-19 0.0 91.74 0.0
S246021 331.3099 54.4026 9.083e-19 1.215e-18 1.571e-18 0.0 89.11 0.0
S246022 331.6531 54.2593 6.471e-17 5.962e-17 3.769e-17 0.0 91.86 0.0
S246023 331.2901 54.4114 8.123e-17 1.285e-16 2.33e-16 0.0 89.06 0.0
S246024 331.6387 54.2503 4.186e-19 5.895e-19 8.755e-19 0.0 91.73 0.0
S246025 331.6206 54.251 1.126e-16 9.381e-17 4.792e-17 0.0 91.82 0.0
S246026 331.6091 54.2669 1.215e-21 2.753e-21 1.056e-20 0.0 91.73 0.0
S246027 331.6073 54.255 1.22e-16 1.054e-16 5.579e-17 0.0 91.75 0.0
S246028 331.287 54.4267 3.764e-18 4.189e-18 3.747e-18 0.0 89.19 0.0
S246029 331.3025 54.4268 1.479e-15 1.119e-15 4.586e-16 0.0 89.18 1.0
S246030 331.3271 54.4167 2.713e-21 5.542e-21 1.742e-20 0.0 89.09 0.0
S246031 331.3164 54.4273 3.045e-17 5.612e-17 1.456e-16 0.0 89.07 0.0
S246032 331.2874 54.4333 8.741e-17 1.692e-16 4.874e-16 0.0 89.0 0.0
S246033 331.6296 54.2324 3.471e-15 2.497e-15 9.742e-16 0.0 91.77 0.0
S246034 331.2785 54.4426 9.757e-17 1.557e-16 3.069e-16 0.0 89.2 0.0
S246035 331.6274 54.2241 5.1629999999999995e-22 1.257e-21 5.65e-21 0.0 91.82 0.0
S246036 331.6018 54.2315 3.274e-15 2.342e-15 8.673e-16 0.0 91.78 0.0
S246037 331.3139 54.4418 4.898e-14 3.209e-14 1.004e-14 0.0 89.19 0.0
S246038 331.6435 54.221 4.959e-17 9.325e-17 2.428e-16 0.0 91.79 0.0
S246039 331.3232 54.4566 4.713999999999999e-22 1.034e-21 3.677e-21 0.0 88.98 0.0
S246040 331.3276 54.4468 9.214e-17 1.551e-16 3.294e-16 0.0 89.03 0.0
S246041 331.319 54.451 8.105e-19 1.012e-18 1.158e-18 0.0 88.98 0.0
S246042 331.3263 54.4468 3.649e-24 1.692e-23 2.9729999999999996e-22 0.0 88.93 0.0
S246043 331.6196 54.2049 1.323e-16 1.115e-16 5.647e-17 0.0 91.83 0.0
S246044 331.6034 54.1935 1.297e-17 1.306e-17 9.585e-18 0.0 91.82 0.0
S246045 331.3488 54.4588 1.938e-18 2.391e-18 2.67e-18 0.0 89.07 0.0
S246046 331.5997 54.2038 1.329e-21 3.119e-21 1.3340000000000002e-20 0.0 91.75 0.0
S246047 331.612 54.1935 2.013e-17 1.928e-17 1.327e-17 0.0 91.68 0.0
S246048 331.3327 54.4666 9.807e-17 8.064e-17 3.986e-17 0.0 89.2 0.0
S246049 331.3365 54.4596 3.187e-17 2.955e-17 1.854e-17 0.0 88.95 0.0
S246050 331.3618 54.4672 7.814e-16 5.747e-16 2.236e-16 0.0 89.11 0.0
S246051 331.5822 54.1899 2.8479999999999996e-23 8.621e-23 6.424999999999999e-22 0.0 91.75 0.0
S246052 331.5803 54.1821 9.06e-16 7.053e-16 3.228e-16 0.001 91.7 1.0
S246053 331.3418 54.4592 6.634e-21 4.6190000000000004e-21 1.631e-21 0.0 89.09 0.0
S246054 331.3597 54.5007 1.347e-15 1.007e-15 4.074e-16 0.0 89.15 0.0
S246055 331.5582 54.1699 1.085e-20 7.191e-21 2.185e-21 0.0 91.57 0.0
S246056 331.3829 54.4815 4.65e-13 3.06e-13 9.856e-14 0.0 89.37 0.0
S246057 331.3727 54.4802 2.2270000000000003e-20 3.8950000000000005e-20 9.139000000000001e-20 0.0 89.4 0.0
S246058 331.3908 54.4844 3.366e-18 3.729e-18 3.314e-18 0.0 89.39 0.0
S246059 331.5488 54.1917 7.448e-16 5.601e-16 2.374e-16 0.0 91.43 1.0
S246060 331.4019 54.4869 3.924e-19 5.107e-19 6.279e-19 0.0 89.38 0.0
S246061 331.5393 54.1685 3.474e-16 2.721e-16 1.211e-16 0.0 91.5 0.0
S246062 331.5168 54.1796 2.107e-18 2.4e-18 2.237e-18 0.0 91.42 0.0
S246063 331.4136 54.5044 2.713e-18 3.155e-18 3.209e-18 0.0 89.53 0.0
S246064 331.4122 54.4919 7.465e-16 5.472e-16 2.117e-16 0.0 89.47 0.0
S246065 331.508 54.1828 2.238e-15 1.732e-15 7.283e-16 0.0 91.41 0.0
S246066 331.4208 54.5182 5.930999999999999e-22 1.429e-21 6.4140000000000004e-21 0.0 89.56 0.0
S246067 331.4408 54.4808 1.463e-21 3.33e-21 1.2900000000000001e-20 0.0 89.59 0.0
S246068 331.4403 54.479 2.387e-19 3.521e-19 5.52e-19 0.0 89.51 0.0
S246069 331.4798 54.1731 4.485e-20 7.314e-20 1.448e-19 0.0 91.19 0.0
S246070 331.4727 54.1975 2.6620000000000003e-20 4.4880000000000006e-20 9.911000000000001e-20 0.0 91.19 0.0
S246071 331.4635 54.4831 3.2019999999999995e-22 8.142999999999999e-22 4.12e-21 0.0 89.81 0.0
S246072 331.456 54.1601 7.308e-17 1.316e-16 3.264e-16 0.0 91.15 0.0
S246073 331.4774 54.4914 1.898e-19 2.61e-19 3.679e-19 0.0 89.81 0.0
S246074 331.4384 54.1642 1.103e-16 9.167e-17 4.473e-17 0.0 90.98 0.0
S246075 331.4328 54.1692 8.381e-17 7.472e-17 4.344e-17 0.0 91.11 0.0
S246076 331.4298 54.1643 1.966e-16 4.845e-16 2.293e-15 0.0 90.91 1.0
S246077 331.4166 54.164 1.3390000000000002e-20 2.436e-20 6.050000000000001e-20 0.0 90.95 0.0
S246078 331.5278 54.4966 1.343e-17 1.329e-17 9.5e-18 0.0 90.1 0.0
S246079 331.4116 54.1824 2.943e-17 2.741e-17 1.693e-17 0.0 90.88 0.0
S246080 331.537 54.4928 6.301e-17 5.61e-17 3.312e-17 0.0 89.87 0.0
S246081 331.5574 54.5012 1.628e-16 1.392e-16 7.318e-17 0.0 90.22 0.0
S246082 331.5602 54.4732 5.237e-17 4.872e-17 3.091e-17 0.0 90.32 0.0
S246083 331.5591 54.4602 6.499e-16 4.953e-16 2.093e-16 0.0 90.34 1.0
S246084 331.5808 54.4761 5.565e-17 1.012e-16 2.557e-16 0.0 90.52 0.0
S246085 331.5891 54.467 3.644e-23 1.106e-22 7.848999999999999e-22 0.0 90.55 0.0
S246086 331.6054 54.4663 1.017e-18 1.281e-18 1.555e-18 0.0 90.46 0.0
S246087 331.614 54.4309 1.588e-17 1.577e-17 1.166e-17 0.0 90.49 0.0
S246088 331.6139 54.4596 3.435e-17 3.225e-17 2.051e-17 0.0 90.47 0.0
S246089 331.6404 54.4372 1.426e-16 1.179e-16 5.757e-17 0.0 90.71 0.0
