Name Equatorial Polar BlueF GreenF RedF Parallax RadialVelocity Variable?
S240752 342.7449 120.0254 1.553e-19 2.078e-19 2.675e-19 0.0 110.45 0.0
S240753 342.7504 119.9444 1.897e-24 7.472e-24 9.072999999999999e-23 0.0 113.55 0.0
S240754 342.7725 119.9946 2.003e-18 2.284e-18 2.161e-18 0.0 112.81 0.0
S240755 342.7423 119.9987 1.264e-21 2.511e-21 7.454000000000001e-21 0.0 112.67 0.0
S240756 342.743 120.0091 2.196e-22 5.591999999999999e-22 2.808e-21 0.0 111.67 1.0
S240757 342.7591 120.0036 7.719e-22 1.525e-21 4.554e-21 0.0 112.39 0.0
S240758 342.7387 120.011 1.479e-21 2.751e-21 7.123e-21 0.0 110.58 0.0
S240759 342.7552 119.981 8.106000000000001e-20 1.279e-19 2.375e-19 0.0 114.07 0.0
S240760 342.7428 120.0019 1.76e-22 4.363e-22 2.049e-21 0.0 111.26 0.0
S240761 342.7347 120.0138 1.153e-17 2.369e-17 7.691e-17 0.0 111.6 0.0
S240762 342.7264 120.0492 1.0210000000000001e-21 2.142e-21 7.19e-21 0.0 110.27 0.0
S240763 342.7148 120.0033 1.514e-19 2.016e-19 2.691e-19 0.0 112.0 0.0
S240764 342.7254 120.0375 6.89e-20 1.021e-19 1.677e-19 0.0 110.63 0.0
S240765 342.7434 119.9632 2.251e-22 5.067999999999999e-22 1.904e-21 0.0 113.42 0.0
S240766 342.7458 119.9905 1.034e-17 1.856e-17 4.422e-17 0.0 113.2 0.0
S240767 342.7501 119.9852 1.038e-21 2.15e-21 7.216000000000001e-21 0.0 113.29 0.0
S240768 342.7622 120.0042 4.44e-23 1.073e-22 4.907999999999999e-22 0.0 114.11 0.0
S240769 342.7242 120.0286 1.0889999999999998e-22 2.9659999999999996e-22 1.724e-21 0.0 111.08 0.0
S240770 342.7482 119.9778 2.4609999999999998e-23 7.45e-23 5.115999999999999e-22 0.0 113.52 0.0
S240771 342.7285 120.0299 1.926e-18 2.137e-18 1.939e-18 0.0 110.55 0.0
S240772 342.7709 119.9919 1.633e-24 5.904e-24 6.067e-23 0.0 112.79 0.0
S240773 342.771 119.9671 7.559999999999999e-24 2.288e-23 1.6509999999999999e-22 0.0 114.23 0.0
S240774 342.7221 119.972 1.51e-17 1.386e-17 8.572e-18 0.0 112.62 0.0
S240775 342.7716 119.9834 4.303e-21 8.241e-21 2.343e-20 0.0 113.54 0.0
S240776 342.738 120.0085 1.0899999999999999e-22 2.7269999999999996e-22 1.3180000000000001e-21 0.0 111.13 0.0
S240777 342.7647 119.9822 2.719e-24 1.0899999999999999e-23 1.4429999999999999e-22 0.0 113.99 0.0
S240778 342.7416 120.0047 6.796e-18 6.726e-18 4.715e-18 0.0 110.69 0.0
S240779 342.7823 119.7873 8.753e-23 2.4819999999999996e-22 1.499e-21 0.0 114.05 0.0
S240780 342.7606 120.0016 4.7050000000000003e-20 7.337e-20 1.278e-19 0.0 113.33 0.0
S240781 342.8095 119.8806 1.636e-20 2.7580000000000003e-20 5.683e-20 0.0 114.28 0.0
S240782 342.7495 120.0245 2.241e-21 1.571e-21 5.704999999999999e-22 0.0 110.51 0.0
S240783 342.7513 119.9868 2.86e-23 8.592e-23 5.930999999999999e-22 0.0 113.95 0.0
S240784 342.7793 119.9823 1.6610000000000003e-20 2.753e-20 5.875e-20 0.0 113.21 0.0
S240785 342.7634 119.981 2.4679999999999996e-22 6.449999999999999e-22 3.497e-21 0.0 113.98 0.0
S240786 342.7595 120.0039 2.333e-23 7.19e-23 5.403e-22 0.0 112.41 0.0
S240787 342.7417 120.0172 6.657999999999999e-22 1.451e-21 5.258e-21 0.0 110.85 0.0
S240788 342.803 119.929 3.993e-23 1.1629999999999998e-22 7.945e-22 0.0 113.95 0.0
S240789 342.7567 119.9972 2.738e-22 6.023999999999999e-22 2.16e-21 0.0 114.03 0.0
S240790 342.7765 120.0489 2.833e-17 2.483e-17 1.389e-17 0.0 111.62 0.0
S240791 342.7386 120.004 1.912e-19 2.438e-19 2.979e-19 0.0 112.02 0.0
S240792 342.7635 120.0073 6.026e-22 1.337e-21 4.977e-21 0.0 112.2 0.0
S240793 342.7465 120.0139 2.694e-28 2.684e-27 2.26e-25 0.0 110.85 0.0
S240794 342.7772 119.9792 4.382e-21 7.736e-21 1.843e-20 0.0 113.32 0.0
S240795 342.7502 120.0162 1.0030000000000001e-21 2.1370000000000002e-21 7.467e-21 0.0 110.71 0.0
S240796 342.7662 119.9707 2.785e-22 6.204e-22 2.495e-21 0.0 114.1 0.0
S240797 342.7671 119.9974 1.148e-18 1.283e-18 1.155e-18 0.0 112.61 0.0
S240798 342.7787 119.9657 4.455e-17 7.542e-17 1.64e-16 0.0 113.74 0.0
S240799 342.816 119.9444 1.275e-21 2.445e-21 6.898e-21 0.0 113.42 0.0
S240800 342.7389 120.1425 7.384e-23 2.0169999999999998e-22 1.169e-21 0.0 110.65 0.0
S240801 342.7919 119.8507 1.0249999999999999e-22 2.7939999999999996e-22 1.555e-21 0.0 114.38 0.0
S240802 342.7509 120.0939 6.937e-24 2.38e-23 2.2689999999999997e-22 0.0 110.78 0.0
S240803 342.7508 120.0021 6.561e-19 7.539e-19 7.469e-19 0.0 112.44 0.0
S240804 342.6835 120.0854 1.738e-18 2e-18 1.963e-18 0.0 110.63 0.0
S240805 342.7632 119.9593 6.46e-23 1.5609999999999998e-22 7.206999999999999e-22 0.001 114.23 0.0
S240806 342.7664 120.0135 1.359e-20 2.3610000000000003e-20 5.3380000000000005e-20 0.0 112.04 0.0
S240807 342.7482 120.0083 2.527e-18 2.669e-18 2.119e-18 0.0 110.1 0.0
S240808 342.7537 119.9951 9.667e-21 1.7650000000000002e-20 4.5370000000000005e-20 0.0 113.55 0.0
S240809 342.7956 119.9606 2.57e-21 5.05e-21 1.504e-20 0.0 113.64 0.0
S240810 342.6877 120.1513 5.3560000000000004e-21 9.74e-21 2.5380000000000002e-20 0.0 109.99 0.0
S240811 342.7567 119.9707 1.689e-19 2.283e-19 3.082e-19 0.0 114.14 0.0
S240812 342.7463 120.0339 4.562e-21 8.901e-21 2.5540000000000003e-20 0.0 110.94 0.0
S240813 342.7496 119.9877 2.176e-22 4.814e-22 1.829e-21 0.0 113.83 0.0
S240814 342.7648 119.9627 4.977e-18 5.012e-18 3.697e-18 0.0 114.05 0.0
S240815 342.7529 119.9972 7.67e-18 7.436e-18 5.066e-18 0.0 113.26 0.0
S240816 342.7702 120.0091 9.062e-23 2.196e-22 9.619e-22 0.0 112.15 1.0
S240817 342.7773 119.9627 4.705e-23 1.1899999999999998e-22 5.808e-22 0.0 114.16 0.0
S240818 342.7444 119.9269 8.731999999999999e-23 2.4919999999999997e-22 1.612e-21 0.0 113.53 0.0
S240819 342.8025 119.9137 1.358e-22 3.3289999999999996e-22 1.495e-21 0.0 114.01 0.0
S240820 342.7484 120.0173 3.72e-21 2.448e-21 7.9559999999999995e-22 0.0 110.52 0.0
S240821 342.7643 119.9937 3.486e-23 9.338e-23 5.113999999999999e-22 0.0 113.78 0.0
S240822 342.7446 120.0102 2.5859999999999998e-23 7.292999999999999e-23 4.595999999999999e-22 0.0 110.33 0.0
S240823 342.7526 120.0269 2.911e-18 3.009e-18 2.391e-18 0.0 111.37 0.0
S240824 342.76 119.947 2.007e-19 2.608e-19 3.177e-19 0.0 114.11 0.0
S240825 342.7384 120.0579 1.311e-25 6.491e-25 1.3689999999999998e-23 0.0 110.37 0.0
S240826 342.762 120.0224 2.272e-21 1.603e-21 5.805e-22 0.0 111.76 0.0
S240827 342.7398 120.0064 2.797e-23 7.177999999999999e-23 3.7299999999999996e-22 0.0 111.75 0.0
S240828 342.6756 120.0488 6.16e-22 1.466e-21 6.24e-21 0.0 111.36 0.0
S240829 342.9037 119.7272 2.007e-19 2.688e-19 3.573e-19 0.0 114.05 0.0
S240830 342.7526 120.0092 2.966e-17 2.556e-17 1.381e-17 0.0 110.54 0.0
S240831 342.7116 120.1168 1.782e-22 4.71e-22 2.486e-21 0.0 110.15 0.0
S240832 342.7586 120.0062 1.312e-17 1.214e-17 7.459e-18 0.0 112.13 0.0
S240833 342.7556 119.9836 1.9710000000000003e-20 3.195e-20 6.414e-20 0.0 114.0 0.0
S240834 342.7526 120.045 1.829e-23 5.909e-23 4.975e-22 0.0 110.88 0.0
S240835 342.753 119.9871 3.437e-20 5.1920000000000006e-20 8.733000000000001e-20 0.0 113.83 0.0
S240836 342.7346 120.0128 1.251e-19 1.77e-19 2.592e-19 0.0 111.32 0.0
S240837 342.7325 120.0006 4.1519999999999995e-22 9.872999999999999e-22 4.229e-21 0.0 112.16 0.0
S240838 342.7565 119.9747 3.548e-20 5.308000000000001e-20 8.793000000000001e-20 0.0 113.96 0.0
S240839 342.7651 120.0131 9.246e-18 8.951e-18 6.211e-18 0.0 111.99 0.0
S240840 342.7437 120.0184 5.438e-19 6.574e-19 7.103e-19 0.0 110.49 0.0
S240841 342.7564 120.0205 2.1960000000000003e-20 3.6820000000000004e-20 7.616e-20 0.0 111.16 0.0
S240842 342.7434 119.9951 4.0119999999999995e-22 8.881e-22 3.415e-21 0.0 113.46 0.0
S240843 342.7225 120.0812 4.828e-18 4.753e-18 3.214e-18 0.0 110.13 0.0
S240844 342.7747 119.9864 2.065e-21 4.175e-21 1.2660000000000001e-20 0.0 112.86 0.0
S240845 342.773 119.9686 2.377e-19 3.266e-19 4.594e-19 0.0 113.61 0.0
S240846 342.7523 120.0256 7.76e-24 2.4399999999999999e-23 1.8979999999999998e-22 0.001 110.69 0.0
S240847 342.7413 120.0086 2.511e-18 2.795e-18 2.435e-18 0.0 110.34 0.0
S240848 342.7255 120.0663 4.936e-21 9.443e-21 2.5820000000000003e-20 0.0 110.09 0.0
S240849 342.7549 120.01 2.0139999999999998e-23 5.591999999999999e-23 3.3299999999999996e-22 0.0 110.5 0.0
S240850 342.7926 119.9272 3.127e-20 4.5660000000000004e-20 7.070000000000001e-20 0.0 114.07 0.0
S240851 342.7601 120.0114 5.558e-18 5.331e-18 3.638e-18 0.0 111.95 0.0
S240852 342.7389 120.0423 8.98e-18 8.324e-18 5.124e-18 0.0 110.52 0.0
S240853 342.7501 119.9975 1.418e-12 1.083e-12 4.608e-13 0.0 113.85 1.0
S240854 342.77 119.984 6.844e-24 2.337e-23 2.079e-22 0.0 113.27 0.0
S240855 342.7559 120.006 6.984e-13 5.041e-13 1.932e-13 0.0 111.11 0.0
S240856 342.7519 119.9869 6.449e-18 5.884e-18 3.711e-18 0.0 112.94 0.0
S240857 342.7474 120.0103 6.009e-20 9.348000000000001e-20 1.712e-19 0.0 111.37 0.0
S240858 342.7303 120.04 2.328e-21 4.154e-21 1.0260000000000001e-20 0.0 110.67 0.0
S240859 342.7429 120.0052 1.034e-26 6.956e-26 2.732e-24 0.0 110.71 0.0
S240860 342.7498 120.0052 1.117e-17 1.871e-17 3.928e-17 0.0 110.03 0.0
S240861 342.7936 119.9287 6.248e-24 1.8629999999999998e-23 1.343e-22 0.0 113.85 0.0
S240862 342.7599 120.0101 1.562e-22 4.1409999999999997e-22 2.284e-21 0.0 111.73 0.0
S240863 342.7553 119.9887 7.326e-23 2.0769999999999998e-22 1.286e-21 0.0 113.9 0.0
S240864 342.7565 119.9951 2.55e-20 4.023e-20 7.083000000000001e-20 0.0 114.08 0.0
S240865 342.7361 120.0541 4.032e-19 5.032e-19 5.548e-19 0.0 110.2 0.0
S240866 342.7515 120.0111 1.163e-24 4.2959999999999996e-24 4.742e-23 0.0 111.4 0.0
S240867 342.762 120.0502 5.437999999999999e-22 1.206e-21 4.528e-21 0.0 111.17 0.0
S240868 342.7661 119.936 5.507999999999999e-23 1.395e-22 7.0349999999999995e-22 0.0 114.21 0.0
S240869 342.7553 119.9787 2.51e-21 1.753e-21 6.12e-22 0.0 113.44 0.0
S240870 342.7876 119.9271 3.9819999999999995e-23 1.109e-22 6.809999999999999e-22 0.0 114.32 0.0
S240871 342.7485 120.0104 2.099e-18 2.261e-18 1.859e-18 0.0 111.06 0.0
S240872 342.7511 120.0067 2.071e-21 1.481e-21 5.45e-22 0.0 111.25 0.0
S240873 342.7157 119.9686 5.379e-18 5.519e-18 4.03e-18 0.0 112.66 0.0
S240874 342.7634 120.0064 1.0709999999999999e-24 3.974e-24 4.3719999999999995e-23 0.0 112.24 0.0
S240875 342.7581 120.0018 1.941e-22 4.54e-22 1.973e-21 0.0 112.43 0.0
S240876 342.7499 119.9416 1.972e-19 2.644e-19 3.537e-19 0.0 113.76 0.0
S240877 342.7593 119.984 3.094e-24 1.109e-23 1.118e-22 0.0 113.38 0.0
S240878 342.7522 119.9933 1.457e-18 1.614e-18 1.448e-18 0.0 113.54 0.0
S240879 342.7513 119.9843 5.872000000000001e-20 8.180000000000001e-20 1.215e-19 0.0 113.22 0.0
S240880 342.7465 119.9973 6.902e-22 1.536e-21 5.601e-21 0.0 112.4 0.0
S240881 342.7491 120.0036 1.5639999999999998e-22 3.3079999999999997e-22 1.143e-21 0.0 109.25 0.0
S240882 342.7554 120.0238 8.271e-21 1.5100000000000002e-20 3.6880000000000005e-20 0.0 111.3 0.0
S240883 342.7453 119.9879 1.263e-21 2.688e-21 9.069e-21 0.0 112.93 0.0
S240884 342.7505 120.0005 6.226999999999999e-22 1.492e-21 6.769e-21 0.0 115.29 0.0
S240885 342.749 119.983 1.9059999999999998e-22 4.735e-22 2.276e-21 0.0 114.01 0.0
S240886 342.7357 120.0147 1.1889999999999999e-23 3.315e-23 1.99e-22 0.0 110.6 0.0
S240887 342.7371 120.0138 4.3770000000000006e-20 6.666e-20 1.145e-19 0.0 111.54 0.0
S240888 342.7134 120.0993 2.126e-21 4.362e-21 1.3990000000000002e-20 0.0 110.22 0.0
S240889 342.7906 119.9636 9.084e-25 3.606e-24 4.592e-23 0.0 113.44 0.0
S240890 342.727 119.9984 7.049e-21 1.249e-20 2.8470000000000004e-20 0.0 112.16 0.0
S240891 342.7414 120.0275 2.4389999999999997e-22 6.008999999999999e-22 2.847e-21 0.0 110.73 0.0
S240892 342.7485 120.0114 1.662e-21 3.334e-21 9.761e-21 0.0 110.33 0.0
S240893 342.7557 120.0222 2.117e-24 7.903e-24 8.849e-23 0.0 111.16 0.0
S240894 342.7442 120.0141 5.029e-19 6.213e-19 6.597e-19 0.0 110.79 0.0
S240895 342.7416 120.0166 7.116000000000001e-20 1.057e-19 1.731e-19 0.0 110.91 0.0
S240896 342.7419 119.9761 2.037e-17 1.869e-17 1.168e-17 0.0 113.15 0.0
S240897 342.784 119.9724 4.454e-18 4.467e-18 3.258e-18 0.0 113.47 0.0
S240898 342.7541 120.0 8.749999999999999e-22 1.875e-21 6.67e-21 0.0 114.63 0.0
S240899 342.7359 120.0421 2.257e-20 3.4260000000000005e-20 5.848e-20 0.0 110.27 0.0
S240900 342.7235 119.9771 1.2190000000000001e-20 2.046e-20 4.3030000000000005e-20 0.0 112.59 0.0
S240901 342.7448 120.0162 6.279e-21 1.2290000000000001e-20 3.5720000000000004e-20 0.0 110.91 0.0
S240902 342.7644 119.9455 1.82e-21 3.452e-21 9.478e-21 0.0 114.15 0.0
S240903 342.7906 119.9965 1.1880000000000001e-20 2.1160000000000003e-20 5.1320000000000004e-20 0.0 112.61 0.0
S240904 342.7488 120.0036 4.765e-21 8.545e-21 2.1440000000000003e-20 0.0 108.98 0.0
S240905 342.7516 120.0017 4.298999999999999e-22 1.026e-21 4.665e-21 0.0 113.51 0.0
S240906 342.741 120.0125 2.442e-22 6.268999999999999e-22 3.339e-21 0.0 110.43 0.0
S240907 342.7635 119.9962 3.987e-23 1.114e-22 6.924999999999999e-22 0.0 112.82 0.0
S240908 342.7447 120.105 1.3639999999999998e-22 3.697e-22 2.142e-21 0.0 110.6 0.0
S240909 342.7902 119.9745 4.009e-21 7.68e-21 2.1650000000000003e-20 0.0 113.11 0.0
S240910 342.7516 119.9986 1.14e-21 2.301e-21 7.174e-21 0.0 113.23 0.0
S240911 342.7504 119.9984 1.147e-20 1.957e-20 4.204e-20 0.0 113.68 0.0
S240912 342.7576 120.0092 2.098e-19 2.671e-19 3.198e-19 0.0 111.99 0.0
S240913 342.7483 119.9843 3.338e-18 3.521e-18 2.84e-18 0.0 113.47 0.0
S240914 342.7443 119.9891 1.707e-18 2.044e-18 2.086e-18 0.0 113.31 0.0
S240915 342.7159 120.1232 4.974e-21 9.000000000000001e-21 2.1230000000000003e-20 0.0 110.24 0.0
S240916 342.7495 120.0023 8.142999999999999e-23 2.37e-22 1.626e-21 0.0 112.35 0.0
S240917 342.7553 119.9919 9.378e-23 2.444e-22 1.316e-21 0.0 113.81 0.0
S240918 342.7845 120.068 2.165e-17 2.087e-17 1.347e-17 0.0 111.65 0.0
S240919 342.7712 119.9771 1.849e-18 2.018e-18 1.785e-18 0.0 114.12 0.0
S240920 342.777 119.9252 6.192e-22 1.296e-21 4.38e-21 0.0 114.21 0.0
S240921 342.7027 120.0653 1.458e-25 7.237000000000001e-25 1.401e-23 0.0 110.88 0.0
S240922 342.7134 119.9996 2.289e-18 2.55e-18 2.222e-18 0.0 112.11 0.0
S240923 342.8076 119.9586 7.371999999999999e-22 1.593e-21 5.7840000000000004e-21 0.0 113.3 0.0
S240924 342.7253 119.9879 6.224e-20 9.342e-20 1.587e-19 0.0 112.52 0.0
S240925 342.7511 119.9895 1.553e-19 2.12e-19 2.91e-19 0.0 113.95 0.0
S240926 342.735 120.0275 1.788e-18 1.939e-18 1.696e-18 0.0 110.35 0.0
S240927 342.7569 119.9837 2.24e-21 4.394e-21 1.3070000000000001e-20 0.0 114.01 0.0
S240928 342.7338 120.005 3.966e-18 4.093e-18 3.159e-18 0.0 111.95 0.0
S240929 342.7473 120.0161 2.1869999999999997e-22 5.446e-22 2.646e-21 0.0 110.52 0.0
S240930 342.7649 119.9713 1.457e-21 3.063e-21 1.0070000000000001e-20 0.0 114.21 0.0
S240931 342.723 120.0868 6.368999999999999e-23 1.8509999999999998e-22 1.212e-21 0.0 110.26 0.0
S240932 342.748 119.9518 5.724999999999999e-22 1.271e-21 4.65e-21 0.0 113.38 0.0
S240933 342.7569 119.9933 1.609e-19 2.255e-19 3.259e-19 0.0 113.95 0.0
S240934 342.75 120.0046 2.864e-19 3.716e-19 4.649e-19 0.0 110.86 0.0
S240935 342.7486 120.0025 6.804e-19 7.94e-19 7.914e-19 0.0 113.29 0.0
S240936 342.7653 119.9496 1.75e-17 2.976e-17 6.328e-17 0.0 114.06 0.0
S240937 342.754 120.0041 2.7140000000000003e-30 4.8209999999999996e-29 1.397e-26 0.0 110.42 0.0
S240938 342.7489 120.0031 9.168e-19 1.112e-18 1.145e-18 0.0 112.14 0.0
S240939 342.799 119.9147 6.171e-23 1.708e-22 9.939999999999999e-22 0.0 114.02 0.0
S240940 342.7152 120.0727 2.183e-18 2.439e-18 2.155e-18 0.0 110.28 0.0
S240941 342.7479 120.003 1.616e-19 2.206e-19 2.929e-19 0.0 111.44 0.0
S240942 342.7644 120.0123 3.4819999999999996e-23 9.343e-23 5.275999999999999e-22 0.0 112.04 0.0
S240943 342.7548 120.004 1.074e-16 8.883e-17 4.325e-17 0.0 114.19 0.0
S240944 342.8326 119.8069 1.262e-18 1.396e-18 1.269e-18 0.0 114.43 0.0
S240945 342.764 119.8894 2.0609999999999998e-23 5.884e-23 3.8409999999999995e-22 0.0 113.96 0.0
S240946 342.7637 120.0037 5.81e-19 6.847e-19 6.989e-19 0.0 112.47 0.0
S240947 342.7759 119.9905 5.959e-23 1.7639999999999997e-22 1.246e-21 0.0 112.82 0.0
S240948 342.764 119.941 3.022e-21 6.131e-21 1.8470000000000003e-20 0.0 114.03 0.0
S240949 342.7546 119.9733 4.644e-19 5.653e-19 6.095e-19 0.0 113.69 0.0
S240950 342.7471 120.0023 3.777e-18 3.963e-18 3.288e-18 0.0 112.19 0.0
S240951 342.751 120.0223 7.358e-23 1.645e-22 6.446999999999999e-22 0.0 110.89 0.0
S240952 342.7679 120.1175 5.0489999999999997e-23 1.38e-22 7.875999999999999e-22 0.0 111.02 0.0
S240953 342.7235 120.0607 2.308e-28 2.342e-27 2.136e-25 0.0 110.25 0.0
S240954 342.7681 119.9851 4.65e-23 1.2899999999999998e-22 7.939999999999999e-22 0.0 113.52 0.0
S240955 342.7444 119.9809 1.492e-22 3.4019999999999995e-22 1.343e-21 0.0 113.33 0.0
S240956 342.7782 120.0233 5.703e-23 1.6869999999999998e-22 1.169e-21 0.0 112.03 0.0
S240957 342.7379 120.0688 3.028e-18 3.1e-18 2.368e-18 0.0 110.49 0.0
S240958 342.7258 120.0327 3.95e-21 7.287e-21 1.8550000000000002e-20 0.0 111.3 0.0
S240959 342.7404 119.9429 3.337e-17 2.905e-17 1.593e-17 0.0 113.64 0.0
S240960 342.7499 120.006 1.213e-21 2.507e-21 8.14e-21 0.0 111.83 0.0
S240961 342.7644 120.0078 1.984e-21 3.652e-21 9.288e-21 0.0 112.22 0.0
S240962 342.7443 120.0708 8.006e-27 5.333e-26 2.003e-24 0.0 110.54 0.0
S240963 342.7149 120.0277 3.5910000000000005e-20 5.553e-20 1.012e-19 0.0 111.49 0.0
S240964 342.7379 120.0469 1.689e-19 2.302e-19 3.288e-19 0.0 110.32 0.0
S240965 342.7541 119.9943 2.884e-19 3.719e-19 4.474e-19 0.0 114.06 0.0
S240966 342.7548 120.0062 2.4549999999999997e-22 6.226999999999999e-22 3.0700000000000002e-21 0.0 112.06 0.0
S240967 342.7502 119.9902 1.51e-24 6.029e-24 7.78e-23 0.0 113.93 0.0
S240968 342.7491 119.996 1.186e-19 1.652e-19 2.372e-19 0.0 114.27 0.0
S240969 342.7438 120.1325 1.1299999999999998e-22 3.2399999999999996e-22 2.059e-21 0.0 110.6 0.0
S240970 342.7514 120.0007 1.863e-20 2.976e-20 5.684e-20 0.0 113.85 0.0
S240971 342.7626 120.0111 9.936e-20 1.331e-19 1.829e-19 0.0 111.52 0.0
S240972 342.7704 119.9522 1.086e-24 4.129e-24 4.8989999999999996e-23 0.0 114.29 0.0
S240973 342.7473 119.9936 3.6089999999999997e-23 9.728e-23 5.635999999999999e-22 0.0 112.76 0.0
S240974 342.7721 119.9295 1.419e-20 2.415e-20 5.19e-20 0.0 114.23 0.0
S240975 342.7477 120.0069 4.856e-22 1.04e-21 3.6910000000000004e-21 0.0 111.73 0.0
S240976 342.7843 119.8739 4.6420000000000004e-21 8.908e-21 2.4860000000000003e-20 0.0 114.43 0.0
S240977 342.7575 119.9597 1.316e-12 1.111e-12 5.788e-13 0.0 113.62 1.0
S240978 342.756 120.0205 1.316e-19 1.759e-19 2.326e-19 0.0 111.08 0.0
S240979 342.7613 119.9851 1.2529999999999998e-22 2.909e-22 1.186e-21 0.0 113.67 0.0
S240980 342.7442 119.9532 2.156e-23 6.371e-23 4.487e-22 0.0 113.31 0.0
S240981 342.7257 120.1145 2.402e-19 3.169e-19 3.956e-19 0.0 110.19 0.0
S240982 342.757 119.9967 1.786e-23 4.894e-23 2.807e-22 0.0 113.59 1.0
S240983 342.6834 120.1154 3.102e-21 6.373e-21 2.05e-20 0.0 110.26 0.0
S240984 342.7371 120.0032 1.6630000000000001e-21 3.484e-21 1.1550000000000001e-20 0.0 111.31 0.0
S240985 342.7532 120.0137 6.366e-19 7.671e-19 8.02e-19 0.0 111.16 0.0
S240986 342.7519 120.0188 3.986e-22 9.602999999999998e-22 4.106e-21 0.0 111.1 0.0
S240987 342.7344 119.9948 1.313e-19 1.835e-19 2.636e-19 0.0 112.37 0.0
S240988 342.7357 120.0206 1.154e-22 2.8909999999999996e-22 1.441e-21 0.0 110.82 0.0
S240989 342.7529 120.027 2.3470000000000003e-20 3.6800000000000006e-20 7.022e-20 0.0 110.66 0.0
S240990 342.7526 120.0076 4.359e-19 5.12e-19 5.198e-19 0.0 111.34 0.0
S240991 342.7483 119.9978 4.741e-17 6.791e-17 1.003e-16 0.0 112.44 0.0
S240992 342.7829 119.9077 8.232e-13 6.517e-13 2.836e-13 0.0 114.3 1.0
S240993 342.759 120.0141 3.187e-19 3.815e-19 4.002e-19 0.0 111.83 0.0
S240994 342.7456 120.0175 1.146e-22 3.0259999999999997e-22 1.621e-21 0.0 110.48 0.0
S240995 342.7502 120.0055 5.944e-21 1.0650000000000001e-20 2.5000000000000002e-20 0.0 111.27 0.0
S240996 342.7379 119.9186 3.9659999999999995e-22 8.3e-22 2.903e-21 0.0 113.42 0.0
S240997 342.7764 120.0062 3.257e-21 2.193e-21 7.171e-22 0.0 112.36 0.0
S240998 342.7494 120.0364 8.424e-23 2.466e-22 1.583e-21 0.0 110.46 0.0
S240999 342.7398 120.0139 7.969e-21 1.4480000000000002e-20 3.5360000000000005e-20 0.0 110.65 0.0
S241000 342.7708 119.9956 1.631e-21 3.202e-21 8.993e-21 0.0 112.65 0.0
S241001 342.754 120.0007 1.239e-22 3.3289999999999996e-22 1.886e-21 0.0 112.6 0.0
S241002 342.7471 119.9435 5.349e-21 9.623e-21 2.4130000000000003e-20 0.0 113.46 0.0
S241003 342.795 119.8991 2.655e-18 2.892e-18 2.414e-18 0.0 114.26 0.0
S241004 342.7992 119.9325 9.294999999999999e-23 2.612e-22 1.57e-21 0.0 113.68 0.0
S241005 342.7508 119.9915 1.8949999999999998e-22 4.859999999999999e-22 2.494e-21 0.0 114.05 0.0
S241006 342.7198 120.0672 1.537e-22 3.8319999999999994e-22 1.818e-21 0.0 110.4 0.0
S241007 342.7657 120.0256 7.353e-23 2.1209999999999998e-22 1.445e-21 0.0 111.67 0.0
S241008 342.7481 120.0093 1.75e-19 2.229e-19 2.638e-19 0.0 110.22 0.0
S241009 342.7172 120.1357 1.4279999999999999e-22 3.466e-22 1.591e-21 0.0 110.12 0.0
S241010 342.7325 120.043 9.934e-13 7.328e-13 2.911e-13 0.001 110.31 0.0
S241011 342.7255 120.0379 7.801e-24 2.8159999999999997e-23 2.969e-22 0.0 110.81 0.0
S241012 342.6957 120.0725 6.318e-20 9.717000000000001e-20 1.683e-19 0.0 110.88 0.0
S241013 342.7511 120.0026 4.798e-18 4.707e-18 3.274e-18 0.0 112.52 0.0
S241014 342.7612 120.0089 6.651000000000001e-20 1.022e-19 1.735e-19 0.0 112.06 0.0
S241015 342.7468 120.007 3.584e-23 9.266999999999999e-23 4.778e-22 0.0 111.22 0.0
S241016 342.7437 120.0022 7.763999999999999e-23 2.2519999999999996e-22 1.49e-21 0.0 112.01 0.0
S241017 342.7558 119.9988 4.0939999999999996e-22 9.298e-22 3.643e-21 0.0 112.91 0.0
S241018 342.7743 119.8666 3.819e-23 9.239999999999999e-23 4.262e-22 0.0 114.33 0.0
S241019 342.7552 120.0057 1.615e-20 2.6280000000000002e-20 5.3520000000000005e-20 0.0 112.02 0.0
S241020 342.7263 119.9657 4.1310000000000004e-20 6.259e-20 1.094e-19 0.0 112.76 0.0
S241021 342.7233 120.0396 4.341e-17 3.756e-17 1.957e-17 0.0 110.79 0.0
S241022 342.7448 119.9405 6.761999999999999e-22 1.542e-21 6.251e-21 0.0 113.48 0.0
S241023 342.7538 120.0031 6.806999999999999e-22 1.591e-21 6.66e-21 0.0 113.17 0.0
S241024 342.7455 119.9933 2.746e-22 6.771e-22 3.273e-21 0.0 113.68 0.0
S241025 342.7219 120.0532 2.528e-21 1.767e-21 6.149e-22 0.0 110.27 0.0
S241026 342.7381 120.0047 2.31e-19 3.043e-19 3.883e-19 0.0 112.07 0.0
S241027 342.7273 120.0549 3.182e-21 2.2140000000000002e-21 7.461999999999999e-22 0.0 110.36 0.0
S241028 342.7463 119.8795 2.1389999999999998e-23 6.537e-23 4.789999999999999e-22 0.0 113.64 0.0
S241029 342.7392 120.0059 1.027e-21 2.082e-21 6.546e-21 0.0 111.1 0.0
S241030 342.7871 119.8814 1.122e-19 1.639e-19 2.533e-19 0.0 114.45 0.0
S241031 342.7518 120.0001 1.005e-21 2.091e-21 6.895000000000001e-21 0.0 114.17 0.0
S241032 342.8403 119.8238 9.837e-17 7.677e-17 3.431e-17 0.0 114.33 0.0
S241033 342.7573 119.9781 8.408e-13 6.129e-13 2.288e-13 0.0 114.04 0.0
S241034 342.743 119.9972 2.026e-18 2.197e-18 1.819e-18 0.0 112.98 0.0
S241035 342.7686 119.9848 1.6909999999999998e-22 3.5989999999999997e-22 1.291e-21 0.0 113.82 0.0
S241036 342.7493 120.0069 2.097e-19 2.776e-19 3.548e-19 0.0 109.86 0.0
S241037 342.7376 120.0553 9.345e-19 1.071e-18 1.007e-18 0.0 110.43 0.0
S241038 342.7476 120.0051 2.494e-22 5.804e-22 2.314e-21 0.0 109.87 0.0
S241039 342.7746 120.0334 2.1469999999999998e-23 6.215999999999999e-23 4.12e-22 0.0 111.77 0.0
S241040 342.7892 119.9393 5.523e-23 1.7349999999999998e-22 1.369e-21 0.0 113.98 0.0
S241041 342.7325 120.0312 4.332e-19 5.631e-19 6.7e-19 0.0 110.73 0.0
S241042 342.7487 120.0351 2.001e-20 3.208e-20 5.963000000000001e-20 0.0 110.84 0.0
S241043 342.7456 120.007 2.813e-21 5.025e-21 1.1910000000000001e-20 0.0 110.14 0.0
S241044 342.754 119.9902 5.1459999999999996e-23 1.4599999999999998e-22 9.489999999999999e-22 0.0 113.32 0.0
S241045 342.7646 119.9896 1.188e-21 2.5830000000000002e-21 9.041e-21 0.0 112.77 0.0
S241046 342.6904 120.1414 2.6940000000000002e-20 4.3360000000000006e-20 8.732000000000001e-20 0.001 110.08 0.0
S241047 342.7456 120.0079 1.681e-18 1.849e-18 1.653e-18 0.0 111.17 0.0
S241048 342.7628 119.9862 6.451e-21 1.2770000000000002e-20 3.6680000000000004e-20 0.0 113.75 0.0
S241049 342.7303 120.0419 6.464e-19 7.749e-19 8.016e-19 0.0 110.32 0.0
S241050 342.625 120.1572 1.4540000000000002e-20 2.5240000000000003e-20 5.552e-20 0.0 110.83 0.0
S241051 342.749 120.0016 6.844e-20 1.01e-19 1.661e-19 0.0 113.7 0.0
S241052 342.6205 120.1977 4.057e-25 1.798e-24 2.9099999999999996e-23 0.0 110.58 0.0
S241053 342.7301 120.0078 6.475e-25 2.849e-24 4.446e-23 0.0 111.79 0.0
S241054 342.7472 120.0525 1.7790000000000002e-20 3.0250000000000005e-20 6.714000000000001e-20 0.0 110.71 0.0
S241055 342.7146 119.9747 2.183e-21 1.546e-21 5.545999999999999e-22 0.0 112.62 0.0
S241056 342.7511 120.0445 2.85e-17 2.427e-17 1.273e-17 0.0 110.59 0.0
S241057 342.7632 119.958 3.906e-23 9.667e-23 4.584e-22 0.0 114.18 0.0
S241058 342.7408 119.9914 1.41e-22 3.4269999999999997e-22 1.603e-21 0.0 112.62 0.0
S241059 342.7408 120.009 6.381e-19 7.891e-19 8.997e-19 0.0 111.67 0.0
S241060 342.7563 119.9858 1.085e-16 2.816e-16 1.495e-15 0.0 113.88 1.0
S241061 342.745 120.0043 2.408e-20 3.836e-20 7.187e-20 0.0 111.79 0.0
S241062 342.7479 120.0243 2.639e-24 8.853e-24 7.879e-23 0.0 110.55 0.0
S241063 342.7536 120.003 5.255e-22 1.099e-21 3.744e-21 0.0 112.31 0.0
S241064 342.748 119.9961 4.84e-22 1.033e-21 3.586e-21 0.0 113.66 0.0
S241065 342.7858 120.0004 1.607e-22 3.8549999999999995e-22 1.74e-21 0.0 112.6 0.0
S241066 342.7558 120.0066 2.5049999999999999e-23 7.202e-23 4.548999999999999e-22 0.0 111.89 0.0
S241067 342.7365 120.0289 7.502000000000001e-21 1.2470000000000001e-20 2.4870000000000002e-20 0.0 110.38 0.0
S241068 342.748 120.0023 1.344e-21 2.964e-21 1.0770000000000002e-20 0.0 114.65 0.0
S241069 342.7544 119.9855 2.4860000000000003e-20 3.886e-20 6.9e-20 0.0 113.96 0.0
S241070 342.7542 119.9931 5.882e-19 7.075e-19 7.417e-19 0.0 114.16 0.0
S241071 342.738 120.0724 3.2840000000000002e-21 6.114e-21 1.6340000000000002e-20 0.0 110.44 0.0
S241072 342.7756 119.958 6.45e-19 7.513e-19 7.446e-19 0.0 114.0 0.0
S241073 342.7281 120.0506 7.201e-18 7.327e-18 5.346e-18 0.0 110.27 0.0
S241074 342.7522 119.9986 1.466e-18 1.56e-18 1.288e-18 0.0 113.39 0.0
S241075 342.7405 120.0095 1.6610000000000003e-20 2.7230000000000004e-20 5.3790000000000005e-20 0.0 111.74 0.0
S241076 342.7512 120.002 6.414e-20 9.289000000000001e-20 1.482e-19 0.0 112.51 0.0
S241077 342.7258 120.0201 5.368e-18 5.213e-18 3.625e-18 0.0 111.1 0.0
S241078 342.7618 119.9768 5.517999999999999e-22 1.338e-21 6.02e-21 0.0 114.13 0.0
S241079 342.7663 119.9531 1.7539999999999998e-23 5.721999999999999e-23 4.859999999999999e-22 0.0 114.21 0.0
S241080 342.7498 119.9912 1.027e-17 9.487e-18 6.005e-18 0.0 114.13 0.0
S241081 342.7199 119.9742 9.889e-17 7.8e-17 3.504e-17 0.0 113.37 1.0
S241082 342.735 120.0025 7.886000000000001e-20 1.075e-19 1.52e-19 0.0 111.27 0.0
S241083 342.7183 119.9949 1.423e-19 2.167e-19 3.668e-19 0.001 110.39 0.0
S241084 342.7675 120.0146 4.796e-19 5.693e-19 5.801e-19 0.0 111.76 0.0
S241085 342.7493 120.0038 4.54e-17 3.901e-17 2.132e-17 0.0 111.47 0.0
S241086 342.7437 120.0301 1.353e-21 2.976e-21 1.047e-20 0.0 110.54 0.0
S241087 342.7103 119.9905 1.898e-20 3.1980000000000005e-20 6.87e-20 0.0 112.45 0.0
S241088 342.7643 119.9706 2.907e-21 1.999e-21 6.809999999999999e-22 0.0 114.16 0.0
S241089 342.7438 120.0224 1.4e-19 1.955e-19 2.889e-19 0.0 111.01 0.0
S241090 342.744 120.0339 1.126e-19 1.594e-19 2.346e-19 0.0 110.51 0.0
S241091 342.7495 120.0055 1.661e-17 3.294e-17 1.003e-16 0.0 112.0 0.0
S241092 342.7384 119.9941 5.325e-23 1.3229999999999998e-22 6.313999999999999e-22 0.0 113.66 0.0
S241093 342.7454 119.9639 5.603000000000001e-20 8.250000000000001e-20 1.336e-19 0.0 113.9 0.0
S241094 342.7623 120.0101 3.114e-17 5.904e-17 1.541e-16 0.0 111.97 1.0
S241095 342.7435 119.9967 1.415e-12 1.069e-12 4.243e-13 0.001 113.68 0.0
S241096 342.7514 120.0097 2.4029999999999997e-22 5.500999999999999e-22 2.198e-21 0.0 110.18 0.0
S241097 342.7793 119.9825 2.941e-17 2.671e-17 1.541e-17 0.0 113.67 0.0
S241098 342.7413 119.9741 2.368e-19 3.001e-19 3.524e-19 0.0 113.98 0.0
S241099 342.7733 120.0371 1.233e-21 2.538e-21 7.993e-21 0.0 110.25 0.0
S241100 342.73 120.0041 1.3489999999999998e-22 3.2089999999999995e-22 1.41e-21 0.0 111.95 0.0
S241101 342.7642 119.9941 3.491e-23 9.748e-23 5.703e-22 0.0 113.26 0.0
S241102 342.7199 119.9958 2.169e-21 4.312e-21 1.2640000000000001e-20 0.0 112.2 0.0
S241103 342.7604 120.0113 9.202e-13 7.052e-13 2.916e-13 0.0 111.54 1.0
S241104 342.7576 120.0275 1.803e-19 2.459e-19 3.376e-19 0.0 110.93 0.0
S241105 342.7703 119.9952 1.9410000000000002e-21 4.181e-21 1.5020000000000003e-20 0.0 113.92 0.0
S241106 342.7594 120.0219 5.633e-18 5.978e-18 4.872e-18 0.0 110.56 0.0
S241107 342.7379 120.0385 1.0749999999999999e-24 4.092e-24 4.843e-23 0.0 110.31 0.0
S241108 342.7475 120.0087 4.0449999999999998e-22 8.296999999999999e-22 2.622e-21 0.0 111.43 0.0
S241109 342.7441 120.0508 1.504e-21 3.087e-21 9.796e-21 0.0 110.34 0.0
S241110 342.7443 120.0025 1.559e-17 1.461e-17 9.367e-18 0.0 111.73 0.0
S241111 342.7665 120.0081 9.765e-22 2.064e-21 7.185e-21 0.0 112.19 0.0
S241112 342.7625 119.9557 3.618e-23 1.087e-22 7.767e-22 0.0 113.8 0.0
S241113 342.7486 120.0376 6.045e-17 5.182e-17 2.739e-17 0.0 110.54 0.0
S241114 342.728 119.996 9.664000000000001e-20 1.393e-19 2.106e-19 0.0 112.86 0.0
S241115 342.7271 120.0041 6.400000000000001e-20 9.4e-20 1.527e-19 0.0 110.57 0.0
S241116 342.7523 120.0327 7.143e-17 5.968e-17 3.08e-17 0.0 110.67 0.0
S241117 342.7618 119.9882 7.625e-23 2.213e-22 1.512e-21 0.0 113.71 0.0
S241118 342.7705 119.9945 1.561e-17 2.197e-17 3.242e-17 0.0 114.04 0.0
S241119 342.7448 119.9784 1.8450000000000002e-20 3.009e-20 6.132000000000001e-20 0.0 114.04 0.0
S241120 342.7488 120.0103 5.461e-19 6.591e-19 7.077e-19 0.0 110.78 0.0
S241121 342.7224 120.0235 5.376e-17 1.228e-16 4.721e-16 0.0 110.29 1.0
S241122 342.7464 120.0497 8.795e-18 2.212e-17 1.045e-16 0.0 110.22 0.0
S241123 342.7677 120.0037 1.043e-18 1.257e-18 1.351e-18 0.0 112.43 0.0
S241124 342.7954 119.9861 7.816000000000001e-20 1.054e-19 1.38e-19 0.0 114.04 0.0
S241125 342.7559 120.0303 3.743e-17 3.183e-17 1.639e-17 0.0 110.78 0.0
S241126 342.7689 119.9746 1.343e-16 1.074e-16 4.941e-17 0.0 113.69 0.0
S241127 342.75 119.9707 6.174e-17 4.959e-17 2.421e-17 0.0 113.97 0.0
S241128 342.7795 119.9907 3.566e-19 4.815e-19 6.21e-19 0.0 113.5 0.0
S241129 342.7408 120.0087 3.56e-20 5.546e-20 1.009e-19 0.0 111.09 0.0
S241130 342.7567 119.978 3.067e-16 2.299e-16 9.325e-17 0.0 113.89 0.0
S241131 342.7418 119.9848 7.015e-18 1.202e-17 2.569e-17 0.0 113.14 0.0
S241132 342.7653 120.0132 3.693e-21 7.052e-21 1.956e-20 0.0 111.44 0.0
S241133 342.7574 120.0005 6.226e-23 1.8089999999999998e-22 1.237e-21 0.0 112.61 0.0
S241134 342.742 120.0166 2.752e-13 1.861e-13 5.948e-14 0.0 111.35 0.0
S241135 342.7396 120.0068 6.89e-18 6.701e-18 4.752e-18 0.0 111.53 0.0
S241136 342.7775 120.0033 3.778e-19 4.817e-19 5.846e-19 0.0 112.52 0.0
S241137 342.7371 119.9943 2.012e-18 2.09e-18 1.698e-18 0.0 112.47 0.0
S241138 342.7368 120.0222 3.245e-17 5.028e-17 8.635e-17 0.0 111.25 0.0
S241139 342.7762 119.9872 3.37e-13 2.271e-13 7.769e-14 0.0 113.98 0.0
S241140 342.7445 120.0247 1.373e-17 2.605e-17 7.312e-17 0.0 110.46 0.0
S241141 342.7582 120.0475 1.829e-17 2.877e-17 5.234e-17 0.0 110.34 0.0
S241142 342.7104 119.9904 3.34e-23 9.363e-23 5.784999999999999e-22 0.0 112.59 0.0
S241143 342.771 119.9955 3.852e-17 6.522e-17 1.36e-16 0.0 113.2 0.0
S241144 342.7861 120.0226 1.277e-17 1.227e-17 8.21e-18 0.0 110.27 0.0
S241145 342.7268 119.9673 1.011e-12 7.454e-13 2.835e-13 0.0 113.85 0.0
S241146 342.7642 119.9854 2.344e-21 1.653e-21 5.8909999999999995e-22 0.0 113.7 0.0
S241147 342.7354 120.0195 1.5489999999999998e-22 4.002e-22 2.044e-21 0.0 111.29 0.0
S241148 342.7882 119.9942 3.001e-21 2.074e-21 7.151999999999999e-22 0.0 114.17 0.0
S241149 342.7459 119.9956 1.332e-18 1.512e-18 1.456e-18 0.0 112.78 0.0
S241150 342.7441 120.0248 1.2460000000000002e-20 2.136e-20 4.671e-20 0.0 110.7 0.0
S241151 342.7857 120.0075 1.238e-18 1.47e-18 1.498e-18 0.0 113.41 0.0
S241152 342.7552 120.0214 3.346e-14 2.191e-14 6.91e-15 0.0 111.5 0.0
S241153 342.7753 119.9756 1.452e-23 3.8779999999999995e-23 2.09e-22 0.0 114.18 0.0
S241154 342.739 120.0176 4.992e-24 1.7359999999999998e-23 1.708e-22 0.0 110.49 0.0
S241155 342.7619 120.0019 2.673e-19 3.534e-19 4.468e-19 0.0 112.47 0.0
S241156 342.7282 119.9929 2.299e-17 4.285e-17 1.124e-16 0.0 112.47 0.0
S241157 342.7673 119.9919 1.214e-22 3.4719999999999997e-22 2.198e-21 0.0 113.87 0.0
S241158 342.7625 120.0007 2.888e-17 4.961e-17 1.13e-16 0.0 113.96 0.0
S241159 342.7628 119.9866 5.564e-17 4.857e-17 2.602e-17 0.0 113.64 0.0
S241160 342.7359 120.0047 1.552e-17 2.888e-17 7.636e-17 0.0 110.58 0.0
S241161 342.7767 119.9897 2.8920000000000002e-21 1.976e-21 6.6779999999999995e-22 0.0 113.53 0.0
S241162 342.7562 119.9973 1.288e-21 2.3510000000000002e-21 5.761e-21 0.0 112.82 0.0
S241163 342.7315 119.9663 5.1180000000000004e-20 7.659000000000001e-20 1.272e-19 0.0 113.79 0.0
S241164 342.7431 120.0247 1.0490000000000002e-26 7.179000000000001e-26 2.7959999999999998e-24 0.0 110.67 0.0
S241165 342.7768 120.0159 1.552e-19 2.02e-19 2.59e-19 0.0 111.68 0.0
S241166 342.7689 119.9681 8.941e-18 8.426e-18 5.35e-18 0.0 114.17 0.0
S241167 342.7771 119.9899 3.207e-17 2.742e-17 1.398e-17 0.0 114.01 0.0
S241168 342.7423 119.9885 4.668e-17 4.169e-17 2.281e-17 0.0 113.05 0.0
S241169 342.7256 119.9865 7.163e-18 6.923e-18 4.619e-18 0.0 112.78 0.0
S241170 342.7475 120.0175 6.447e-18 6.087e-18 3.892e-18 0.001 111.31 0.0
S241171 342.7175 119.9857 1.9890000000000002e-20 3.339e-20 6.748e-20 0.0 112.65 0.0
S241172 342.7117 119.9801 2.672e-19 3.552e-19 4.521e-19 0.0 113.06 0.0
S241173 342.7304 119.9917 1.9699999999999998e-22 4.2109999999999994e-22 1.426e-21 0.0 114.03 0.0
S241174 342.7357 119.9728 1.495e-23 4.891e-23 4.293e-22 0.0 114.07 0.0
S241175 342.7632 119.9893 9.726e-18 9.486e-18 6.627e-18 0.0 113.71 0.0
S241176 342.7858 119.993 5.812e-18 5.772e-18 4.152e-18 0.0 113.35 0.0
S241177 342.7239 120.0149 5.704e-13 4.155e-13 1.598e-13 0.0 110.62 0.0
S241178 342.7498 119.9805 6.086e-18 8.36e-18 1.124e-17 0.0 113.6 0.0
S241179 342.7386 120.0068 1.4330000000000003e-20 2.5300000000000003e-20 6.121e-20 0.0 111.79 0.0
S241180 342.706 120.0215 2.1310000000000002e-21 4.6660000000000004e-21 1.739e-20 0.0 110.26 0.0
S241181 342.7374 120.0008 7.013e-13 6.835e-13 4.704e-13 0.0 112.08 1.0
S241182 342.7665 120.0082 1.5560000000000001e-21 3.109e-21 9.295e-21 0.0 111.97 0.0
S241183 342.7143 120.0414 1.06e-21 8.428999999999999e-22 3.764e-22 0.0 110.45 0.0
S241184 342.7499 120.0189 3.658e-19 4.608e-19 5.249e-19 0.0 110.96 0.0
S241185 342.7718 120.0047 1.26e-16 1.011e-16 4.753e-17 0.0 112.51 0.0
S241186 342.7736 120.0131 4.498e-18 4.502e-18 3.355e-18 0.0 111.62 0.0
S241187 342.7611 120.0402 1.474e-17 2.994e-17 9.235e-17 0.0 110.5 0.0
S241188 342.741 119.9954 1.317e-17 1.254e-17 8.313e-18 0.0 112.52 0.0
S241189 342.7743 120.0282 2.427e-21 1.684e-21 5.923e-22 0.0 111.01 0.0
S241190 342.7812 119.9667 1.174e-21 2.517e-21 8.883e-21 0.0 114.21 0.0
S241191 342.722 119.9927 3.8930000000000004e-21 7.813e-21 2.3520000000000002e-20 0.0 112.37 0.0
S241192 342.7418 120.0538 1.409e-17 1.33e-17 8.296e-18 0.0 110.29 0.0
S241193 342.7483 119.9922 5.004e-23 1.3409999999999998e-22 7.721e-22 0.0 113.74 0.0
S241194 342.7503 120.0268 4.396e-21 8.862e-21 2.6690000000000003e-20 0.0 110.46 0.0
S241195 342.7384 120.0205 9.135e-19 1.008e-18 8.972e-19 0.0 110.48 0.0
S241196 342.7825 119.9991 2.2860000000000002e-20 3.665e-20 7.303000000000001e-20 0.0 113.41 0.0
S241197 342.8013 119.9811 9.243e-18 9.194e-18 6.586e-18 0.0 113.78 0.0
S241198 342.7236 119.9823 8.183e-19 9.573e-19 9.441e-19 0.0 113.74 0.0
S241199 342.7156 120.0133 1.344e-21 2.82e-21 9.269e-21 0.0 110.81 0.0
S241200 342.768 119.9791 8.841e-17 7.371e-17 3.71e-17 0.0 114.07 0.0
S241201 342.7925 120.0091 3.08e-24 1.0889999999999999e-23 1.1299999999999998e-22 0.0 113.1 0.0
S241202 342.7337 120.0262 7.468e-19 8.594e-19 8.181e-19 0.001 110.52 0.0
S241203 342.7795 119.9904 2.39e-18 2.497e-18 1.993e-18 0.001 113.54 0.0
S241204 342.7327 120.0065 3.2370000000000002e-21 2.2140000000000002e-21 7.266999999999999e-22 0.0 111.69 0.0
S241205 342.7553 120.0102 2.078e-18 2.333e-18 2.114e-18 0.0 111.97 0.0
S241206 342.7627 120.0219 3.652e-22 8.829999999999998e-22 3.9e-21 0.0 111.01 0.0
S241207 342.75 119.9816 4.811e-18 4.845e-18 3.558e-18 0.0 113.82 0.0
S241208 342.7329 120.0177 5.451e-17 1.371e-16 6.466e-16 0.0 111.17 1.0
S241209 342.7668 120.0002 4.026e-18 4.415e-18 3.803e-18 0.0 113.97 0.0
S241210 342.7808 120.0113 3.225e-18 3.339e-18 2.637e-18 0.0 112.21 0.0
S241211 342.7279 120.0349 7.703000000000001e-21 1.432e-20 3.8340000000000004e-20 0.0 110.25 0.0
S241212 342.7336 120.015 1.332e-19 1.847e-19 2.634e-19 0.0 110.66 0.0
S241213 342.757 120.0293 1.129e-17 1.044e-17 6.129e-18 0.001 110.85 0.0
S241214 342.783 119.9947 2.697e-17 2.612e-17 1.75e-17 0.0 113.34 0.0
S241215 342.7523 120.0167 9.842e-19 1.141e-18 1.091e-18 0.0 111.26 0.0
S241216 342.7466 119.9631 1.632e-12 1.305e-12 6.031e-13 0.0 114.01 1.0
S241217 342.77 119.9898 2.293e-23 6.925e-23 5.032e-22 0.0 113.91 0.0
S241218 342.7407 119.9817 2.48e-17 2.145e-17 1.168e-17 0.0 114.0 0.0
S241219 342.7518 119.9961 2.612e-21 1.812e-21 6.364999999999999e-22 0.0 112.71 0.0
S241220 342.7133 119.9646 3.496e-16 6.056e-16 1.352e-15 0.0 113.98 0.0
S241221 342.7261 119.9923 2.191e-17 3.653e-17 7.724e-17 0.0 112.47 0.0
S241222 342.7748 120.0187 1.905e-18 2.085e-18 1.801e-18 0.0 111.02 0.0
S241223 342.7503 119.9918 1.893e-17 3.539e-17 9.066e-17 0.0 113.21 0.0
S241224 342.7786 119.9968 1.735e-16 1.367e-16 6.239e-17 0.0 114.09 1.0
S241225 342.7895 120.0069 4.732e-18 4.701e-18 3.276e-18 0.0 114.04 0.0
S241226 342.7507 120.0021 2.625e-25 1.206e-24 2.08e-23 0.0 112.37 0.0
S241227 342.7425 119.9949 1.464e-17 1.396e-17 9.177e-18 0.0 112.97 0.0
S241228 342.796 119.9864 3.729e-21 7.922e-21 2.788e-20 0.001 113.92 0.0
S241229 342.7729 119.9965 9.784000000000001e-21 1.7300000000000003e-20 4.072e-20 0.0 113.98 0.0
S241230 342.773 119.9996 2.811e-21 1.925e-21 6.551999999999999e-22 0.0 112.66 0.0
S241231 342.758 119.9681 4.618e-19 5.435e-19 5.716e-19 0.0 114.01 0.0
S241232 342.7584 119.9765 1.318e-18 1.519e-18 1.473e-18 0.0 114.09 0.0
S241233 342.7217 120.0163 4.052e-18 4.169e-18 3.154e-18 0.0 111.6 0.0
S241234 342.7907 120.0162 6.266e-19 7.675e-19 8.61e-19 0.0 112.01 0.0
S241235 342.7556 119.9783 1.101e-17 1.04e-17 6.713e-18 0.0 114.01 0.0
S241236 342.7574 119.9803 2.915e-18 3.001e-18 2.223e-18 0.0 113.82 0.0
S241237 342.7251 120.0005 5.970000000000001e-20 9.015000000000001e-20 1.552e-19 0.0 111.97 0.0
S241238 342.7725 120.0068 2.974e-17 2.801e-17 1.818e-17 0.0 112.41 0.0
S241239 342.7492 119.9873 1.394e-17 2.295e-17 4.696e-17 0.0 114.01 0.0
S241240 342.7638 120.015 1.214e-17 1.15e-17 7.45e-18 0.0 110.43 0.0
S241241 342.745 119.989 7.954e-18 7.55e-18 4.917e-18 0.0 112.88 0.0
S241242 342.7312 119.9876 7.278e-23 1.719e-22 7.693999999999999e-22 0.0 113.69 0.0
S241243 342.7381 120.0419 3.3149999999999996e-22 8.331999999999999e-22 4.245e-21 0.0 110.77 0.0
S241244 342.7306 120.0056 1.94e-16 1.489e-16 6.385e-17 0.0 111.32 0.0
S241245 342.7569 119.9944 7.068e-17 6.053e-17 3.179e-17 0.0 113.52 0.0
S241246 342.7471 120.0211 2.37e-17 2.107e-17 1.154e-17 0.0 110.99 0.0
S241247 342.7416 119.9888 2.656e-21 1.86e-21 6.352e-22 0.0 113.06 0.0
S241248 342.7565 119.9871 2.672e-18 2.821e-18 2.275e-18 0.0 113.36 0.0
S241249 342.7528 120.0183 5.18e-18 5.164e-18 3.596e-18 0.0 111.35 0.0
S241250 342.7397 120.0227 2.801e-18 2.876e-18 2.149e-18 0.0 110.68 0.0
S241251 342.7521 120.0317 6.293e-21 1.23e-20 3.6890000000000004e-20 0.0 110.73 0.0
S241252 342.7344 120.0297 1.583e-20 2.512e-20 4.9300000000000006e-20 0.0 110.45 0.0
S241253 342.75 119.9818 1.106e-17 2.18e-17 6.326e-17 0.0 113.37 0.0
S241254 342.7478 119.9835 3.5079999999999996e-22 8.901e-22 4.2860000000000004e-21 0.0 113.4 0.0
S241255 342.7471 119.9805 4.339e-21 7.809e-21 1.897e-20 0.0 113.77 0.0
S241256 342.7519 119.9818 1.428e-20 2.419e-20 5.079e-20 0.0 113.3 0.0
S241257 342.7571 119.9833 2.836e-20 4.837e-20 1.092e-19 0.0 113.54 0.0
S241258 342.7443 120.0284 1.801e-17 1.796e-17 1.253e-17 0.0 110.71 0.0
S241259 342.7462 119.9762 1.664e-17 2.864e-17 6.407e-17 0.0 113.42 0.0
S241260 342.7482 119.9798 1.234e-18 1.417e-18 1.338e-18 0.0 113.49 0.0
S241261 342.7546 119.9762 7.58e-19 8.939e-19 8.923e-19 0.0 113.53 0.0
S241262 342.7507 120.0144 6.414e-23 1.5269999999999998e-22 6.562e-22 0.0 111.58 0.0
S241263 342.7525 120.0219 2.052e-19 2.56e-19 2.993e-19 0.0 111.51 0.0
S241264 342.746 120.024 8.274e-21 1.4200000000000002e-20 3.208e-20 0.0 110.84 0.0
S241265 342.7536 119.9757 2.9930000000000002e-21 5.637e-21 1.5540000000000003e-20 0.0 113.53 0.0
S241266 342.7544 120.0401 4.598e-23 1.2779999999999998e-22 7.693e-22 0.0 111.02 0.0
S241267 342.7488 119.973 9.647999999999999e-23 2.3209999999999997e-22 1.034e-21 0.0 113.57 0.0
S241268 342.7497 119.9925 5.362e-20 8.073000000000001e-20 1.315e-19 0.0 113.66 0.0
S241269 342.746 119.9767 2.053e-20 3.497e-20 7.576e-20 0.0 113.5 0.0
S241270 342.7587 120.0255 1.734e-23 5.1689999999999997e-23 3.7249999999999997e-22 0.0 111.29 0.0
S241271 342.7527 120.0214 2.578e-24 8.577e-24 7.353999999999999e-23 0.0 111.34 0.0
S241272 342.7537 120.0212 2.001e-17 1.815e-17 1.125e-17 0.0 111.31 0.0
S241273 342.7599 119.9782 6.743e-19 8.466e-19 1.004e-18 0.0 113.8 0.0
S241274 342.7478 119.9782 1.0910000000000001e-20 1.922e-20 4.6490000000000004e-20 0.0 113.37 0.0
S241275 342.7506 120.0217 8.349e-18 8.519e-18 6.342e-18 0.0 111.29 0.0
S241276 342.7455 119.997 2.423e-21 1.684e-21 6.043e-22 0.0 112.65 0.0
S241277 342.7532 120.0291 2.225e-14 1.473e-14 4.575e-15 0.0 110.85 0.0
S241278 342.7377 119.9781 2.566e-17 2.272e-17 1.287e-17 0.0 113.13 0.0
S241279 342.7388 119.9713 3.1409999999999997e-23 8.936999999999999e-23 5.613e-22 0.0 113.31 0.0
S241280 342.7509 119.9705 6.089e-16 4.561e-16 1.866e-16 0.0 113.53 0.0
S241281 342.7453 119.9774 3.019e-21 2.064e-21 6.998999999999999e-22 0.0 113.35 0.0
S241282 342.748 119.9794 5.889e-17 4.889e-17 2.401e-17 0.0 113.16 0.0
S241283 342.7499 119.9809 3.942e-17 3.423e-17 1.788e-17 0.0 113.32 0.0
S241284 342.7463 120.0312 2.754e-17 5.153e-17 1.387e-16 0.0 110.63 0.0
S241285 342.755 120.0367 3.306e-20 5.1360000000000007e-20 8.950000000000001e-20 0.0 110.81 0.0
S241286 342.7525 119.979 1.8020000000000003e-20 2.9910000000000005e-20 6.213000000000001e-20 0.0 113.56 0.0
S241287 342.7528 120.034 2.222e-17 1.92e-17 1.042e-17 0.0 111.18 0.0
S241288 342.7492 120.034 2.034e-24 7.153e-24 6.839999999999999e-23 0.0 110.86 0.0
S241289 342.7474 120.0343 7.466e-18 7.177e-18 4.753e-18 0.0 110.64 0.0
S241290 342.7559 120.0445 4.306e-23 1.2299999999999998e-22 8.052999999999999e-22 0.0 110.78 0.0
S241291 342.7528 119.984 3.534e-18 3.761e-18 3.133e-18 0.0 113.08 0.0
S241292 342.7528 119.9872 2.538e-21 1.765e-21 6.133e-22 0.0 113.23 0.0
S241293 342.748 120.0294 2.556e-21 1.7860000000000002e-21 6.331999999999999e-22 0.0 111.1 0.0
S241294 342.7615 120.0222 2.05e-17 3.309e-17 6.634e-17 0.0 111.54 0.0
S241295 342.7414 120.0321 2.365e-21 1.674e-21 5.823e-22 0.0 110.74 0.0
S241296 342.7613 120.0363 2.102e-17 1.839e-17 9.962e-18 0.0 110.95 0.0
S241297 342.7479 120.034 1.108e-21 2.157e-21 6.522e-21 0.0 110.95 0.0
S241298 342.7543 120.0381 2.861e-18 2.989e-18 2.396e-18 0.0 110.83 0.0
S241299 342.7523 119.976 7.026e-20 1.02e-19 1.601e-19 0.0 113.3 0.0
S241300 342.741 119.9689 2.8309999999999996e-22 6.6039999999999995e-22 2.689e-21 0.0 113.22 0.0
S241301 342.745 119.9687 3.966e-18 4.093e-18 3.082e-18 0.0 113.23 0.0
S241302 342.7546 119.9614 3.39e-17 2.963e-17 1.624e-17 0.0 113.64 0.0
S241303 342.7423 120.0303 1.687e-21 3.6200000000000004e-21 1.216e-20 0.0 111.11 0.0
S241304 342.7505 119.9861 8.139e-17 6.984e-17 3.667e-17 0.0 112.98 0.0
S241305 342.7611 119.9738 1.144e-21 2.383e-21 8.196e-21 0.0 113.92 0.0
S241306 342.7484 120.0335 1.332e-17 1.245e-17 7.721e-18 0.0 110.88 0.0
S241307 342.7515 120.0312 1.7129999999999998e-22 4.476999999999999e-22 2.4e-21 0.0 110.69 0.0
S241308 342.7501 119.9731 8.33e-22 1.677e-21 5.19e-21 0.0 113.39 0.0
S241309 342.7654 120.0291 1.069e-16 8.655e-17 4.165e-17 0.0 111.43 0.0
S241310 342.7486 119.9725 1.251e-20 2.16e-20 4.9250000000000004e-20 0.0 113.25 0.0
S241311 342.7501 120.0355 9.871e-18 9.525e-18 6.483e-18 0.0 111.32 0.0
S241312 342.7507 120.0335 1.174e-18 1.315e-18 1.212e-18 0.0 110.79 0.0
S241313 342.7579 119.9789 1.1969999999999998e-22 3.1519999999999997e-22 1.717e-21 0.0 113.62 0.0
S241314 342.7468 120.0454 1.857e-16 1.442e-16 6.283e-17 0.0 110.89 1.0
S241315 342.7599 120.0341 8.835e-18 8.409e-18 5.392e-18 0.0 111.28 0.0
S241316 342.754 120.0389 2.443e-21 1.706e-21 6.126999999999999e-22 0.0 110.78 0.0
S241317 342.7526 119.9677 1.832e-19 2.435e-19 3.085e-19 0.0 113.61 0.0
S241318 342.7545 119.965 1.597e-17 3.189e-17 9.286e-17 0.0 113.5 0.0
S241319 342.7437 120.0315 5.694e-24 1.779e-23 1.3389999999999999e-22 0.0 110.93 0.0
S241320 342.7599 119.9475 3.017e-17 4.725e-17 8.351e-17 0.0 113.85 0.0
S241321 342.735 119.9696 6.503e-24 2.215e-23 2.0319999999999998e-22 0.0 113.24 0.0
S241322 342.7422 120.0409 1.156e-17 2.198e-17 5.978e-17 0.0 110.93 0.0
S241323 342.7515 119.972 9.502e-18 1.692e-17 4.039e-17 0.0 113.49 0.0
S241324 342.7525 119.964 1.296e-22 3.0039999999999997e-22 1.2320000000000001e-21 0.0 113.66 0.0
S241325 342.7453 119.9742 1.301e-16 1.001e-16 4.433e-17 0.0 113.41 0.0
S241326 342.7384 119.957 1.13e-21 2.3630000000000002e-21 8.107000000000001e-21 0.0 113.61 0.0
S241327 342.7544 120.0598 2.9e-17 2.619e-17 1.581e-17 0.0 110.79 0.0
S241328 342.7526 119.9588 3.093e-17 2.805e-17 1.7e-17 0.0 113.6 0.0
S241329 342.7469 119.9552 1.377e-21 2.662e-21 7.478000000000001e-21 0.0 113.58 0.0
S241330 342.752 120.0394 8.789e-23 2.3039999999999996e-22 1.2080000000000001e-21 0.0 110.79 0.0
S241331 342.7489 119.9709 2.43e-21 1.747e-21 6.3069999999999995e-22 0.0 113.4 0.0
S241332 342.7514 120.0377 6.939e-19 8.143e-19 8.504e-19 0.0 111.27 0.0
S241333 342.7403 120.0714 4.357999999999999e-22 9.965999999999999e-22 4.002e-21 0.0 110.76 0.0
S241334 342.7501 119.9459 2.936e-17 2.73e-17 1.662e-17 0.0 113.66 0.0
S241335 342.7454 119.9839 2.098e-21 1.474e-21 5.452e-22 0.0 112.85 0.0
S241336 342.7481 120.0596 1.505e-17 2.711e-17 6.801e-17 0.0 110.57 0.0
S241337 342.7461 120.0393 3.267e-22 7.75e-22 3.218e-21 0.0 111.15 0.0
S241338 342.7575 119.9808 1.257e-18 1.439e-18 1.411e-18 0.0 113.4 0.0
S241339 342.7469 120.0554 4.349e-22 9.479e-22 3.568e-21 0.0 110.92 0.0
S241340 342.7466 119.961 5.189e-19 6.269e-19 6.849e-19 0.0 113.41 0.0
S241341 342.7496 119.974 2.412e-20 3.9310000000000004e-20 7.967000000000001e-20 0.0 113.23 0.0
S241342 342.7506 119.9618 2.293e-17 4.178e-17 1.013e-16 0.0 113.52 0.0
S241343 342.7436 119.9605 4.887e-22 1.038e-21 3.631e-21 0.0 113.4 1.0
S241344 342.7539 120.0503 6.413e-20 9.362000000000001e-20 1.511e-19 0.0 110.95 0.0
S241345 342.7481 120.0583 2.638e-21 5.573e-21 1.891e-20 0.0 110.73 0.0
S241346 342.7431 119.9579 2.479e-18 2.674e-18 2.238e-18 0.0 113.58 0.0
S241347 342.755 119.9606 1.665e-17 1.479e-17 8.2e-18 0.0 113.58 0.0
S241348 342.7484 119.9567 7.87e-23 2.152e-22 1.271e-21 0.0 113.66 0.0
S241349 342.7503 120.0505 1.7070000000000002e-20 3.007e-20 6.811e-20 0.0 110.94 0.0
S241350 342.7478 120.0486 5.259e-17 4.4e-17 2.254e-17 0.0 110.8 0.0
S241351 342.7489 120.0635 8.13e-20 1.145e-19 1.684e-19 0.0 110.82 0.0
S241352 342.7458 120.0509 6.435e-17 9.648e-17 1.632e-16 0.0 110.9 0.0
S241353 342.7529 119.9532 5.1650000000000004e-21 9.3e-21 2.239e-20 0.0 113.58 0.0
S241354 342.7532 119.9627 4.847999999999999e-22 1.136e-21 4.721e-21 0.001 113.47 0.0
S241355 342.7445 120.051 4.4060000000000005e-20 6.546000000000001e-20 1.098e-19 0.0 110.84 0.0
S241356 342.7438 120.0495 7.737e-20 1.065e-19 1.414e-19 0.0 110.77 0.0
S241357 342.7512 120.0704 6.81e-21 1.232e-20 3.1240000000000003e-20 0.0 110.68 0.0
S241358 342.7416 119.9622 1.054e-18 1.173e-18 1.055e-18 0.0 113.5 0.0
S241359 342.7508 120.0519 1.138e-12 9.264e-13 4.315e-13 0.0 110.94 1.0
S241360 342.7493 119.942 1.297e-17 1.249e-17 8.627e-18 0.0 113.48 0.0
S241361 342.7524 120.0473 8.827e-24 2.759e-23 2.1869999999999997e-22 0.0 111.0 0.0
S241362 342.7514 120.0378 2.912e-18 2.949e-18 2.25e-18 0.0 111.14 0.0
S241363 342.7582 119.946 4.893e-21 9.212e-21 2.5180000000000002e-20 0.0 113.77 0.0
S241364 342.7395 119.9553 3.309e-17 5.633e-17 1.247e-16 0.0 113.36 0.0
S241365 342.7547 120.0387 1.977e-16 1.551e-16 6.928e-17 0.0 111.16 1.0
S241366 342.7516 119.9469 1.81e-23 5.695e-23 4.387999999999999e-22 0.0 113.75 0.0
S241367 342.7545 119.9541 1.038e-17 1.674e-17 3.176e-17 0.0 113.53 0.0
S241368 342.7542 120.051 2.974e-20 4.6700000000000004e-20 8.231e-20 0.0 110.96 0.0
S241369 342.7563 120.0491 1.073e-21 8.483999999999999e-22 3.831e-22 0.0 111.08 0.0
S241370 342.7435 120.0644 4.615e-17 1.072e-16 4.623e-16 0.0 110.79 1.0
S241371 342.7625 119.9399 5.977999999999999e-22 1.376e-21 5.794e-21 0.001 113.66 0.0
S241372 342.7414 119.9469 9.633999999999998e-22 1.894e-21 5.5930000000000004e-21 0.0 113.52 0.0
S241373 342.7529 119.9632 5.478e-19 6.508e-19 6.527e-19 0.0 113.29 0.0
S241374 342.7602 120.0457 1.171e-17 1.09e-17 7.076e-18 0.0 111.16 0.0
S241375 342.7555 120.0758 1.59e-16 4.287e-16 2.462e-15 0.0 110.71 1.0
S241376 342.7541 119.9516 1.107e-16 9.252e-17 4.492e-17 0.0 113.59 0.0
S241377 342.7482 119.9613 1.202e-12 8.782e-13 3.373e-13 0.0 113.14 0.0
S241378 342.7447 119.9432 3.4390000000000005e-20 5.28e-20 9.211e-20 0.0 113.49 0.0
S241379 342.7479 119.9498 1.041e-18 1.154e-18 1.07e-18 0.0 113.37 0.0
S241380 342.7498 119.9408 2.677e-21 1.861e-21 6.565e-22 0.0 113.68 0.0
S241381 342.748 120.0692 9.508e-13 6.757e-13 2.523e-13 0.0 110.97 0.0
S241382 342.7545 119.9294 4.396e-22 1.046e-21 4.5240000000000004e-21 0.0 113.81 0.0
S241383 342.7507 119.9457 1.1020000000000001e-20 1.901e-20 4.3430000000000006e-20 0.0 113.47 0.0
S241384 342.75 120.0552 1.059e-22 2.8929999999999997e-22 1.678e-21 0.0 111.07 0.0
S241385 342.7465 119.9455 4.598e-17 3.934e-17 2.154e-17 0.0 113.62 0.0
S241386 342.7527 120.0687 4.9630000000000007e-20 7.502000000000001e-20 1.305e-19 0.0 111.05 0.0
S241387 342.7498 119.9375 4.315e-21 7.938e-21 1.9540000000000003e-20 0.0 113.56 0.0
S241388 342.7561 120.0584 6.786e-17 1.34e-16 4.056e-16 0.0 111.14 0.0
S241389 342.7504 119.9435 9.239e-13 6.815e-13 2.614e-13 0.0 113.56 0.0
S241390 342.7532 120.0809 1.03e-18 1.148e-18 1.027e-18 0.0 110.82 0.0
S241391 342.7565 120.0669 7.684000000000001e-20 1.187e-19 2.02e-19 0.0 110.98 0.0
S241392 342.7493 119.9435 4.954e-20 8.153000000000001e-20 1.617e-19 0.0 113.49 0.0
S241393 342.7543 120.0689 5.389e-17 1.322e-16 5.861e-16 0.0 110.92 1.0
S241394 342.753 120.0795 5.521e-22 1.286e-21 5.516e-21 0.0 110.86 0.0
S241395 342.7575 120.0724 6.197e-19 7.582e-19 8.098e-19 0.0 110.85 0.0
S241396 342.7508 120.0782 6.015e-22 1.271e-21 4.276e-21 0.0 110.71 0.0
S241397 342.7514 120.0698 1.526e-20 2.6720000000000003e-20 6.006e-20 0.0 110.88 0.0
S241398 342.753 119.9231 1.206e-21 9.135999999999999e-22 3.8269999999999996e-22 0.0 113.68 0.0
S241399 342.7303 119.9331 5.269e-22 1.177e-21 4.469e-21 0.0 113.38 0.0
S241400 342.76 120.0801 4.366e-22 9.835e-22 3.838e-21 0.0 110.84 0.0
S241401 342.7434 119.9288 1.796e-19 2.435e-19 3.282e-19 0.0 113.66 0.0
S241402 342.7548 119.9398 1.101e-21 2.456e-21 8.931e-21 0.0 113.63 0.0
S241403 342.7498 120.0664 9.491999999999999e-22 2.239e-21 9.167e-21 0.0 111.0 0.0
S241404 342.7609 120.0685 2.624e-21 1.83e-21 6.284999999999999e-22 0.001 110.97 0.0
S241405 342.7544 120.081 3.097e-24 1.1199999999999999e-23 1.176e-22 0.0 110.83 0.0
S241406 342.7524 119.9295 1.118e-12 7.967e-13 2.905e-13 0.0 113.84 0.0
S241407 342.7517 120.0816 2.176e-23 6.310999999999999e-23 4.2219999999999997e-22 0.0 110.92 0.0
S241408 342.7466 120.0741 3.192e-18 3.44e-18 2.851e-18 0.0 110.9 0.0
S241409 342.7506 120.003 2.788e-17 2.488e-17 1.468e-17 0.0 119.84 0.0
S241410 342.7505 120.0031 3.626e-16 2.733e-16 1.142e-16 0.0 110.4 1.0
S241411 342.7505 120.0029 2.784e-16 2.148e-16 9.059e-17 0.0 121.08 1.0
S241412 342.7504 120.0031 1.653e-14 1.083e-14 3.395e-15 0.0 110.61 0.0
S241413 342.7504 120.003 1.639e-16 4.481e-16 2.599e-15 0.0 118.28 1.0
S241414 342.7506 120.0032 2.249e-15 1.577e-15 5.562e-16 0.0 107.23 0.0
S241415 342.7504 120.0031 2.74e-17 4.524e-17 8.918e-17 0.0 109.4 0.0
S241416 342.7503 120.003 3.309e-16 2.65e-16 1.247e-16 0.0 118.67 0.0
S241417 342.7506 120.003 2.901e-16 2.36e-16 1.14e-16 0.001 114.79 0.0
S241418 342.7505 120.0031 2.27e-21 1.604e-21 5.792e-22 0.0 113.7 0.0
S241419 342.7507 120.0031 9.704e-16 6.594e-16 2.244e-16 0.0 121.46 0.0
S241420 342.7504 120.0031 3.095e-15 2.132e-15 7.432e-16 0.0 106.03 0.0
S241421 342.7506 120.003 2.724e-17 4.41e-17 8.407e-17 0.0 117.83 0.0
S241422 342.7505 120.0031 3.704e-15 2.581e-15 8.79e-16 0.0 110.49 0.0
S241423 342.7505 120.003 1.965e-13 1.355e-13 4.711e-14 0.0 115.92 0.0
S241424 342.7505 120.003 4.057e-17 3.51e-17 1.926e-17 0.0 117.41 0.0
S241425 342.7504 120.003 7.762e-13 5.39e-13 1.879e-13 0.0 111.8 0.0
S241426 342.7506 120.003 4.811e-16 3.804e-16 1.695e-16 0.0 118.31 1.0
S241427 342.7505 120.0031 4.644e-18 4.766e-18 3.741e-18 0.0 111.98 0.0
S241428 342.7505 120.003 3.093e-13 2.11e-13 6.961e-14 0.0 113.09 0.0
S241429 342.7529 120.0647 5.397999999999999e-22 1.181e-21 4.354e-21 0.0 111.04 0.0
S241430 342.7542 120.0743 1.811e-17 1.695e-17 1.103e-17 0.0 111.0 0.0
S241431 342.7456 119.938 2.581e-16 2.021e-16 9.188e-17 0.0 113.43 1.0
S241432 342.7458 119.9378 2.748e-15 1.912e-15 6.698e-16 0.0 113.54 0.0
S241433 342.747 119.9273 2.654e-18 2.818e-18 2.298e-18 0.0 113.57 0.0
S241434 342.7492 119.9311 9.882e-16 7.267e-16 2.713e-16 0.0 113.51 0.0
S241435 342.7519 120.075 9.439e-17 7.703e-17 3.562e-17 0.0 110.88 0.0
S241436 342.7514 120.0726 1.741e-21 3.463e-21 1.0190000000000001e-20 0.0 110.79 0.0
S241437 342.7498 120.0843 1.532e-17 2.651e-17 5.822e-17 0.0 110.84 0.0
S241438 342.75 120.0836 4.117e-15 2.829e-15 9.497e-16 0.0 110.83 0.0
S241439 342.753 119.9237 2.407e-16 1.898e-16 8.097e-17 0.0 113.71 1.0
S241440 342.7546 119.9228 1.928e-17 3.147e-17 6.358e-17 0.0 113.74 0.0
S241441 342.7528 119.9192 2.802e-16 2.116e-16 8.652e-17 0.0 113.75 1.0
S241442 342.757 119.9182 7.266e-16 5.236e-16 1.921e-16 0.0 113.81 0.0
S241443 342.7582 119.917 1.165e-16 9.875e-17 5.231e-17 0.0 113.86 0.0
S241444 342.7563 119.9115 9.206e-16 6.271e-16 2.137e-16 0.001 113.86 0.0
S241445 342.7422 120.0872 4.506e-17 3.715e-17 1.836e-17 0.0 110.65 1.0
S241446 342.7594 119.9113 2.344e-21 1.661e-21 5.948999999999999e-22 0.0 113.91 0.0
S241447 342.7415 120.0985 1.888e-15 1.312e-15 4.812e-16 0.0 110.57 0.0
S241448 342.7364 120.0934 1.165e-15 8.508e-16 3.327e-16 0.0 110.51 0.0
S241449 342.7358 120.1031 1.271e-12 1.244e-12 8.546e-13 0.0 110.47 1.0
S241450 342.7365 120.1045 1.797e-16 1.423e-16 6.633e-17 0.0 110.48 0.0
S241451 342.7341 120.1065 1.146e-13 7.542e-14 2.314e-14 0.0 110.43 0.0
S241452 342.7331 120.1067 2.028e-16 1.58e-16 6.767e-17 0.0 110.42 1.0
S241453 342.7293 120.1135 5.519e-16 4.084e-16 1.667e-16 0.0 110.35 0.0
S241454 342.7284 120.1078 9.25e-17 7.551e-17 3.79e-17 0.0 110.38 0.0
S241455 342.7295 120.1087 1.305e-17 1.144e-17 6.359e-18 0.0 110.38 0.0
S241456 342.7287 120.1125 1.255e-17 2.137e-17 4.656e-17 0.0 110.36 0.0
S241457 342.7271 120.1173 1.233e-14 8.268e-15 2.677e-15 0.0 110.31 0.0
S241458 342.7284 120.1156 2.033e-21 1.464e-21 5.61e-22 0.0 110.33 0.0
S241459 342.7251 120.1126 4.294e-18 4.534e-18 3.703e-18 0.0 110.32 0.0
S241460 342.7237 120.1165 6.012e-17 5.18e-17 2.841e-17 0.0 110.21 0.0
S241461 342.7202 120.1221 2.749e-16 2.141e-16 9.372e-17 0.0 110.24 1.0
S241462 342.7803 119.894 7.988e-13 5.613e-13 1.945e-13 0.0 114.3 0.0
S241463 342.7187 120.1198 2.386e-16 1.858e-16 7.865e-17 0.0 110.16 1.0
S241464 342.7828 119.8835 4.866e-17 4.351e-17 2.45e-17 0.0 114.31 0.0
S241465 342.7148 120.126 6.182e-15 4.328e-15 1.491e-15 0.0 110.18 0.0
S241466 342.7838 119.8839 1.24e-17 2.253e-17 5.531e-17 0.0 114.29 0.0
S241467 342.7849 119.8872 2.006e-14 3.292e-14 6.689e-14 0.0 114.35 0.0
S241468 342.7147 120.1233 1.547e-17 3.044e-17 8.87e-17 0.0 110.05 0.0
S241469 342.7905 119.8812 3.38e-17 2.854e-17 1.418e-17 0.0 114.4 0.0
S241470 342.7937 119.8787 8.81e-17 1.386e-16 2.654e-16 0.0 114.39 0.0
S241471 342.706 120.1333 3.511e-15 2.446e-15 8.411e-16 0.0 110.01 0.0
S241472 342.7965 119.8718 9.816e-16 7.446e-16 3.124e-16 0.0 114.4 0.0
S241473 342.7047 120.1319 5.357e-16 4.097e-16 1.713e-16 0.0 110.08 0.0
S241474 342.7 120.137 5.591e-15 3.844e-15 1.301e-15 0.0 110.03 0.0
S241475 342.7034 120.1287 3.319e-16 2.619e-16 1.211e-16 0.0 110.06 1.0
S241476 342.7004 120.1291 6.285e-17 1.255e-16 3.914e-16 0.0 110.0 1.0
S241477 342.6967 120.1343 8.627e-18 8.594e-18 6.242e-18 0.0 110.09 0.0
S241478 342.8055 119.8657 3.63e-16 2.727e-16 1.102e-16 0.0 114.46 0.0
S241479 342.808 119.8713 2.758e-16 2.176e-16 9.512e-17 0.0 114.37 1.0
S241480 342.8048 119.8713 3.468e-17 2.977e-17 1.593e-17 0.0 114.42 0.0
S241481 342.8117 119.8668 8.748e-17 7.267e-17 3.613e-17 0.0 114.36 0.0
S241482 342.6934 120.1357 2.906e-16 2.141e-16 8.714e-17 0.0 110.03 0.0
S241483 342.6931 120.129 3.629e-16 2.763e-16 1.181e-16 0.0 110.16 1.0
S241484 342.8122 119.8754 1.895e-15 1.315e-15 4.587e-16 0.0 114.4 0.0
S241485 342.8119 119.8753 1.178e-15 8.181e-16 2.899e-16 0.0 114.38 0.0
S241486 342.8196 119.8674 1.027e-16 8.238e-17 3.814e-17 0.0 114.32 0.0
S241487 342.8152 119.875 9.196e-16 6.588e-16 2.382e-16 0.0 114.23 0.0
S241488 342.6884 120.128 5.054e-17 8.152e-17 1.6e-16 0.0 110.22 0.0
S241489 342.6843 120.1231 7.823e-16 5.648e-16 2.157e-16 0.0 110.25 0.0
S241490 342.8168 119.8856 1.824e-15 1.276e-15 4.694e-16 0.0 114.19 0.0
S241491 342.6796 120.1268 2.721e-16 2.033e-16 8.553e-17 0.0 110.32 1.0
S241492 342.6824 120.1216 1.958e-17 3.703e-17 9.762e-17 0.0 110.28 0.0
S241493 342.6805 120.1205 7.067e-16 5.204e-16 2.042e-16 0.0 110.31 0.0
S241494 342.8188 119.8903 1.693e-16 1.282e-16 5.219e-17 0.001 114.14 0.0
S241495 342.823 119.8935 4.035e-17 3.425e-17 1.797e-17 0.0 114.11 0.0
S241496 342.6752 120.1151 2.697e-17 2.423e-17 1.427e-17 0.0 110.43 0.0
S241497 342.6773 120.1098 5.273e-16 4.042e-16 1.73e-16 0.0 110.51 1.0
S241498 342.6767 120.1079 5.09e-17 4.344e-17 2.29e-17 0.0 110.54 0.0
S241499 342.6724 120.1094 4.746e-19 5.816e-19 6.356e-19 0.0 110.66 0.0
S241500 342.6708 120.1063 1.78e-15 1.269e-15 4.606e-16 0.0 110.62 0.0
S241501 342.8189 119.917 2.199e-17 3.431e-17 6.215e-17 0.0 113.75 0.0
S241502 342.8202 119.9195 2.466e-18 2.724e-18 2.462e-18 0.0 113.71 0.0
S241503 342.8266 119.9136 2.488e-18 2.627e-18 2.084e-18 0.0 113.66 0.0
S241504 342.8249 119.9225 6.479e-17 5.558e-17 3.04e-17 0.0 113.55 0.0
S241505 342.8156 119.9347 1.77e-17 3.406e-17 9.459e-17 0.0 113.47 0.0
S241506 342.6769 120.0732 4.003e-13 2.66e-13 8.859e-14 0.0 111.03 0.0
S241507 342.8201 119.937 4.664e-16 3.437e-16 1.357e-16 0.0 113.42 0.0
S241508 342.6749 120.0708 4.133e-18 4.329e-18 3.433e-18 0.0 111.11 0.0
S241509 342.674 120.0669 1.248e-16 1.027e-16 4.998e-17 0.0 111.22 0.0
S241510 342.6763 120.0616 1.255e-17 2.02e-17 3.743e-17 0.0 111.25 0.0
S241511 342.7505 119.9191 5.089e-21 9.205e-21 2.274e-20 0.0 113.79 0.0
S241512 342.7515 119.9281 1.664e-18 1.777e-18 1.496e-18 0.0 113.71 0.0
S241513 342.7539 119.9182 1.9170000000000002e-21 3.954e-21 1.3220000000000002e-20 0.0 113.81 0.0
S241514 342.7444 120.0785 2.053e-17 3.426e-17 7.011e-17 0.0 110.78 0.0
S241515 342.7638 119.9226 8.699e-22 2.05e-21 8.883e-21 0.0 113.92 0.0
S241516 342.741 120.0974 3.31e-17 2.882e-17 1.576e-17 0.0 110.61 0.0
S241517 342.7389 120.0969 2.604e-18 2.747e-18 2.264e-18 0.0 110.56 0.0
S241518 342.7379 120.0903 1.389e-23 4.543e-23 3.8179999999999995e-22 0.0 110.61 0.0
S241519 342.7622 119.9194 3.453e-22 7.804999999999999e-22 3.037e-21 0.0 113.87 0.0
S241520 342.7587 119.91 4.777e-13 3.277e-13 1.107e-13 0.0 113.94 0.0
S241521 342.7353 120.0976 2.564e-16 1.968e-16 8.457e-17 0.0 110.46 1.0
S241522 342.7327 120.106 6.25e-17 5.16e-17 2.454e-17 0.0 110.47 0.0
S241523 342.7616 119.9032 6.555000000000001e-20 9.611e-20 1.487e-19 0.0 114.08 0.0
S241524 342.7309 120.1004 1.455e-16 1.179e-16 5.47e-17 0.0 110.4 0.0
S241525 342.7667 119.9038 2.254e-17 2.004e-17 1.122e-17 0.0 114.07 0.0
S241526 342.7672 119.9058 9.274e-13 6.725e-13 2.525e-13 0.0 114.11 0.0
S241527 342.7706 119.9005 1.535e-17 2.631e-17 5.583e-17 0.0 114.13 0.0
S241528 342.7719 119.9003 4.031e-18 4.205e-18 3.256e-18 0.0 114.18 0.0
S241529 342.7723 119.9134 7.678e-18 7.416e-18 5.043e-18 0.0 114.17 0.0
S241530 342.7664 119.8985 1.641e-17 1.584e-17 1.091e-17 0.0 114.17 0.0
S241531 342.7312 120.111 1.236e-19 1.854e-19 3.03e-19 0.0 110.33 0.0
S241532 342.7241 120.1179 1.053e-17 1.591e-17 2.711e-17 0.0 110.17 0.0
S241533 342.7749 119.8871 4.177e-21 7.868e-21 2.1240000000000002e-20 0.0 114.24 0.0
S241534 342.7226 120.1173 9.554e-18 9.687e-18 7.247e-18 0.0 110.23 0.0
S241535 342.7233 120.1121 2.639e-16 2.033e-16 8.913e-17 0.0 110.21 1.0
S241536 342.7806 119.8804 5.931e-19 7.076e-19 7.204e-19 0.0 114.3 0.0
S241537 342.779 119.8862 8.648e-17 1.792e-16 5.807e-16 0.0 114.26 1.0
S241538 342.7187 120.1085 1.412e-15 1.011e-15 3.724e-16 0.0 110.21 0.0
S241539 342.7142 120.126 1.57e-16 4.319e-16 2.556e-15 0.0 110.05 1.0
S241540 342.7151 120.1206 5.57e-16 4.149e-16 1.647e-16 0.0 110.1 0.0
S241541 342.7864 119.8857 3.172e-18 3.347e-18 2.673e-18 0.0 114.33 0.0
S241542 342.7179 120.1221 9.803e-18 9.777e-18 7.078e-18 0.0 110.11 0.0
S241543 342.708 120.1247 4.278e-18 4.293e-18 3.135e-18 0.0 110.1 0.0
S241544 342.7934 119.8758 1.017e-17 9.008e-18 5.077e-18 0.0 114.43 0.0
S241545 342.7173 120.1186 2.592e-16 1.97e-16 8.093e-17 0.0 110.15 1.0
S241546 342.7944 119.8796 8.735e-13 6.928e-13 3.18e-13 0.0 114.4 1.0
S241547 342.7136 120.1143 3.643e-18 3.664e-18 2.711e-18 0.0 110.09 0.0
S241548 342.7979 119.8806 1.3330000000000001e-20 2.274e-20 4.8940000000000007e-20 0.0 114.41 0.0
S241549 342.7101 120.112 1.04e-20 1.8230000000000003e-20 4.0820000000000005e-20 0.0 110.13 0.0
S241550 342.8047 119.8817 1.044e-16 2.679e-16 1.382e-15 0.0 114.42 1.0
S241551 342.7021 120.1219 1.019e-16 8.255e-17 3.872e-17 0.0 110.06 0.0
S241552 342.7024 120.1224 9.121e-18 1.553e-17 3.433e-17 0.0 110.08 0.0
S241553 342.8053 119.8676 3.775e-19 5.085e-19 6.795e-19 0.0 114.44 0.0
S241554 342.7952 119.8941 1.698e-17 2.54e-17 4.241e-17 0.0 114.33 0.0
S241555 342.6914 120.1342 2.549e-21 5.167e-21 1.691e-20 0.0 110.08 0.0
S241556 342.7023 120.1183 7.520999999999999e-22 1.716e-21 6.904e-21 0.0 110.18 0.0
S241557 342.7021 120.1112 2.139e-15 1.555e-15 5.844e-16 0.0 110.1 0.0
S241558 342.6883 120.1372 1.796e-17 4.229e-17 1.762e-16 0.0 110.07 0.0
S241559 342.7009 120.1188 2.675e-16 2.059e-16 8.774e-17 0.0 110.18 1.0
S241560 342.6914 120.1309 4.382e-15 3.077e-15 1.113e-15 0.0 110.14 0.0
S241561 342.8127 119.8834 1.735e-16 1.417e-16 6.839e-17 0.0 114.26 0.0
S241562 342.8181 119.8769 3.018e-16 2.342e-16 1.001e-16 0.0 114.26 1.0
S241563 342.6887 120.1243 2.727e-15 1.895e-15 6.614e-16 0.0 110.27 0.0
S241564 342.8097 119.8931 1.382e-16 1.073e-16 4.799e-17 0.0 114.25 1.0
S241565 342.8209 119.8722 3.547e-16 2.74e-16 1.178e-16 0.0 114.19 1.0
S241566 342.6797 120.1243 5.175e-18 5.391e-18 4.048e-18 0.0 110.24 0.0
S241567 342.6765 120.13 4.307e-21 8.000000000000001e-21 2.1140000000000002e-20 0.0 110.25 0.0
S241568 342.8191 119.8913 5.191e-25 2.218e-24 3.445e-23 0.0 114.09 0.0
S241569 342.8142 119.8952 1.129e-12 8.369e-13 3.286e-13 0.0 114.16 0.0
S241570 342.8126 119.902 9.59e-24 3.107e-23 2.6e-22 0.0 114.02 0.0
S241571 342.8214 119.8858 1.245e-24 4.701e-24 5.2529999999999996e-23 0.0 114.04 0.0
S241572 342.6787 120.1037 2.8740000000000002e-21 1.977e-21 6.918e-22 0.0 110.45 0.0
S241573 342.8231 119.8898 4.642e-19 5.643e-19 6.191e-19 0.0 114.0 0.0
S241574 342.8162 119.911 2.597e-21 1.8220000000000002e-21 6.363999999999999e-22 0.0 113.88 0.0
S241575 342.8167 119.9068 9.359e-15 1.822e-14 5.156e-14 0.0 113.88 0.0
S241576 342.8191 119.9158 3.263e-18 3.464e-18 2.909e-18 0.0 113.81 0.0
S241577 342.6752 120.0926 1.341e-18 1.561e-18 1.533e-18 0.0 110.72 0.0
S241578 342.673 120.0983 2.978e-21 2.07e-21 7.078999999999999e-22 0.0 110.8 0.0
S241579 342.827 119.9174 6.356e-16 4.682e-16 1.797e-16 0.0 113.66 0.0
S241580 342.685 120.0671 3.1339999999999996e-23 8.857e-23 5.538e-22 0.0 110.96 0.0
S241581 342.83 119.9153 8.684000000000001e-25 3.485e-24 4.7199999999999996e-23 0.0 113.58 0.0
S241582 342.8191 119.9342 3.36e-19 4.247e-19 4.821e-19 0.0 113.4 0.0
S241583 342.828 119.9343 1.877e-17 1.694e-17 1.029e-17 0.0 113.31 0.0
S241584 342.8265 119.9311 2.296e-19 3.096e-19 4.209e-19 0.0 113.47 0.0
S241585 342.6739 120.0666 2.444e-16 1.888e-16 8.128e-17 0.0 111.22 1.0
S241586 342.6806 120.0455 4.3e-17 3.931e-17 2.361e-17 0.0 111.41 0.0
S241587 342.682 120.0507 2.083e-17 3.556e-17 7.897e-17 0.0 111.36 0.0
S241588 342.6788 120.0604 9.262e-24 3.188e-23 2.954e-22 0.0 111.28 0.0
S241589 342.8134 119.971 7.574e-17 6.256e-17 3.046e-17 0.0 112.97 0.0
S241590 342.8249 119.9632 3.742e-18 3.812e-18 2.815e-18 0.0 112.93 0.0
S241591 342.8074 119.988 4.189e-19 5.036e-19 5.218e-19 0.0 112.62 0.0
S241592 342.6865 120.0269 7.173999999999999e-22 1.608e-21 6.419e-21 0.0 111.77 0.0
