Name Equatorial Polar BlueF GreenF RedF Parallax RadialVelocity Variable?
S053820 355.4675 128.9063 9.2e-26 4.536e-25 9.13e-24 0.0 119.71 0.0
S053821 355.6833 128.7121 4.342e-19 5.053e-19 5.062e-19 0.0 118.62 0.0
S053822 355.6883 128.7003 4.823e-24 1.544e-23 1.24e-22 0.0 117.19 0.0
S053823 355.6636 128.7056 7.572e-22 1.6510000000000001e-21 6.201e-21 0.0 118.16 0.0
S053824 355.6913 128.7107 5.606e-19 7e-19 7.758e-19 0.0 117.2 0.0
S053825 355.6816 128.7053 2.66e-20 4.1030000000000004e-20 7.431e-20 0.0 117.7 0.0
S053826 355.6952 128.6037 2.0019999999999998e-22 4.535999999999999e-22 1.813e-21 0.0 116.43 0.0
S053827 355.6843 128.6875 8.292e-23 2.263e-22 1.361e-21 0.0 117.2 0.0
S053828 355.6941 128.6893 5.287000000000001e-20 7.804000000000001e-20 1.284e-19 0.0 116.79 0.0
S053829 355.6677 128.7233 3.95e-21 7.207e-21 1.864e-20 0.0 118.99 0.0
S053830 355.7296 128.7304 1.13e-19 1.458e-19 1.718e-19 0.0 118.14 0.0
S053831 355.6972 128.6645 2.5279999999999997e-22 6.016e-22 2.646e-21 0.0 116.55 0.0
S053832 355.6464 128.6987 4.982e-19 5.983e-19 6.231e-19 0.0 117.99 0.0
S053833 355.6821 128.709 2.163e-21 4.127e-21 1.163e-20 0.0 118.97 0.0
S053834 355.6739 128.6826 7.031999999999999e-22 1.479e-21 5.086e-21 0.0 117.19 0.0
S053835 355.783 128.6169 1.222e-21 2.601e-21 8.953e-21 0.0 116.37 0.0
S053836 355.6257 128.5873 1.87e-21 1.316e-21 4.707e-22 0.0 117.05 0.0
S053837 355.6829 128.6636 4.312e-18 4.415e-18 3.276e-18 0.0 116.87 0.0
S053838 355.7095 128.7192 4.397e-17 9.516e-17 3.445e-16 0.0 118.04 1.0
S053839 355.6817 128.7026 1.753e-18 1.868e-18 1.571e-18 0.0 117.56 0.0
S053840 355.5441 128.7706 1.441e-17 2.383e-17 5.06e-17 0.0 119.23 0.0
S053841 355.704 128.7669 4.751e-23 1.25e-22 6.457e-22 0.0 119.12 0.0
S053842 355.6702 128.7144 1.592e-23 4.195e-23 2.2319999999999997e-22 0.0 118.96 0.0
S053843 355.6744 128.7002 4.203e-18 4.355e-18 3.523e-18 0.0 117.6 0.0
S053844 355.6746 128.7039 4.089e-18 4.384e-18 3.651e-18 0.0 117.61 0.0
S053845 355.6372 128.8016 5.14e-17 7.885e-17 1.367e-16 0.0 119.64 0.0
S053846 355.7732 128.7129 1.038e-17 9.551e-18 5.776e-18 0.0 117.61 0.0
S053847 355.6386 128.742 1.405e-17 2.955e-17 1.004e-16 0.0 119.25 0.0
S053848 355.6702 128.7389 1.808e-17 1.685e-17 1.031e-17 0.0 119.24 0.0
S053849 355.6616 128.6735 5.464e-23 1.441e-22 7.847999999999999e-22 0.0 117.23 0.0
S053850 355.6904 128.695 8.305e-28 7.342e-27 4.959000000000001e-25 0.0 116.93 0.0
S053851 355.7571 128.7023 2.802e-21 5.248e-21 1.4230000000000002e-20 0.0 117.45 0.0
S053852 355.7053 128.6829 4.095e-23 1.019e-22 4.962e-22 0.0 116.65 0.0
S053853 355.7278 128.7344 4.0499999999999996e-22 9.432999999999999e-22 4.114e-21 0.0 118.22 0.0
S053854 355.6359 128.7896 1.458e-19 2.008e-19 2.746e-19 0.001 119.65 0.0
S053855 355.686 128.7152 1.859e-20 2.961e-20 5.469e-20 0.0 118.72 0.0
S053856 355.6795 128.7291 1.061e-22 2.515e-22 1.121e-21 0.0 119.03 0.0
S053857 355.6443 128.7268 9.869999999999998e-22 1.907e-21 5.473e-21 0.0 119.0 0.0
S053858 355.6644 128.8024 1.097e-20 1.8370000000000003e-20 3.831e-20 0.0 119.57 0.0
S053859 355.7219 128.8398 5.04e-25 2.106e-24 3.139e-23 0.0 119.28 0.0
S053860 355.6515 128.7046 2.373e-18 2.609e-18 2.309e-18 0.0 118.28 0.0
S053861 355.6803 128.715 1.4239999999999998e-23 4.1809999999999997e-23 2.8749999999999995e-22 0.0 118.87 0.0
S053862 355.6508 128.7181 1.4499999999999998e-23 4.7229999999999995e-23 3.9619999999999997e-22 0.0 118.87 0.0
S053863 355.6846 128.7103 2.835e-17 4.334e-17 7.43e-17 0.0 118.43 0.0
S053864 355.7135 128.7498 1.86e-20 3.145e-20 6.892000000000001e-20 0.0 118.7 0.0
S053865 355.6841 128.7133 6.225000000000001e-20 8.696e-20 1.279e-19 0.0 118.56 0.0
S053866 355.6879 128.6459 4.066e-21 7.620000000000001e-21 2.0030000000000002e-20 0.0 116.71 0.0
S053867 355.7649 128.662 2.4699999999999998e-22 6.1139999999999995e-22 3.014e-21 0.0 116.74 0.0
S053868 355.7075 128.7679 2.864e-17 3.916e-17 5.499e-17 0.0 118.98 0.0
S053869 355.6645 128.7352 2.016e-21 1.398e-21 4.997999999999999e-22 0.0 119.3 0.0
S053870 355.6764 128.7007 1.0849999999999998e-22 2.7139999999999997e-22 1.347e-21 0.0 117.61 0.0
S053871 355.6572 128.6661 8.808e-23 2.174e-22 1.039e-21 0.0 117.21 0.0
S053872 355.7015 128.7874 2.945e-19 3.612e-19 3.874e-19 0.0 119.17 0.0
S053873 355.6282 128.7179 3.8979999999999996e-24 1.354e-23 1.2869999999999999e-22 0.0 118.76 0.0
S053874 355.6407 128.7045 4.2199999999999997e-23 1.12e-22 6.342999999999999e-22 0.0 118.26 0.0
S053875 355.6831 128.7025 6.267e-22 1.469e-21 6.208e-21 0.0 117.48 0.0
S053876 355.6715 128.7306 1.478e-17 3.269e-17 1.195e-16 0.0 119.21 0.0
S053877 355.6656 128.6497 4.092e-21 6.995e-21 1.5300000000000002e-20 0.0 116.92 0.0
S053878 355.7093 128.6838 1.374e-21 2.717e-21 8.402e-21 0.0 116.73 0.0
S053879 355.6788 128.7393 1.911e-17 4.11e-17 1.454e-16 0.0 119.28 0.0
S053880 355.6822 128.709 6.105999999999999e-22 1.488e-21 6.563e-21 0.0 118.21 0.0
S053881 355.7193 128.7109 1.787e-24 6.795e-24 8.225e-23 0.0 117.71 0.0
S053882 355.682 128.7012 1.5230000000000002e-20 2.5750000000000003e-20 5.45e-20 0.0 117.16 0.0
S053883 355.6904 128.7184 2.237e-17 4.322e-17 1.238e-16 0.0 118.64 0.0
S053884 355.6865 128.7482 1.198e-18 1.323e-18 1.202e-18 0.0 119.3 0.0
S053885 355.7097 128.6987 2.2229999999999996e-22 5.636999999999999e-22 2.841e-21 0.0 117.2 0.0
S053886 355.7101 128.7379 1.404e-18 1.549e-18 1.37e-18 0.0 118.78 0.0
S053887 355.6632 128.7412 1.804e-20 3.0050000000000005e-20 6.252e-20 0.0 119.41 0.0
S053888 355.7303 128.6948 3.622e-22 7.721e-22 2.792e-21 0.0 117.01 0.0
S053889 355.577 128.6837 1.164e-23 3.217e-23 1.9999999999999999e-22 0.0 118.19 0.0
S053890 355.8403 128.5674 6.289e-18 6.021e-18 3.921e-18 0.0 116.44 0.0
S053891 355.7622 128.6197 3.382e-19 4.439e-19 5.579e-19 0.0 116.31 0.0
S053892 355.7301 128.7015 1.278e-17 2.305e-17 5.583e-17 0.0 117.24 0.0
S053893 355.6901 128.7247 1.049e-15 3.405e-15 2.895e-14 0.0 118.97 1.0
S053894 355.8258 128.5194 6.53e-23 1.8469999999999998e-22 1.156e-21 0.0 116.34 0.0
S053895 355.7038 128.4367 1.475e-19 2.027e-19 2.891e-19 0.0 116.36 0.0
S053896 355.6898 128.6874 3.796e-18 3.736e-18 2.566e-18 0.0 116.95 0.0
S053897 355.6352 128.6989 7.232000000000001e-25 2.879e-24 3.7449999999999996e-23 0.0 118.13 0.0
S053898 355.6811 128.7113 2.218e-21 1.521e-21 5.428999999999999e-22 0.0 118.62 0.0
S053899 355.8024 128.6167 1.864e-17 4.251e-17 1.692e-16 0.0 116.45 0.0
S053900 355.6794 128.7157 2.644e-19 3.182e-19 3.445e-19 0.0 118.82 0.0
S053901 355.665 128.7101 6.105e-23 1.3969999999999998e-22 5.576999999999999e-22 0.0 118.7 0.0
S053902 355.684 128.6851 3.337e-25 1.486e-24 2.3939999999999998e-23 0.0 117.01 0.0
S053903 355.6987 128.8679 3.587e-19 4.59e-19 5.454e-19 0.0 119.74 0.0
S053904 355.7194 128.674 1.744e-23 4.5059999999999997e-23 2.4449999999999996e-22 0.0 116.62 0.0
S053905 355.7042 128.7067 8.156e-18 7.443e-18 4.408e-18 0.0 117.52 0.0
S053906 355.7107 128.74 1.411e-19 1.953e-19 2.614e-19 0.0 118.71 0.0
S053907 355.6583 128.7788 4.294e-19 5.468e-19 6.517e-19 0.0 119.62 0.0
S053908 355.691 128.7321 7.638e-23 2.0409999999999999e-22 1.121e-21 0.0 119.02 0.0
S053909 355.7298 128.7297 2.005e-21 1.41e-21 5.022999999999999e-22 0.0 118.15 0.0
S053910 355.708 128.7985 5.155e-24 1.6239999999999998e-23 1.27e-22 0.0 119.19 0.0
S053911 355.7255 128.7624 5.327e-22 1.164e-21 4.23e-21 0.0 118.81 0.0
S053912 355.67 128.6902 3.072e-18 3.167e-18 2.402e-18 0.0 117.46 0.0
S053913 355.6795 128.7083 1.278e-23 3.928e-23 2.9299999999999997e-22 0.0 118.7 0.0
S053914 355.6715 128.6928 1.187e-19 1.665e-19 2.374e-19 0.0 117.09 0.0
S053915 355.7362 128.7505 1.266e-17 2.265e-17 5.386e-17 0.0 118.59 0.0
S053916 355.6587 128.6964 1.495e-18 1.627e-18 1.395e-18 0.0 117.81 0.0
S053917 355.7228 128.7067 3.847e-19 4.447e-19 4.227e-19 0.0 117.64 0.0
S053918 355.7093 128.8182 3.518e-20 5.1870000000000004e-20 8.389000000000001e-20 0.0 119.24 0.0
S053919 355.687 128.703 9.618000000000001e-21 1.7030000000000002e-20 3.865e-20 0.0 117.33 0.0
S053920 355.68 128.7181 3.473e-23 9.266999999999999e-23 4.979999999999999e-22 0.0 119.0 0.0
S053921 355.6875 128.7094 1.3049999999999999e-23 3.6799999999999996e-23 2.307e-22 0.0 117.93 0.0
S053922 355.6398 128.6955 2.7739999999999997e-22 7.070999999999999e-22 3.4650000000000004e-21 0.0 117.97 0.0
S053923 355.6621 128.7122 9.575e-21 1.605e-20 3.314e-20 0.0 118.66 0.0
S053924 355.8322 128.7033 2.762e-23 7.76e-23 4.774999999999999e-22 0.0 117.6 0.0
S053925 355.7458 128.7477 5.644e-18 5.435e-18 3.744e-18 0.0 118.28 0.0
S053926 355.6853 128.7047 2.4210000000000002e-20 3.822e-20 6.724e-20 0.0 117.35 0.0
S053927 355.6628 128.7306 5.598e-22 1.281e-21 5.159e-21 0.0 119.22 0.0
S053928 355.6933 128.7463 2.8929999999999997e-22 6.012e-22 2.027e-21 0.0 119.19 0.0
S053929 355.62 128.6052 7.226999999999999e-23 1.8769999999999998e-22 9.42e-22 0.0 117.06 1.0
S053930 355.669 128.7452 2.413e-24 9.268e-24 1.114e-22 0.0 119.35 0.0
S053931 355.6938 128.6797 6.829e-22 1.356e-21 4.064e-21 0.0 116.71 0.0
S053932 355.5919 128.829 1.806e-17 1.561e-17 8.648e-18 0.0 119.8 0.0
S053933 355.6421 128.7079 7.963999999999999e-22 1.5590000000000001e-21 4.513e-21 0.0 118.46 0.0
S053934 355.6952 128.7151 3.157e-18 3.305e-18 2.617e-18 0.0 118.25 0.0
S053935 355.7319 128.7344 1.031e-18 1.12e-18 9.727e-19 0.0 118.35 0.0
S053936 355.7083 128.7551 1.1530000000000001e-20 1.9860000000000002e-20 4.3150000000000006e-20 0.0 119.05 0.0
S053937 355.6751 128.704 1.21e-17 1.142e-17 7.297e-18 0.0 117.93 0.0
S053938 355.6747 128.7055 5.64e-21 1.0340000000000001e-20 2.6750000000000003e-20 0.0 118.01 0.0
S053939 355.7027 128.6653 1.5210000000000002e-26 1.015e-25 3.863e-24 0.0 116.69 0.0
S053940 355.7731 128.691 7.36e-13 5.5e-13 2.152e-13 0.0 117.4 0.0
S053941 355.6957 128.6304 6.687e-25 2.804e-24 3.9079999999999997e-23 0.0 116.53 0.0
S053942 355.7227 128.6973 7.171e-22 1.6630000000000001e-21 6.678e-21 0.0 117.21 0.0
S053943 355.6446 128.6741 8.258999999999999e-22 1.802e-21 6.625e-21 0.0 117.5 0.0
S053944 355.7378 128.6856 1.464e-21 2.877e-21 8.603e-21 0.0 117.01 0.0
S053945 355.6938 128.6948 6.849e-24 2.3339999999999998e-23 2.1039999999999999e-22 0.0 116.85 0.0
S053946 355.6624 128.7264 7.37e-21 1.344e-20 3.327e-20 0.0 119.05 0.0
S053947 355.7016 128.7331 8.182e-23 2.138e-22 1.133e-21 0.0 118.88 0.0
S053948 355.6838 128.7138 1.626e-18 1.809e-18 1.617e-18 0.0 118.62 0.0
S053949 355.5256 128.8254 5.813e-23 1.514e-22 7.849999999999999e-22 0.0 119.41 0.0
S053950 355.697 128.7075 3.201e-23 8.104999999999999e-23 3.9629999999999997e-22 0.0 117.44 0.0
S053951 355.6783 128.6994 1.835e-21 3.397e-21 8.861e-21 0.0 117.38 0.0
S053952 355.6397 128.7545 3.0340000000000003e-20 4.961e-20 9.634e-20 0.0 119.42 0.0
S053953 355.6651 128.7101 2.4849999999999998e-22 5.602999999999999e-22 2.218e-21 0.0 118.49 0.0
S053954 355.687 128.7071 4.673e-23 1.4079999999999998e-22 1.0090000000000001e-21 0.0 117.46 0.0
S053955 355.6907 128.7022 1.485e-23 4.305e-23 2.8599999999999995e-22 0.0 117.34 0.0
S053956 355.8066 128.6287 2.568e-21 1.749e-21 5.9799999999999995e-22 0.0 116.61 0.0
S053957 355.6751 128.7804 4.811000000000001e-20 7.547000000000001e-20 1.386e-19 0.0 119.6 0.0
S053958 355.7641 128.6134 4.1180000000000003e-25 1.779e-24 2.717e-23 0.0 116.28 0.0
S053959 355.6507 128.6354 6.636e-22 1.45e-21 5.409e-21 0.0 116.98 0.0
S053960 355.8985 128.8 1.559e-17 2.744e-17 6.167e-17 0.0 118.06 0.0
S053961 355.6831 128.7105 3.194e-23 1.0089999999999999e-22 7.610999999999999e-22 0.0 118.58 0.0
S053962 355.6794 128.7084 1.6030000000000002e-20 2.6140000000000002e-20 5.2280000000000005e-20 0.0 118.11 0.0
S053963 355.7407 128.6577 2.242e-22 4.982999999999999e-22 1.869e-21 0.0 116.65 0.0
S053964 355.7013 128.7267 1.021e-20 1.7890000000000002e-20 4.0810000000000005e-20 0.0 118.52 0.0
S053965 355.6775 128.7365 2.959e-21 5.431e-21 1.3850000000000002e-20 0.0 119.25 0.0
S053966 355.6843 128.6965 1.013e-12 7.61e-13 3.133e-13 0.0 117.07 1.0
S053967 355.6941 128.625 4.262e-25 1.926e-24 3.312e-23 0.0 116.48 0.0
S053968 355.715 128.6904 1.6679999999999998e-22 3.9629999999999997e-22 1.675e-21 0.0 116.86 0.0
S053969 355.7415 128.8464 1.276e-19 1.769e-19 2.489e-19 0.0 119.16 0.0
S053970 355.6992 128.7564 3.515e-18 3.549e-18 2.646e-18 0.0 119.16 0.0
S053971 355.6737 128.7867 4.6969999999999995e-23 1.2519999999999998e-22 7.070999999999999e-22 0.0 119.77 0.0
S053972 355.7394 128.7085 1.42e-21 2.825e-21 8.435e-21 0.0 117.46 0.0
S053973 355.6404 128.669 1.734e-18 1.887e-18 1.614e-18 0.0 117.54 0.0
S053974 355.6784 128.742 1.458e-23 4.202e-23 2.71e-22 0.0 119.2 0.0
S053975 355.6638 128.7202 8.581e-24 2.5729999999999998e-23 1.808e-22 0.0 119.0 0.0
S053976 355.574 128.7186 1.556e-17 1.489e-17 9.908e-18 0.0 118.79 0.0
S053977 355.6728 128.686 5.070999999999999e-22 1.141e-21 4.596e-21 0.0 117.42 0.0
S053978 355.6818 128.7149 2.577e-17 6.059e-17 2.591e-16 0.0 118.6 1.0
S053979 355.6445 128.7315 1.0279999999999999e-22 2.755e-22 1.5440000000000001e-21 0.0 119.05 0.0
S053980 355.6695 128.7151 1.4019999999999999e-22 3.5069999999999996e-22 1.757e-21 0.001 118.67 0.0
S053981 355.6479 128.7599 4.109e-24 1.527e-23 1.6649999999999998e-22 0.0 119.59 0.0
S053982 355.6916 128.6899 5.106e-24 1.6969999999999998e-23 1.463e-22 0.0 117.0 0.0
S053983 355.6045 128.7627 1.1430000000000001e-20 1.887e-20 3.8390000000000006e-20 0.0 119.44 0.0
S053984 355.7209 128.7891 2.8489999999999998e-22 6.967999999999999e-22 3.206e-21 0.0 119.17 0.0
S053985 355.5652 128.7534 1.0819999999999998e-22 2.481e-22 1.004e-21 0.0 119.17 0.0
S053986 355.6535 128.6808 1.692e-19 2.212e-19 2.89e-19 0.0 117.48 0.0
S053987 355.6808 128.6776 1.268e-21 2.466e-21 7.240000000000001e-21 0.0 116.98 0.0
S053988 355.7213 128.7749 2.06e-24 7.654e-24 8.412e-23 0.0 119.12 0.0
S053989 355.6687 128.7164 1.422e-17 1.306e-17 7.934e-18 0.0 118.84 0.0
S053990 355.7584 128.7045 1.714e-19 2.347e-19 3.188e-19 0.0 117.4 0.0
S053991 355.7114 128.8534 1.997e-21 4.005e-21 1.2480000000000001e-20 0.0 119.34 0.0
S053992 355.679 128.6897 7.182e-23 2.0619999999999998e-22 1.341e-21 0.0 117.2 0.0
S053993 355.7035 128.754 1.2930000000000001e-20 2.3110000000000002e-20 5.465000000000001e-20 0.0 119.17 0.0
S053994 355.6751 128.7271 3.781e-18 3.888e-18 2.924e-18 0.0 119.22 0.0
S053995 355.6151 128.7118 3.205e-23 8.251999999999999e-23 4.273e-22 0.0 118.69 0.0
S053996 355.6424 128.7067 4.013e-21 7.431e-21 1.936e-20 0.0 118.44 0.0
S053997 355.6987 128.6724 4.427e-18 4.289e-18 2.922e-18 0.0 116.68 0.0
S053998 355.7016 128.7047 5.46e-23 1.418e-22 7.707e-22 0.0 117.48 0.0
S053999 355.6827 128.7208 1.626e-20 2.7040000000000002e-20 5.558e-20 0.0 119.04 0.0
S054000 355.6169 128.7165 2.185e-19 3.126e-19 4.614e-19 0.0 118.62 0.0
S054001 355.7479 128.7117 1.549e-19 2.058e-19 2.655e-19 0.0 117.85 0.0
S054002 355.6882 128.7909 3.9439999999999995e-22 8.507999999999999e-22 3.092e-21 0.0 119.38 0.0
S054003 355.6947 128.7096 1.2260000000000001e-20 2.039e-20 4.23e-20 0.0 117.73 0.0
S054004 355.6847 128.7213 1.027e-18 1.174e-18 1.105e-18 0.0 118.76 0.0
S054005 355.712 128.9631 5.0589999999999995e-22 1.097e-21 3.815e-21 0.0 119.52 0.0
S054006 355.6877 128.7139 8.956e-23 2.1339999999999996e-22 9.045999999999999e-22 0.0 118.37 0.0
S054007 355.6897 128.7224 1.542e-18 1.587e-18 1.212e-18 0.0 118.99 0.0
S054008 355.6526 128.744 9.178e-23 2.22e-22 1.007e-21 0.0 119.35 0.0
S054009 355.6841 128.7291 8.800999999999998e-22 1.79e-21 5.514e-21 0.0 119.29 0.0
S054010 355.6831 128.7346 4.918e-22 1.1070000000000001e-21 4.0960000000000004e-21 0.0 119.01 0.0
S054011 355.6787 128.7117 2.676e-21 5.207e-21 1.4850000000000002e-20 0.0 118.85 0.0
S054012 355.6633 128.7217 4.761e-20 7.280000000000001e-20 1.265e-19 0.0 118.86 0.0
S054013 355.6705 128.7095 4.931e-25 2.039e-24 2.917e-23 0.0 118.35 0.0
S054014 355.6457 128.7301 3.944e-16 2.942e-16 1.164e-16 0.0 119.11 0.0
S054015 355.544 128.5951 3.426e-25 1.4639999999999999e-24 2.26e-23 0.0 117.44 0.0
S054016 355.6018 128.5652 1.0010000000000002e-20 1.8130000000000002e-20 4.3160000000000005e-20 0.0 116.9 0.0
S054017 355.7008 128.6747 5.883e-23 1.515e-22 8.064e-22 0.0 116.59 0.0
S054018 355.6814 128.7175 3.023e-13 2.093e-13 7.022e-14 0.0 118.76 0.0
S054019 355.6754 128.7119 5.2009999999999996e-23 1.5319999999999999e-22 1.011e-21 0.0 118.59 0.0
S054020 355.6331 128.7185 3.125e-19 3.669e-19 3.746e-19 0.0 118.73 0.0
S054021 355.6558 128.6163 4.201e-19 5.104e-19 5.478e-19 0.0 116.75 0.0
S054022 355.6626 128.719 8.732e-18 8.129e-18 4.994e-18 0.0 118.97 0.0
S054023 355.6808 128.7185 2.555e-19 3.143e-19 3.503e-19 0.0 118.89 0.0
S054024 355.8573 128.7573 1.2390000000000002e-20 2.0650000000000002e-20 4.3700000000000006e-20 0.0 117.81 0.0
S054025 355.6503 128.6945 6.251e-22 1.323e-21 4.459e-21 0.0 117.92 0.0
S054026 355.6746 128.6915 1.6979999999999998e-22 4.351e-22 2.288e-21 0.0 117.28 0.0
S054027 355.5824 128.4426 1.6839999999999998e-22 4.421e-22 2.368e-21 0.0 116.99 0.0
S054028 355.688 128.7096 4.0269999999999996e-22 9.06e-22 3.519e-21 0.0 117.98 0.0
S054029 355.7311 128.6994 6.805e-24 2.122e-23 1.652e-22 0.0 117.3 0.0
S054030 355.6836 128.7045 2.288e-21 1.598e-21 5.513999999999999e-22 0.0 117.33 0.0
S054031 355.6766 128.6965 4.586e-22 9.785999999999999e-22 3.443e-21 0.0 117.63 0.0
S054032 355.6217 128.719 2.129e-19 2.838e-19 3.694e-19 0.0 118.69 0.0
S054033 355.6147 128.6561 2.544e-18 2.789e-18 2.424e-18 0.0 117.57 0.0
S054034 355.7396 128.6271 2.659e-22 6.769e-22 3.38e-21 0.0 116.5 0.0
S054035 355.7026 128.7213 1.995e-18 2.276e-18 2.172e-18 0.001 118.31 0.0
S054036 355.7016 128.7287 1.0770000000000002e-20 1.8160000000000003e-20 3.727e-20 0.0 118.64 0.0
S054037 355.7978 128.7482 4.733e-24 1.498e-23 1.2229999999999998e-22 0.0 118.13 0.0
S054038 355.6867 128.7037 2.0689999999999998e-22 5.0289999999999995e-22 2.334e-21 0.0 117.46 0.0
S054039 355.6483 128.72 2.3780000000000003e-20 3.8970000000000003e-20 7.742e-20 0.0 118.72 0.0
S054040 355.6484 128.7398 2.654e-17 4.654e-17 1.073e-16 0.0 119.36 0.0
S054041 355.6684 128.7165 1.579e-23 4.634e-23 3.155e-22 0.0 118.91 0.0
S054042 355.7049 128.7067 9.848e-21 1.7200000000000002e-20 3.9450000000000004e-20 0.0 117.59 0.0
S054043 355.6597 128.7559 9.268e-21 1.564e-20 3.4180000000000006e-20 0.0 119.51 0.0
S054044 355.7403 128.782 1.673e-21 3.413e-21 1.0740000000000001e-20 0.0 118.75 0.0
S054045 355.6744 128.7163 5.581e-17 9.31e-17 1.916e-16 0.0 118.85 0.0
S054046 355.6665 128.7047 5.206e-23 1.355e-22 7.210999999999999e-22 0.0 118.09 0.0
S054047 355.6674 128.7013 1.024e-18 1.172e-18 1.103e-18 0.0 117.93 0.0
S054048 355.716 128.6283 2.154e-18 2.354e-18 2.033e-18 0.0 116.33 0.0
S054049 355.7073 128.7271 1.7510000000000002e-20 2.907e-20 6.003000000000001e-20 0.0 118.5 1.0
S054050 355.6836 128.7147 1.909e-17 3.1e-17 5.821e-17 0.0 118.82 0.0
S054051 355.6823 128.625 8.207999999999999e-22 1.89e-21 7.574e-21 0.0 116.67 0.0
S054052 355.6991 128.7096 6.602999999999999e-22 1.5560000000000001e-21 6.859e-21 0.0 117.62 0.0
S054053 355.6176 128.6794 1.826e-21 3.577e-21 1.047e-20 0.0 118.05 0.0
S054054 355.7155 128.7013 2.522e-23 7.191e-23 4.619e-22 0.0 117.43 0.0
S054055 355.6836 128.716 7.245e-18 6.94e-18 4.556e-18 0.0 118.89 0.0
S054056 355.657 128.7856 2.626e-19 3.47e-19 4.328e-19 0.0 119.78 0.0
S054057 355.7179 128.6595 2.415e-20 3.7630000000000006e-20 6.565e-20 0.0 116.59 0.0
S054058 355.6694 128.7188 3.494e-17 8.209e-17 3.444e-16 0.0 118.82 1.0
S054059 355.6711 128.7095 2.263e-17 3.489e-17 6.068e-17 0.0 118.53 0.0
S054060 355.7183 128.6792 6.29e-16 4.642e-16 1.812e-16 0.0 116.74 0.0
S054061 355.6844 128.6927 1.434e-16 1.103e-16 4.697e-17 0.0 116.97 0.0
S054062 355.6935 128.7445 1.334e-17 1.217e-17 7.477e-18 0.0 119.49 0.0
S054063 355.6616 128.745 1.057e-19 1.504e-19 2.31e-19 0.0 119.3 0.0
S054064 355.6843 128.7462 1.13e-19 1.494e-19 1.895e-19 0.0 119.45 0.0
S054065 355.6676 128.6794 6.76e-20 9.819e-20 1.483e-19 0.0 117.08 0.0
S054066 355.6749 128.7152 1.242e-17 1.087e-17 6.086e-18 0.0 118.88 0.0
S054067 355.7146 128.7015 5.274e-19 6.44e-19 7.207e-19 0.0 117.62 0.0
S054068 355.688 128.7107 5.129e-17 4.27e-17 2.077e-17 0.0 117.97 0.0
S054069 355.7171 128.7127 1.374e-17 1.311e-17 8.459e-18 0.001 116.88 0.0
S054070 355.7037 128.696 8.837e-17 6.963e-17 3.11e-17 0.0 117.03 0.0
S054071 355.655 128.7317 4.558e-22 1.1130000000000001e-21 5.218e-21 0.0 118.93 0.0
S054072 355.6973 128.7022 4.157e-21 7.706e-21 2.0270000000000002e-20 0.0 116.99 0.0
S054073 355.6413 128.739 4.816e-20 7.128000000000001e-20 1.148e-19 0.0 119.57 0.0
S054074 355.6924 128.7667 7.433e-17 6.064e-17 2.95e-17 0.0 119.28 0.0
S054075 355.7634 128.6925 5.406e-22 1.127e-21 3.827e-21 0.0 116.89 0.0
S054076 355.69 128.6995 2.805e-21 5.186e-21 1.3580000000000002e-20 0.0 117.06 0.0
S054077 355.6652 128.7389 1.166e-22 2.8919999999999997e-22 1.397e-21 0.0 118.98 0.0
S054078 355.6948 128.7065 2.3330000000000002e-21 1.6300000000000001e-21 5.69e-22 0.0 117.64 0.0
S054079 355.7036 128.6966 5.027999999999999e-22 1.204e-21 5.37e-21 0.0 117.05 0.0
S054080 355.6867 128.7361 4.561e-22 9.777e-22 3.556e-21 0.0 119.34 0.0
S054081 355.7195 128.7546 3.609e-20 5.423000000000001e-20 8.931000000000001e-20 0.0 119.49 0.0
S054082 355.6754 128.7105 2.628e-21 5.0460000000000004e-21 1.428e-20 0.0 118.19 0.0
S054083 355.6665 128.6555 3.794e-17 3.241e-17 1.681e-17 0.0 116.76 0.0
S054084 355.6869 128.7012 2.401e-21 1.6570000000000001e-21 5.719e-22 0.0 117.21 0.0
S054085 355.7079 128.7079 4.562e-22 1.053e-21 4.249e-21 0.0 117.75 0.0
S054086 355.7279 128.701 7.056e-20 1.014e-19 1.548e-19 0.0 116.93 0.0
S054087 355.7024 128.69 3.014e-22 7.621999999999999e-22 3.758e-21 0.0 117.07 0.0
S054088 355.6683 128.6991 7.435e-17 6.018e-17 2.919e-17 0.0 117.6 0.0
S054089 355.7008 128.7251 7.098e-18 1.206e-17 2.684e-17 0.0 119.22 0.0
S054090 355.6604 128.6874 5.67e-22 1.192e-21 4.083e-21 0.0 117.43 0.0
S054091 355.6984 128.6855 5.236e-19 6.515e-19 7.247e-19 0.0 116.81 0.0
S054092 355.7176 128.6933 6.206e-18 1.041e-17 2.251e-17 0.0 116.83 0.0
S054093 355.6793 128.6561 4.681999999999999e-22 1.111e-21 4.794e-21 0.0 116.66 0.0
S054094 355.6939 128.6678 1.946e-18 2.126e-18 1.819e-18 0.0 116.54 0.0
S054095 355.6954 128.6629 9.372e-19 1.115e-18 1.164e-18 0.0 116.74 0.0
S054096 355.682 128.7399 8.969e-18 8.58e-18 5.782e-18 0.0 119.01 0.0
S054097 355.6688 128.6803 1.637e-19 2.114e-19 2.621e-19 0.0 117.18 0.0
S054098 355.647 128.7391 2.3830000000000002e-20 3.8610000000000005e-20 7.594e-20 0.0 119.37 0.0
S054099 355.709 128.7286 6.034e-20 9.046000000000001e-20 1.53e-19 0.0 118.23 0.0
S054100 355.7011 128.7046 3.08e-24 1.1059999999999999e-23 1.15e-22 0.0 116.93 0.0
S054101 355.6608 128.7076 3.183e-17 6.071e-17 1.653e-16 0.0 118.48 0.0
S054102 355.7003 128.7582 8.713999999999999e-22 1.912e-21 6.835e-21 0.0 119.21 0.0
S054103 355.6588 128.6806 2.666e-22 6.28e-22 2.596e-21 0.0 117.48 0.0
S054104 355.6488 128.7262 1.824e-21 1.29e-21 4.592999999999999e-22 0.0 119.04 0.0
S054105 355.6488 128.7242 6.974e-21 1.244e-20 3.07e-20 0.0 119.35 0.0
S054106 355.6682 128.7175 4.899e-18 4.829e-18 3.419e-18 0.0 118.92 1.0
S054107 355.655 128.7068 1.5790000000000002e-20 2.5620000000000003e-20 5.1470000000000003e-20 0.0 119.23 0.0
S054108 355.7322 128.6977 1.495e-20 2.4340000000000003e-20 4.899e-20 0.0 117.08 0.0
S054109 355.6648 128.7381 5.487e-20 8.731e-20 1.723e-19 0.0 119.33 0.0
S054110 355.6797 128.7091 3.957e-17 3.421e-17 1.85e-17 0.0 118.1 0.0
S054111 355.7096 128.6722 1.992e-16 1.484e-16 5.899e-17 0.0 116.56 0.0
S054112 355.7409 128.714 1.668e-21 3.42e-21 1.097e-20 0.0 117.64 0.0
S054113 355.6432 128.6742 1.234e-21 2.709e-21 9.762e-21 0.0 117.09 0.0
S054114 355.672 128.7202 5.93e-18 5.914e-18 4.338e-18 0.0 119.07 0.0
S054115 355.6566 128.7229 8.187000000000001e-20 1.202e-19 1.873e-19 0.0 119.0 0.0
S054116 355.6481 128.6731 2.265e-19 3e-19 3.926e-19 0.0 117.49 0.0
S054117 355.6645 128.7124 1.105e-21 8.472e-22 3.6649999999999997e-22 0.0 118.51 0.0
S054118 355.6909 128.6887 2.646e-17 5.751e-17 2.039e-16 0.0 116.95 0.0
S054119 355.7128 128.7109 1.093e-17 1.019e-17 6.408e-18 0.0 117.67 0.0
S054120 355.6645 128.7233 2.19e-21 4.29e-21 1.2430000000000001e-20 0.0 119.15 0.0
S054121 355.6441 128.7391 1.093e-19 1.591e-19 2.398e-19 0.0 119.13 0.0
S054122 355.6766 128.702 1.159e-18 1.315e-18 1.172e-18 0.0 117.69 0.0
S054123 355.736 128.7465 5.277999999999999e-22 1.298e-21 5.821e-21 0.0 118.68 0.0
S054124 355.7034 128.7243 1.889e-21 3.803e-21 1.175e-20 0.0 118.51 0.0
S054125 355.7116 128.7354 2.538e-18 2.797e-18 2.489e-18 0.0 118.92 0.0
S054126 355.6653 128.7607 2.035e-21 1.438e-21 5.247999999999999e-22 0.0 119.54 0.0
S054127 355.6857 128.7361 5.234e-18 5.122e-18 3.564e-18 0.0 119.02 0.0
S054128 355.6969 128.6907 2.885e-19 3.834e-19 4.899e-19 0.0 116.96 0.0
S054129 355.7103 128.6734 2.59e-17 4.814e-17 1.24e-16 0.0 116.71 0.0
S054130 355.6529 128.7107 2.911e-19 3.539e-19 3.666e-19 0.0 118.66 0.0
S054131 355.6409 128.6922 3.223e-22 7.809e-22 3.496e-21 0.0 117.71 0.0
S054132 355.6858 128.6668 8.63e-21 1.3680000000000002e-20 2.5610000000000003e-20 0.0 116.65 0.0
S054133 355.652 128.7071 7.539e-19 9.029e-19 9.519e-19 0.001 118.38 0.0
S054134 355.7018 128.69 2.413e-21 4.884e-21 1.4820000000000002e-20 0.0 117.13 0.0
S054135 355.6964 128.6797 4.926e-21 9.499e-21 2.6130000000000003e-20 0.0 116.82 0.0
S054136 355.6691 128.6682 3.71e-19 4.826e-19 5.888e-19 0.0 117.19 0.0
S054137 355.6321 128.6777 1.631e-18 1.726e-18 1.367e-18 0.0 117.41 0.0
S054138 355.6943 128.6804 9.826e-24 3.038e-23 2.353e-22 0.0 116.84 0.0
S054139 355.6666 128.7223 1.121e-17 1.572e-17 2.236e-17 0.0 119.18 0.0
S054140 355.7264 128.7191 2.381e-17 2.213e-17 1.343e-17 0.0 117.61 0.0
S054141 355.698 128.7444 3.5010000000000005e-20 5.769000000000001e-20 1.131e-19 0.0 119.01 0.0
S054142 355.7114 128.7073 4.1969999999999995e-22 1.016e-21 4.718e-21 0.001 117.41 0.0
S054143 355.6281 128.7019 5.416e-21 9.967e-21 2.5970000000000002e-20 0.0 118.43 0.0
S054144 355.6574 128.6683 1.6310000000000002e-20 2.7150000000000005e-20 5.694000000000001e-20 0.0 117.13 0.0
S054145 355.6436 128.6981 2.3179999999999998e-23 6.671e-23 4.427e-22 0.0 118.27 0.0
S054146 355.7212 128.6707 9.783e-19 1.081e-18 9.401e-19 0.0 116.61 0.0
S054147 355.6633 128.7556 1.849e-21 3.547e-21 9.975e-21 0.0 119.56 0.0
S054148 355.6811 128.7267 2.958e-17 2.644e-17 1.513e-17 0.0 119.14 0.0
S054149 355.6701 128.7813 1.884e-20 3.015e-20 5.827000000000001e-20 0.001 119.68 0.0
S054150 355.7338 128.7203 9.289e-18 1.593e-17 3.468e-17 0.0 117.89 0.0
S054151 355.7101 128.6732 8.526e-21 1.5750000000000002e-20 4.0210000000000004e-20 0.0 116.66 0.0
S054152 355.7151 128.6616 6.855e-23 1.845e-22 1.092e-21 0.0 116.41 0.0
S054153 355.7209 128.6564 4.514e-18 4.409e-18 2.991e-18 0.0 116.63 0.0
S054154 355.7294 128.7177 9.24e-22 2.002e-21 7.069e-21 0.0 117.61 0.0
S054155 355.706 128.7219 5.434e-17 4.39e-17 2.092e-17 0.0 118.52 0.0
S054156 355.691 128.7148 3.362e-13 3.645e-13 3.004e-13 0.0 118.23 1.0
S054157 355.6661 128.7447 2.515e-21 1.712e-21 5.971999999999999e-22 0.0 119.28 0.0
S054158 355.6364 128.6997 6.186999999999999e-23 1.6389999999999998e-22 9.079e-22 0.0 118.21 0.0
S054159 355.6825 128.6714 2.414e-19 2.913e-19 3.052e-19 0.0 116.69 0.0
S054160 355.7376 128.7049 1.0329999999999999e-22 2.644e-22 1.388e-21 0.0 117.11 0.0
S054161 355.6627 128.7638 4.199e-23 1.043e-22 5.066999999999999e-22 0.0 119.8 0.0
S054162 355.6998 128.6928 4.52e-18 4.351e-18 2.933e-18 0.0 117.25 0.0
S054163 355.668 128.6671 2.586e-21 1.771e-21 6.001999999999999e-22 0.0 117.02 0.0
S054164 355.6512 128.6767 2.4079999999999996e-22 5.151e-22 1.84e-21 0.0 117.27 0.0
S054165 355.6972 128.665 8.816e-18 1.672e-17 4.701e-17 0.0 116.52 0.0
S054166 355.6771 128.6808 5.707e-21 1.0080000000000002e-20 2.302e-20 0.0 117.13 0.0
S054167 355.7006 128.6818 1.01e-18 1.109e-18 1.011e-18 0.0 116.91 0.0
S054168 355.751 128.6978 2.2820000000000003e-20 3.6690000000000003e-20 6.962000000000001e-20 0.0 117.14 0.0
S054169 355.681 128.735 5.443e-21 9.715e-21 2.3900000000000002e-20 0.0 118.98 0.0
S054170 355.7119 128.6957 6.364e-23 1.4189999999999998e-22 5.618999999999999e-22 0.0 117.34 0.0
S054171 355.6896 128.6961 2.2420000000000002e-20 3.5080000000000005e-20 6.325e-20 0.0 117.07 0.0
S054172 355.7258 128.7219 4.24e-17 3.776e-17 2.169e-17 0.0 118.07 0.0
S054173 355.7209 128.6554 1.519e-17 1.359e-17 7.88e-18 0.0 116.46 0.0
S054174 355.6504 128.6938 1.353e-19 1.764e-19 2.172e-19 0.0 117.85 0.0
S054175 355.668 128.7405 1.136e-16 9.096e-17 4.332e-17 0.0 119.35 0.0
S054176 355.6669 128.7725 1.614e-18 1.697e-18 1.361e-18 0.0 119.58 0.0
S054177 355.6845 128.6983 1.9409999999999998e-23 5.758e-23 3.9479999999999997e-22 0.0 117.32 0.0
S054178 355.7067 128.7225 1.804e-17 1.65e-17 9.869e-18 0.0 118.53 0.0
S054179 355.7018 128.6745 1.039e-17 2.351e-17 9.121e-17 0.0 116.68 0.0
S054180 355.674 128.7254 2.163e-16 1.626e-16 6.648e-17 0.0 119.04 0.0
S054181 355.6639 128.7192 1.765e-21 3.685e-21 1.242e-20 0.0 118.82 0.0
S054182 355.6965 128.739 2.15e-25 1.045e-24 2.0169999999999998e-23 0.0 118.92 0.0
S054183 355.7073 128.7009 2.111e-17 3.71e-17 8.789e-17 0.0 117.5 0.0
S054184 355.6741 128.7417 2.376e-19 2.922e-19 3.244e-19 0.0 119.3 0.0
S054185 355.6963 128.6482 1.564e-13 1.075e-13 3.6e-14 0.0 116.44 0.0
S054186 355.667 128.7064 2.1929999999999999e-23 6.544999999999999e-23 4.634e-22 0.0 118.32 0.0
S054187 355.7025 128.7331 8.975e-17 7.182e-17 3.271e-17 0.0 118.87 0.0
S054188 355.664 128.7262 5.4e-19 6.58e-19 7.078e-19 0.0 119.13 0.0
S054189 355.6997 128.6891 1.376e-17 2.315e-17 4.943e-17 0.0 116.82 0.0
S054190 355.7205 128.6843 6.56e-23 1.8659999999999998e-22 1.143e-21 0.0 116.57 0.0
S054191 355.6817 128.7225 5.862e-22 1.102e-21 2.971e-21 0.0 119.08 1.0
S054192 355.6738 128.7097 1.331e-17 1.272e-17 8.571e-18 0.0 118.89 0.0
S054193 355.6485 128.6791 2.424e-21 1.671e-21 5.747e-22 0.0 117.54 0.0
S054194 355.7098 128.7396 4.001e-22 9.756999999999999e-22 4.496e-21 0.0 119.49 0.0
S054195 355.6613 128.7578 1.7150000000000002e-21 3.509e-21 1.149e-20 0.0 119.47 0.0
S054196 355.6904 128.7257 6.928e-23 1.9879999999999998e-22 1.3150000000000001e-21 0.0 118.7 0.0
S054197 355.6605 128.7092 1.979e-18 2.165e-18 1.893e-18 0.0 119.13 0.0
S054198 355.7151 128.7018 1.952e-17 4.179e-17 1.419e-16 0.0 117.0 0.0
S054199 355.6675 128.7204 1.635e-17 1.423e-17 7.923e-18 0.0 119.14 0.0
S054200 355.6467 128.7465 1.296e-23 3.572e-23 2.049e-22 0.0 119.39 0.0
S054201 355.6986 128.6829 1.73e-16 1.294e-16 5.253e-17 0.0 116.72 0.0
S054202 355.6707 128.7217 3.5570000000000005e-20 5.597e-20 9.91e-20 0.0 119.06 0.0
S054203 355.6684 128.7276 2.0380000000000002e-20 3.6250000000000006e-20 8.802000000000001e-20 0.0 119.18 0.0
S054204 355.6595 128.7385 9.75e-19 1.077e-18 9.448e-19 0.0 119.47 0.0
S054205 355.6614 128.7367 5.764e-22 1.384e-21 6.1280000000000004e-21 0.0 119.27 0.0
S054206 355.6684 128.7318 5.116e-17 4.167e-17 2.055e-17 0.0 119.29 0.0
S054207 355.6483 128.7407 6.918e-21 1.261e-20 3.141e-20 0.0 119.3 0.0
S054208 355.6669 128.7217 5.895e-19 7.071e-19 7.142e-19 0.0 119.06 0.0
S054209 355.6995 128.6712 1.551e-17 3.181e-17 1.035e-16 0.0 116.64 0.0
S054210 355.7043 128.6965 2.15e-19 2.691e-19 3.145e-19 0.0 117.13 0.0
S054211 355.7084 128.6907 1.531e-21 2.903e-21 7.753e-21 0.0 117.02 0.0
S054212 355.705 128.6962 6.875e-13 5.881e-13 3.135e-13 0.0 117.16 1.0
S054213 355.6653 128.7378 6.672999999999999e-22 1.441e-21 5.182e-21 0.0 119.35 0.0
S054214 355.7056 128.6814 7.506e-24 2.3419999999999998e-23 1.8069999999999999e-22 0.0 116.73 0.0
S054215 355.6714 128.7253 1.148e-18 1.257e-18 1.111e-18 0.0 119.21 0.0
S054216 355.6616 128.7322 1.741e-19 2.358e-19 3.163e-19 0.0 119.34 0.0
S054217 355.6656 128.7437 2.186e-17 3.691e-17 7.548e-17 0.0 119.44 0.0
S054218 355.7056 128.6915 2.549e-21 1.753e-21 5.9799999999999995e-22 0.0 116.84 0.0
S054219 355.7078 128.6841 4.9040000000000004e-20 7.601e-20 1.355e-19 0.0 116.82 0.0
S054220 355.6641 128.7346 4.945e-21 9.122e-21 2.2450000000000002e-20 0.0 119.37 0.0
S054221 355.6513 128.74 3.964e-16 3.032e-16 1.266e-16 0.0 119.35 1.0
S054222 355.6693 128.7411 2.059e-21 1.46e-21 5.274999999999999e-22 0.0 119.43 0.0
S054223 355.7063 128.6764 4.701e-19 5.579e-19 5.9e-19 0.0 116.71 0.0
S054224 355.6963 128.6797 1.271e-12 1.085e-12 5.675e-13 0.0 116.76 1.0
S054225 355.6642 128.7353 1.2259999999999998e-22 3.2419999999999997e-22 1.741e-21 0.0 119.39 0.0
S054226 355.6982 128.6826 2.322e-21 1.618e-21 5.651999999999999e-22 0.0 116.8 0.0
S054227 355.6707 128.7223 1.157e-18 1.429e-18 1.546e-18 0.0 119.09 0.0
S054228 355.7038 128.6866 1.0719999999999999e-23 3.1339999999999996e-23 2.0349999999999997e-22 0.0 116.8 0.0
S054229 355.6515 128.7564 7.089e-23 2.0209999999999998e-22 1.306e-21 0.0 119.56 0.0
S054230 355.6609 128.7384 1.15e-19 1.61e-19 2.253e-19 0.0 119.31 0.0
S054231 355.7051 128.6795 8.407e-18 1.595e-17 4.366e-17 0.0 116.86 0.0
S054232 355.7085 128.67 7.888e-18 1.336e-17 2.89e-17 0.0 116.51 0.0
S054233 355.7171 128.6727 1.948e-17 1.779e-17 1.076e-17 0.001 116.49 0.0
S054234 355.7073 128.6751 5.0840000000000004e-20 7.308000000000001e-20 1.127e-19 0.0 116.75 0.0
S054235 355.7067 128.6836 7.070000000000001e-20 1.135e-19 2.15e-19 0.0 116.71 1.0
S054236 355.6614 128.7388 1.038e-21 2.194e-21 7.512e-21 0.0 119.4 0.0
S054237 355.6512 128.7543 1.116e-17 2.131e-17 5.794e-17 0.0 119.63 0.0
S054238 355.7043 128.6739 2.003e-23 6.066e-23 4.421e-22 0.0 116.76 0.0
S054239 355.7129 128.6863 7.284e-19 8.277e-19 7.855e-19 0.0 116.74 0.0
S054240 355.6588 128.7352 1.909e-18 2.13e-18 1.946e-18 0.0 119.32 0.0
S054241 355.7005 128.6833 1.63e-18 1.827e-18 1.705e-18 0.0 116.81 0.0
S054242 355.7078 128.6843 8.251e-17 6.669e-17 3.234e-17 0.0 116.8 0.0
S054243 355.6562 128.7452 4.896e-18 5.058e-18 4.046e-18 0.0 119.47 0.0
S054244 355.6681 128.7273 6.208e-19 7.317e-19 7.596e-19 0.0 119.14 0.0
S054245 355.6571 128.7511 2.995e-20 4.5490000000000007e-20 7.772e-20 0.0 119.52 0.0
S054246 355.6605 128.7432 1.444e-17 1.251e-17 6.885e-18 0.0 119.41 0.0
S054247 355.7108 128.6833 2.2230000000000003e-20 3.6140000000000003e-20 7.125000000000001e-20 0.0 116.8 0.0
S054248 355.65 128.7366 2.123e-21 4.208e-21 1.2550000000000001e-20 0.0 119.23 0.0
S054249 355.6548 128.7416 1.298e-21 2.878e-21 1.044e-20 0.0 119.49 0.0
S054250 355.6527 128.7328 2.309e-17 3.704e-17 7.194e-17 0.0 119.22 0.0
S054251 355.6584 128.7481 3.984e-24 1.413e-23 1.3899999999999998e-22 0.0 119.51 0.0
S054252 355.6438 128.7433 3.102e-18 3.059e-18 2.178e-18 0.0 119.36 0.0
S054253 355.6597 128.7371 5.012e-18 5.256e-18 4.173e-18 0.0 119.35 0.0
S054254 355.6516 128.7426 2.727e-20 4.4200000000000005e-20 8.613000000000001e-20 0.0 119.35 0.0
S054255 355.66 128.742 1.144e-22 2.7709999999999995e-22 1.262e-21 0.0 119.42 0.0
S054256 355.6667 128.7412 6.685e-17 5.495e-17 2.614e-17 0.001 119.4 0.0
S054257 355.6558 128.7333 2.2819999999999996e-22 5.596e-22 2.587e-21 0.0 119.09 0.0
S054258 355.7017 128.6806 1.091e-16 8.635e-17 3.872e-17 0.0 116.75 0.0
S054259 355.7027 128.6744 3.4919999999999995e-22 8.310999999999999e-22 3.785e-21 0.0 116.78 0.0
S054260 355.6435 128.7498 9.066e-21 1.605e-20 3.9020000000000005e-20 0.0 119.51 0.0
S054261 355.6749 128.7495 3.191e-19 4.209e-19 5.272e-19 0.0 119.46 0.0
S054262 355.7016 128.6878 6.226e-24 1.9829999999999998e-23 1.622e-22 0.0 116.74 0.0
S054263 355.6562 128.7425 8.848e-21 1.666e-20 4.464e-20 0.0 119.48 0.0
S054264 355.6653 128.7505 2.607e-13 1.771e-13 5.676e-14 0.001 119.58 0.0
S054265 355.6563 128.7557 1.08e-22 2.56e-22 1.15e-21 0.0 119.47 0.0
S054266 355.7161 128.673 1.984e-21 1.408e-21 5.081999999999999e-22 0.0 116.66 0.0
S054267 355.655 128.7473 2.257e-21 4.682e-21 1.5200000000000002e-20 0.0 119.37 0.0
S054268 355.692 128.6728 1.7060000000000002e-20 2.849e-20 5.886000000000001e-20 0.0 116.73 0.0
S054269 355.6965 128.6745 3.964e-17 3.28e-17 1.597e-17 0.0 116.6 0.0
S054270 355.71 128.6745 3.514e-21 2.291e-21 7.266999999999999e-22 0.0 116.69 0.0
S054271 355.662 128.7413 4.437e-24 1.399e-23 1.114e-22 0.0 119.38 0.0
S054272 355.7181 128.6912 5.582e-18 5.477e-18 3.852e-18 0.0 116.99 0.0
S054273 355.6395 128.7484 6.22e-17 9.271e-17 1.443e-16 0.0 119.43 0.0
S054274 355.7213 128.6656 2.977e-22 6.645999999999999e-22 2.514e-21 0.0 116.63 0.0
S054275 355.7148 128.6702 7.595e-23 2.0359999999999998e-22 1.139e-21 0.0 116.63 0.0
S054276 355.7087 128.6706 9.175e-13 6.585e-13 2.448e-13 0.0 116.68 0.0
S054277 355.6735 128.7433 2.0479999999999998e-22 4.933999999999999e-22 2.287e-21 0.0 119.38 0.0
S054278 355.6712 128.7349 4.953999999999999e-22 1.194e-21 5.103e-21 0.0 119.41 0.0
S054279 355.6464 128.761 3.488e-19 4.101e-19 4.191e-19 0.0 119.63 0.0
S054280 355.7244 128.6647 2.3270000000000002e-21 1.6e-21 5.616999999999999e-22 0.0 116.54 0.0
S054281 355.7078 128.6702 5.94e-23 1.354e-22 5.557999999999999e-22 0.0 116.55 0.0
S054282 355.7032 128.6768 1.175e-19 1.609e-19 2.214e-19 0.0 116.65 0.0
S054283 355.6438 128.7615 2.1530000000000002e-26 1.348e-25 4.333e-24 0.0 119.64 0.0
S054284 355.6556 128.7691 7.457e-19 8.724e-19 8.333e-19 0.0 119.65 0.0
S054285 355.7219 128.6639 1.195e-22 3.4049999999999997e-22 2.219e-21 0.0 116.66 0.0
S054286 355.6738 128.7371 2.337e-17 4.624e-17 1.384e-16 0.0 119.25 0.0
S054287 355.7159 128.6768 1.4490000000000001e-21 1.056e-21 4.0709999999999995e-22 0.0 116.6 0.0
S054288 355.7168 128.6717 4.749e-17 4.068e-17 2.169e-17 0.0 116.53 0.0
S054289 355.7256 128.6759 3.419e-18 3.494e-18 2.663e-18 0.0 116.68 0.0
S054290 355.7089 128.6701 1.607e-12 1.231e-12 5.146e-13 0.0 116.64 1.0
S054291 355.6429 128.7602 2.423e-19 3.024e-19 3.605e-19 0.0 119.6 0.0
S054292 355.7174 128.6767 7.765e-22 1.662e-21 5.734e-21 0.0 116.75 0.0
S054293 355.722 128.6736 2.811e-19 3.564e-19 4.222e-19 0.0 116.67 0.0
S054294 355.718 128.6694 2.325e-22 5.629e-22 2.487e-21 0.001 116.58 0.0
S054295 355.7038 128.6723 1.573e-20 2.336e-20 3.9160000000000005e-20 0.0 116.63 0.0
S054296 355.7227 128.6623 9.639e-19 1.087e-18 1.04e-18 0.0 116.53 0.0
S054297 355.6573 128.7376 2.198e-22 5.5189999999999995e-22 2.714e-21 0.0 119.42 0.0
S054298 355.6459 128.7554 1.734e-22 4.5e-22 2.353e-21 0.0 119.37 0.0
S054299 355.6435 128.7533 1.908e-18 2.059e-18 1.735e-18 0.0 119.52 0.0
S054300 355.7327 128.6807 1.329e-18 1.489e-18 1.347e-18 0.0 116.88 0.0
S054301 355.7297 128.6717 6.023e-26 3.168e-25 7.433e-24 0.0 116.79 0.0
S054302 355.7251 128.6648 1.395e-18 1.569e-18 1.48e-18 0.0 116.59 0.0
S054303 355.6585 128.7631 1.1419999999999999e-22 3.007e-22 1.605e-21 0.0 119.73 0.0
S054304 355.7074 128.6578 1.743e-13 1.176e-13 3.912e-14 0.0 116.57 0.0
S054305 355.6523 128.7634 2.967e-17 2.603e-17 1.426e-17 0.0 119.72 0.0
S054306 355.642 128.7658 4.5350000000000004e-26 2.4840000000000003e-25 6.225e-24 0.0 119.42 0.0
S054307 355.6548 128.7638 2.551e-21 5.176e-21 1.6820000000000002e-20 0.0 119.54 0.0
S054308 355.7044 128.6695 7.626e-18 1.913e-17 9.179e-17 0.0 116.54 0.0
S054309 355.7187 128.6808 2.1429999999999997e-22 5.546999999999999e-22 2.8e-21 0.0 116.8 0.0
S054310 355.7267 128.6656 2.71e-22 6.198999999999999e-22 2.459e-21 0.0 116.65 0.0
S054311 355.729 128.6555 5.154e-14 3.363e-14 1.076e-14 0.0 116.49 0.0
S054312 355.6566 128.7419 1.658e-17 3.116e-17 8.25e-17 0.0 119.39 0.0
S054313 355.723 128.6468 1.749e-21 3.466e-21 1.0460000000000001e-20 0.0 116.64 0.0
S054314 355.654 128.7575 4.97e-18 4.906e-18 3.393e-18 0.0 119.57 0.0
S054315 355.6453 128.755 3.614e-17 3.147e-17 1.728e-17 0.0 119.71 0.0
S054316 355.7128 128.6793 6.413e-16 4.65e-16 1.822e-16 0.0 116.67 0.0
S054317 355.6527 128.742 5.839e-19 7.048e-19 7.351e-19 0.0 119.23 0.0
S054318 355.7056 128.6669 2.105e-18 2.481e-18 2.465e-18 0.0 116.61 0.0
S054319 355.6583 128.7453 3.185e-18 3.31e-18 2.562e-18 0.0 119.44 0.0
S054320 355.6528 128.752 8.176e-21 1.411e-20 3.2190000000000005e-20 0.0 119.51 0.0
S054321 355.6549 128.7607 2.719e-19 3.53e-19 4.25e-19 0.0 119.57 0.0
S054322 355.7178 128.655 1.726e-21 1.207e-21 4.505999999999999e-22 0.0 116.53 0.0
S054323 355.646 128.7525 5.639e-22 1.3180000000000001e-21 5.5690000000000004e-21 0.001 119.5 0.0
S054324 355.652 128.7738 1.785e-19 2.412e-19 3.288e-19 0.0 119.6 0.0
S054325 355.6407 128.7703 1.83e-17 3.226e-17 7.598e-17 0.0 119.53 0.0
S054326 355.643 128.7644 1.883e-21 3.881e-21 1.2700000000000002e-20 0.0 119.48 0.0
S054327 355.7152 128.6716 3.1349999999999995e-22 7.199e-22 2.919e-21 0.0 116.63 0.0
S054328 355.7147 128.66 1.782e-18 1.983e-18 1.744e-18 0.0 116.3 0.0
S054329 355.727 128.6593 1.3780000000000002e-20 2.4310000000000002e-20 5.823000000000001e-20 0.0 116.59 0.0
S054330 355.7206 128.6712 1.455e-17 1.247e-17 6.853e-18 0.0 116.55 0.0
S054331 355.6535 128.7588 1.011e-12 7.358e-13 2.872e-13 0.0 119.42 0.0
S054332 355.6481 128.7581 2.355e-21 1.638e-21 5.753999999999999e-22 0.0 119.41 0.0
S054333 355.6471 128.7664 1.9200000000000002e-20 3.242e-20 7.206e-20 0.0 119.7 0.0
S054334 355.7245 128.6603 3.734e-17 3.281e-17 1.863e-17 0.0 116.55 0.0
S054335 355.65 128.7633 2.286e-21 4.764e-21 1.5680000000000002e-20 0.0 119.69 0.0
S054336 355.6421 128.7506 7.739e-19 8.962e-19 8.605e-19 0.0 119.57 0.0
S054337 355.6395 128.7673 2.2200000000000002e-21 1.531e-21 5.405e-22 0.0 119.59 0.0
S054338 355.6503 128.7551 1.368e-24 5.013e-24 5.394e-23 0.0 119.53 0.0
S054339 355.649 128.75 7.464e-20 1.079e-19 1.653e-19 0.0 119.41 0.0
S054340 355.6406 128.7605 5.084e-18 5.135e-18 3.728e-18 0.0 119.47 0.0
S054341 355.7316 128.6462 8.747e-13 7.787e-13 4.498e-13 0.0 116.55 1.0
S054342 355.6431 128.7452 1.563e-22 4.0949999999999996e-22 2.145e-21 0.0 119.44 1.0
S054343 355.6488 128.7538 5.285e-22 1.084e-21 3.359e-21 0.0 119.51 0.0
S054344 355.6462 128.7719 1.758e-17 1.569e-17 8.927e-18 0.0 119.57 0.0
S054345 355.7371 128.6458 1.006e-17 1.727e-17 3.668e-17 0.0 116.46 0.0
S054346 355.7256 128.6502 1.296e-17 1.175e-17 7.136e-18 0.0 116.47 0.0
S054347 355.6672 128.7674 6.037999999999999e-22 1.392e-21 5.86e-21 0.0 119.57 0.0
S054348 355.6384 128.7628 2.802e-23 7.890999999999999e-23 4.832999999999999e-22 0.0 119.58 0.0
S054349 355.7147 128.6747 1.788e-20 2.8890000000000003e-20 5.535000000000001e-20 0.0 116.73 0.0
S054350 355.6472 128.7836 2.479e-21 1.716e-21 5.941e-22 0.0 119.71 0.0
S054351 355.7229 128.659 8.827e-19 1.062e-18 1.102e-18 0.0 116.51 0.0
S054352 355.635 128.7704 4.247e-22 1.011e-21 4.264e-21 0.0 119.59 0.0
S054353 355.726 128.656 1.026e-18 1.154e-18 1.034e-18 0.0 116.55 0.0
S054354 355.6516 128.7659 2.836e-17 2.505e-17 1.419e-17 0.0 119.62 0.0
S054355 355.6396 128.7646 3.191e-17 2.872e-17 1.632e-17 0.0 119.53 0.0
S054356 355.6308 128.7631 8.498e-17 7.002e-17 3.423e-17 0.0 119.61 0.0
S054357 355.6332 128.7805 5.307e-18 5.352e-18 3.841e-18 0.0 119.54 0.0
S054358 355.6529 128.7677 8.46e-20 1.204e-19 1.753e-19 0.0 119.48 0.0
S054359 355.7238 128.6549 1.08e-18 1.251e-18 1.228e-18 0.0 116.61 0.0
S054360 355.7239 128.6453 2.363e-18 2.554e-18 2.216e-18 0.0 116.54 0.0
S054361 355.7326 128.6491 6.567e-17 5.398e-17 2.524e-17 0.0 116.37 0.0
S054362 355.6369 128.768 2.232e-20 3.4410000000000004e-20 5.851000000000001e-20 0.0 119.57 0.0
S054363 355.6286 128.7809 4.783e-22 1.025e-21 3.6910000000000004e-21 0.0 119.67 0.0
S054364 355.6431 128.7685 5.003e-20 7.457e-20 1.228e-19 0.0 119.5 0.0
S054365 355.6545 128.7786 1.47e-16 1.175e-16 5.309e-17 0.0 119.7 1.0
S054366 355.7311 128.6542 2.9959999999999997e-22 6.855999999999999e-22 2.658e-21 0.0 116.53 0.0
S054367 355.7409 128.6422 2.904e-20 4.7e-20 8.852000000000001e-20 0.0 116.41 0.0
S054368 355.7179 128.6448 4.619e-17 9.48e-17 3.121e-16 0.0 116.41 0.0
S054369 355.642 128.7705 5.305e-16 4.018e-16 1.666e-16 0.0 119.57 1.0
S054370 355.6519 128.767 8.291e-21 1.512e-20 3.845e-20 0.0 119.55 0.0
S054371 355.7413 128.6459 1.175e-18 1.329e-18 1.244e-18 0.0 116.52 0.0
S054372 355.6477 128.7592 2.313e-21 1.598e-21 5.52e-22 0.0 119.35 0.0
S054373 355.7363 128.6447 6.383e-20 9.568000000000001e-20 1.591e-19 0.0 116.45 0.0
S054374 355.7364 128.6539 9.588e-18 9.018e-18 5.753e-18 0.0 116.42 0.0
S054375 355.6503 128.7726 3.6480000000000004e-20 5.432000000000001e-20 8.572e-20 0.0 119.46 0.0
S054376 355.6411 128.7667 2.059e-21 3.981e-21 1.1530000000000001e-20 0.0 119.52 0.0
S054377 355.6267 128.7834 7.482e-19 8.774e-19 8.575e-19 0.0 119.51 0.0
S054378 355.6186 128.7798 1.646e-18 1.867e-18 1.752e-18 0.0 119.59 0.0
S054379 355.6284 128.767 2.3960000000000003e-20 3.7780000000000005e-20 7.039000000000001e-20 0.001 119.5 0.0
S054380 355.7276 128.6499 1.815e-19 2.37e-19 2.918e-19 0.0 116.38 0.0
S054381 355.7416 128.6584 3.964e-23 1.136e-22 7.3619999999999995e-22 0.0 116.54 0.0
S054382 355.6348 128.7581 1.5890000000000002e-20 2.6760000000000002e-20 5.653e-20 0.0 119.42 0.0
S054383 355.6467 128.7608 2.304e-21 1.604e-21 5.647999999999999e-22 0.0 119.53 0.0
S054384 355.6331 128.7834 2.504e-21 1.699e-21 5.859999999999999e-22 0.0 119.63 0.0
S054385 355.6465 128.7565 1.049e-19 1.414e-19 1.9e-19 0.0 119.5 0.0
S054386 355.6433 128.7727 1.798e-19 2.492e-19 3.58e-19 0.0 119.63 0.0
S054387 355.6317 128.7744 5.988e-19 6.834e-19 6.416e-19 0.0 119.75 0.0
S054388 355.6348 128.7653 1.007e-19 1.447e-19 2.248e-19 0.0 119.61 0.0
S054389 355.7419 128.6203 7.448000000000001e-20 1.066e-19 1.615e-19 0.0 116.45 0.0
S054390 355.7263 128.6529 6.78e-19 8.454e-19 9.8e-19 0.0 116.38 0.0
S054391 355.6248 128.7731 4.68e-21 8.626e-21 2.239e-20 0.0 119.63 0.0
S054392 355.7453 128.643 1.997e-21 3.698e-21 9.733e-21 0.0 116.33 0.0
S054393 355.7304 128.6469 4.179e-19 5.076e-19 5.17e-19 0.0 116.62 0.0
S054394 355.7426 128.6216 1.447e-17 1.372e-17 8.694e-18 0.0 116.24 0.0
S054395 355.6393 128.7677 2.252e-16 1.686e-16 6.861e-17 0.0 119.83 0.0
S054396 355.7319 128.6486 3.988e-19 4.909e-19 5.439e-19 0.0 116.49 0.0
S054397 355.7392 128.6396 4.746e-19 5.699e-19 6.033e-19 0.0 116.5 0.0
S054398 355.751 128.6331 1.592e-17 3.052e-17 8.616e-17 0.0 116.49 0.0
S054399 355.6275 128.7803 5.021e-22 1.2e-21 5.14e-21 0.0 119.64 0.0
S054400 355.6376 128.7738 8.597000000000001e-20 1.208e-19 1.745e-19 0.0 119.56 0.0
S054401 355.7392 128.6316 2.254e-21 1.567e-21 5.369999999999999e-22 0.0 116.32 0.0
S054402 355.6228 128.7952 2.156e-21 1.489e-21 5.354999999999999e-22 0.0 119.84 0.0
S054403 355.6153 128.787 1.185e-20 2.1440000000000003e-20 5.313e-20 0.0 119.56 1.0
S054404 355.6322 128.7876 2.139e-18 2.405e-18 2.203e-18 0.0 119.6 0.0
S054405 355.7373 128.6389 9.661e-19 1.151e-18 1.155e-18 0.0 116.55 0.0
S054406 355.636 128.7798 3.063e-21 2.062e-21 6.666e-22 0.0 119.68 0.0
S054407 355.742 128.6226 9.763e-16 6.842e-16 2.435e-16 0.0 116.35 0.0
S054408 355.6136 128.7855 2.689e-17 3.781e-17 5.578e-17 0.0 119.55 0.0
S054409 355.6251 128.7924 1.089e-17 1.035e-17 6.755e-18 0.0 119.68 0.0
S054410 355.6225 128.7909 3.951e-23 1.0349999999999999e-22 5.339999999999999e-22 0.0 119.67 0.0
S054411 355.7292 128.6341 8.964e-17 7.459e-17 3.607e-17 0.0 116.39 0.0
S054412 355.6276 128.7799 2.029e-20 3.277e-20 6.088e-20 0.0 119.68 0.0
S054413 355.624 128.7917 2.0019999999999998e-22 4.608999999999999e-22 1.826e-21 0.0 119.57 0.0
S054414 355.6322 128.7795 7.157e-18 7.014e-18 5.035e-18 0.0 119.68 0.0
S054415 355.7397 128.6377 2.685e-23 8.239e-23 6.182999999999999e-22 0.0 116.53 0.0
S054416 355.6222 128.7907 1.8060000000000003e-20 2.9300000000000004e-20 5.556000000000001e-20 0.0 119.72 0.0
S054417 355.6185 128.7816 2.328e-17 4.039e-17 9.278e-17 0.0 119.63 0.0
S054418 355.7305 128.6402 7.058e-18 1.29e-17 3.129e-17 0.0 116.41 0.0
S054419 355.618 128.7879 2.0890000000000002e-26 1.234e-25 3.782e-24 0.0 119.76 0.0
S054420 355.7399 128.6237 8.777000000000001e-20 1.207e-19 1.657e-19 0.0 116.31 0.0
S054421 355.6126 128.8144 1.3119999999999998e-22 3.423e-22 1.84e-21 0.0 119.81 0.0
S054422 355.6484 128.778 1.7979999999999998e-22 4.44e-22 2.138e-21 0.0 119.71 0.0
S054423 355.6159 128.7748 6.696e-13 4.777e-13 1.771e-13 0.0 119.59 0.0
S054424 355.7584 128.6397 1.192e-18 1.269e-18 1.041e-18 0.0 116.41 0.0
S054425 355.605 128.8071 1.574e-17 3.211e-17 1.007e-16 0.0 119.92 0.0
S054426 355.7353 128.6185 8.384e-24 2.841e-23 2.5069999999999997e-22 0.0 116.39 0.0
S054427 355.75 128.6159 1.198e-19 1.662e-19 2.35e-19 0.0 116.31 0.0
S054428 355.7538 128.6121 1.387e-16 1.143e-16 5.721e-17 0.0 116.39 0.0
S054429 355.7255 128.6316 2.625e-21 1.785e-21 6.186999999999999e-22 0.0 116.38 0.0
S054430 355.7523 128.6161 7.526999999999999e-23 2.236e-22 1.557e-21 0.0 116.35 0.0
S054431 355.6319 128.7788 1.383e-19 1.909e-19 2.62e-19 0.0 119.63 0.0
S054432 355.7317 128.636 2.089e-21 1.4520000000000001e-21 5.288e-22 0.0 116.41 0.0
S054433 355.6279 128.7908 1.4009999999999998e-22 3.5159999999999997e-22 1.696e-21 0.0 119.83 0.0
S054434 355.7574 128.6303 1.2369999999999999e-23 3.481e-23 2.205e-22 0.0 116.55 0.0
S054435 355.6352 128.7948 2.057e-20 3.2530000000000005e-20 6.099000000000001e-20 0.0 119.69 0.0
S054436 355.6849 128.7088 5.509e-16 4.23e-16 1.805e-16 0.0 116.21 0.0
S054437 355.6848 128.7093 1.205e-17 1.125e-17 6.961e-18 0.001 120.84 0.0
S054438 355.6849 128.7091 2.019e-15 1.376e-15 4.688e-16 0.0 115.32 0.0
S054439 355.7491 128.6327 2.069e-17 1.863e-17 1.065e-17 0.0 116.53 0.0
S054440 355.745 128.6373 5.503e-17 4.872e-17 2.742e-17 0.0 116.48 0.0
S054441 355.7547 128.6274 3.916e-16 2.985e-16 1.281e-16 0.0 116.34 1.0
S054442 355.6201 128.7892 2.636e-17 4.754e-17 1.14e-16 0.0 119.62 0.0
S054443 355.6143 128.7956 4.483e-16 3.338e-16 1.309e-16 0.0 119.79 0.0
S054444 355.7452 128.6257 4.914e-17 4.216e-17 2.165e-17 0.0 116.44 0.0
S054445 355.7461 128.6248 2.672e-16 2.043e-16 8.864e-17 0.0 116.46 1.0
S054446 355.7432 128.627 3.589e-16 2.665e-16 1.086e-16 0.0 116.49 0.0
S054447 355.622 128.7967 1.484e-16 1.155e-16 5.013e-17 0.0 119.58 1.0
S054448 355.6256 128.797 2.185e-16 1.732e-16 7.932e-17 0.0 119.82 1.0
S054449 355.629 128.7976 1.539e-17 1.476e-17 9.418e-18 0.0 119.79 0.0
S054450 355.6276 128.8002 1.344e-17 1.291e-17 8.622e-18 0.0 119.78 0.0
S054451 355.7405 128.6191 6.132e-15 4.05e-15 1.343e-15 0.0 116.32 0.0
S054452 355.7394 128.6189 1.801e-16 1.474e-16 6.825e-17 0.0 116.45 0.0
S054453 355.6324 128.8034 1.292e-17 1.193e-17 7.148e-18 0.0 119.7 0.0
S054454 355.6326 128.8067 3.466e-17 2.957e-17 1.592e-17 0.0 119.71 0.0
S054455 355.6348 128.804 6.276e-13 6.282e-13 4.702e-13 0.0 119.7 1.0
S054456 355.7349 128.6145 4.745e-15 3.216e-15 1.052e-15 0.001 116.33 0.0
S054457 355.6386 128.8044 7.313e-17 5.975e-17 2.855e-17 0.0 119.71 0.0
S054458 355.6468 128.8016 8.287e-16 5.939e-16 2.264e-16 0.0 119.79 0.0
S054459 355.7331 128.6085 7.931e-18 7.691e-18 5.235e-18 0.0 116.23 0.0
S054460 355.7293 128.6085 1.627e-16 1.275e-16 5.75e-17 0.0 116.27 0.0
S054461 355.646 128.8078 2.989e-14 1.978e-14 6.131e-15 0.0 119.87 0.0
S054462 355.6437 128.812 4.873e-16 3.468e-16 1.285e-16 0.0 119.81 0.0
S054463 355.6471 128.8133 6.123e-18 5.93e-18 4.197e-18 0.0 119.62 0.0
S054464 355.7185 128.608 5.509e-18 5.287e-18 3.467e-18 0.0 116.31 0.0
S054465 355.6538 128.8121 9.547e-18 9.126e-18 6.055e-18 0.0 119.75 0.0
S054466 355.6557 128.8112 1.159e-16 9.056e-17 4.122e-17 0.0 119.72 1.0
S054467 355.7193 128.6019 4.942e-16 3.531e-16 1.321e-16 0.0 116.25 0.0
S054468 355.7234 128.5995 1.149e-16 9.484e-17 4.541e-17 0.0 116.39 0.0
S054469 355.7079 128.6052 2.592e-15 1.776e-15 6.089e-16 0.0 116.49 0.0
S054470 355.7127 128.606 1.958e-16 1.558e-16 7.009e-17 0.0 116.53 1.0
S054471 355.7072 128.6007 3.681e-16 2.895e-16 1.252e-16 0.0 116.58 1.0
S054472 355.7072 128.6003 5.012e-18 8.36e-18 1.707e-17 0.0 116.46 0.0
S054473 355.7052 128.6023 2.392e-21 1.661e-21 5.743e-22 0.0 116.26 0.0
S054474 355.6997 128.5929 6.45e-17 1.058e-16 2.067e-16 0.0 116.43 0.0
S054475 355.6969 128.5975 4.33e-16 3.176e-16 1.219e-16 0.0 116.27 0.0
S054476 355.6709 128.8171 2.445e-17 2.23e-17 1.304e-17 0.0 119.57 0.0
S054477 355.6945 128.6038 9.594e-16 6.807e-16 2.438e-16 0.0 116.36 0.0
S054478 355.6778 128.8177 4.976e-17 3.991e-17 1.918e-17 0.0 119.56 0.0
S054479 355.6871 128.5977 2.986e-16 2.265e-16 9.728e-17 0.0 116.51 1.0
S054480 355.6892 128.6014 2.733e-18 2.773e-18 2.064e-18 0.0 116.52 0.0
S054481 355.6933 128.8194 2.47e-16 1.84e-16 7.492e-17 0.0 119.38 0.0
S054482 355.6822 128.6017 6.63e-21 1.2000000000000001e-20 2.877e-20 0.0 116.63 0.0
S054483 355.6932 128.8179 3.148e-17 5.771e-17 1.438e-16 0.0 119.55 0.0
S054484 355.7034 128.8126 6.174e-17 5.161e-17 2.681e-17 0.0 119.4 0.0
S054485 355.6978 128.8139 3.758e-19 4.607e-19 5.289e-19 0.0 119.4 0.0
S054486 355.6613 128.6022 6.296e-15 4.289e-15 1.452e-15 0.0 116.83 0.0
S054487 355.6719 128.5998 6.009e-18 6.006e-18 4.207e-18 0.0 116.57 0.0
S054488 355.7085 128.8163 1.051e-16 8.759e-17 4.345e-17 0.0 119.33 0.0
S054489 355.7076 128.8203 9.732e-18 9.198e-18 5.998e-18 0.0 119.4 0.0
S054490 355.6536 128.6049 8.899e-17 7.289e-17 3.565e-17 0.001 116.84 0.0
S054491 355.7153 128.8134 2.509e-16 1.917e-16 7.965e-17 0.0 119.4 1.0
S054492 355.7184 128.8102 3.222e-16 2.452e-16 1.058e-16 0.0 119.22 1.0
S054493 355.6449 128.6098 3.374e-15 2.325e-15 7.914e-16 0.0 116.79 0.0
S054494 355.7288 128.8148 2.497e-17 2.161e-17 1.174e-17 0.0 119.2 0.0
S054495 355.7223 128.8062 1.3e-16 1.062e-16 4.989e-17 0.0 119.19 0.0
S054496 355.6369 128.6086 7.235e-16 5.128e-16 1.836e-16 0.0 116.85 0.0
S054497 355.6327 128.6129 2.375e-15 1.713e-15 6.426e-16 0.0 116.94 0.0
S054498 355.7429 128.8 6.095e-17 5.293e-17 2.862e-17 0.0 119.08 0.0
S054499 355.7455 128.8004 1.027e-16 8.66e-17 4.402e-17 0.0 119.0 0.0
S054500 355.7477 128.7994 1.834e-14 1.186e-14 3.668e-15 0.0 118.87 0.0
S054501 355.7501 128.7994 1.303e-17 1.191e-17 7.107e-18 0.0 118.99 0.0
S054502 355.6205 128.6218 2.421e-17 2.218e-17 1.341e-17 0.0 117.12 0.0
S054503 355.6207 128.6255 1.603e-17 1.516e-17 9.874e-18 0.0 117.19 0.0
S054504 355.6053 128.6197 1.592e-17 1.492e-17 9.438e-18 0.0 117.23 0.0
S054505 355.6047 128.6279 2.181e-16 1.623e-16 6.343e-17 0.0 117.32 0.0
S054506 355.7615 128.786 2.393e-17 2.119e-17 1.198e-17 0.0 118.8 0.0
S054507 355.5994 128.6331 6.669e-15 4.502e-15 1.518e-15 0.0 117.47 0.0
S054508 355.5963 128.6369 1.456e-18 1.552e-18 1.247e-18 0.0 117.44 0.0
S054509 355.7799 128.7809 2.097e-16 1.602e-16 6.628e-17 0.0 118.62 1.0
S054510 355.5904 128.642 4.183e-16 3.155e-16 1.273e-16 0.0 117.68 0.0
S054511 355.5889 128.6464 2.842e-15 1.944e-15 6.724e-16 0.0 117.64 0.0
S054512 355.5813 128.6482 7.317e-16 5.361e-16 2.135e-16 0.0 117.7 0.0
S054513 355.795 128.7672 2.357e-16 1.755e-16 6.891e-17 0.0 118.22 0.0
S054514 355.566 128.6508 7.084e-16 5.384e-16 2.197e-16 0.001 117.84 1.0
S054515 355.8006 128.7616 2.573e-17 2.309e-17 1.296e-17 0.0 118.21 0.0
S054516 355.7974 128.7512 1.194e-17 1.904e-17 3.622e-17 0.0 118.17 0.0
S054517 355.5675 128.6665 2.319e-17 1.899e-17 9.539e-18 0.0 118.0 0.0
S054518 355.5639 128.6727 7.438e-16 5.032e-16 1.711e-16 0.0 118.2 0.0
S054519 355.5635 128.6776 2.066e-14 1.367e-14 4.382e-15 0.0 118.07 0.0
S054520 355.5511 128.6766 6.445e-16 4.848e-16 1.969e-16 0.0 118.27 0.0
S054521 355.5503 128.6812 2.39e-15 1.718e-15 6.117e-16 0.0 118.15 0.0
S054522 355.811 128.7237 6.825e-19 7.875e-19 7.414e-19 0.0 117.66 0.0
S054523 355.8188 128.7264 7.887e-16 5.875e-16 2.32e-16 0.0 117.68 0.0
S054524 355.8194 128.7176 2.794e-15 1.927e-15 6.875e-16 0.0 117.62 0.0
S054525 355.5461 128.7052 7.822e-17 1.477e-16 3.979e-16 0.0 118.57 0.0
S054526 355.819 128.7084 7.221e-15 4.985e-15 1.707e-15 0.0 117.7 0.0
S054527 355.5419 128.7164 5.518e-13 3.961e-13 1.486e-13 0.0 118.75 0.0
S054528 355.8326 128.698 9.066e-16 6.548e-16 2.47e-16 0.0 117.17 0.0
S054529 355.5459 128.7219 9.057e-18 1.78e-17 5.198e-17 0.0 118.72 0.0
S054530 355.8268 128.6903 1.07e-15 7.504e-16 2.767e-16 0.0 117.37 0.0
S054531 355.5402 128.7376 5.564e-19 6.605e-19 6.61e-19 0.001 119.03 0.0
S054532 355.8391 128.6772 3.311e-17 2.84e-17 1.558e-17 0.0 117.19 0.0
S054533 355.8361 128.6633 4.334e-16 3.194e-16 1.278e-16 0.0 117.09 0.0
S054534 355.8365 128.6653 1.921e-15 1.307e-15 4.346e-16 0.0 117.04 0.0
S054535 355.5414 128.7589 1.254e-18 1.402e-18 1.257e-18 0.0 119.1 0.0
S054536 355.5317 128.7625 9.132e-16 6.604e-16 2.536e-16 0.0 119.05 0.0
S054537 355.5408 128.7635 8.681e-17 7.023e-17 3.317e-17 0.0 119.14 0.0
S054538 355.5382 128.7779 3.015e-16 2.363e-16 1.053e-16 0.0 119.28 1.0
S054539 355.8323 128.6268 8.835e-19 1.002e-18 9.34e-19 0.0 116.67 0.0
S054540 355.8356 128.6258 5.562e-16 3.985e-16 1.425e-16 0.0 116.46 0.0
S054541 355.5424 128.7908 6.938e-16 5.224e-16 2.136e-16 0.0 119.47 0.0
S054542 355.5365 128.8068 1.261e-16 1.008e-16 4.701e-17 0.0 119.76 0.0
S054543 355.5393 128.8073 1.878e-17 1.647e-17 9.18e-18 0.001 119.55 0.0
S054544 355.5414 128.8152 1.284e-16 9.973e-17 4.335e-17 0.0 119.54 0.0
S054545 355.8249 128.5938 2.909e-15 2.036e-15 7.076e-16 0.0 116.38 0.0
S054546 355.5539 128.8203 8.529e-18 8.042e-18 5.159e-18 0.0 119.75 0.0
S054547 355.5555 128.8267 1.886e-15 1.346e-15 4.796e-16 0.0 119.66 0.0
S054548 355.553 128.84 2.421e-18 2.605e-18 2.197e-18 0.0 119.59 0.0
S054549 355.5618 128.841 2.822e-16 2.168e-16 9.224e-17 0.0 119.83 1.0
S054550 355.5671 128.8478 1.336e-19 1.823e-19 2.416e-19 0.0 119.74 0.0
S054551 355.5677 128.8555 5.029e-17 4.238e-17 2.171e-17 0.0 119.67 0.0
S054552 355.5856 128.842 2.552e-16 1.992e-16 8.702e-17 0.0 119.68 1.0
S054553 355.5807 128.8611 1.531e-16 1.208e-16 5.284e-17 0.0 119.77 1.0
S054554 355.7817 128.5522 1.703e-15 1.234e-15 4.691e-16 0.0 116.33 0.0
S054555 355.5955 128.8654 1.206e-18 1.353e-18 1.188e-18 0.0 119.89 0.0
S054556 355.6032 128.8654 2.383e-15 1.643e-15 5.582e-16 0.0 119.63 0.0
S054557 355.7557 128.5489 9.706e-16 6.918e-16 2.616e-16 0.0 116.14 0.0
S054558 355.6259 128.8645 4.837e-16 3.601e-16 1.44e-16 0.0 119.74 0.0
S054559 355.6213 128.8785 1.604e-15 1.164e-15 4.332e-16 0.0 119.85 0.0
S054560 355.737 128.5335 8.285e-16 5.727e-16 2.029e-16 0.0 116.13 0.0
S054561 355.6382 128.8771 3.428e-17 2.928e-17 1.58e-17 0.0 119.83 0.0
S054562 355.6524 128.887 3.031e-17 2.625e-17 1.406e-17 0.0 119.75 0.0
S054563 355.6632 128.8788 3.082e-16 2.364e-16 1.042e-16 0.0 119.56 1.0
S054564 355.695 128.5296 1.52e-15 1.067e-15 3.903e-16 0.0 116.36 0.0
S054565 355.6945 128.5462 1.467e-17 2.381e-17 4.891e-17 0.0 116.4 0.0
S054566 355.6857 128.8785 2.2200000000000003e-20 3.4960000000000004e-20 6.628e-20 0.0 119.54 0.0
S054567 355.6739 128.5454 8.141e-16 6.061e-16 2.502e-16 0.0 116.56 0.0
S054568 355.6577 128.5463 1.707e-17 1.53e-17 9.058e-18 0.0 116.7 0.0
S054569 355.6398 128.5467 9.194e-16 6.439e-16 2.29e-16 0.0 116.61 1.0
S054570 355.732 128.8653 8.986e-15 6.127e-15 2.124e-15 0.0 119.3 0.0
S054571 355.635 128.5616 4.878e-17 4.115e-17 2.128e-17 0.0 116.85 0.0
S054572 355.7546 128.862 3.497e-17 2.844e-17 1.44e-17 0.0 118.96 0.0
S054573 355.7571 128.8546 4.04e-17 3.436e-17 1.774e-17 0.0 119.18 0.0
S054574 355.5948 128.5703 2.184e-18 2.428e-18 2.161e-18 0.0 117.08 0.0
S054575 355.5985 128.5849 2.715e-16 2.162e-16 9.709e-17 0.0 117.1 1.0
S054576 355.5763 128.5856 4.529e-16 3.505e-16 1.517e-16 0.0 117.06 1.0
S054577 355.5698 128.5966 8.212e-17 6.58e-17 2.977e-17 0.0 117.33 0.0
S054578 355.5525 128.6026 2.4420000000000002e-20 3.8340000000000004e-20 6.948000000000001e-20 0.0 117.49 0.0
S054579 355.546 128.6112 4.62e-17 3.922e-17 2.053e-17 0.001 117.52 0.0
S054580 355.8377 128.798 1.758e-15 1.235e-15 4.429e-16 0.0 118.33 0.0
S054581 355.7284 128.6297 4.4750000000000005e-20 6.646000000000001e-20 1.073e-19 0.0 116.43 0.0
S054582 355.6337 128.791 4.633e-16 3.341e-16 1.235e-16 0.0 119.74 0.0
S054583 355.7362 128.6235 3.724e-16 2.784e-16 1.149e-16 0.0 116.34 1.0
S054584 355.7346 128.6199 2.0580000000000001e-25 9.329e-25 1.62e-23 0.0 116.39 0.0
S054585 355.6344 128.8017 2.766e-20 4.3520000000000004e-20 8.081e-20 0.0 119.88 0.0
S054586 355.6352 128.7974 5.832e-17 4.694e-17 2.225e-17 0.0 119.82 0.0
S054587 355.7264 128.6207 2.267e-19 2.887e-19 3.343e-19 0.0 116.5 0.0
S054588 355.6395 128.7992 4.72e-20 7.066e-20 1.162e-19 0.0 119.6 0.0
S054589 355.7304 128.6179 1.147e-17 2.139e-17 5.812e-17 0.0 116.47 0.0
S054590 355.6352 128.8094 2.448e-21 5.001e-21 1.5860000000000002e-20 0.0 119.72 0.0
S054591 355.7274 128.6155 2.397e-16 1.84e-16 7.813e-17 0.0 116.45 1.0
S054592 355.6416 128.804 3.363e-17 5.983e-17 1.394e-16 0.0 119.78 0.0
S054593 355.7254 128.6227 2.835e-17 5.543e-17 1.567e-16 0.0 116.29 0.0
S054594 355.6469 128.8007 1.8289999999999999e-22 4.293e-22 1.913e-21 0.0 119.72 0.0
S054595 355.7323 128.6063 1.361e-17 1.272e-17 8.074e-18 0.0 116.25 0.0
S054596 355.6577 128.7917 4.476e-16 3.368e-16 1.427e-16 0.0 119.58 1.0
S054597 355.7215 128.6132 3.696e-18 3.92e-18 3.3e-18 0.0 116.2 0.0
S054598 355.7133 128.6222 5.235e-23 1.407e-22 8.138999999999999e-22 0.0 116.38 0.0
S054599 355.72 128.6111 1.27e-17 2.648e-17 8.684e-17 0.0 116.63 0.0
S054600 355.6456 128.8128 2.1309999999999998e-23 6.192e-23 4.1979999999999996e-22 0.0 119.79 0.0
S054601 355.6376 128.8218 6.738e-21 1.1050000000000001e-20 2.1720000000000002e-20 0.0 119.75 0.0
S054602 355.6446 128.8176 6.236e-18 6.202e-18 4.383e-18 0.0 119.62 0.0
S054603 355.6452 128.8071 4.847e-19 5.3e-19 4.687e-19 0.0 119.58 0.0
S054604 355.6493 128.8019 7.075e-17 1.756e-16 8.407e-16 0.0 119.72 1.0
S054605 355.7109 128.6056 4.548e-17 3.954e-17 2.132e-17 0.0 116.35 0.0
S054606 355.6547 128.8136 2.274e-17 2.006e-17 1.08e-17 0.0 119.67 0.0
S054607 355.6592 128.808 5.677e-17 4.82e-17 2.443e-17 0.0 119.55 0.0
S054608 355.7005 128.612 4.605e-16 3.272e-16 1.234e-16 0.0 116.61 0.0
S054609 355.7127 128.601 3.0170000000000002e-21 2.013e-21 6.497999999999999e-22 0.0 116.39 0.0
S054610 355.7097 128.5988 1.329e-22 3.3569999999999995e-22 1.68e-21 0.0 116.35 0.0
S054611 355.6708 128.8137 9.249e-17 7.092e-17 3.02e-17 0.0 119.63 0.0
S054612 355.7103 128.5936 4.081e-17 3.663e-17 2.079e-17 0.0 116.44 0.0
S054613 355.7048 128.6135 6.654e-18 6.709e-18 4.86e-18 0.0 116.41 0.0
S054614 355.6747 128.8073 2.893e-16 2.157e-16 8.733e-17 0.0 119.62 0.0
S054615 355.6568 128.8182 1.863e-17 3.67e-17 1.097e-16 0.0 119.85 0.0
S054616 355.6978 128.6003 8.102e-18 8.247e-18 6.118e-18 0.0 116.49 0.0
S054617 355.6654 128.8175 9.362e-16 6.867e-16 2.683e-16 0.0 119.72 0.0
S054618 355.6898 128.6072 3.778e-16 2.793e-16 1.144e-16 0.0 116.51 0.0
S054619 355.6912 128.6113 3.1310000000000003e-20 4.7780000000000006e-20 8.433000000000001e-20 0.0 116.66 0.0
S054620 355.6783 128.8211 9.413e-18 8.54e-18 5.282e-18 0.0 119.63 0.0
S054621 355.6917 128.5955 2.969e-23 7.895e-23 4.522999999999999e-22 0.0 116.52 0.0
S054622 355.6866 128.5997 2.755e-16 2.195e-16 9.797e-17 0.0 116.43 1.0
S054623 355.6921 128.8106 1.949e-16 1.55e-16 7.303e-17 0.0 119.55 0.0
S054624 355.6785 128.6107 3.657e-18 3.64e-18 2.539e-18 0.0 116.74 0.0
S054625 355.6947 128.8183 3.454e-17 6.66e-17 1.891e-16 0.0 119.29 0.0
S054626 355.683 128.8133 1.512e-18 1.714e-18 1.582e-18 0.0 119.7 0.0
S054627 355.6904 128.8142 1.574e-21 1.145e-21 4.265999999999999e-22 0.0 119.46 0.0
S054628 355.7 128.82 2.2389999999999997e-22 5.719999999999999e-22 2.895e-21 0.0 119.46 0.0
S054629 355.6783 128.5979 1.248e-19 1.826e-19 2.784e-19 0.0 116.5 0.0
S054630 355.6979 128.8244 2.825e-18 2.876e-18 2.232e-18 0.0 119.61 0.0
S054631 355.6685 128.6079 1.812e-17 3.431e-17 9.115e-17 0.0 116.6 0.0
S054632 355.6692 128.6076 2.601e-13 1.745e-13 5.688e-14 0.0 116.59 0.0
S054633 355.668 128.6082 2.384e-16 1.834e-16 7.779e-17 0.0 116.73 1.0
S054634 355.6627 128.613 6.86e-17 5.809e-17 3.106e-17 0.0 116.66 0.0
S054635 355.6453 128.5876 1.922e-16 1.476e-16 6.54e-17 0.0 116.88 1.0
S054636 355.7018 128.8068 1.295e-21 2.663e-21 8.475e-21 0.0 119.27 0.0
S054637 355.7126 128.8128 3.887e-16 2.901e-16 1.206e-16 0.0 119.33 1.0
S054638 355.6505 128.5999 1.004e-17 1.871e-17 4.867e-17 0.0 116.9 0.0
S054639 355.7007 128.8056 1.046e-18 1.174e-18 1.095e-18 0.0 119.54 0.0
S054640 355.6594 128.6099 2.931e-17 2.568e-17 1.451e-17 0.0 116.87 0.0
S054641 355.7139 128.8071 2.553e-20 4.1570000000000005e-20 7.754e-20 0.0 119.4 0.0
S054642 355.7146 128.8035 5.92e-19 7.052e-19 7.169e-19 0.0 119.14 0.0
S054643 355.6325 128.6144 1.6009999999999998e-22 3.9519999999999995e-22 1.949e-21 0.0 117.22 0.0
S054644 355.7171 128.8094 1.894e-17 3.296e-17 7.362e-17 0.0 119.12 0.0
S054645 355.6485 128.6168 5.265999999999999e-22 1.135e-21 4.092e-21 0.0 116.84 0.0
S054646 355.7354 128.8094 1.558e-16 1.232e-16 5.547e-17 0.0 119.31 1.0
S054647 355.7301 128.8077 2.537e-21 1.743e-21 6.021999999999999e-22 0.0 119.15 0.0
S054648 355.6339 128.6158 8.169e-19 9.334e-19 8.683e-19 0.0 116.89 0.0
S054649 355.6315 128.6173 1.729e-21 3.689e-21 1.3000000000000001e-20 0.0 116.94 0.0
S054650 355.6387 128.6232 1.105e-21 2.24e-21 7.001e-21 0.0 117.13 0.0
S054651 355.6326 128.6226 1.807e-21 3.756e-21 1.2090000000000001e-20 0.0 116.99 0.0
S054652 355.6255 128.6203 4.9469999999999995e-23 1.541e-22 1.154e-21 0.0 117.0 0.0
S054653 355.6178 128.6105 4.924e-18 8.913e-18 2.195e-17 0.0 117.23 0.0
S054654 355.7646 128.8037 1.931e-16 1.465e-16 6.207e-17 0.0 118.74 1.0
S054655 355.7517 128.7901 2.027e-19 2.658e-19 3.319e-19 0.0 118.91 0.0
S054656 355.616 128.6241 1.204e-16 2.513e-16 8.335e-16 0.0 117.13 1.0
S054657 355.6137 128.6255 2.497e-19 3.248e-19 4.053e-19 0.0 117.27 0.0
S054658 355.7469 128.7882 1.007e-17 2.061e-17 6.677e-17 0.001 118.88 0.0
S054659 355.7596 128.7871 1.764e-16 1.347e-16 5.783e-17 0.0 118.66 1.0
S054660 355.7739 128.7981 4.009e-13 2.711e-13 9.193e-14 0.0 118.75 0.0
S054661 355.7472 128.7802 9.056e-18 9.021e-18 6.425e-18 0.0 118.83 0.0
S054662 355.5802 128.6227 1.402e-16 1.11e-16 4.878e-17 0.0 117.43 1.0
S054663 355.7736 128.7848 4.001e-20 6.092000000000001e-20 1.06e-19 0.0 118.5 0.0
S054664 355.7619 128.7755 1.098e-17 2.44e-17 9.35e-17 0.0 118.55 0.0
S054665 355.7747 128.7784 1.308e-17 2.712e-17 8.911e-17 0.0 118.7 0.0
S054666 355.5852 128.6367 2.027e-16 1.521e-16 6.398e-17 0.0 117.65 1.0
S054667 355.5858 128.6428 1.736e-17 3.581e-17 1.163e-16 0.0 117.52 0.0
S054668 355.5835 128.6437 2.199e-17 1.936e-17 1.078e-17 0.0 117.67 0.0
S054669 355.7793 128.7671 5.72e-21 1.035e-20 2.56e-20 0.0 118.4 0.0
S054670 355.5881 128.6525 1.236e-16 9.869e-17 4.492e-17 0.0 117.73 1.0
S054671 355.7918 128.7667 3.583e-19 4.194e-19 4.115e-19 0.0 118.42 0.0
S054672 355.7868 128.76 7.336e-17 6.339e-17 3.419e-17 0.0 118.19 0.0
S054673 355.7866 128.7561 2.704e-16 2.092e-16 8.883e-17 0.0 118.3 1.0
S054674 355.8028 128.7594 1.107e-22 2.7189999999999995e-22 1.2200000000000001e-21 0.0 118.19 0.0
S054675 355.7915 128.7528 1.949e-25 8.932e-25 1.549e-23 0.0 118.25 0.0
S054676 355.7961 128.7491 1.88e-23 5.351e-23 3.379e-22 0.0 118.08 0.0
S054677 355.5754 128.6754 1.191e-16 9.422e-17 4.315e-17 0.0 117.99 1.0
S054678 355.5796 128.6786 9.319e-19 1.093e-18 1.098e-18 0.0 118.16 0.0
S054679 355.5675 128.6749 7.558e-24 2.879e-23 3.208e-22 0.0 118.1 0.0
S054680 355.5648 128.674 1.647e-16 1.331e-16 6.192e-17 0.0 117.92 0.0
S054681 355.7995 128.7341 5.439e-18 5.763e-18 4.616e-18 0.0 117.71 0.0
S054682 355.8119 128.7382 3.573e-18 3.749e-18 2.886e-18 0.0 117.88 0.0
S054683 355.5471 128.6839 7.925e-19 9.198e-19 9.175e-19 0.001 118.39 0.0
S054684 355.7909 128.7144 7.28e-17 5.978e-17 2.903e-17 0.0 117.51 0.0
S054685 355.8067 128.7288 2.5350000000000002e-20 3.8960000000000004e-20 6.909e-20 0.0 117.8 0.0
S054686 355.5482 128.6934 7.886e-16 5.805e-16 2.214e-16 0.0 118.25 0.0
S054687 355.5329 128.701 1.39e-12 1.065e-12 4.511e-13 0.0 118.49 1.0
S054688 355.5454 128.6945 9.413e-17 8.131e-17 4.333e-17 0.0 118.32 0.0
S054689 355.823 128.7049 1.151e-20 1.835e-20 3.637e-20 0.0 117.52 0.0
S054690 355.8167 128.7035 3.705e-17 3.033e-17 1.465e-17 0.0 117.24 0.0
S054691 355.8397 128.7185 2.094e-17 1.859e-17 1.038e-17 0.0 117.59 0.0
S054692 355.5414 128.721 9.047e-19 1.047e-18 9.692e-19 0.0 118.77 0.0
S054693 355.5356 128.735 9.208e-17 7.461e-17 3.435e-17 0.0 118.98 0.0
S054694 355.5409 128.7224 3.503e-16 2.697e-16 1.152e-16 0.0 118.63 1.0
S054695 355.8353 128.6833 5.942e-16 4.704e-16 2.018e-16 0.0 117.11 0.0
S054696 355.8373 128.6713 2.212e-19 3.123e-19 4.552e-19 0.0 117.07 0.0
S054697 355.5354 128.7237 7.445e-17 6.488e-17 3.554e-17 0.0 118.8 0.0
S054698 355.5432 128.7478 5.48e-19 6.832e-19 7.757e-19 0.0 119.0 0.0
S054699 355.8358 128.6653 1.229e-17 2.4e-17 6.707e-17 0.0 116.91 0.0
S054700 355.8524 128.6723 4.223e-17 7.427e-17 1.766e-16 0.0 117.08 0.0
S054701 355.5329 128.7556 7.25e-18 1.57e-17 5.492e-17 0.0 119.08 0.0
S054702 355.8473 128.6453 3.265e-23 1.095e-22 9.363999999999998e-22 0.0 116.92 0.0
S054703 355.5216 128.7701 7.116e-18 1.308e-17 3.295e-17 0.0 119.05 0.0
S054704 355.5382 128.7607 6.721000000000001e-20 9.820000000000001e-20 1.572e-19 0.0 119.13 0.0
S054705 355.5294 128.7718 1.965e-21 1.375e-21 4.950999999999999e-22 0.0 119.46 0.0
S054706 355.8451 128.627 9.917e-18 9.095e-18 5.304e-18 0.0 116.51 0.0
S054707 355.5415 128.7754 1.123e-15 8.189e-16 3.095e-16 0.0 119.21 0.0
S054708 355.5433 128.7763 1.9369999999999999e-22 4.852e-22 2.392e-21 0.0 119.27 0.0
S054709 355.5498 128.7809 5.565e-18 9.246e-18 1.905e-17 0.0 119.35 0.0
S054710 355.8131 128.6434 3.553e-17 3.223e-17 1.912e-17 0.0 116.51 0.0
S054711 355.5386 128.8007 1.205e-18 1.355e-18 1.231e-18 0.0 119.45 0.0
S054712 355.5423 128.7896 1.887e-20 3.036e-20 5.894e-20 0.0 119.57 0.0
S054713 355.5404 128.8089 2.4270000000000003e-20 3.9640000000000005e-20 7.868e-20 0.0 119.52 0.0
S054714 355.8166 128.6148 5.238e-20 7.427000000000001e-20 1.117e-19 0.0 116.42 0.0
S054715 355.532 128.8294 7.062e-17 5.504e-17 2.47e-17 0.0 119.72 0.0
S054716 355.824 128.5992 1.976e-17 1.735e-17 9.946e-18 0.0 116.5 0.0
S054717 355.8215 128.6093 5.542000000000001e-20 8.141000000000001e-20 1.245e-19 0.0 116.6 0.0
S054718 355.7977 128.6096 3.8670000000000005e-20 5.822e-20 9.775000000000001e-20 0.0 116.38 0.0
S054719 355.5516 128.8324 2.803e-16 2.285e-16 1.056e-16 0.0 119.56 0.0
S054720 355.8087 128.5849 3.6550000000000004e-20 5.1520000000000005e-20 7.691000000000001e-20 0.0 116.34 0.0
S054721 355.5576 128.8439 8.311e-18 1.332e-17 2.453e-17 0.0 119.87 0.0
S054722 355.5718 128.8314 1.788e-16 1.421e-16 6.601e-17 0.0 119.75 0.0
S054723 355.8084 128.5677 3.9990000000000005e-20 5.838e-20 9.365e-20 0.0 116.32 0.0
S054724 355.7928 128.5846 7.424e-19 8.365e-19 7.639e-19 0.0 116.32 0.0
S054725 355.7995 128.5667 5.168e-20 7.539000000000001e-20 1.191e-19 0.0 116.27 0.0
S054726 355.7818 128.5788 6.041e-23 1.6789999999999998e-22 1.044e-21 0.0 116.19 0.0
S054727 355.7842 128.5617 2.577e-17 4.364e-17 9.485e-17 0.0 116.08 0.0
S054728 355.7834 128.56 4.227e-28 4.191e-27 3.703e-25 0.0 116.2 0.0
S054729 355.59 128.8682 2.451e-22 5.774e-22 2.538e-21 0.0 119.99 0.0
S054730 355.6126 128.842 3.358e-18 3.362e-18 2.363e-18 0.0 119.92 0.0
S054731 355.6046 128.8606 1.102e-21 2.222e-21 6.931e-21 0.0 119.87 0.0
S054732 355.6134 128.8577 8.431e-13 7.041e-13 3.457e-13 0.0 119.99 1.0
S054733 355.7673 128.5498 5.943e-15 4.038e-15 1.342e-15 0.0 116.1 0.0
S054734 355.7541 128.5539 7.864e-24 2.75e-23 2.7269999999999996e-22 0.0 116.13 0.0
S054735 355.6324 128.8581 2.07e-19 2.742e-19 3.562e-19 0.0 119.78 0.0
S054736 355.6368 128.8783 2.052e-17 1.901e-17 1.129e-17 0.0 119.87 0.0
S054737 355.7553 128.5422 4.081e-17 8.839e-17 3.16e-16 0.0 116.15 1.0
S054738 355.6409 128.8761 6.7079999999999995e-22 1.4280000000000001e-21 5.061e-21 0.0 119.82 0.0
S054739 355.7241 128.5535 2.345e-17 2.032e-17 1.145e-17 0.0 116.26 0.0
S054740 355.732 128.5371 7.162e-17 5.752e-17 2.709e-17 0.0 116.27 0.0
S054741 355.6528 128.8707 4.166e-16 3.068e-16 1.199e-16 0.0 119.89 0.0
S054742 355.6781 128.8629 1.51e-16 1.236e-16 5.802e-17 0.0 119.84 0.0
S054743 355.6809 128.5564 2.507e-17 2.192e-17 1.154e-17 0.0 116.37 0.0
S054744 355.6857 128.8851 2.498e-17 2.192e-17 1.222e-17 0.0 119.5 0.0
S054745 355.682 128.5434 1.359e-22 3.2829999999999995e-22 1.505e-21 0.0 116.63 0.0
S054746 355.6699 128.5516 5.88e-17 4.817e-17 2.318e-17 0.0 116.57 0.0
S054747 355.6916 128.8751 6.5200000000000004e-21 1.0720000000000001e-20 2.2230000000000003e-20 0.0 119.63 0.0
S054748 355.6923 128.8829 1.195e-19 1.645e-19 2.255e-19 0.0 119.64 0.0
S054749 355.6658 128.5369 9.121e-18 1.558e-17 3.414e-17 0.0 116.69 0.0
S054750 355.7265 128.8799 4.725e-17 3.796e-17 1.796e-17 0.0 119.36 0.0
S054751 355.642 128.5449 4.583e-17 6.384e-17 9.336e-17 0.0 116.88 0.0
S054752 355.631 128.5724 1.107e-15 7.842e-16 2.927e-16 0.0 116.78 0.0
S054753 355.7379 128.841 9.054e-17 7.32e-17 3.591e-17 0.0 119.15 0.0
S054754 355.7597 128.8608 3.605e-16 2.654e-16 1.031e-16 0.0 119.12 0.0
S054755 355.7484 128.8357 1.003e-17 9.503e-18 6.297e-18 0.0 119.24 0.0
S054756 355.6006 128.56 7.654e-16 5.476e-16 2.008e-16 0.0 117.08 0.0
S054757 355.5948 128.5738 1.138e-16 9.397e-17 4.526e-17 0.0 117.05 0.0
S054758 355.5888 128.5907 2.784e-16 2.113e-16 8.975e-17 0.0 117.08 1.0
S054759 355.582 128.5897 7.547e-19 8.819e-19 8.649e-19 0.0 117.27 0.0
S054760 355.5663 128.5927 1.382e-16 1.136e-16 5.37e-17 0.0 117.56 0.0
S054761 355.7835 128.8074 2.588e-21 5.3e-21 1.701e-20 0.0 118.59 0.0
S054762 355.5542 128.5991 5.515999999999999e-22 1.098e-21 3.3e-21 0.0 117.38 0.0
S054763 355.5514 128.6107 1.609e-19 2.135e-19 2.722e-19 0.0 117.52 0.0
S054764 355.5395 128.6149 5.825e-16 4.305e-16 1.678e-16 0.0 117.67 0.0
S054765 355.8409 128.7983 1.2059999999999999e-23 4.3169999999999996e-23 4.56e-22 0.0 118.44 0.0
S054766 355.5379 128.634 1.289e-19 1.764e-19 2.359e-19 0.0 117.68 0.0
S054767 355.5456 128.647 2.94e-16 2.252e-16 9.6e-17 0.0 117.84 1.0
S054768 355.5133 128.6467 1.05e-16 2.823e-16 1.594e-15 0.0 117.98 1.0
S054769 355.8632 128.7692 5.044e-19 6.536e-19 7.632e-19 0.0 117.95 0.0
