Name Equatorial Polar BlueF GreenF RedF Parallax RadialVelocity Variable?
S055822 357.5536 127.1861 3.199e-22 7.766e-22 3.598e-21 0.0 111.3 0.0
S055823 357.4924 127.176 2.775e-22 6.477999999999999e-22 2.8380000000000002e-21 0.0 109.86 0.0
S055824 357.5512 127.1894 8.224e-21 1.325e-20 2.6370000000000003e-20 0.0 110.89 0.0
S055825 357.6002 127.1803 2.72e-19 3.676e-19 4.976e-19 0.0 110.96 0.0
S055826 357.6037 127.1803 1.2259999999999998e-22 2.851e-22 1.129e-21 0.0 111.17 0.0
S055827 357.5029 127.0859 2.502e-19 3.251e-19 3.926e-19 0.0 110.48 0.0
S055828 357.5865 127.1996 7.905e-24 2.236e-23 1.448e-22 0.0 110.94 0.0
S055829 357.5282 127.1811 2.164e-18 2.412e-18 2.202e-18 0.0 110.14 0.0
S055830 357.5494 127.1903 4.577999999999999e-22 1.061e-21 4.391e-21 0.0 110.11 0.0
S055831 357.5542 127.189 9.820999999999999e-22 2.025e-21 6.577e-21 0.0 111.01 0.0
S055832 357.5286 127.199 9.951e-25 3.723e-24 4.2949999999999997e-23 0.0 109.98 0.0
S055833 357.6342 127.2052 5.4510000000000004e-21 1.0140000000000001e-20 2.602e-20 0.0 111.16 0.0
S055834 357.4712 127.1824 2.205e-20 3.4660000000000006e-20 6.396000000000001e-20 0.0 109.92 0.0
S055835 357.4511 127.0833 2.995e-19 3.701e-19 4.068e-19 0.0 110.34 0.0
S055836 357.4692 127.2687 2.393e-23 6.905e-23 4.566999999999999e-22 0.0 110.17 0.0
S055837 357.5389 127.1741 1.399e-23 3.88e-23 2.307e-22 0.0 110.27 0.0
S055838 357.5985 127.1995 2.6480000000000003e-20 3.9290000000000006e-20 6.480000000000001e-20 0.0 111.16 0.0
S055839 357.5146 127.2118 1.093e-17 1.957e-17 4.859e-17 0.0 109.95 0.0
S055840 357.5453 127.1809 2.9279999999999998e-24 1.027e-23 9.745999999999999e-23 0.0 110.37 0.0
S055841 357.5861 127.1497 1.38e-22 3.3519999999999996e-22 1.511e-21 0.0 110.91 0.0
S055842 357.5286 127.1896 4.524e-23 1.221e-22 6.898999999999999e-22 0.0 110.08 0.0
S055843 357.5331 127.1605 5.994e-21 9.989e-21 2.084e-20 0.0 110.4 0.0
S055844 357.7114 127.0709 2.1e-21 1.4430000000000001e-21 5.0739999999999995e-22 0.0 111.19 0.0
S055845 357.5441 127.1986 6.112e-17 8.595e-17 1.254e-16 0.0 110.41 0.0
S055846 357.5803 127.1716 1.6340000000000002e-20 2.543e-20 4.6810000000000006e-20 0.0 111.09 0.0
S055847 357.5196 127.1613 1.825e-21 3.868e-21 1.3390000000000002e-20 0.0 110.16 0.0
S055848 357.5169 127.1828 4.354e-20 6.396000000000001e-20 1.03e-19 0.0 109.97 0.0
S055849 357.5635 127.1816 4.768e-24 1.6839999999999998e-23 1.6759999999999998e-22 0.0 110.72 0.0
S055850 357.4676 127.2084 4.315e-21 7.981e-21 2.0280000000000002e-20 0.0 110.14 0.0
S055851 357.6684 126.9913 6.472e-18 6.293e-18 4.409e-18 0.0 110.89 0.0
S055852 357.541 127.1779 2.253e-19 3.005e-19 4.038e-19 0.0 110.46 0.0
S055853 357.6921 127.3145 7.007e-22 1.486e-21 5.172e-21 0.0 111.04 0.0
S055854 357.5943 127.1462 1.0969999999999998e-22 2.859e-22 1.4460000000000001e-21 0.0 111.12 0.0
S055855 357.5505 127.1862 4.032e-19 5.232e-19 6.729e-19 0.0 110.53 0.0
S055856 357.5075 127.1501 6.792e-20 9.905000000000001e-20 1.627e-19 0.0 110.39 0.0
S055857 357.5502 127.1812 2.408e-21 5.016e-21 1.594e-20 0.0 110.6 0.0
S055858 357.6092 127.1169 1.83e-17 1.668e-17 9.78e-18 0.0 111.05 0.0
S055859 357.6265 127.1992 3.8539999999999994e-22 9.325e-22 4.142e-21 0.0 111.19 0.0
S055860 357.4166 127.3742 1.64e-23 5.2819999999999995e-23 4.399e-22 0.0 110.26 0.0
S055861 357.5089 127.1501 3.292e-20 5.155e-20 9.298000000000001e-20 0.0 110.27 0.0
S055862 357.4983 127.2111 7.565000000000001e-25 3.028e-24 3.916e-23 0.0 110.27 0.0
S055863 357.5471 127.1891 1.118e-22 2.8239999999999996e-22 1.382e-21 0.0 109.97 0.0
S055864 357.5682 127.1682 1.451e-19 1.948e-19 2.557e-19 0.0 110.83 0.0
S055865 357.4628 127.0744 1.451e-23 4.9899999999999996e-23 4.7909999999999995e-22 0.0 110.45 0.0
S055866 357.5519 127.3032 2.406e-22 6.089e-22 3.087e-21 0.0 110.49 0.0
S055867 357.5163 127.2065 3.229e-17 5.619e-17 1.267e-16 0.0 110.04 0.0
S055868 357.5698 127.159 7.049e-23 1.841e-22 9.56e-22 0.0 111.1 0.0
S055869 357.6517 127.1849 7.969e-17 6.441e-17 3.062e-17 0.0 111.22 0.0
S055870 357.5043 127.1928 4.4639999999999997e-23 1.3229999999999998e-22 9.109e-22 0.0 109.77 0.0
S055871 357.552 127.1853 6.432e-20 9.652000000000001e-20 1.61e-19 0.0 110.92 0.0
S055872 357.5584 127.1864 3.8819999999999997e-23 1.148e-22 7.487999999999999e-22 0.0 111.01 0.0
S055873 357.448 127.1825 3.116e-14 2.048e-14 6.467e-15 0.0 109.97 0.0
S055874 357.6417 127.2154 5.380999999999999e-23 1.2749999999999998e-22 5.79e-22 0.0 111.07 0.0
S055875 357.6083 127.1748 5.659e-19 6.852e-19 7.229e-19 0.0 111.15 0.0
S055876 357.5579 127.1723 2.022e-24 6.857e-24 6.121e-23 0.0 110.72 0.0
S055877 357.5187 127.1868 2.753e-18 2.618e-18 1.736e-18 0.0 110.13 0.0
S055878 357.5493 127.1805 6.535e-23 1.797e-22 1.058e-21 0.0 110.77 0.0
S055879 357.5808 127.1888 2.087e-19 2.661e-19 3.162e-19 0.0 110.99 0.0
S055880 357.5424 127.1864 1.071e-19 1.427e-19 1.854e-19 0.0 110.16 0.0
S055881 357.5138 127.2134 1.8720000000000002e-20 3.1030000000000003e-20 6.31e-20 0.0 110.25 0.0
S055882 357.657 127.1677 6.887000000000001e-25 2.661e-24 3.177e-23 0.0 111.1 0.0
S055883 357.5806 127.2686 1.0529999999999999e-22 2.6389999999999996e-22 1.343e-21 0.0 110.58 0.0
S055884 357.519 127.2056 2.852e-18 3.098e-18 2.555e-18 0.0 110.0 0.0
S055885 357.5682 127.1728 2.388e-19 3.043e-19 3.569e-19 0.0 110.82 0.0
S055886 357.5825 127.2158 2.714e-17 4.811e-17 1.109e-16 0.0 110.9 0.0
S055887 357.5542 127.1888 3.948e-18 3.898e-18 2.707e-18 0.0 111.0 0.0
S055888 357.6178 127.2143 3.3169999999999998e-22 8.286e-22 3.973e-21 0.0 111.12 0.0
S055889 357.4505 127.1994 1.428e-18 1.581e-18 1.396e-18 0.0 109.98 0.0
S055890 357.554 127.2147 6.496e-17 5.16e-17 2.337e-17 0.0 110.48 0.0
S055891 357.572 127.1925 6.356e-24 1.9929999999999998e-23 1.5449999999999997e-22 0.0 110.97 0.0
S055892 357.5446 127.1554 5.203e-23 1.2899999999999998e-22 6.081999999999999e-22 0.0 110.75 0.0
S055893 357.6601 127.1519 1.075e-23 3.098e-23 2.0479999999999998e-22 0.0 111.21 0.0
S055894 357.542 127.2264 1.009e-17 9.721e-18 6.482e-18 0.0 110.33 0.0
S055895 357.5416 127.1884 3.063e-21 5.436e-21 1.2850000000000001e-20 0.0 110.08 0.0
S055896 357.5146 127.2045 9.851000000000001e-20 1.444e-19 2.275e-19 0.0 109.95 0.0
S055897 357.5255 127.188 2.3209999999999997e-22 5.254e-22 2.073e-21 0.0 110.29 0.0
S055898 357.5664 127.2877 8.708e-13 6.676e-13 2.903e-13 0.0 110.64 1.0
S055899 357.5428 127.1817 4.188e-17 3.537e-17 1.74e-17 0.0 110.21 0.0
S055900 357.5557 127.195 4.973e-22 1.196e-21 5.181e-21 0.0 110.65 0.0
S055901 357.5172 127.1697 4.804e-20 7.247000000000001e-20 1.166e-19 0.0 110.27 0.0
S055902 357.5449 127.1991 1.366e-19 1.672e-19 1.827e-19 0.0 110.31 0.0
S055903 357.5031 127.1836 1.137e-21 2.3570000000000002e-21 7.419000000000001e-21 0.0 109.94 0.0
S055904 357.5678 127.1993 7.665e-25 3.024e-24 3.806e-23 0.0 110.98 0.0
S055905 357.5538 127.1962 3.9109999999999996e-23 9.910999999999999e-23 4.875999999999999e-22 0.0 110.52 0.0
S055906 357.4309 127.1483 8.791e-23 2.376e-22 1.314e-21 0.0 109.92 1.0
S055907 357.6174 127.157 2.932e-20 4.6770000000000003e-20 8.929000000000001e-20 0.0 111.1 0.0
S055908 357.5766 127.1958 2.8e-22 7.105999999999999e-22 3.429e-21 0.0 111.01 0.0
S055909 357.5917 127.1102 3.8849999999999995e-22 8.953999999999999e-22 3.566e-21 0.0 110.79 0.0
S055910 357.497 127.2228 2.7279999999999996e-23 7.125999999999999e-23 3.6339999999999996e-22 0.0 110.05 0.0
S055911 357.5613 127.1496 4.064e-18 3.935e-18 2.704e-18 0.0 110.75 0.0
S055912 357.5506 127.2237 5.607999999999999e-22 1.161e-21 3.866e-21 0.0 110.5 0.0
S055913 357.5227 127.1746 1.432e-19 2.043e-19 3.038e-19 0.0 110.28 0.0
S055914 357.5518 127.1899 3.786e-19 4.71e-19 5.446e-19 0.0 110.84 0.0
S055915 357.5401 127.1618 2.902e-18 3.113e-18 2.501e-18 0.0 110.62 0.0
S055916 357.537 127.2218 9.77e-19 1.11e-18 1.035e-18 0.0 110.35 0.0
S055917 357.5304 127.204 3.464e-21 6.589e-21 1.75e-20 0.0 110.16 0.0
S055918 357.5444 127.1846 6.183e-21 1.047e-20 2.2750000000000003e-20 0.0 110.23 0.0
S055919 357.5902 127.1831 1.287e-18 1.42e-18 1.272e-18 0.0 110.85 0.0
S055920 357.4707 127.3478 1.358e-18 1.567e-18 1.53e-18 0.0 110.14 0.0
S055921 357.5565 127.2173 3.709e-21 7.295e-21 2.177e-20 0.0 110.57 0.0
S055922 357.5499 127.2008 1.849e-19 2.544e-19 3.646e-19 0.0 110.43 0.0
S055923 357.4981 127.1925 3.634e-23 9.745e-23 5.569e-22 0.0 109.96 0.0
S055924 357.4805 127.0797 3.4600000000000005e-20 5.3320000000000004e-20 9.434000000000001e-20 0.0 110.3 0.0
S055925 357.5506 127.1904 2.486e-21 4.804e-21 1.3540000000000001e-20 0.0 110.37 0.0
S055926 357.4697 127.1763 1.677e-21 3.378e-21 1.0240000000000001e-20 0.0 109.91 0.0
S055927 357.6068 127.1928 9.173e-18 8.756e-18 5.696e-18 0.0 111.26 0.0
S055928 357.426 126.9928 7.601e-23 2.0249999999999998e-22 1.101e-21 0.0 110.44 0.0
S055929 357.5438 127.1975 4.916e-18 4.909e-18 3.456e-18 0.0 110.27 0.0
S055930 357.5989 127.1803 6.668e-22 1.507e-21 5.841e-21 0.0 111.18 0.0
S055931 357.4744 127.2578 3.269e-19 4.212e-19 5.298e-19 0.0 110.15 0.0
S055932 357.5246 127.2006 9.884e-22 2.015e-21 6.5680000000000004e-21 0.0 110.14 0.0
S055933 357.5483 127.1773 1.079e-17 1.007e-17 6.438e-18 0.0 110.57 0.0
S055934 357.5385 127.182 1.366e-22 3.0859999999999997e-22 1.189e-21 0.0 110.27 0.0
S055935 357.4739 127.1558 1.0309999999999999e-22 2.6609999999999996e-22 1.39e-21 0.0 110.06 0.0
S055936 357.5606 127.1838 3.627e-23 9.265999999999999e-23 4.760999999999999e-22 0.0 111.0 0.0
S055937 357.5597 127.1752 4.6750000000000005e-20 7.315000000000001e-20 1.353e-19 0.0 110.91 0.0
S055938 357.6529 127.2328 1.5440000000000002e-20 2.4520000000000002e-20 4.7910000000000006e-20 0.001 110.88 0.0
S055939 357.6735 127.2699 1.459e-22 3.4939999999999997e-22 1.579e-21 0.0 110.9 0.0
S055940 357.5266 127.1893 4.056e-21 7.437e-21 1.8480000000000002e-20 0.0 110.07 0.0
S055941 357.5348 127.1591 7.426e-17 1.703e-16 6.939e-16 0.0 110.24 1.0
S055942 357.5538 127.1875 6.865e-20 1.006e-19 1.625e-19 0.0 111.11 0.0
S055943 357.5983 127.1434 1.8000000000000002e-20 3.0540000000000004e-20 6.514e-20 0.0 110.81 0.0
S055944 357.5759 127.1657 8.963000000000001e-21 1.636e-20 4.0190000000000005e-20 0.0 110.95 0.0
S055945 357.5614 127.1608 2.929e-18 3.114e-18 2.454e-18 0.0 110.79 0.0
S055946 357.5459 127.1959 2.412e-20 3.989e-20 8.194000000000001e-20 0.0 110.38 0.0
S055947 357.5664 127.1828 2.017e-17 3.921e-17 1.132e-16 0.0 110.98 0.0
S055948 357.5393 127.1473 3.785e-19 4.827e-19 5.759e-19 0.0 110.62 0.0
S055949 357.5723 127.1836 5.930999999999999e-22 1.323e-21 5.14e-21 0.0 111.01 0.0
S055950 357.5503 127.1858 8.957000000000001e-26 4.477e-25 9.489e-24 0.0 110.6 0.0
S055951 357.5948 127.1226 1.284e-17 1.098e-17 5.939e-18 0.0 111.02 0.0
S055952 357.5627 127.1659 1.274e-19 1.71e-19 2.266e-19 0.0 110.78 0.0
S055953 357.5366 127.1319 4.417e-20 6.739e-20 1.167e-19 0.001 110.61 0.0
S055954 357.6193 127.1869 3.255e-21 6.016e-21 1.5340000000000002e-20 0.0 111.17 0.0
S055955 357.6035 127.2137 2.9519999999999997e-22 6.201999999999999e-22 2.0300000000000002e-21 0.0 111.15 0.0
S055956 357.5512 127.1877 2.213e-23 6.393e-23 4.237999999999999e-22 0.0 111.73 0.0
S055957 357.5607 127.1894 2.1010000000000002e-21 1.456e-21 5.082999999999999e-22 0.0 111.05 0.0
S055958 357.5408 127.1924 4.263e-24 1.543e-23 1.6509999999999999e-22 0.0 109.96 0.0
S055959 357.5844 127.1732 4.621e-22 1.023e-21 3.7390000000000004e-21 0.0 111.12 0.0
S055960 357.5417 127.1829 6.955999999999999e-22 1.591e-21 6.423e-21 0.0 110.27 0.0
S055961 357.499 127.21 3.615e-19 4.54e-19 5.329e-19 0.0 109.9 0.0
S055962 357.7434 127.1889 2.341e-19 3.11e-19 3.972e-19 0.0 111.24 0.0
S055963 357.6122 127.1862 5.364e-19 6.611e-19 7.22e-19 0.0 111.16 0.0
S055964 357.5781 127.092 1.25e-22 3.295e-22 1.768e-21 0.0 110.79 0.0
S055965 357.5065 127.1668 3.228e-21 6.2830000000000004e-21 1.821e-20 0.0 110.13 0.0
S055966 357.4487 127.1736 4.1489999999999998e-22 1.0150000000000001e-21 4.786e-21 0.0 109.93 0.0
S055967 357.5519 127.1938 1.033e-21 2.139e-21 7.307e-21 0.0 110.66 0.0
S055968 357.5156 127.1694 5.427999999999999e-22 1.219e-21 4.742e-21 0.0 110.18 0.0
S055969 357.589 127.2244 1.593e-22 4.1639999999999998e-22 2.229e-21 0.0 110.84 0.0
S055970 357.5295 127.2052 1.054e-24 3.888e-24 4.089e-23 0.0 110.16 0.0
S055971 357.6643 127.2021 3.791e-17 6.599e-17 1.444e-16 0.0 111.28 0.0
S055972 357.5489 127.1879 2.68e-22 6.7969999999999995e-22 3.277e-21 0.0 110.03 0.0
S055973 357.5513 127.1928 2.092e-21 1.48e-21 5.198e-22 0.0 110.49 0.0
S055974 357.5566 127.1734 6.823e-13 5.158e-13 2.02e-13 0.0 110.8 0.0
S055975 357.6211 127.1646 9.58e-24 2.729e-23 1.6919999999999999e-22 0.0 111.29 0.0
S055976 357.56 127.1892 3.56e-18 3.709e-18 2.935e-18 0.0 111.03 0.0
S055977 357.5689 127.1959 5.9890000000000005e-25 2.482e-24 3.487e-23 0.0 110.95 0.0
S055978 357.5128 127.1457 9.972e-18 9.512e-18 6.376e-18 0.0 110.39 0.0
S055979 357.6292 127.1652 7.79e-24 2.237e-23 1.44e-22 0.0 110.98 0.0
S055980 357.6473 127.1846 3.662e-17 3.084e-17 1.596e-17 0.0 110.96 0.0
S055981 357.5561 127.1752 1.883e-18 1.941e-18 1.484e-18 0.0 110.81 0.0
S055982 357.573 127.1568 1.862e-18 1.993e-18 1.695e-18 0.0 110.81 0.0
S055983 357.5374 127.2227 1.714e-19 2.227e-19 2.705e-19 0.0 110.53 0.0
S055984 357.5832 127.1863 1.873e-17 1.64e-17 8.587e-18 0.0 111.0 0.0
S055985 357.5487 127.1879 1.457e-19 2.013e-19 2.93e-19 0.0 110.25 0.0
S055986 357.5745 127.1725 2.18e-19 2.892e-19 3.628e-19 0.0 110.97 0.0
S055987 357.6374 127.198 6.626e-19 8.302e-19 9.386e-19 0.0 111.11 0.0
S055988 357.5573 127.1769 1.2500000000000001e-20 2.129e-20 4.7390000000000004e-20 0.0 110.79 0.0
S055989 357.5528 127.1597 6.447e-17 1.583e-16 7.193e-16 0.0 110.72 1.0
S055990 357.5133 127.2165 1.1559999999999998e-22 2.502e-22 8.864999999999999e-22 0.0 110.02 0.0
S055991 357.5473 127.1732 1.358e-17 2.739e-17 8.267e-17 0.0 110.46 0.0
S055992 357.5224 127.208 3.928e-18 4.003e-18 3.072e-18 0.0 110.0 0.0
S055993 357.5898 127.2138 2.4679999999999996e-22 5.927e-22 2.656e-21 0.0 110.72 0.0
S055994 357.6389 127.0821 1.101e-18 1.177e-18 9.738e-19 0.0 111.02 0.0
S055995 357.5363 127.2539 6.189e-21 1.061e-20 2.3230000000000003e-20 0.0 110.57 0.0
S055996 357.5873 127.1048 3.946e-13 2.809e-13 1.009e-13 0.0 110.58 0.0
S055997 357.6364 127.2334 6.523e-24 2.052e-23 1.6269999999999998e-22 0.0 111.04 0.0
S055998 357.5258 127.1569 2.164e-23 6.269e-23 4.0989999999999994e-22 0.0 110.14 0.0
S055999 357.5569 127.182 2.025e-17 1.735e-17 9.056e-18 0.0 110.82 0.0
S056000 357.6745 127.249 9.194e-18 8.641e-18 5.34e-18 0.0 110.87 0.0
S056001 357.5403 127.1336 6.021e-24 2.0139999999999998e-23 1.785e-22 0.0 110.45 0.0
S056002 357.5673 127.1981 1.393e-19 1.816e-19 2.197e-19 0.0 110.81 0.0
S056003 357.7157 126.9399 2.649e-22 6.5599999999999995e-22 3.061e-21 0.0 111.04 0.0
S056004 357.5526 127.1939 1.432e-23 4.614e-23 3.7679999999999996e-22 0.0 110.53 0.0
S056005 357.6381 127.2017 6.956e-23 1.863e-22 1.04e-21 0.0 111.01 1.0
S056006 357.5497 127.1873 2.854e-23 8.072e-23 4.933999999999999e-22 0.0 109.67 0.0
S056007 357.5038 127.1462 8.011e-21 1.3780000000000002e-20 3.0400000000000004e-20 0.0 110.01 0.0
S056008 357.539 127.1437 4.669e-23 1.2159999999999998e-22 6.6929999999999995e-22 0.0 110.57 0.0
S056009 357.5634 127.1707 1.401e-21 2.928e-21 9.455e-21 0.0 110.94 0.0
S056010 357.5511 127.1892 8.056e-19 9.142e-19 8.872e-19 0.0 110.89 0.0
S056011 357.5471 127.1868 1.712e-21 1.234e-21 4.631e-22 0.0 110.14 0.0
S056012 357.5666 127.1914 2.361e-13 1.592e-13 5.422e-14 0.0 110.92 0.0
S056013 357.5549 127.1691 1.875e-21 1.3180000000000001e-21 4.786999999999999e-22 0.0 110.69 0.0
S056014 357.5153 127.2014 1.558e-21 3.188e-21 1.0620000000000001e-20 0.0 109.91 0.0
S056015 357.4721 127.1505 2.007e-21 1.39e-21 4.882e-22 0.0 110.08 0.0
S056016 357.4613 127.1654 7.255999999999999e-22 1.619e-21 6.0090000000000004e-21 0.0 109.93 0.0
S056017 357.5344 127.1789 1.648e-17 3.474e-17 1.207e-16 0.0 110.13 0.0
S056018 357.5443 127.1879 1.216e-21 2.617e-21 9.493e-21 0.0 109.88 0.0
S056019 357.5477 127.195 4.15e-18 4.476e-18 3.702e-18 0.0 110.24 0.0
S056020 357.5239 127.1901 1.21e-19 1.679e-19 2.373e-19 0.0 110.12 0.0
S056021 357.5232 127.1554 1.949e-18 2.153e-18 1.879e-18 0.0 110.28 0.0
S056022 357.5302 127.1905 5.631999999999999e-22 1.292e-21 5.286e-21 0.0 110.07 0.0
S056023 357.5512 127.1634 1.03e-24 4.209e-24 5.558e-23 0.0 110.58 0.0
S056024 357.5964 127.1951 1.151e-17 2.692e-17 1.18e-16 0.0 111.06 0.0
S056025 357.5683 127.12 5.584e-22 1.292e-21 5.35e-21 0.0 110.68 0.0
S056026 357.5552 127.176 5.957e-18 5.86e-18 3.936e-18 0.0 110.78 0.0
S056027 357.594 127.1838 4.81e-22 1.023e-21 3.604e-21 0.0 111.11 0.0
S056028 357.5482 127.2122 4.665e-20 6.888e-20 1.103e-19 0.0 110.28 0.0
S056029 357.5049 127.1737 1.139e-22 3.0639999999999997e-22 1.743e-21 0.0 110.04 0.0
S056030 357.5535 127.1919 1.51e-22 3.928e-22 2.037e-21 0.0 110.71 0.0
S056031 357.5404 127.1081 8.79e-25 3.6419999999999996e-24 5.007e-23 0.0 110.59 0.0
S056032 357.5391 127.198 1.367e-24 5.238e-24 6.038e-23 0.0 110.23 0.0
S056033 357.5982 127.2861 3.7809999999999995e-22 8.072999999999999e-22 2.782e-21 0.0 110.5 0.0
S056034 357.5529 127.1934 2.733e-22 5.491e-22 1.683e-21 0.0 110.59 0.0
S056035 357.5654 127.1724 4.099e-24 1.553e-23 1.8119999999999997e-22 0.0 110.88 0.0
S056036 357.5642 127.1863 1.766e-21 3.639e-21 1.192e-20 0.0 110.91 0.0
S056037 357.5853 127.1908 5.784999999999999e-22 1.31e-21 5.088e-21 0.0 111.18 0.0
S056038 357.5401 127.1726 4.309e-24 1.628e-23 1.7959999999999999e-22 0.0 110.46 0.0
S056039 357.5351 127.1606 6.582999999999999e-22 1.398e-21 4.929e-21 0.0 110.38 0.0
S056040 357.5449 127.1924 4.871e-17 7.114e-17 1.139e-16 0.0 110.08 0.0
S056041 357.6026 127.213 8.5e-23 2.198e-22 1.165e-21 0.0 111.15 0.0
S056042 357.5541 127.186 3.738e-18 7.567e-18 2.351e-17 0.0 111.11 0.0
S056043 357.5403 127.1151 2.431e-18 2.452e-18 1.868e-18 0.0 110.5 0.0
S056044 357.5198 127.2256 1.53e-19 2.121e-19 2.943e-19 0.0 109.99 0.0
S056045 357.5022 127.216 7.965e-18 7.5e-18 4.619e-18 0.0 109.92 0.0
S056046 357.5518 127.1948 8.245e-13 8.546e-13 6.69e-13 0.0 110.52 1.0
S056047 357.5461 127.1798 1.398e-20 2.2970000000000002e-20 4.6900000000000004e-20 0.0 110.32 0.0
S056048 357.5825 127.1965 4.886e-13 3.347e-13 1.115e-13 0.0 111.04 0.0
S056049 357.4333 127.199 1.429e-21 2.86e-21 8.897e-21 0.0 109.75 0.0
S056050 357.5546 127.1793 3.682e-19 4.444e-19 4.75e-19 0.0 110.72 0.0
S056051 357.5356 127.21 2.719e-21 4.847e-21 1.163e-20 0.0 110.35 0.0
S056052 357.5175 127.1588 3.677e-24 1.2139999999999999e-23 1.0669999999999998e-22 0.0 110.24 0.0
S056053 357.5577 127.1865 4.0889999999999997e-22 8.722e-22 3.1710000000000002e-21 0.0 111.0 0.0
S056054 357.5714 127.1913 1.288e-22 3.3319999999999998e-22 1.722e-21 0.0 110.78 0.0
S056055 357.5746 127.1977 4.5549999999999997e-23 1.203e-22 6.525999999999999e-22 0.0 111.02 0.0
S056056 357.5562 127.1845 6.4699999999999995e-22 1.457e-21 5.545e-21 0.0 111.03 0.0
S056057 357.6011 127.2423 3.859e-19 4.598e-19 4.961e-19 0.0 110.56 0.0
S056058 357.5644 127.1936 2.019e-19 2.707e-19 3.665e-19 0.0 110.99 0.0
S056059 357.6402 127.1642 1.964e-22 4.770999999999999e-22 2.092e-21 0.0 111.14 0.0
S056060 357.5596 127.2025 4.093e-19 4.95e-19 5.162e-19 0.0 110.73 0.0
S056061 357.567 127.2188 7.086e-21 1.1780000000000001e-20 2.4000000000000002e-20 0.0 110.65 0.0
S056062 357.5415 127.1742 1.8879999999999998e-22 4.328999999999999e-22 1.745e-21 0.0 110.32 0.0
S056063 357.537 127.1936 3.9519999999999995e-22 9.614e-22 4.367e-21 0.0 110.05 0.0
S056064 357.5549 127.2001 5.551e-19 6.669e-19 6.888e-19 0.0 110.6 0.0
S056065 357.505 127.1613 1.7090000000000002e-21 3.377e-21 9.791e-21 0.0 110.21 0.0
S056066 357.5674 127.1198 2.1789999999999997e-22 5.413999999999999e-22 2.599e-21 0.0 110.7 0.0
S056067 357.4869 127.157 2.184e-18 2.331e-18 1.891e-18 0.0 110.2 0.0
S056068 357.5686 127.2089 1.502e-21 3.086e-21 1.0120000000000001e-20 0.0 110.73 0.0
S056069 357.4139 127.0409 2.229e-21 4.495e-21 1.421e-20 0.0 110.34 0.0
S056070 357.6475 127.1559 6.027e-20 9.004000000000001e-20 1.499e-19 0.0 111.34 0.0
S056071 357.5673 127.1873 2.044e-18 2.098e-18 1.561e-18 0.0 111.0 0.0
S056072 357.551 127.1902 3.299e-17 2.855e-17 1.57e-17 0.0 110.59 0.0
S056073 357.5606 127.1831 4.416e-19 5.376e-19 5.642e-19 0.001 110.91 0.0
S056074 357.5531 127.1926 3.371e-22 8.56e-22 4.3090000000000004e-21 0.0 110.57 0.0
S056075 357.6145 127.1716 2.6380000000000002e-20 4.072e-20 7.090000000000001e-20 0.0 111.12 0.0
S056076 357.5423 127.1331 1.922e-20 3.1310000000000003e-20 6.101000000000001e-20 0.0 110.45 0.0
S056077 357.5461 127.2094 6.267e-22 1.34e-21 4.8210000000000004e-21 0.0 110.36 0.0
S056078 357.5599 127.1874 4.275e-22 9.007999999999998e-22 2.946e-21 0.0 111.0 0.0
S056079 357.4836 127.2173 1.739e-17 1.554e-17 9.053e-18 0.0 110.14 0.0
S056080 357.4648 127.175 2.362e-21 4.653e-21 1.381e-20 0.0 109.82 0.0
S056081 357.4881 127.2427 1.2390000000000002e-20 2.1620000000000002e-20 4.921e-20 0.0 110.14 0.0
S056082 357.6115 127.1926 7.6210000000000005e-25 3.072e-24 4.141e-23 0.0 111.01 0.0
S056083 357.5507 127.1885 3.111e-23 8.479e-23 4.824e-22 0.0 110.22 0.0
S056084 357.5283 127.1815 8.935e-24 2.713e-23 1.993e-22 0.0 110.16 0.0
S056085 357.6268 127.1253 1.39e-18 1.564e-18 1.476e-18 0.0 111.07 0.0
S056086 357.515 127.3948 1.199e-24 4.62e-24 5.426999999999999e-23 0.0 110.43 0.0
S056087 357.5527 127.1861 1.636e-17 1.507e-17 9.596e-18 0.0 110.9 0.0
S056088 357.5825 127.1816 1.214e-19 1.575e-19 1.988e-19 0.0 110.98 0.0
S056089 357.5563 127.1526 9.252e-25 3.93e-24 6.035e-23 0.0 110.75 0.0
S056090 357.5262 127.2088 1.809e-18 2.021e-18 1.788e-18 0.0 110.04 0.0
S056091 357.5454 127.1549 8.651000000000001e-20 1.257e-19 2.014e-19 0.0 110.48 0.0
S056092 357.5582 127.1637 5.111e-19 6.077e-19 6.547e-19 0.0 110.63 0.0
S056093 357.5765 127.1751 2.613e-17 2.364e-17 1.419e-17 0.0 110.85 0.0
S056094 357.5066 127.211 5.279e-17 4.427e-17 2.253e-17 0.0 109.92 0.0
S056095 357.5597 127.2003 1.265e-19 1.648e-19 2.001e-19 0.0 110.64 0.0
S056096 357.5265 127.1647 3.6489999999999996e-22 7.424e-22 2.379e-21 0.0 110.3 0.0
S056097 357.5607 127.162 3.163e-22 7.847999999999999e-22 3.7e-21 0.0 110.73 0.0
S056098 357.5445 127.1648 3.617e-18 3.585e-18 2.479e-18 0.0 110.43 0.0
S056099 357.5572 127.1941 4.557e-13 4.528e-13 3.293e-13 0.0 110.59 1.0
S056100 357.5299 127.1727 3.257e-18 3.453e-18 2.739e-18 0.0 110.36 0.0
S056101 357.5198 127.1377 1.371e-21 2.833e-21 9.108e-21 0.0 110.45 0.0
S056102 357.5424 127.191 1.953e-16 1.557e-16 6.932e-17 0.0 110.21 1.0
S056103 357.5714 127.1745 3.801e-21 7.021e-21 1.797e-20 0.0 110.98 0.0
S056104 357.586 127.1889 3.203e-20 4.9740000000000003e-20 8.944e-20 0.0 111.18 0.0
S056105 357.5493 127.1837 1.391e-16 1.094e-16 4.885e-17 0.0 110.46 1.0
S056106 357.5192 127.1713 1.483e-21 3.014e-21 9.303e-21 0.0 110.23 0.0
S056107 357.5887 127.1941 7.523e-23 1.901e-22 9.339999999999999e-22 0.0 111.05 0.0
S056108 357.5278 127.1854 1.0220000000000001e-20 1.6710000000000003e-20 3.2940000000000005e-20 0.0 110.02 0.0
S056109 357.5458 127.2086 6.052e-19 6.95e-19 6.649e-19 0.0 110.29 0.0
S056110 357.5676 127.189 4.415e-17 8.446e-17 2.403e-16 0.0 111.0 0.0
S056111 357.5649 127.2029 3.722e-23 1.1679999999999999e-22 9.244999999999998e-22 0.0 110.93 0.0
S056112 357.5291 127.194 3.47e-21 6.428e-21 1.722e-20 0.0 110.35 0.0
S056113 357.5376 127.1669 1.825e-21 1.283e-21 4.601e-22 0.0 110.32 0.0
S056114 357.5765 127.2013 6.703e-13 4.891e-13 1.888e-13 0.001 110.84 0.0
S056115 357.5542 127.2011 4.217e-21 8.046e-21 2.111e-20 0.0 110.78 0.0
S056116 357.5368 127.1987 9.832000000000001e-21 1.7340000000000002e-20 3.9510000000000004e-20 0.0 110.33 0.0
S056117 357.5513 127.1636 3.446e-17 2.959e-17 1.58e-17 0.0 110.53 0.0
S056118 357.5377 127.2107 9.565000000000001e-20 1.33e-19 1.864e-19 0.0 110.42 0.0
S056119 357.5585 127.2002 5.156e-18 5.115e-18 3.626e-18 0.0 110.73 0.0
S056120 357.5529 127.2305 2.333e-13 2.867e-13 3.189e-13 0.0 110.48 0.0
S056121 357.5136 127.1826 1.2140000000000001e-20 2.1480000000000002e-20 4.927e-20 0.0 110.14 0.0
S056122 357.5454 127.171 9.045e-21 1.56e-20 3.4890000000000004e-20 0.0 110.46 0.0
S056123 357.5374 127.1714 1.874e-17 1.684e-17 9.796e-18 0.0 110.35 0.0
S056124 357.5441 127.2138 4.497e-19 5.596e-19 6.286e-19 0.0 110.4 0.0
S056125 357.5498 127.1752 1.417e-23 4.065e-23 2.6399999999999997e-22 0.0 110.78 0.0
S056126 357.5564 127.1824 1.199e-22 3.186e-22 1.711e-21 0.0 110.71 0.0
S056127 357.5511 127.1839 2.3179999999999998e-23 6.654999999999999e-23 4.4349999999999995e-22 0.0 110.86 0.0
S056128 357.5675 127.1396 8.61e-21 1.48e-20 3.2550000000000003e-20 0.0 110.68 0.0
S056129 357.5137 127.1952 2.734e-13 1.899e-13 6.737e-14 0.0 109.95 0.0
S056130 357.5361 127.1668 5.937000000000001e-20 8.692000000000001e-20 1.358e-19 0.0 110.58 0.0
S056131 357.5394 127.158 1.292e-22 3.0019999999999996e-22 1.253e-21 0.0 110.59 0.0
S056132 357.5733 127.1827 1.232e-24 4.692e-24 5.409e-23 0.0 111.02 0.0
S056133 357.5268 127.137 1.0090000000000001e-21 2.077e-21 6.973e-21 0.0 110.6 0.0
S056134 357.5792 127.1892 2.168e-18 2.338e-18 2.055e-18 0.0 111.02 0.0
S056135 357.5782 127.2003 1.7340000000000002e-20 2.9700000000000005e-20 6.431000000000001e-20 0.0 110.93 0.0
S056136 357.5782 127.2257 2.152e-21 1.499e-21 5.290999999999999e-22 0.0 110.86 0.0
S056137 357.608 127.2105 3.901e-19 4.72e-19 5.025e-19 0.0 110.89 0.0
S056138 357.5056 127.1857 2.363e-17 5.061e-17 1.802e-16 0.0 109.83 0.0
S056139 357.5702 127.1808 4.913e-20 7.622000000000001e-20 1.334e-19 0.0 111.14 0.0
S056140 357.5929 127.1748 2.198e-21 1.534e-21 5.436e-22 0.0 111.13 0.0
S056141 357.5697 127.2097 2.359e-21 1.616e-21 5.705999999999999e-22 0.0 110.65 0.0
S056142 357.5464 127.1983 4.861e-21 8.308e-21 1.8020000000000003e-20 0.0 110.42 0.0
S056143 357.5593 127.1576 8.862e-20 1.204e-19 1.598e-19 0.0 110.85 0.0
S056144 357.6004 127.2043 8.746e-18 8.323e-18 5.463e-18 0.0 110.96 0.0
S056145 357.5571 127.1874 6.963999999999999e-23 1.9949999999999998e-22 1.322e-21 0.0 110.85 0.0
S056146 357.616 127.2052 6.6400000000000005e-21 1.2620000000000001e-20 3.353e-20 0.0 111.02 0.0
S056147 357.526 127.1927 1.037e-21 2.136e-21 7.154e-21 0.0 110.01 0.0
S056148 357.5665 127.154 3.6680000000000004e-20 5.708000000000001e-20 1.019e-19 0.0 110.77 0.0
S056149 357.5114 127.1885 6.297e-17 5.143e-17 2.602e-17 0.0 109.97 0.0
S056150 357.5686 127.2183 1.14e-15 8.06e-16 2.913e-16 0.0 110.51 0.0
S056151 357.5507 127.1671 2.5130000000000003e-20 3.933e-20 7.41e-20 0.0 110.56 0.0
S056152 357.4842 127.1939 7.215e-13 6.36e-13 3.398e-13 0.0 110.0 1.0
S056153 357.5904 127.1895 2.067e-17 1.831e-17 1.055e-17 0.0 111.29 0.0
S056154 357.5697 127.1982 1.376e-17 1.274e-17 7.816e-18 0.0 110.97 0.0
S056155 357.5741 127.2134 6.880000000000001e-25 2.814e-24 3.97e-23 0.0 110.84 0.0
S056156 357.5942 127.175 4.195e-15 1.436e-14 1.331e-13 0.0 111.23 0.0
S056157 357.626 127.2091 6.11e-21 1.0790000000000001e-20 2.539e-20 0.0 111.0 0.0
S056158 357.576 127.1942 2.779e-20 4.238e-20 7.408000000000001e-20 0.0 110.94 0.0
S056159 357.5538 127.2014 2.02e-25 9.109e-25 1.488e-23 0.0 110.48 0.0
S056160 357.5251 127.1972 6.94e-17 1.104e-16 2.082e-16 0.0 110.05 0.0
S056161 357.5732 127.1869 1.652e-18 1.892e-18 1.798e-18 0.0 111.05 0.0
S056162 357.5363 127.1695 2.267e-19 2.916e-19 3.365e-19 0.0 110.45 0.0
S056163 357.5404 127.1732 1.023e-20 1.7070000000000002e-20 3.5150000000000005e-20 0.0 110.24 0.0
S056164 357.564 127.2288 2.073e-20 3.5440000000000004e-20 7.735e-20 0.0 110.52 0.0
S056165 357.553 127.199 4.93e-19 6.078e-19 6.653e-19 0.0 110.6 0.0
S056166 357.5233 127.1784 1.795e-21 3.648e-21 1.1910000000000001e-20 0.0 110.25 0.0
S056167 357.5203 127.2142 6.737e-23 1.6499999999999998e-22 7.521999999999999e-22 0.0 109.97 0.0
S056168 357.5735 127.2328 2.0690000000000002e-20 3.4000000000000003e-20 6.662000000000001e-20 0.0 110.66 0.0
S056169 357.5267 127.2086 1.882e-18 1.987e-18 1.615e-18 0.0 110.15 0.0
S056170 357.5538 127.2012 2.102e-19 2.6e-19 2.941e-19 0.0 110.54 1.0
S056171 357.5471 127.1749 2.102e-16 1.561e-16 6.168e-17 0.0 110.49 0.0
S056172 357.5339 127.1636 4.315e-21 8.195e-21 2.3000000000000002e-20 0.0 110.32 0.0
S056173 357.5534 127.1863 4.923e-17 4.093e-17 1.997e-17 0.0 110.68 0.0
S056174 357.5165 127.1795 3.06e-17 5.34e-17 1.257e-16 0.0 110.05 0.0
S056175 357.5763 127.2257 5.253e-22 1.139e-21 4.1910000000000004e-21 0.0 110.83 0.0
S056176 357.5188 127.1804 1.45e-21 3.194e-21 1.142e-20 0.0 109.99 0.0
S056177 357.6006 127.1521 1.882e-23 4.936e-23 2.664e-22 0.0 111.22 0.0
S056178 357.5287 127.1879 2.695e-23 8.405e-23 6.763999999999999e-22 0.0 110.0 0.0
S056179 357.561 127.189 3.2180000000000005e-20 4.8410000000000005e-20 8.514e-20 0.0 110.99 0.0
S056180 357.5588 127.1445 5.639e-19 6.892e-19 7.224e-19 0.0 110.81 0.0
S056181 357.5579 127.2001 3.202e-23 9.166e-23 5.884999999999999e-22 0.0 110.81 0.0
S056182 357.5168 127.1971 2.514e-17 4.857e-17 1.378e-16 0.0 109.97 0.0
S056183 357.5092 127.1892 1.131e-16 9.595e-17 4.821e-17 0.0 109.93 0.0
S056184 357.4918 127.1717 1.451e-21 2.97e-21 9.744e-21 0.0 110.37 0.0
S056185 357.5438 127.2129 1.1340000000000001e-21 2.487e-21 9.174e-21 0.0 110.4 0.0
S056186 357.509 127.1934 2.302e-21 1.582e-21 5.6229999999999995e-22 0.0 110.12 0.0
S056187 357.5703 127.2219 2.995e-17 2.612e-17 1.403e-17 0.0 110.53 0.0
S056188 357.5197 127.1957 9.973e-23 2.547e-22 1.277e-21 0.0 110.05 0.0
S056189 357.5206 127.1663 1.782e-21 1.267e-21 4.639999999999999e-22 0.0 110.14 0.0
S056190 357.587 127.1774 3.131e-17 2.617e-17 1.334e-17 0.0 110.94 0.0
S056191 357.5443 127.1862 2.519e-18 2.631e-18 1.97e-18 0.0 110.29 0.0
S056192 357.5409 127.1666 5.3540000000000003e-20 7.877000000000001e-20 1.272e-19 0.0 110.3 0.0
S056193 357.5143 127.1759 1.46e-20 2.408e-20 4.8950000000000006e-20 0.0 110.03 0.0
S056194 357.5585 127.1887 2.319e-20 3.707e-20 7e-20 0.0 110.98 0.0
S056195 357.5167 127.1641 2.068e-18 2.188e-18 1.833e-18 0.0 110.18 0.0
S056196 357.5469 127.1934 4.841e-19 5.889e-19 6.301e-19 0.0 110.16 0.0
S056197 357.5782 127.1703 1.697e-19 2.379e-19 3.5e-19 0.0 110.88 0.0
S056198 357.5382 127.1973 3.356e-21 5.9260000000000004e-21 1.4200000000000002e-20 0.0 109.92 0.0
S056199 357.5377 127.1834 8.319e-29 9.328000000000001e-28 1.074e-25 0.0 110.11 0.0
S056200 357.5211 127.2206 2.344e-21 4.501e-21 1.2590000000000001e-20 0.0 110.23 0.0
S056201 357.5625 127.166 2.761e-17 2.373e-17 1.273e-17 0.0 110.87 0.0
S056202 357.5863 127.169 1.776e-21 3.078e-21 6.861e-21 0.0 111.08 0.0
S056203 357.5351 127.1948 1.269e-18 1.376e-18 1.182e-18 0.0 110.04 0.0
S056204 357.5322 127.2039 4.001e-19 4.823e-19 5.119e-19 0.0 110.16 0.0
S056205 357.5665 127.2086 1.084e-18 1.228e-18 1.125e-18 0.0 110.72 0.0
S056206 357.5612 127.1628 2.427e-22 5.586999999999999e-22 2.221e-21 0.0 110.76 0.0
S056207 357.6131 127.1755 7.418000000000001e-20 1.075e-19 1.647e-19 0.0 110.93 0.0
S056208 357.5798 127.1671 1.55e-17 3.642e-17 1.5e-16 0.0 111.22 0.0
S056209 357.5447 127.1716 3.9650000000000004e-20 6.259e-20 1.103e-19 0.0 110.46 0.0
S056210 357.5404 127.1529 2.409e-18 2.623e-18 2.254e-18 0.0 110.49 0.0
S056211 357.5379 127.1639 8.278e-18 7.988e-18 5.276e-18 0.0 110.31 0.0
S056212 357.515 127.1643 1.174e-15 8.422e-16 3.144e-16 0.0 110.12 1.0
S056213 357.5499 127.1771 2.022e-19 2.831e-19 3.901e-19 0.0 110.69 0.0
S056214 357.5917 127.196 2.435e-22 5.626e-22 2.341e-21 0.0 110.99 0.0
S056215 357.5319 127.1984 2.072e-19 2.75e-19 3.521e-19 0.0 110.1 0.0
S056216 357.5228 127.1556 2.8339999999999997e-22 6.288999999999999e-22 2.439e-21 0.0 110.28 0.0
S056217 357.5356 127.1687 1.5650000000000001e-21 3.19e-21 1.063e-20 0.0 110.13 0.0
S056218 357.5055 127.1995 1.047e-17 1.673e-17 3.1e-17 0.0 109.99 0.0
S056219 357.5126 127.2234 1.0479999999999999e-22 2.6009999999999996e-22 1.216e-21 0.0 110.14 0.0
S056220 357.5545 127.199 4.746e-18 4.895e-18 3.846e-18 0.0 110.51 0.0
S056221 357.5032 127.1843 1.998e-21 1.402e-21 4.950999999999999e-22 0.0 110.09 0.0
S056222 357.5432 127.1627 1.121e-19 1.535e-19 2.2e-19 0.0 110.44 0.0
S056223 357.584 127.1648 7.832e-21 1.4170000000000002e-20 3.497e-20 0.0 111.15 0.0
S056224 357.5308 127.1789 1.322e-18 1.43e-18 1.226e-18 0.0 110.02 0.0
S056225 357.5341 127.1899 1.608e-13 1.058e-13 3.457e-14 0.0 109.97 0.0
S056226 357.5797 127.1839 1.976e-21 1.395e-21 5.024999999999999e-22 0.0 110.99 0.0
S056227 357.5446 127.1911 2.795e-18 2.88e-18 2.136e-18 0.0 110.24 0.0
S056228 357.5455 127.2049 8.734e-23 2.211e-22 1.075e-21 0.0 110.16 0.0
S056229 357.5368 127.2014 1.509e-16 1.21e-16 5.521e-17 0.0 110.01 1.0
S056230 357.4936 127.1834 1.046e-21 1.963e-21 5.2840000000000004e-21 0.0 110.02 0.0
S056231 357.5465 127.1883 1.603e-17 2.261e-17 3.404e-17 0.0 110.31 0.0
S056232 357.5405 127.1699 2.594e-21 1.803e-21 6.050999999999999e-22 0.0 110.48 0.0
S056233 357.5294 127.1906 2.337e-17 2.108e-17 1.275e-17 0.0 110.09 0.0
S056234 357.5929 127.1888 6.414e-17 5.168e-17 2.423e-17 0.0 111.08 0.0
S056235 357.5608 127.2044 1.015e-19 1.347e-19 1.759e-19 0.0 110.68 0.0
S056236 357.5446 127.2078 2.393e-21 1.629e-21 5.617999999999999e-22 0.0 110.42 0.0
S056237 357.5295 127.1773 7.36e-19 8.558e-19 8.411e-19 0.0 110.06 0.0
S056238 357.4933 127.1787 1.649e-17 3.675e-17 1.355e-16 0.001 110.08 0.0
S056239 357.5517 127.2001 2.463e-23 6.879999999999999e-23 4.1919999999999997e-22 0.0 110.51 0.0
S056240 357.5368 127.1646 1.012e-17 9.839e-18 6.855e-18 0.0 110.39 0.0
S056241 357.5451 127.2146 1.698e-19 2.262e-19 3.002e-19 0.0 110.36 0.0
S056242 357.5291 127.2069 9.956e-23 2.552e-22 1.316e-21 0.0 110.17 0.0
S056243 357.5186 127.2042 3.914e-25 1.667e-24 2.4689999999999998e-23 0.0 110.13 0.0
S056244 357.5056 127.2081 1.865e-19 2.46e-19 3.163e-19 0.0 110.0 0.0
S056245 357.6018 127.1851 1.865e-17 1.662e-17 9.819e-18 0.0 111.17 0.0
S056246 357.5594 127.1952 1.4920000000000002e-20 2.4940000000000002e-20 5.225000000000001e-20 0.0 110.97 0.0
S056247 357.5388 127.2038 4.409e-18 4.627e-18 3.728e-18 0.0 110.14 0.0
S056248 357.5616 127.2169 4.733e-22 1.039e-21 3.885e-21 0.0 110.57 0.0
S056249 357.5434 127.2008 4.151e-21 7.717e-21 1.9760000000000002e-20 0.0 110.19 0.0
S056250 357.5488 127.2175 1.507e-19 2.014e-19 2.662e-19 0.0 110.36 0.0
S056251 357.5511 127.1998 7.528e-17 6.221e-17 3.122e-17 0.0 110.51 0.0
S056252 357.5458 127.2058 1.805e-18 1.854e-18 1.424e-18 0.0 110.35 0.0
S056253 357.5623 127.1593 4.9790000000000005e-20 6.925e-20 1.015e-19 0.0 110.81 0.0
S056254 357.5448 127.2025 1.106e-22 3.036e-22 1.779e-21 0.0 110.25 0.0
S056255 357.5445 127.2013 4.45e-20 7.016000000000001e-20 1.276e-19 0.0 110.32 0.0
S056256 357.5407 127.1574 3.37e-21 2.227e-21 7.032999999999999e-22 0.0 110.65 0.0
S056257 357.5517 127.2043 5.243e-18 5.272e-18 3.79e-18 0.0 110.55 0.0
S056258 357.5566 127.2045 2.239e-17 1.957e-17 1.08e-17 0.0 110.63 0.0
S056259 357.5449 127.1788 1.6199999999999998e-22 3.7019999999999997e-22 1.551e-21 0.0 110.57 0.0
S056260 357.5506 127.2001 1.454e-18 1.581e-18 1.366e-18 0.0 110.65 0.0
S056261 357.5556 127.2166 9.139e-18 1.54e-17 3.311e-17 0.0 110.47 0.0
S056262 357.5532 127.1621 5.624e-22 1.2380000000000001e-21 4.542e-21 0.0 110.42 0.0
S056263 357.548 127.2068 9.683e-21 1.6330000000000003e-20 3.5100000000000004e-20 0.0 110.44 0.0
S056264 357.5573 127.2179 2.941e-18 3.092e-18 2.53e-18 0.0 110.68 0.0
S056265 357.5427 127.2122 1.847e-21 1.311e-21 4.684999999999999e-22 0.0 110.38 0.0
S056266 357.5441 127.2096 1.976e-24 7.204e-24 7.451999999999999e-23 0.0 110.5 0.0
S056267 357.5586 127.2084 1.123e-18 1.267e-18 1.191e-18 0.0 110.55 0.0
S056268 357.5559 127.1543 4.796e-20 7.192e-20 1.174e-19 0.0 110.56 0.0
S056269 357.5637 127.1649 4.659e-17 3.701e-17 1.74e-17 0.0 111.04 0.0
S056270 357.5478 127.2099 8.448e-13 7.178e-13 3.847e-13 0.0 110.5 1.0
S056271 357.5609 127.218 1.512e-18 1.677e-18 1.46e-18 0.0 110.42 1.0
S056272 357.5471 127.1561 5.109e-18 5.604e-18 4.796e-18 0.001 110.67 0.0
S056273 357.5504 127.2185 5.509e-19 6.174e-19 5.529e-19 0.0 110.39 0.0
S056274 357.5489 127.2135 1.1240000000000001e-20 1.888e-20 3.968e-20 0.0 110.52 0.0
S056275 357.5493 127.1638 4.07e-21 7.871000000000001e-21 2.1920000000000003e-20 0.0 110.66 0.0
S056276 357.5506 127.156 1.174e-24 4.528e-24 5.371999999999999e-23 0.0 110.6 0.0
S056277 357.5434 127.1498 6.464999999999999e-22 1.52e-21 6.495e-21 0.0 110.53 0.0
S056278 357.5477 127.1573 4.292e-22 8.592999999999998e-22 2.573e-21 0.0 110.54 0.0
S056279 357.5545 127.2189 1.479e-21 3.055e-21 1.0150000000000001e-20 0.0 110.44 0.0
S056280 357.5496 127.2208 1.07e-17 1.549e-17 2.381e-17 0.0 110.37 0.0
S056281 357.5488 127.1664 2.691e-24 9.623999999999999e-24 9.811e-23 0.0 110.67 0.0
S056282 357.5484 127.1651 1.997e-18 2.094e-18 1.696e-18 0.0 110.51 0.0
S056283 357.5543 127.1525 9.996999999999999e-23 2.295e-22 9.059e-22 0.0 110.48 0.0
S056284 357.561 127.2182 8.273e-24 2.6019999999999998e-23 1.9839999999999998e-22 0.0 110.74 0.0
S056285 357.5539 127.2122 6.716e-17 5.494e-17 2.717e-17 0.0 110.43 0.0
S056286 357.5382 127.1665 2.2680000000000003e-20 3.464e-20 6.044e-20 0.0 110.49 0.0
S056287 357.5465 127.2195 1.136e-12 9.436e-13 4.554e-13 0.0 110.23 1.0
S056288 357.5458 127.1948 2.099e-21 1.479e-21 5.213e-22 0.001 110.41 0.0
S056289 357.5393 127.218 6.648e-17 1.029e-16 1.796e-16 0.0 110.43 0.0
S056290 357.5584 127.1561 7.287e-17 6.042e-17 2.941e-17 0.0 110.76 0.0
S056291 357.5464 127.2126 8.717e-18 1.671e-17 4.612e-17 0.001 110.28 0.0
S056292 357.5402 127.205 3.3380000000000002e-21 6.278e-21 1.619e-20 0.0 110.39 0.0
S056293 357.5472 127.2138 3.9220000000000006e-20 5.919000000000001e-20 9.797000000000001e-20 0.0 110.65 0.0
S056294 357.5464 127.1674 6.195e-18 6.297e-18 4.656e-18 0.0 110.33 0.0
S056295 357.5486 127.1667 2.237e-13 2.989e-13 3.84e-13 0.0 110.59 0.0
S056296 357.5445 127.1611 3.625e-17 3.036e-17 1.55e-17 0.0 110.47 0.0
S056297 357.5604 127.1616 2.609e-21 1.796e-21 6.092999999999999e-22 0.0 110.86 0.0
S056298 357.5442 127.2277 6.929e-17 9.497e-17 1.363e-16 0.0 110.48 0.0
S056299 357.5442 127.2144 4.923e-23 1.2299999999999998e-22 6.179999999999999e-22 0.0 110.49 0.0
S056300 357.5531 127.2185 1.44e-18 1.618e-18 1.472e-18 0.0 110.46 0.0
S056301 357.5649 127.1685 1.7930000000000002e-20 2.862e-20 5.577000000000001e-20 0.0 110.99 0.0
S056302 357.5609 127.1615 2.573e-17 3.406e-17 4.301e-17 0.0 110.77 0.0
S056303 357.5566 127.2116 3.471e-17 3.087e-17 1.722e-17 0.0 110.69 0.0
S056304 357.5541 127.1668 6.583e-21 1.147e-20 2.6720000000000003e-20 0.0 110.78 0.0
S056305 357.5456 127.1537 1.124e-18 1.283e-18 1.202e-18 0.0 110.61 0.0
S056306 357.5596 127.2198 3.1650000000000003e-20 4.9730000000000004e-20 9.178e-20 0.0 110.46 0.0
S056307 357.5543 127.1537 3.104e-20 4.7980000000000006e-20 8.415000000000001e-20 0.0 110.64 0.0
S056308 357.5469 127.1648 5.728e-20 8.649e-20 1.482e-19 0.0 110.34 0.0
S056309 357.5529 127.2091 9.024e-19 1.024e-18 9.483e-19 0.0 110.6 0.0
S056310 357.5532 127.228 3.896e-17 3.316e-17 1.72e-17 0.0 110.62 0.0
S056311 357.5586 127.1582 1.132e-20 1.9200000000000002e-20 3.9980000000000006e-20 0.0 110.77 0.0
S056312 357.5467 127.1576 1.123e-18 1.249e-18 1.115e-18 0.0 110.74 0.0
S056313 357.5491 127.1541 1.254e-19 1.715e-19 2.285e-19 0.0 110.58 0.0
S056314 357.5645 127.1983 3.684e-21 6.761e-21 1.7760000000000002e-20 0.0 110.81 0.0
S056315 357.5615 127.1533 1.543e-19 2.033e-19 2.62e-19 0.0 110.67 0.0
S056316 357.5459 127.2159 2.637e-22 6e-22 2.449e-21 0.0 110.44 0.0
S056317 357.5611 127.2189 5.228e-19 5.864e-19 5.54e-19 0.0 110.58 0.0
S056318 357.5564 127.2088 1.4189999999999998e-22 3.6479999999999995e-22 1.82e-21 0.0 110.54 0.0
S056319 357.5511 127.2133 7.508e-20 1.123e-19 1.823e-19 0.0 110.47 0.0
S056320 357.5572 127.1518 2.355e-18 2.407e-18 1.77e-18 0.0 110.62 0.0
S056321 357.5581 127.149 2.896e-18 3.101e-18 2.602e-18 0.0 110.8 0.0
S056322 357.5612 127.2049 9.299e-22 2.038e-21 7.598e-21 0.0 110.66 0.0
S056323 357.5387 127.2248 6.369e-19 7.473e-19 7.543e-19 0.0 110.41 0.0
S056324 357.5498 127.22 8.796e-24 2.827e-23 2.288e-22 0.001 110.47 0.0
S056325 357.5427 127.2138 2.3090000000000003e-20 4.016e-20 8.901000000000001e-20 0.0 110.4 0.0
S056326 357.5452 127.1615 3.084e-21 2.108e-21 6.927999999999999e-22 0.0 110.52 0.0
S056327 357.5583 127.152 1.407e-24 5.16e-24 5.504e-23 0.0 110.68 0.0
S056328 357.5471 127.1618 2.193e-19 2.872e-19 3.517e-19 0.0 110.57 0.0
S056329 357.5603 127.2137 6.981e-25 2.963e-24 4.29e-23 0.0 110.55 0.0
S056330 357.546 127.1613 1.493e-17 1.397e-17 8.637e-18 0.0 110.6 0.0
S056331 357.5584 127.2264 1.69e-20 2.786e-20 5.671000000000001e-20 0.0 110.42 0.0
S056332 357.5394 127.1397 4.0409999999999996e-23 1.1569999999999999e-22 7.143e-22 0.0 110.62 0.0
S056333 357.5532 127.1605 1.541e-17 3.117e-17 9.615e-17 0.0 110.66 0.0
S056334 357.5446 127.1435 9.623000000000001e-20 1.276e-19 1.696e-19 0.001 110.69 0.0
S056335 357.5491 127.1612 4.05e-23 1.0119999999999999e-22 4.9249999999999995e-22 0.0 110.51 0.0
S056336 357.5542 127.2233 5.789e-24 1.9799999999999998e-23 1.875e-22 0.0 110.36 0.0
S056337 357.5622 127.2178 2.84e-21 5.6650000000000004e-21 1.698e-20 0.0 110.72 0.0
S056338 357.5575 127.2135 4.396e-23 1.0459999999999999e-22 4.522999999999999e-22 0.0 110.72 0.0
S056339 357.533 127.149 4.029e-18 4.234e-18 3.419e-18 0.0 110.43 0.0
S056340 357.5556 127.1612 7.005e-19 8.672e-19 9.802e-19 0.0 110.71 0.0
S056341 357.5502 127.1569 1.099e-17 1.764e-17 3.311e-17 0.0 110.71 0.0
S056342 357.5602 127.2368 5.662e-21 1.0670000000000001e-20 2.783e-20 0.0 110.57 0.0
S056343 357.5535 127.1397 5.322e-23 1.474e-22 9.112e-22 0.0 110.63 0.0
S056344 357.5558 127.2263 3.975e-19 4.888e-19 5.549e-19 0.0 110.72 0.0
S056345 357.5596 127.2336 2.74e-22 6.829e-22 3.299e-21 0.0 110.59 0.0
S056346 357.5443 127.1659 5.058e-18 5.115e-18 3.73e-18 0.0 110.45 0.0
S056347 357.5533 127.1545 7.909e-17 6.394e-17 3.026e-17 0.0 110.64 0.0
S056348 357.5545 127.2224 2.491e-17 4.018e-17 8.056e-17 0.0 110.35 0.0
S056349 357.5464 127.1544 3.21e-20 5.025000000000001e-20 9.306000000000001e-20 0.0 110.64 0.0
S056350 357.5443 127.1528 3.126e-19 3.898e-19 4.474e-19 0.0 110.5 0.0
S056351 357.5557 127.1501 8.012999999999999e-22 1.746e-21 6.392e-21 0.0 110.63 0.0
S056352 357.5551 127.2276 2.914e-17 4.455e-17 7.645e-17 0.0 110.41 0.0
S056353 357.5559 127.1462 1.455e-18 1.639e-18 1.567e-18 0.0 110.84 0.0
S056354 357.5561 127.2254 1.826e-17 1.59e-17 8.62e-18 0.0 110.6 0.0
S056355 357.5526 127.1426 5.805e-18 5.449e-18 3.414e-18 0.0 110.53 0.0
S056356 357.5396 127.2193 1.247e-17 1.201e-17 7.934e-18 0.0 110.33 0.0
S056357 357.5533 127.231 2.116e-24 7.423e-24 7.294e-23 0.0 110.41 0.0
S056358 357.5563 127.2371 9.995e-24 2.912e-23 2.0469999999999998e-22 0.0 110.49 0.0
S056359 357.5519 127.1367 1.191e-17 1.973e-17 3.997e-17 0.001 110.8 0.0
S056360 357.5398 127.1501 2.24e-19 2.877e-19 3.481e-19 0.0 110.58 0.0
S056361 357.534 127.1497 3.208e-23 8.292999999999999e-23 4.394e-22 0.0 110.5 0.0
S056362 357.5419 127.2278 2.09e-17 4.006e-17 1.142e-16 0.0 110.57 0.0
S056363 357.548 127.1528 4.2420000000000004e-20 6.601e-20 1.165e-19 0.0 110.57 0.0
S056364 357.5453 127.1393 1.377e-24 4.927e-24 5.216e-23 0.0 110.47 0.0
S056365 357.5446 127.2221 2.201e-19 2.805e-19 3.422e-19 0.0 110.32 0.0
S056366 357.5463 127.2362 1.0120000000000001e-20 1.719e-20 3.5440000000000004e-20 0.0 110.55 0.0
S056367 357.5576 127.2206 2.419e-21 1.673e-21 5.784999999999999e-22 0.0 110.66 0.0
S056368 357.5514 127.1548 1.35e-21 2.679e-21 8.128e-21 0.0 110.63 0.0
S056369 357.5539 127.1565 1.254e-21 2.455e-21 7.115e-21 0.0 110.64 0.0
S056370 357.55 127.2339 5.232e-19 6.413e-19 6.809e-19 0.0 110.55 0.0
S056371 357.5506 127.2222 1.175e-12 8.476e-13 3.314e-13 0.0 110.44 0.0
S056372 357.5435 127.1438 1.992e-21 1.4e-21 5.054999999999999e-22 0.0 110.64 0.0
S056373 357.556 127.152 5.2500000000000004e-20 7.673000000000001e-20 1.25e-19 0.0 110.72 0.0
S056374 357.5384 127.2233 3.439e-19 4.562e-19 5.703e-19 0.0 110.29 0.0
S056375 357.5533 127.1456 2.231e-19 2.982e-19 3.985e-19 0.0 110.85 0.0
S056376 357.5411 127.1478 2.6069999999999998e-23 7.216e-23 4.2059999999999996e-22 0.0 110.66 0.0
S056377 357.5535 127.1396 4.845e-16 3.643e-16 1.468e-16 0.0 110.72 0.0
S056378 357.5423 127.1447 5.346e-19 6.503e-19 7.143e-19 0.0 110.48 0.0
S056379 357.5515 127.2258 1.6e-22 3.711e-22 1.5320000000000001e-21 0.0 110.59 0.0
S056380 357.5518 127.1383 9.333e-19 1.071e-18 1.038e-18 0.0 110.65 0.0
S056381 357.54 127.1532 3.244e-18 3.227e-18 2.405e-18 0.0 110.52 0.0
S056382 357.5502 127.1462 3.0170000000000002e-21 5.9980000000000004e-21 1.749e-20 0.0 110.64 0.0
S056383 357.557 127.2416 2.563e-24 9.603e-24 1.0349999999999999e-22 0.0 110.42 0.0
S056384 357.5429 127.1353 6.128e-13 4.331e-13 1.594e-13 0.0 110.65 0.0
S056385 357.5553 127.2263 1.0010000000000002e-20 1.6710000000000003e-20 3.582e-20 0.0 110.53 0.0
S056386 357.5552 127.1411 5.105e-22 1.093e-21 3.9170000000000004e-21 0.0 110.53 0.0
S056387 357.5523 127.226 4.8180000000000007e-20 7.042e-20 1.124e-19 0.0 110.5 0.0
S056388 357.555 127.1471 3.995e-21 7.213e-21 1.812e-20 0.0 110.66 0.0
S056389 357.5529 127.2124 1.976e-21 3.511e-21 8.358000000000001e-21 0.0 110.66 0.0
S056390 357.5507 127.2278 1.596e-17 1.478e-17 8.936e-18 0.0 110.51 0.0
S056391 357.5554 127.2411 2.1269999999999997e-22 4.848999999999999e-22 1.962e-21 0.0 110.33 0.0
S056392 357.5559 127.1441 4.477999999999999e-22 1.054e-21 4.398e-21 0.0 110.62 0.0
S056393 357.5495 127.2336 1.325e-17 2.602e-17 7.523e-17 0.0 110.62 0.0
S056394 357.5509 127.1466 2.14e-19 2.679e-19 3.068e-19 0.0 110.62 0.0
S056395 357.5483 127.241 6.21e-19 7.526e-19 8.117e-19 0.0 110.41 0.0
S056396 357.5454 127.1353 2.118e-17 4.222e-17 1.301e-16 0.0 110.65 0.0
S056397 357.5406 127.2193 2.165e-19 2.695e-19 3.067e-19 0.0 110.29 0.0
S056398 357.5605 127.2217 1.007e-17 2.07e-17 6.601e-17 0.0 110.5 0.0
S056399 357.5441 127.2371 2.923e-25 1.23e-24 1.773e-23 0.0 110.53 0.0
S056400 357.5619 127.224 1.921e-21 1.3480000000000001e-21 4.859999999999999e-22 0.0 110.59 0.0
S056401 357.5432 127.1444 1.901e-20 3.36e-20 7.846000000000001e-20 0.0 110.45 0.0
S056402 357.5522 127.1356 1.686e-21 1.218e-21 4.615e-22 0.0 110.7 0.0
S056403 357.5562 127.1446 7.119e-21 1.2710000000000001e-20 3.021e-20 0.0 110.7 0.0
S056404 357.5615 127.2364 8.249e-21 1.4330000000000003e-20 3.29e-20 0.0 110.69 0.0
S056405 357.5481 127.1434 2.038e-19 2.8e-19 3.81e-19 0.0 110.65 0.0
S056406 357.5622 127.2514 1.578e-17 1.41e-17 8.069e-18 0.0 110.75 0.0
S056407 357.5554 127.2361 3.926e-20 6.181000000000001e-20 1.166e-19 0.0 110.56 0.0
S056408 357.5576 127.2391 2.511e-21 1.716e-21 5.943999999999999e-22 0.0 110.65 0.0
S056409 357.5444 127.14 9.403e-18 1.57e-17 3.394e-17 0.0 110.58 0.0
S056410 357.5526 127.1452 6.274e-23 1.4499999999999998e-22 5.806e-22 0.0 110.96 0.0
S056411 357.5473 127.1406 3.505e-17 5.438e-17 9.857e-17 0.0 110.62 0.0
S056412 357.5608 127.2478 1.091e-18 1.252e-18 1.238e-18 0.0 110.43 0.0
S056413 357.5397 127.235 2.137e-18 2.261e-18 1.795e-18 0.0 110.22 0.0
S056414 357.554 127.2465 1.987e-17 1.832e-17 1.154e-17 0.0 110.3 0.0
S056415 357.5509 127.2412 9.343999999999999e-23 2.5e-22 1.357e-21 0.0 110.59 0.0
S056416 357.5438 127.1295 2.12e-21 1.49e-21 5.198e-22 0.0 110.45 0.0
S056417 357.554 127.236 5.144999999999999e-22 1.168e-21 4.57e-21 0.0 110.47 0.0
S056418 357.5518 127.148 1.8370000000000003e-20 3.03e-20 6.339e-20 0.0 110.52 0.0
S056419 357.5599 127.24 1.123e-17 1.018e-17 6.065e-18 0.0 110.77 0.0
S056420 357.5468 127.2364 1.921e-19 2.485e-19 3.058e-19 0.0 110.43 0.0
S056421 357.5604 127.2289 4.092e-19 5.258e-19 6.116e-19 0.0 110.63 0.0
S056422 357.5474 127.2365 1.474e-21 1.077e-21 3.9599999999999995e-22 0.0 110.51 0.0
S056423 357.5485 127.1195 3.015e-22 6.686999999999999e-22 2.501e-21 0.0 110.74 0.0
S056424 357.5702 127.2407 5.335e-23 1.5189999999999997e-22 9.457999999999999e-22 0.001 110.64 0.0
S056425 357.5535 127.1333 1.674e-17 3.174e-17 8.566e-17 0.0 110.65 0.0
S056426 357.5569 127.2315 4.0320000000000006e-20 5.951000000000001e-20 9.485000000000001e-20 0.0 110.46 0.0
S056427 357.5495 127.132 1.596e-18 1.746e-18 1.565e-18 0.0 110.75 0.0
S056428 357.5414 127.1204 5.158e-17 9.292e-17 2.316e-16 0.0 110.52 0.0
S056429 357.563 127.2378 9.902000000000001e-21 1.6610000000000003e-20 3.3150000000000005e-20 0.0 110.53 0.0
S056430 357.5469 127.1229 3.509e-17 6.433e-17 1.646e-16 0.0 110.52 0.0
S056431 357.5461 127.256 1.069e-21 2.328e-21 8.345000000000001e-21 0.0 110.47 0.0
S056432 357.5477 127.2525 6.899e-18 6.428e-18 4.023e-18 0.0 110.38 0.0
S056433 357.5497 127.2409 3.369e-19 4.163e-19 4.742e-19 0.001 110.53 0.0
S056434 357.5514 127.2374 2.247e-21 3.995e-21 9.553e-21 0.0 110.49 0.0
S056435 357.5472 127.1231 2.417e-16 1.83e-16 7.698e-17 0.0 110.69 1.0
S056436 357.5542 127.233 6.249e-21 1.1480000000000001e-20 2.9e-20 0.0 110.49 0.0
S056437 357.5595 127.2441 9.977e-22 2.083e-21 6.984e-21 0.0 110.55 0.0
S056438 357.5441 127.1255 3.435e-18 3.571e-18 2.843e-18 0.0 110.66 0.0
S056439 357.5536 127.2467 3.2050000000000005e-20 4.948e-20 8.709000000000001e-20 0.0 110.34 0.0
S056440 357.5493 127.2344 1.4470000000000002e-20 2.3510000000000003e-20 4.5640000000000006e-20 0.0 110.45 0.0
S056441 357.5502 127.1237 2.54e-21 1.749e-21 5.966e-22 0.0 110.57 0.0
S056442 357.5556 127.244 1.8849999999999999e-22 4.584e-22 2.213e-21 0.0 110.62 0.0
S056443 357.5534 127.2422 2.712e-17 5.473e-17 1.63e-16 0.0 110.51 0.0
S056444 357.5428 127.2411 1.489e-21 1.099e-21 4.26e-22 0.0 110.41 0.0
S056445 357.5573 127.2471 9.341e-19 1.087e-18 1.063e-18 0.0 110.38 0.0
S056446 357.5468 127.1274 5.3400000000000003e-20 8.046e-20 1.407e-19 0.0 110.58 0.0
S056447 357.5465 127.2415 9.623000000000001e-20 1.417e-19 2.299e-19 0.0 110.35 0.0
S056448 357.5531 127.2589 3.8280000000000003e-20 5.557e-20 8.763000000000001e-20 0.0 110.61 0.0
S056449 357.5557 127.2462 9.822e-13 7.977e-13 3.713e-13 0.0 110.41 1.0
S056450 357.5568 127.1334 9.617e-23 2.627e-22 1.501e-21 0.0 110.61 0.0
S056451 357.5382 127.1095 1.0849999999999998e-22 2.5219999999999998e-22 1.082e-21 0.0 110.59 0.0
S056452 357.5443 127.2585 2.487e-22 5.916999999999999e-22 2.644e-21 0.0 110.3 0.0
S056453 357.5559 127.1133 7.889e-20 1.12e-19 1.668e-19 0.0 110.61 0.0
S056454 357.552 127.2471 1.247e-18 1.257e-18 9.5e-19 0.0 110.44 0.0
S056455 357.5424 127.2583 6.078e-17 1.261e-16 4.065e-16 0.0 110.54 1.0
S056456 357.536 127.1295 2.515e-17 2.158e-17 1.132e-17 0.0 110.59 0.0
S056457 357.5524 127.117 4.261e-21 7.848e-21 2.0470000000000003e-20 0.0 110.85 0.0
S056458 357.567 127.246 4.0099999999999994e-22 8.514e-22 2.855e-21 0.0 110.57 0.0
S056459 357.5432 127.2581 3.5529999999999996e-22 8.958999999999999e-22 4.3450000000000004e-21 0.0 110.46 0.0
S056460 357.5431 127.1252 2.093e-21 1.453e-21 5.125e-22 0.0 110.71 0.0
S056461 357.5548 127.2477 1.403e-16 1.144e-16 5.532e-17 0.001 110.62 0.0
S056462 357.5551 127.2401 1.1260000000000001e-20 1.9470000000000003e-20 4.2760000000000004e-20 0.0 110.58 0.0
S056463 357.5481 127.1098 5.152e-21 9.257e-21 2.226e-20 0.0 110.74 0.0
S056464 357.5355 127.1345 1.0179999999999999e-22 2.5569999999999996e-22 1.237e-21 0.0 110.67 0.0
S056465 357.5437 127.1334 5.643e-13 5.516e-13 3.864e-13 0.0 110.44 1.0
S056466 357.5486 127.1306 3.344e-17 3.046e-17 1.8e-17 0.0 110.54 0.0
S056467 357.5405 127.1207 5.92e-19 6.835e-19 6.66e-19 0.0 110.4 0.0
S056468 357.5446 127.1162 4.969e-20 7.237e-20 1.114e-19 0.0 110.6 0.0
S056469 357.5562 127.2637 2.298e-21 1.593e-21 5.464e-22 0.0 110.38 0.0
S056470 357.5543 127.1285 1.209e-18 1.357e-18 1.188e-18 0.0 110.6 0.0
S056471 357.5396 127.1249 6.356e-17 1.552e-16 7.201e-16 0.0 110.32 1.0
S056472 357.5549 127.1115 3.422e-19 4.239e-19 4.739e-19 0.0 110.81 0.0
S056473 357.5554 127.111 5.1120000000000003e-20 7.532000000000001e-20 1.197e-19 0.0 110.72 0.0
S056474 357.5473 127.2464 4.3250000000000003e-20 6.645e-20 1.188e-19 0.0 110.63 0.0
S056475 357.5562 127.128 4.924e-18 4.849e-18 3.402e-18 0.0 110.81 0.0
S056476 357.5593 127.2468 9.137e-19 1.03e-18 9.466e-19 0.0 110.6 0.0
S056477 357.5446 127.1215 7.16e-20 9.981000000000001e-20 1.448e-19 0.0 110.47 0.0
S056478 357.5413 127.1224 1.3090000000000001e-20 2.3060000000000003e-20 5.4120000000000007e-20 0.0 110.68 0.0
S056479 357.5504 127.1235 1.703e-17 2.541e-17 4.101e-17 0.0 110.76 0.0
S056480 357.5427 127.1221 2.2159999999999997e-22 5.916999999999999e-22 3.262e-21 0.0 110.56 0.0
S056481 357.557 127.2624 1.522e-20 2.343e-20 4.231e-20 0.0 110.48 0.0
S056482 357.5489 127.1354 2.769e-22 6.747999999999999e-22 2.995e-21 0.0 110.51 0.0
S056483 357.5477 127.1186 1.466e-22 3.572e-22 1.6330000000000001e-21 0.0 110.68 0.0
S056484 357.5521 127.1186 8.074e-23 2.1559999999999996e-22 1.161e-21 0.0 110.66 0.0
S056485 357.5489 127.1065 7.815e-17 1.848e-16 8.138e-16 0.0 110.63 1.0
S056486 357.5409 127.1243 1.433e-17 3.052e-17 1.07e-16 0.0 110.56 0.0
S056487 357.5475 127.2642 2.663e-17 7.068e-17 3.86e-16 0.0 110.28 1.0
S056488 357.5604 127.2575 2.855e-17 2.613e-17 1.559e-17 0.0 110.77 0.0
S056489 357.5539 127.1259 8.718e-18 8.238e-18 5.368e-18 0.0 110.55 0.0
S056490 357.5483 127.1189 6.121e-23 1.3559999999999998e-22 5.202999999999999e-22 0.0 110.45 0.0
S056491 357.5473 127.1165 7.574e-18 7.699e-18 5.658e-18 0.0 110.74 0.0
S056492 357.5553 127.2634 1.622e-22 4.259e-22 2.299e-21 0.0 110.37 0.0
S056493 357.5588 127.1251 1.674e-17 1.565e-17 1.01e-17 0.0 110.91 0.0
S056494 357.5419 127.2644 1.747e-18 1.971e-18 1.837e-18 0.0 110.48 0.0
S056495 357.5547 127.1106 1.332e-22 3.2759999999999995e-22 1.594e-21 0.0 110.48 0.0
S056496 357.537 127.2513 2.334e-18 2.569e-18 2.304e-18 0.0 110.32 0.0
S056497 357.5607 127.2679 3.531e-25 1.504e-24 2.215e-23 0.0 110.47 0.0
S056498 357.5594 127.2491 1.105e-23 3.292e-23 2.2839999999999997e-22 0.0 110.52 0.0
S056499 357.5478 127.2627 4.516e-18 4.242e-18 2.709e-18 0.0 110.43 0.0
S056500 357.5533 127.2691 1.919e-26 1.1740000000000001e-25 3.797e-24 0.0 110.47 0.0
S056501 357.5629 127.2646 8.062e-14 5.255e-14 1.602e-14 0.0 110.44 0.0
S056502 357.5495 127.2526 1.414e-17 1.279e-17 7.443e-18 0.0 110.37 0.0
S056503 357.5472 127.2663 2.511e-19 3.274e-19 4.27e-19 0.0 110.23 0.0
S056504 357.5501 127.1083 4.5510000000000005e-20 6.901000000000001e-20 1.185e-19 0.0 110.66 0.0
S056505 357.5536 127.2471 8.768000000000001e-20 1.212e-19 1.719e-19 0.0 110.55 0.0
S056506 357.5516 127.1094 2.19e-18 2.272e-18 1.752e-18 0.0 110.8 0.0
S056507 357.5536 127.1218 2.785e-16 2.122e-16 9.001e-17 0.0 110.56 1.0
S056508 357.5404 127.2668 8.276e-19 9.381e-19 8.934e-19 0.0 110.45 0.0
S056509 357.5533 127.2764 3.343e-18 3.492e-18 2.768e-18 0.0 110.57 0.0
S056510 357.5577 127.2778 9.178e-19 1.054e-18 1.04e-18 0.001 110.39 0.0
S056511 357.5523 127.2717 2.9649999999999996e-22 6.5889999999999995e-22 2.4700000000000002e-21 0.0 110.37 0.0
S056512 357.5423 127.1099 4.132e-17 3.483e-17 1.82e-17 0.0 110.6 0.0
S056513 357.5507 127.1877 5.535e-16 4.07e-16 1.644e-16 0.0 109.2 0.0
S056514 357.5507 127.1875 1.73e-15 1.216e-15 4.517e-16 0.001 109.83 0.0
S056515 357.5508 127.1876 1.284e-16 9.896e-17 4.408e-17 0.0 110.16 0.0
S056516 357.5507 127.1877 7.355e-16 5.494e-16 2.264e-16 0.0 107.58 0.0
S056517 357.5508 127.1877 1.154e-17 1.091e-17 6.947e-18 0.0 108.48 0.0
S056518 357.5506 127.1875 1.584e-15 1.126e-15 4.122e-16 0.0 109.5 0.0
S056519 357.5508 127.1877 9.619e-18 9.568e-18 6.723e-18 0.0 108.93 0.0
S056520 357.5507 127.1877 1.579e-13 1.053e-13 3.403e-14 0.0 108.78 0.0
S056521 357.5509 127.1876 4.549e-16 3.286e-16 1.229e-16 0.0 112.14 0.0
S056522 357.5509 127.1877 1.593e-15 1.138e-15 4.247e-16 0.0 112.43 1.0
S056523 357.5509 127.1874 3.92e-16 3.03e-16 1.277e-16 0.0 111.85 1.0
S056524 357.5508 127.1877 1.365e-16 1.114e-16 5.411e-17 0.0 112.27 0.0
S056525 357.5507 127.1876 9.524e-16 7.056e-16 2.71e-16 0.0 109.75 0.0
S056526 357.551 127.1876 1.914e-15 1.335e-15 4.537e-16 0.0 112.53 0.0
S056527 357.551 127.1876 5.945e-16 4.396e-16 1.681e-16 0.0 112.13 0.0
S056528 357.5508 127.1877 6.312e-18 9.547e-18 1.586e-17 0.0 113.35 0.0
S056529 357.5506 127.1876 8.849e-17 7.404e-17 3.736e-17 0.0 109.24 0.0
S056530 357.5509 127.1877 5.862e-17 5.072e-17 2.655e-17 0.0 112.59 0.0
S056531 357.5509 127.1878 1.375e-17 1.288e-17 8.079e-18 0.0 111.96 0.0
S056532 357.5509 127.1878 3.162e-17 2.708e-17 1.354e-17 0.0 111.07 0.0
S056533 357.5535 127.1109 2.671e-16 1.924e-16 7.482e-17 0.0 110.6 0.0
S056534 357.548 127.2575 2.287e-17 3.982e-17 9.263e-17 0.0 110.44 0.0
S056535 357.5502 127.2672 2.324e-16 1.81e-16 7.697e-17 0.0 110.42 1.0
S056536 357.5516 127.1111 2.381e-17 3.791e-17 7.285e-17 0.0 110.66 0.0
S056537 357.5525 127.2619 8.89e-18 1.573e-17 3.75e-17 0.0 110.39 0.0
S056538 357.5544 127.2608 3.466e-16 2.581e-16 1.017e-16 0.0 110.61 0.0
S056539 357.5472 127.1095 8.277e-16 6.153e-16 2.396e-16 0.0 110.52 0.0
S056540 357.5456 127.1081 7.204e-16 5.304e-16 2.118e-16 0.0 110.67 0.0
S056541 357.5452 127.1037 1.793e-16 5.032e-16 3.102e-15 0.0 110.79 1.0
S056542 357.5423 127.1107 6.275e-18 5.849e-18 3.774e-18 0.0 110.65 0.0
S056543 357.5424 127.1093 5.554e-17 9.741e-17 2.306e-16 0.0 110.77 0.0
S056544 357.561 127.2669 1.158e-17 1.076e-17 6.926e-18 0.001 110.39 0.0
S056545 357.562 127.264 2.271e-15 1.576e-15 5.245e-16 0.0 110.38 0.0
S056546 357.5656 127.2684 1.458e-16 1.168e-16 5.64e-17 0.0 110.56 0.0
S056547 357.533 127.1115 6.772e-16 5.165e-16 2.114e-16 0.0 110.38 1.0
S056548 357.5681 127.2644 4.487e-17 8.886e-17 2.617e-16 0.0 110.67 0.0
S056549 357.5313 127.1071 3.556e-15 2.415e-15 8.294e-16 0.0 110.56 0.0
S056550 357.5285 127.108 3.616e-16 2.737e-16 1.154e-16 0.0 110.75 1.0
S056551 357.5279 127.1108 3.913e-17 3.214e-17 1.629e-17 0.0 110.73 0.0
S056552 357.5239 127.1122 4.875e-17 4.142e-17 2.135e-17 0.0 110.42 0.0
S056553 357.5769 127.2626 5.477e-14 3.624e-14 1.145e-14 0.0 110.58 0.0
S056554 357.5236 127.1087 1.064e-16 8.711e-17 4.298e-17 0.0 110.68 0.0
S056555 357.5819 127.2615 9.182e-15 6.388e-15 2.193e-15 0.0 110.41 0.0
S056556 357.5832 127.2643 1.349e-13 8.969e-14 2.889e-14 0.0 110.61 0.0
S056557 357.5866 127.2619 2.162e-15 1.514e-15 5.316e-16 0.0 110.67 0.0
S056558 357.5862 127.263 4.213e-16 3.196e-16 1.303e-16 0.0 110.53 0.0
S056559 357.587 127.2688 3.782e-16 2.944e-16 1.246e-16 0.0 110.76 1.0
S056560 357.5123 127.1103 4.113e-16 3.313e-16 1.525e-16 0.0 110.5 0.0
S056561 357.5896 127.2648 1.954e-15 1.386e-15 5.061e-16 0.0 110.86 0.0
S056562 357.5929 127.2613 1.916e-15 1.369e-15 5.013e-16 0.0 110.81 0.0
S056563 357.5061 127.1166 2.111e-18 2.29e-18 1.924e-18 0.0 110.62 0.0
S056564 357.5998 127.2594 1.018e-12 8.714e-13 4.697e-13 0.0 110.84 1.0
S056565 357.5005 127.1151 6.242e-16 4.753e-16 2.012e-16 0.0 110.26 0.0
S056566 357.5995 127.2666 3.9e-17 6.451e-17 1.355e-16 0.0 110.6 0.0
S056567 357.4939 127.117 1.996e-18 2.282e-18 2.142e-18 0.0 110.14 0.0
S056568 357.6101 127.2607 9.15e-18 1.404e-17 2.351e-17 0.0 110.74 0.0
S056569 357.4945 127.1171 4.539e-17 3.823e-17 2.018e-17 0.0 110.18 0.0
S056570 357.4926 127.115 4.395e-15 2.962e-15 1.027e-15 0.0 110.37 0.0
S056571 357.484 127.1152 1.515e-21 3.002e-21 9.226e-21 0.0 110.25 0.0
S056572 357.4872 127.1153 1.59e-15 1.129e-15 4.111e-16 0.0 110.17 0.0
S056573 357.4796 127.1173 1.126e-15 8.008e-16 2.953e-16 0.0 110.32 0.0
S056574 357.6206 127.2552 1.878e-16 1.41e-16 5.777e-17 0.0 110.85 0.0
S056575 357.4785 127.1152 1.727e-17 2.874e-17 5.783e-17 0.0 110.64 0.0
S056576 357.4863 127.1197 4.172e-17 3.39e-17 1.666e-17 0.0 110.06 0.0
S056577 357.4747 127.1199 3.517e-16 2.639e-16 1.065e-16 0.0 110.32 0.0
S056578 357.6192 127.2606 1.585e-15 1.057e-15 3.365e-16 0.0 110.63 0.0
S056579 357.6325 127.2509 5.613e-17 4.78e-17 2.465e-17 0.0 111.07 0.0
S056580 357.4726 127.118 7.382e-16 5.41e-16 2.074e-16 0.0 110.16 0.0
S056581 357.473 127.1195 6.041e-16 4.324e-16 1.606e-16 0.0 110.18 0.0
S056582 357.4623 127.1219 3.704e-16 2.746e-16 1.105e-16 0.0 110.14 0.0
S056583 357.466 127.1255 1.868e-17 2.788e-17 4.611e-17 0.0 110.39 0.0
S056584 357.6386 127.253 4.252e-17 1.022e-16 4.544e-16 0.0 110.98 1.0
S056585 357.645 127.2472 1.059e-16 8.873e-17 4.466e-17 0.0 111.01 0.0
S056586 357.4539 127.1311 6.252e-18 1.127e-17 2.821e-17 0.0 110.19 0.0
S056587 357.6484 127.2442 6.902e-18 6.799e-18 4.703e-18 0.0 111.05 0.0
S056588 357.4548 127.1328 8.815e-18 8.486e-18 5.752e-18 0.0 110.09 0.0
S056589 357.6589 127.2425 9.272e-16 6.947e-16 2.702e-16 0.001 110.96 0.0
S056590 357.6542 127.2409 1.505e-17 2.313e-17 4.073e-17 0.0 111.07 0.0
S056591 357.6517 127.2418 8.659e-20 1.262e-19 2.021e-19 0.0 110.71 0.0
S056592 357.4412 127.1393 1.164e-15 8.114e-16 2.855e-16 0.0 110.05 0.0
S056593 357.4345 127.1394 1.428e-19 1.957e-19 2.746e-19 0.0 110.2 0.0
S056594 357.6591 127.2361 2.595e-16 2.018e-16 9.181e-17 0.0 110.95 1.0
S056595 357.4431 127.1414 4.111e-17 3.436e-17 1.713e-17 0.0 110.2 0.0
S056596 357.4259 127.1459 3.739e-17 3.034e-17 1.449e-17 0.0 110.14 0.0
S056597 357.6543 127.2279 4.798e-18 4.993e-18 3.987e-18 0.0 111.11 0.0
S056598 357.6739 127.2275 3.358e-15 2.298e-15 8.048e-16 0.0 110.88 0.0
S056599 357.67 127.225 1.798e-16 1.395e-16 6.115e-17 0.0 111.1 1.0
S056600 357.4382 127.1527 7.644e-15 5.23e-15 1.749e-15 0.0 109.9 0.0
S056601 357.4313 127.155 5.171e-16 3.763e-16 1.449e-16 0.0 110.13 0.0
S056602 357.6782 127.2188 7.578e-17 6.25e-17 3.047e-17 0.0 111.29 0.0
S056603 357.4167 127.1622 1.695e-15 1.131e-15 3.656e-16 0.0 110.21 0.0
S056604 357.4143 127.1608 3.277e-15 2.26e-15 7.837e-16 0.0 109.94 0.0
S056605 357.6839 127.2113 1.636e-17 3.009e-17 7.629e-17 0.0 111.21 0.0
S056606 357.6877 127.207 6.237e-16 4.69e-16 1.937e-16 0.001 111.2 0.0
S056607 357.4136 127.1699 5.263e-13 3.631e-13 1.271e-13 0.0 109.88 0.0
S056608 357.6883 127.2021 1.254e-16 3.143e-16 1.545e-15 0.0 111.33 1.0
S056609 357.6888 127.2012 5.641e-16 4.134e-16 1.581e-16 0.0 111.18 0.0
S056610 357.4106 127.1792 1.855e-15 1.291e-15 4.696e-16 0.0 110.06 0.0
S056611 357.4087 127.1816 1.101e-13 7.291e-14 2.342e-14 0.0 110.0 0.0
S056612 357.6814 127.1915 8.958e-16 6.522e-16 2.575e-16 0.0 111.18 0.0
S056613 357.6824 127.1893 6.072e-16 4.26e-16 1.46e-16 0.0 111.44 0.0
S056614 357.6917 127.1848 7.402e-16 5.476e-16 2.141e-16 0.001 111.34 0.0
S056615 357.6833 127.1835 5.482e-17 1.022e-16 2.63e-16 0.0 111.1 0.0
S056616 357.6913 127.1801 2.323e-16 1.761e-16 7.59e-17 0.0 111.23 1.0
S056617 357.6956 127.1753 3.71e-16 2.708e-16 1.03e-16 0.0 111.29 0.0
S056618 357.6853 127.1732 1.858e-17 1.624e-17 8.813e-18 0.0 111.2 0.0
S056619 357.406 127.2049 6.5e-16 4.761e-16 1.786e-16 0.0 109.98 0.0
S056620 357.4052 127.2108 2.554e-17 2.235e-17 1.294e-17 0.0 109.75 0.0
S056621 357.4179 127.2133 5.263e-16 3.845e-16 1.529e-16 0.0 110.01 0.0
S056622 357.4097 127.2155 1.238e-15 8.922e-16 3.453e-16 0.0 109.91 0.0
S056623 357.4126 127.2193 3.769e-17 3.223e-17 1.732e-17 0.0 109.83 0.0
S056624 357.6995 127.1518 1.981e-15 1.396e-15 4.86e-16 0.0 111.06 0.0
S056625 357.6866 127.1495 3.632e-17 3.018e-17 1.523e-17 0.0 111.34 0.0
S056626 357.4195 127.2289 2.289e-16 1.836e-16 8.239e-17 0.0 109.63 1.0
S056627 357.4064 127.2303 4.509e-18 4.512e-18 3.219e-18 0.0 110.18 0.0
S056628 357.6882 127.1405 5.001e-13 3.623e-13 1.325e-13 0.001 111.25 0.0
S056629 357.4316 127.2376 1.597e-17 1.456e-17 8.587e-18 0.0 109.97 0.0
S056630 357.6767 127.1294 1.378e-16 1.071e-16 4.593e-17 0.0 110.99 1.0
S056631 357.6817 127.1274 2.182e-17 1.922e-17 1.065e-17 0.0 110.96 0.0
S056632 357.4122 127.2538 5.568e-15 3.81e-15 1.26e-15 0.0 109.81 0.0
S056633 357.4266 127.252 3.43e-17 3.029e-17 1.631e-17 0.0 110.07 0.0
S056634 357.6699 127.1212 3.132e-15 2.171e-15 7.343e-16 0.0 111.23 0.0
S056635 357.4321 127.259 2.425e-17 2.094e-17 1.157e-17 0.0 109.96 0.0
S056636 357.6793 127.1034 3.468e-17 7.4e-17 2.619e-16 0.0 111.14 0.0
S056637 357.6679 127.1073 5.447e-14 3.61e-14 1.117e-14 0.0 111.15 0.0
S056638 357.6638 127.0991 1.273e-16 9.834e-17 4.267e-17 0.0 111.13 1.0
S056639 357.4511 127.2761 1.489e-15 1.033e-15 3.551e-16 0.0 110.04 0.0
S056640 357.6594 127.0941 2.861e-16 2.137e-16 8.688e-17 0.0 111.25 1.0
S056641 357.4587 127.2838 1.398e-17 1.353e-17 9.012e-18 0.0 109.97 0.0
S056642 357.6455 127.0943 8.839e-13 6.774e-13 2.828e-13 0.0 111.05 1.0
S056643 357.6488 127.0905 1.429e-17 1.341e-17 8.704e-18 0.0 110.75 0.0
S056644 357.6338 127.0801 8.199e-18 1.498e-17 3.702e-17 0.0 111.09 0.0
S056645 357.6312 127.0811 2.661e-16 2.095e-16 9.537e-17 0.0 111.03 1.0
S056646 357.4743 127.2997 2.623e-15 1.851e-15 6.798e-16 0.0 110.07 0.0
S056647 357.4751 127.292 2.332e-17 2.18e-17 1.399e-17 0.0 110.24 0.0
S056648 357.6193 127.0695 3.726e-17 6.467e-17 1.439e-16 0.0 111.07 0.0
S056649 357.6135 127.0719 2.763e-18 2.972e-18 2.546e-18 0.0 110.91 0.0
S056650 357.6057 127.0698 3.646e-15 2.499e-15 8.336e-16 0.0 110.86 0.0
S056651 357.6005 127.0681 4.166e-13 4.097e-13 2.898e-13 0.0 110.96 1.0
S056652 357.5066 127.3173 1.013e-14 6.953e-15 2.43e-15 0.001 110.15 0.0
S056653 357.5108 127.3075 1.839e-18 1.992e-18 1.747e-18 0.0 110.42 0.0
S056654 357.5206 127.3151 4.212e-16 3.223e-16 1.349e-16 0.0 110.25 1.0
S056655 357.525 127.3177 5.883e-20 9.153000000000001e-20 1.659e-19 0.0 110.34 0.0
S056656 357.5703 127.0507 1.393e-13 9.52e-14 3.161e-14 0.0 110.85 0.0
S056657 357.539 127.3186 3.124e-16 2.462e-16 1.115e-16 0.0 110.36 1.0
S056658 357.5455 127.3098 7.356e-18 1.272e-17 2.817e-17 0.0 110.53 0.0
S056659 357.5479 127.065 2.032e-15 1.413e-15 5.031e-16 0.0 110.58 0.0
S056660 357.5403 127.0658 5.387e-16 3.773e-16 1.348e-16 0.0 110.75 0.0
S056661 357.5332 127.0505 9.217e-17 7.389e-17 3.378e-17 0.0 110.38 0.0
S056662 357.5741 127.3182 2.329e-15 1.588e-15 5.353e-16 0.0 110.47 0.0
S056663 357.5839 127.3248 1.393e-13 9.242e-14 3.073e-14 0.0 110.71 0.0
S056664 357.5099 127.0588 1.245e-17 1.154e-17 7.148e-18 0.0 110.42 0.0
S056665 357.6002 127.317 4.938e-16 3.75e-16 1.575e-16 0.0 110.52 0.0
S056666 357.6103 127.3139 1.666e-13 2.146e-13 2.576e-13 0.0 110.6 0.0
S056667 357.6108 127.3139 2.616e-21 4.923e-21 1.3640000000000003e-20 0.0 110.74 0.0
S056668 357.4858 127.064 4.2e-17 7.076e-17 1.474e-16 0.0 110.25 0.0
S056669 357.4703 127.0775 3.254e-17 4.534e-17 6.279e-17 0.0 110.19 0.0
S056670 357.4596 127.0681 2.469e-17 2.151e-17 1.19e-17 0.0 110.48 0.0
S056671 357.6478 127.308 2.067e-17 4.425e-17 1.499e-16 0.0 110.71 0.0
S056672 357.45 127.0858 5.283e-13 5.755e-13 4.894e-13 0.0 110.3 0.0
S056673 357.6544 127.2942 1.133e-16 9.34e-17 4.708e-17 0.0 110.76 0.0
S056674 357.6643 127.2888 2.3760000000000002e-20 3.9510000000000004e-20 8.248000000000001e-20 0.0 110.82 0.0
S056675 357.4341 127.0905 7.105e-17 5.614e-17 2.542e-17 0.0 110.35 0.0
S056676 357.6856 127.2902 6.282e-17 4.979e-17 2.354e-17 0.0 111.08 0.0
S056677 357.4062 127.1011 4.707e-16 3.529e-16 1.373e-16 0.0 110.09 0.0
S056678 357.6976 127.2771 3.327e-16 2.547e-16 1.09e-16 0.0 111.07 1.0
S056679 357.3981 127.1031 1.149e-16 9.398e-17 4.635e-17 0.0 109.96 0.0
S056680 357.3878 127.1155 7.906e-17 6.194e-17 2.838e-17 0.0 109.99 0.0
S056681 357.7145 127.2503 3.5e-17 2.941e-17 1.457e-17 0.0 111.23 0.0
S056682 357.3752 127.1258 6.265e-18 6.484e-18 4.86e-18 0.0 109.91 0.0
S056683 357.3874 127.1263 1.463e-12 1.128e-12 4.897e-13 0.0 110.14 1.0
S056684 357.7412 127.2392 4.588e-16 3.5e-16 1.461e-16 0.0 111.34 1.0
S056685 357.381 127.1459 1.458e-18 1.597e-18 1.406e-18 0.0 110.14 0.0
S056686 357.3579 127.1538 2.818e-15 1.948e-15 6.823e-16 0.0 109.92 0.0
S056687 357.7519 127.2114 2.936e-16 2.225e-16 9.308e-17 0.0 110.99 1.0
S056688 357.7489 127.2051 2.939e-17 5.092e-17 1.157e-16 0.0 111.07 0.0
S056689 357.3509 127.1753 2.464e-15 1.661e-15 5.723e-16 0.0 109.87 0.0
S056690 357.3591 127.1852 1.292e-15 9.092e-16 3.331e-16 0.0 109.91 0.0
S056691 357.7422 127.1813 9.331e-16 6.827e-16 2.694e-16 0.0 111.37 0.0
S056692 357.5629 127.2679 4.851e-13 3.406e-13 1.2e-13 0.0 110.77 0.0
S056693 357.567 127.2712 8.701e-18 1.696e-17 4.863e-17 0.0 110.64 0.0
S056694 357.5324 127.106 2.088e-16 1.65e-16 7.335e-17 0.0 110.39 1.0
S056695 357.5724 127.2621 2e-17 3.716e-17 1.008e-16 0.0 110.53 1.0
S056696 357.568 127.2519 4.534e-16 3.431e-16 1.413e-16 0.0 110.53 1.0
S056697 357.5728 127.2547 6.332e-19 7.267e-19 7.356e-19 0.001 110.5 0.0
S056698 357.5684 127.2573 4.742e-18 4.706e-18 3.32e-18 0.0 110.77 0.0
S056699 357.5727 127.2619 2.147e-16 1.646e-16 7.119e-17 0.0 110.6 1.0
S056700 357.5286 127.1091 1.052e-17 9.345e-18 5.504e-18 0.0 110.69 0.0
S056701 357.5281 127.1009 1.672e-17 3.203e-17 8.952e-17 0.0 110.41 0.0
S056702 357.5765 127.2544 7.922e-17 6.421e-17 3.127e-17 0.0 110.38 0.0
S056703 357.5789 127.2594 3.954e-18 4.175e-18 3.499e-18 0.0 110.64 0.0
S056704 357.5211 127.1155 1.326e-16 1.033e-16 4.49e-17 0.0 110.35 1.0
S056705 357.5798 127.249 4.671999999999999e-22 1.141e-21 5.281e-21 0.0 110.55 0.0
S056706 357.5233 127.1088 1.846e-16 1.492e-16 7.017e-17 0.0 110.55 0.0
S056707 357.5188 127.1141 2.07e-17 4.314e-17 1.42e-16 0.0 110.41 0.0
S056708 357.5814 127.263 1.87e-18 2.08e-18 1.816e-18 0.0 110.7 0.0
S056709 357.5165 127.1209 4.394e-18 4.702e-18 3.809e-18 0.0 110.47 0.0
S056710 357.521 127.1166 3.423e-16 2.422e-16 8.891e-17 0.0 110.51 0.0
S056711 357.5895 127.2589 2.833e-16 2.121e-16 8.546e-17 0.0 110.67 0.0
S056712 357.5862 127.2642 3.837e-19 4.761e-19 5.205e-19 0.0 110.83 0.0
S056713 357.592 127.2579 1.802e-17 1.662e-17 1.045e-17 0.0 110.77 0.0
S056714 357.5124 127.1151 3.921e-17 9.126e-17 3.965e-16 0.0 110.26 1.0
S056715 357.5924 127.2618 5.0470000000000006e-20 7.714e-20 1.311e-19 0.0 110.72 0.0
S056716 357.5079 127.1137 4.244e-18 7.645e-18 1.835e-17 0.0 110.33 0.0
S056717 357.5043 127.109 3.418e-13 3.724e-13 3.228e-13 0.0 110.27 0.0
S056718 357.5987 127.2568 8.917000000000001e-20 1.324e-19 2.061e-19 0.0 111.0 0.0
S056719 357.5044 127.1241 3.761e-17 5.231e-17 7.118e-17 0.0 110.4 0.0
S056720 357.4976 127.1016 7.207e-15 4.896e-15 1.692e-15 0.0 110.44 0.0
S056721 357.5924 127.2582 2.045e-16 1.564e-16 6.517e-17 0.0 110.74 1.0
S056722 357.5982 127.2585 5.389e-17 4.619e-17 2.509e-17 0.0 110.81 0.0
S056723 357.6012 127.2641 2.443e-17 4.761e-17 1.352e-16 0.0 110.78 0.0
S056724 357.6037 127.2547 1.022e-16 8.423e-17 4.111e-17 0.0 110.86 0.0
S056725 357.497 127.1223 2.484e-19 3.223e-19 3.866e-19 0.0 110.12 0.0
S056726 357.6019 127.259 8.023e-16 5.981e-16 2.403e-16 0.0 110.7 0.0
S056727 357.6042 127.2671 7.497e-17 6.123e-17 2.953e-17 0.0 110.77 0.0
S056728 357.6064 127.2486 1.311e-17 1.228e-17 7.638e-18 0.0 110.7 0.0
S056729 357.49 127.1241 9.079e-14 1.337e-13 2.181e-13 0.0 110.32 0.0
S056730 357.6139 127.2645 3.207e-17 5.939e-17 1.547e-16 0.0 111.03 0.0
S056731 357.4812 127.1266 1.6509999999999999e-22 4.231e-22 2.181e-21 0.0 110.24 0.0
S056732 357.4866 127.1198 2.892e-17 2.642e-17 1.57e-17 0.0 110.36 0.0
S056733 357.4876 127.1189 9.021e-13 6.823e-13 2.806e-13 0.0 110.28 0.0
S056734 357.6145 127.2531 6.063e-14 3.958e-14 1.269e-14 0.0 110.99 0.0
S056735 357.6118 127.2561 6.6e-19 7.61e-19 7.137e-19 0.0 110.66 0.0
S056736 357.481 127.1205 2.557e-17 2.334e-17 1.364e-17 0.0 110.15 0.0
S056737 357.4716 127.1253 2.037e-17 1.667e-17 7.993e-18 0.0 110.05 0.0
S056738 357.6231 127.2621 1.444e-21 2.9930000000000002e-21 9.776e-21 0.0 110.84 0.0
S056739 357.4681 127.1198 7.027e-17 5.788e-17 2.836e-17 0.0 110.1 0.0
S056740 357.4686 127.1189 1.949e-16 1.54e-16 6.989e-17 0.0 110.07 1.0
S056741 357.6312 127.252 2.826e-16 2.091e-16 8.326e-17 0.0 110.68 0.0
S056742 357.6248 127.2707 1.792e-15 1.274e-15 4.767e-16 0.0 111.02 0.0
S056743 357.6328 127.2481 1.069e-17 1.001e-17 6.195e-18 0.0 110.76 0.0
S056744 357.4664 127.1194 2.317e-17 2.185e-17 1.381e-17 0.0 109.99 0.0
S056745 357.6262 127.2373 2.6510000000000003e-20 4.0280000000000003e-20 7.026e-20 0.0 110.97 0.0
S056746 357.6346 127.2471 4.853e-17 4.032e-17 2.084e-17 0.0 110.99 0.0
S056747 357.647 127.249 3.197e-16 2.426e-16 1.002e-16 0.0 110.92 1.0
S056748 357.6392 127.2452 1.724e-17 2.322e-17 3.029e-17 0.0 111.07 0.0
S056749 357.6399 127.2542 2.019e-19 2.598e-19 3.209e-19 0.0 110.92 0.0
S056750 357.4673 127.1335 2.931e-19 3.522e-19 3.642e-19 0.0 110.29 0.0
S056751 357.635 127.248 8.567e-13 6.181e-13 2.242e-13 0.0 111.0 0.0
S056752 357.6508 127.2432 1.032e-21 2.124e-21 6.861e-21 0.0 110.99 0.0
S056753 357.4564 127.133 1.841e-17 3.212e-17 7.193e-17 0.0 110.05 0.0
S056754 357.4478 127.1337 8.555e-19 1.011e-18 1.064e-18 0.0 110.04 0.0
S056755 357.6413 127.2362 1.411e-17 1.248e-17 7.251e-18 0.0 111.13 0.0
S056756 357.4449 127.1358 4.488e-17 7.282e-17 1.418e-16 0.0 109.97 0.0
S056757 357.6459 127.2382 1.727e-19 2.367e-19 3.207e-19 0.0 110.96 0.0
S056758 357.449 127.1356 1.398e-17 1.364e-17 9.042e-18 0.0 110.15 0.0
S056759 357.4394 127.1407 8.71e-18 8.163e-18 5.33e-18 0.0 110.09 0.0
S056760 357.4474 127.135 9.137e-21 1.556e-20 3.402e-20 0.0 110.01 0.0
S056761 357.4482 127.1405 1.561e-19 2.257e-19 3.568e-19 0.0 110.08 0.0
S056762 357.4418 127.147 5.244e-19 5.909e-19 5.567e-19 0.0 109.99 0.0
S056763 357.44 127.1434 6.4490000000000004e-21 1.1550000000000001e-20 2.7280000000000005e-20 0.0 110.11 0.0
S056764 357.6639 127.2289 2.287e-17 4.56e-17 1.433e-16 0.0 111.06 0.0
S056765 357.6561 127.2368 3.841e-17 5.948e-17 1.068e-16 0.0 111.23 0.0
S056766 357.4525 127.1464 2.131e-17 4.044e-17 1.055e-16 0.0 109.94 0.0
S056767 357.4347 127.1434 4.426e-21 8.44e-21 2.246e-20 0.0 110.03 0.0
S056768 357.6639 127.2289 1.344e-15 9.475e-16 3.368e-16 0.0 110.92 0.0
S056769 357.4224 127.1473 4.423e-20 6.342000000000001e-20 9.357000000000001e-20 0.0 109.92 0.0
S056770 357.4297 127.1588 1.045e-22 2.508e-22 1.143e-21 0.0 110.02 0.0
S056771 357.6659 127.2213 5.767999999999999e-22 1.268e-21 4.518e-21 0.0 111.23 0.0
S056772 357.6641 127.2148 1.601e-17 1.38e-17 7.626e-18 0.0 111.2 0.0
S056773 357.4227 127.1579 1.45e-17 2.829e-17 8.27e-17 0.0 109.88 0.0
S056774 357.664 127.2146 3.164e-22 6.713999999999999e-22 2.301e-21 0.0 111.17 0.0
S056775 357.6801 127.2126 2.298e-18 2.598e-18 2.321e-18 0.0 110.94 0.0
S056776 357.6849 127.2155 1.592e-22 3.5759999999999997e-22 1.388e-21 0.0 111.11 0.0
S056777 357.4287 127.1621 2.6240000000000003e-20 4.5650000000000005e-20 1.009e-19 0.0 110.14 0.0
S056778 357.6714 127.2117 1.533e-21 2.974e-21 8.232e-21 0.0 111.23 0.0
S056779 357.4337 127.1666 4.743e-17 4.227e-17 2.365e-17 0.0 110.1 0.0
S056780 357.4118 127.1695 8.769e-18 1.424e-17 2.731e-17 0.0 109.98 0.0
S056781 357.6847 127.2041 5.609e-17 4.686e-17 2.238e-17 0.0 111.08 0.0
S056782 357.4235 127.1733 9.316e-16 6.604e-16 2.439e-16 0.0 109.84 0.0
S056783 357.6741 127.2003 3.932e-17 6.905e-17 1.569e-16 0.0 111.34 0.0
S056784 357.6913 127.1981 1.528e-15 1.08e-15 3.875e-16 0.0 110.88 0.0
S056785 357.6856 127.1966 9.895e-17 8.032e-17 3.794e-17 0.0 111.1 0.0
S056786 357.6601 127.1963 1.049e-20 1.8200000000000002e-20 4.0200000000000004e-20 0.0 111.12 0.0
S056787 357.6789 127.1937 8.334e-16 6.066e-16 2.368e-16 0.0 111.28 0.0
S056788 357.6919 127.191 3.099e-17 2.7e-17 1.475e-17 0.0 110.99 0.0
S056789 357.6976 127.1892 8.526999999999999e-23 2.016e-22 8.712999999999998e-22 0.0 111.19 0.0
S056790 357.4126 127.1857 5.811e-17 1.263e-16 4.5e-16 0.0 109.92 1.0
S056791 357.6894 127.1849 6.524e-18 6.595e-18 4.709e-18 0.0 111.28 0.0
S056792 357.4321 127.1925 1.542e-17 2.824e-17 7.078e-17 0.0 110.08 0.0
S056793 357.669 127.1792 5.399e-17 4.509e-17 2.334e-17 0.0 111.14 0.0
S056794 357.426 127.1958 1.907e-16 1.427e-16 5.853e-17 0.0 109.81 0.0
S056795 357.4133 127.2006 2.383e-17 4.258e-17 1.033e-16 0.0 109.97 0.0
S056796 357.4142 127.1986 2.656e-16 1.989e-16 8e-17 0.0 109.7 0.0
S056797 357.705 127.1731 6.346e-17 5.32e-17 2.636e-17 0.0 111.08 0.0
S056798 357.4057 127.2058 4.815e-17 4.055e-17 2.114e-17 0.0 109.86 0.0
S056799 357.4057 127.2068 3.8040000000000006e-20 5.869e-20 1.043e-19 0.0 109.98 0.0
S056800 357.6582 127.1644 2.623e-16 1.958e-16 7.968e-17 0.0 111.14 0.0
S056801 357.6803 127.1608 2.977e-21 1.996e-21 6.616999999999999e-22 0.0 111.4 0.0
S056802 357.4053 127.2141 1.0269999999999999e-22 2.6319999999999997e-22 1.331e-21 0.0 109.96 0.0
S056803 357.6985 127.161 3.896e-17 3.369e-17 1.812e-17 0.0 111.11 0.0
S056804 357.6735 127.1604 1.97e-16 1.542e-16 6.816e-17 0.0 111.15 1.0
S056805 357.4285 127.2213 3.718e-17 5.551e-17 9.294e-17 0.001 109.77 0.0
S056806 357.4181 127.2208 4.044e-20 6.442e-20 1.186e-19 0.0 109.85 0.0
S056807 357.6922 127.1609 3.91e-19 4.567e-19 4.487e-19 0.0 111.24 0.0
S056808 357.6975 127.1489 5.071e-17 4.237e-17 2.239e-17 0.0 111.13 0.0
S056809 357.4362 127.2309 6.216000000000001e-20 8.340000000000001e-20 1.113e-19 0.0 109.98 0.0
S056810 357.6731 127.1404 1.2609999999999999e-22 3.1199999999999995e-22 1.45e-21 0.0 111.09 0.0
S056811 357.6928 127.1444 2.098e-20 3.5930000000000004e-20 7.898000000000001e-20 0.0 111.24 0.0
S056812 357.6702 127.1398 3.984e-17 1.001e-16 4.867e-16 0.0 111.13 1.0
S056813 357.6746 127.1297 1.957e-17 1.671e-17 8.684e-18 0.0 111.29 0.0
S056814 357.4167 127.2401 1.346e-17 1.271e-17 8.078e-18 0.0 109.99 0.0
S056815 357.4287 127.2459 1.044e-19 1.417e-19 1.903e-19 0.0 109.98 0.0
S056816 357.4071 127.2413 4.73e-19 5.803e-19 6.201e-19 0.0 109.81 0.0
S056817 357.4025 127.2511 4.611e-17 4.153e-17 2.363e-17 0.0 109.87 0.0
S056818 357.4397 127.257 4.372e-18 4.299e-18 3.028e-18 0.0 110.14 0.0
S056819 357.429 127.2555 9.973e-16 7e-16 2.477e-16 0.0 109.89 0.0
S056820 357.4347 127.268 4.621e-17 3.908e-17 1.941e-17 0.0 109.93 0.0
S056821 357.443 127.2642 1.584e-21 3.456e-21 1.2720000000000002e-20 0.0 109.99 0.0
S056822 357.4368 127.2554 1.021e-17 9.934e-18 6.764e-18 0.0 109.9 0.0
S056823 357.6521 127.1136 3.334e-18 3.551e-18 3.012e-18 0.001 111.21 0.0
S056824 357.4524 127.2659 8.945e-17 7.149e-17 3.364e-17 0.0 110.01 0.0
S056825 357.4472 127.2656 1.322e-17 1.197e-17 6.876e-18 0.0 110.09 0.0
S056826 357.4453 127.2692 7.313e-18 1.21e-17 2.343e-17 0.0 110.06 0.0
S056827 357.4322 127.2725 1.811e-17 4.228e-17 1.786e-16 0.0 110.17 0.0
S056828 357.4642 127.2697 2.321e-17 3.623e-17 6.412e-17 0.0 110.08 0.0
S056829 357.4487 127.2792 8.096999999999999e-22 1.711e-21 5.924e-21 0.0 110.13 0.0
S056830 357.4683 127.2899 8.664e-19 9.798e-19 9.349e-19 0.0 110.12 0.0
S056831 357.4635 127.2819 2.976e-16 2.235e-16 8.802e-17 0.0 110.19 0.0
S056832 357.6414 127.0764 1.079e-16 8.764e-17 4.004e-17 0.0 110.87 0.0
S056833 357.636 127.0898 2.111e-18 2.204e-18 1.714e-18 0.0 110.87 0.0
S056834 357.6359 127.0973 9.093e-19 1.057e-18 1.042e-18 0.0 111.07 0.0
S056835 357.6321 127.079 1.743e-19 2.283e-19 2.92e-19 0.0 111.03 0.0
S056836 357.4814 127.3011 4.6e-17 3.8e-17 1.878e-17 0.0 110.07 0.0
S056837 357.6215 127.1011 1.655e-17 3.202e-17 8.894e-17 0.0 110.64 0.0
S056838 357.6244 127.058 4.644e-16 3.55e-16 1.466e-16 0.0 110.84 1.0
S056839 357.6128 127.0802 3.304e-22 6.929999999999999e-22 2.31e-21 0.0 110.87 0.0
S056840 357.6233 127.0737 1.7099999999999998e-22 4.481e-22 2.405e-21 0.0 111.12 0.0
S056841 357.4897 127.2833 1.292e-22 3.095e-22 1.354e-21 0.0 110.11 0.0
S056842 357.4942 127.2988 1.376e-17 2.062e-17 3.336e-17 0.0 110.25 0.0
S056843 357.5996 127.0707 1.7550000000000002e-20 2.8820000000000003e-20 5.654000000000001e-20 0.0 110.71 0.0
S056844 357.597 127.0747 2.024e-19 2.475e-19 2.692e-19 0.0 110.87 0.0
S056845 357.5948 127.0644 8.643000000000001e-20 1.199e-19 1.709e-19 0.0 110.85 1.0
S056846 357.5904 127.0672 2.104e-17 1.999e-17 1.26e-17 0.0 110.88 0.0
S056847 357.5859 127.0716 2.517e-15 1.771e-15 6.626e-16 0.0 110.89 0.0
S056848 357.5163 127.3177 9.004e-18 1.438e-17 2.679e-17 0.0 110.32 0.0
S056849 357.5763 127.0652 2.459e-17 2.163e-17 1.228e-17 0.0 110.7 0.0
S056850 357.5718 127.0624 9.097e-23 2.547e-22 1.581e-21 0.0 110.87 0.0
S056851 357.5329 127.2883 2.834e-21 1.939e-21 6.427e-22 0.0 110.26 0.0
S056852 357.5611 127.0689 2.284e-19 2.973e-19 3.747e-19 0.0 110.62 1.0
S056853 357.5486 127.3012 1.2689999999999999e-24 4.704e-24 5.151e-23 0.0 110.6 0.0
S056854 357.5503 127.3151 5.004e-13 3.868e-13 1.67e-13 0.0 110.57 1.0
S056855 357.556 127.307 1.713e-17 1.625e-17 1.034e-17 0.0 110.59 0.0
S056856 357.5402 127.0594 1.9550000000000002e-20 3.25e-20 6.649e-20 0.0 110.53 0.0
S056857 357.5689 127.324 7.088999999999999e-22 1.445e-21 4.6660000000000004e-21 0.0 110.56 0.0
S056858 357.5313 127.0607 1.399e-16 1.063e-16 4.447e-17 0.0 110.81 1.0
S056859 357.5234 127.0607 3.52e-17 3.02e-17 1.572e-17 0.0 110.56 0.0
S056860 357.5183 127.0517 1.752e-19 2.372e-19 3.242e-19 0.0 110.43 0.0
S056861 357.516 127.0604 1.25e-21 2.442e-21 6.884000000000001e-21 0.0 110.45 0.0
S056862 357.5904 127.3084 1.185e-17 1.102e-17 6.833e-18 0.0 110.56 0.0
S056863 357.5061 127.0499 2.896e-19 3.765e-19 4.868e-19 0.0 110.44 1.0
S056864 357.6048 127.3315 9.231e-17 7.358e-17 3.524e-17 0.0 110.59 0.0
S056865 357.4897 127.0624 2.655e-19 3.414e-19 4.156e-19 0.0 110.39 0.0
S056866 357.6223 127.3129 1.292e-12 1.004e-12 4.382e-13 0.0 110.84 1.0
S056867 357.4811 127.0613 1.268e-21 9.518999999999999e-22 3.8509999999999997e-22 0.0 110.39 0.0
S056868 357.6254 127.3037 5.285e-18 8.368e-18 1.546e-17 0.0 110.78 0.0
S056869 357.4659 127.0534 1.1e-17 9.929e-18 6.032e-18 0.0 110.34 0.0
S056870 357.4687 127.0652 1.423e-17 1.371e-17 9.265e-18 0.0 110.33 0.0
S056871 357.6331 127.3027 2.172e-21 1.506e-21 5.3259999999999995e-22 0.0 110.8 0.0
S056872 357.4429 127.0679 3.323e-19 4.089e-19 4.532e-19 0.0 110.25 0.0
S056873 357.6561 127.2876 7.648e-18 7.401e-18 4.966e-18 0.0 110.77 0.0
S056874 357.6645 127.2972 1.85e-18 1.967e-18 1.668e-18 0.0 110.84 0.0
S056875 357.4494 127.0929 8.578e-18 7.908e-18 4.97e-18 0.0 110.22 0.0
S056876 357.6728 127.2863 1.7850000000000003e-20 2.9430000000000004e-20 5.735e-20 0.0 110.92 0.0
S056877 357.4356 127.0808 1.485e-18 1.638e-18 1.444e-18 0.0 110.02 0.0
S056878 357.6806 127.2971 3.417e-17 2.999e-17 1.644e-17 0.0 110.86 0.0
S056879 357.3905 127.102 2.0680000000000003e-20 3.6050000000000005e-20 8.318000000000001e-20 0.0 109.95 0.0
S056880 357.6883 127.2768 8.317e-18 8.42e-18 6.077e-18 0.0 111.13 0.0
S056881 357.398 127.0977 3.471e-16 2.569e-16 1.037e-16 0.0 110.4 0.0
S056882 357.684 127.259 1.687e-18 1.78e-18 1.411e-18 0.0 111.21 0.0
S056883 357.3828 127.1141 6.102e-17 5.008e-17 2.429e-17 0.0 109.97 0.0
S056884 357.6799 127.2597 1.044e-17 2.126e-17 6.616e-17 0.0 110.83 0.0
S056885 357.7195 127.2497 7.789e-16 5.47e-16 1.948e-16 0.0 111.1 0.0
S056886 357.7257 127.2581 7.579e-19 8.592e-19 7.974e-19 0.0 111.01 0.0
S056887 357.7225 127.2575 2.401e-17 2.115e-17 1.154e-17 0.0 111.14 0.0
S056888 357.3867 127.1295 4.949e-21 8.845000000000001e-21 2.136e-20 0.0 110.02 0.0
S056889 357.734 127.241 1.068e-16 8.774e-17 4.367e-17 0.0 111.21 0.0
S056890 357.376 127.1471 1.3e-18 1.501e-18 1.406e-18 0.0 109.77 0.0
S056891 357.3514 127.1453 1.112e-16 9.057e-17 4.269e-17 0.0 110.06 0.0
S056892 357.7315 127.2294 8.754000000000001e-20 1.217e-19 1.756e-19 0.0 111.07 0.0
S056893 357.3408 127.155 1.182e-17 2.158e-17 5.316e-17 0.0 109.98 0.0
S056894 357.7554 127.2106 8.218e-19 9.556e-19 9.027e-19 0.0 111.28 0.0
S056895 357.3368 127.166 1.704e-22 4.353e-22 2.169e-21 0.0 109.97 0.0
S056896 357.7378 127.2029 1.279e-15 9.305e-16 3.588e-16 0.0 111.25 0.0
S056897 357.3505 127.1829 1.557e-17 3.364e-17 1.146e-16 0.0 109.84 0.0
S056898 357.3571 127.1865 1.2499999999999999e-23 3.639e-23 2.315e-22 0.0 109.83 1.0
S056899 357.7411 127.183 2.018e-16 1.554e-16 6.912e-17 0.0 111.14 1.0
S056900 357.3954 127.196 4.567e-13 3.173e-13 1.11e-13 0.0 109.83 0.0
S056901 357.3503 127.2047 1.588e-16 1.273e-16 5.807e-17 0.0 109.93 1.0
S056902 357.7534 127.1629 5.162e-16 3.85e-16 1.518e-16 0.0 111.18 0.0
S056903 357.7292 127.158 3.657e-13 4.305e-13 4.169e-13 0.001 111.39 0.0
S056904 357.3586 127.2237 1.277e-17 2.727e-17 9.31e-17 0.0 109.88 0.0
