Name Equatorial Polar BlueF GreenF RedF Size RadialVelocity
DG2499 198.4907 64.741 2.712e-15 2.212e-15 9.472e-16 568.5468 330.83
DG2500 198.6282 64.2105 5.275e-15 4.289e-15 1.668e-15 243.6237 333.57
DG2501 198.9738 64.6692 4.687e-15 3.64e-15 1.731e-15 298.2855 331.99
DG2502 197.9014 64.3611 4.011e-15 3.295e-15 1.48e-15 273.698 333.56
DG2503 198.6476 64.0772 4.301e-15 3.632e-15 1.727e-15 293.8823 333.24
DG2504 198.4013 65.1572 2.767e-15 2.402e-15 1.028e-15 562.6768 333.85
DG2505 198.8983 63.7701 1.0890000000000001e-25 2.634e-27 1.238e-32 299.1614 332.69
DG2506 199.0474 63.9294 9.686000000000001e-26 2.747e-27 1.233e-32 328.7037 331.14
DG2507 197.7755 64.5184 4.296e-15 3.37e-15 1.459e-15 251.3895 333.85
