Name Equatorial Polar BlueF GreenF RedF Size RadialVelocity
DG5360 21.6629 154.6767 6.234e-15 4.877e-15 2.087e-15 1085.0745 137.77
DG5361 20.6167 153.9441 1.068e-14 8.081e-15 3.299e-15 434.4435 135.84
DG5362 20.2662 153.246 1.716e-25 4.959e-27 2.37e-32 452.3028 135.99
DG5363 24.9824 154.6273 1.004e-14 7.454e-15 2.948e-15 373.3632 135.96
DG5364 24.5868 155.1297 1.152e-14 8.352e-15 3.847e-15 515.0599 136.57
DG5365 21.9815 154.9751 1.001e-14 9.552e-15 3.542e-15 439.3111 136.97
DG5366 22.3554 155.0147 1.057e-14 8.987e-15 3.515e-15 474.0224 136.55
DG5367 21.752 153.8309 1.8010000000000002e-25 5.178e-27 2.339e-32 477.8634 136.25
DG5368 18.6477 154.1704 9.809e-15 7.753e-15 3.103e-15 325.9037 138.24
