Name Equatorial Polar BlueF GreenF RedF Size RadialVelocity
DG1627 8.3248 76.9506 2.815e-16 2.391e-16 1.074e-16 136.3939 959.7
DG1628 8.2096 76.8327 4.166e-16 3.297e-16 1.421e-16 62.8407 959.68
DG1629 8.3142 77.0293 4.696e-16 3.917e-16 1.855e-16 81.0373 959.03
DG1630 8.407 76.9144 5.0110000000000006e-26 1.449e-27 7.49e-33 103.2837 958.07
DG1631 8.3073 77.1104 5.98e-26 1.569e-27 7.844e-33 105.937 958.84
DG5007 15.6226 81.8581 4.118e-16 3.405e-16 1.44e-16 83.21 993.61
DG5008 15.5629 81.8574 6.317e-26 1.619e-27 7.283e-33 87.1154 994.37
DG5009 15.6222 81.9195 3.318e-16 2.675e-16 1.228e-16 73.817 993.81
DG5010 15.4434 81.9688 6.629e-26 1.647e-27 7.106e-33 79.0189 993.88
