Name X Y BlueF GreenF RedF Size RadialVelocity
DG0001 1.0241 19.2306 1.267e-16 9.482e-17 4.123e-17 89.4386 1524.78
DG0002 1.1100 19.2787 1.812e-16 1.626e-16 6.606e-17 46.9113 1524.25
DG0003 1.0546 19.3992 2.597e-16 1.921e-16 8.061e-17 54.4111 1522.89
DG0004 0.9062 19.2897 1.095e-25 3.152e-27 1.415e-32 53.6409 1525.01
DG0005 1.0745 19.1814 1.863e-16 1.583e-16 7.537e-17 53.8423 1524.3
DG0006 0.9658 19.1204 1.681e-16 1.593e-16 6.863e-17 54.2403 1521.85
DG0007 1.0736 19.2648 1.227e-16 1.021e-16 4.710e-17 64.3672 1523.26
DG0008 1.0598 19.2732 1.853e-16 1.549e-16 6.512e-17 54.3402 1524.4
DG0055 -21.6249 17.8527 3.171e-16 2.486e-16 1.023e-16 54.9213 1370.61
DG0056 -21.5403 17.9738 1.381e-16 1.230e-16 5.540e-17 46.9878 1370.42
DG0057 -21.6837 17.9210 2.124e-16 1.697e-16 7.692e-17 56.58 1371.36
DG0058 -21.6552 17.8343 1.565e-16 1.191e-16 5.828e-17 66.0364 1371.6
DG0061 28.3212 33.4513 2.189e-15 1.892e-15 6.476e-16 402.823 627.78
DG0062 28.9500 34.3704 5.956e-16 4.983e-16 2.036e-16 200.669 622.84
DG0063 28.0730 33.5341 1.318e-15 9.508e-16 3.915e-16 129.2183 623.0
DG0064 29.1253 34.2763 5.740e-26 1.517e-27 7.026e-33 134.7237 629.28
DG0065 28.1903 33.8235 5.845e-16 4.590e-16 2.104e-16 153.2358 627.24
DG0066 28.6325 34.5443 5.512e-26 1.427e-27 6.412e-33 136.5245 624.82
DG0067 28.5557 34.9452 9.066e-16 7.801e-16 3.528e-16 144.5219 626.09
DG0068 26.7163 33.1283 6.140e-16 5.609e-16 2.459e-16 130.8994 628.53
DG0069 29.0038 32.7728 5.232e-16 4.683e-16 1.844e-16 138.3971 624.55
DG0070 28.1524 32.9640 5.426e-26 1.381e-27 6.666e-33 123.903 625.67
DG0071 28.6793 33.7370 6.975e-16 4.741e-16 2.198e-16 145.1302 622.94
DG0072 28.3401 33.1114 6.478e-16 5.576e-16 2.437e-16 238.2619 624.3
DG0073 27.4747 33.8146 9.144e-16 7.603e-16 3.389e-16 148.0457 626.61
DG0074 28.4752 32.7351 5.842e-16 5.143e-16 2.241e-16 191.6541 624.69
DG0075 29.4372 33.4118 9.472e-16 7.350e-16 3.529e-16 128.9249 629.45
DG0076 29.5272 32.7905 8.531e-16 6.793e-16 3.063e-16 97.5227 628.22
DG0077 28.8332 33.5247 5.606e-26 1.427e-27 6.855e-33 142.8432 621.94
DG0078 28.5793 33.4437 7.020e-16 5.412e-16 2.618e-16 214.8693 629.52
DG0079 27.7916 32.6882 5.267e-26 1.350e-27 7.105e-33 152.1716 624.99
DG0080 27.1805 33.2978 8.565e-16 6.725e-16 3.001e-16 125.9395 627.34
DG0081 29.5519 34.9124 7.869e-16 6.364e-16 3.060e-16 119.4585 625.85
DG0082 28.1265 33.1304 5.856e-16 4.985e-16 2.333e-16 303.6716 629.21
DG0179 -33.2689 9.6878 5.301e-16 3.835e-16 1.423e-16 138.552 1468.86
DG0180 -33.3333 9.8624 1.756e-16 1.460e-16 6.973e-17 57.8274 1474.1
DG0181 -33.4488 9.6289 1.733e-16 1.539e-16 6.131e-17 48.8976 1474.4
DG0182 -32.9054 9.4725 1.966e-16 1.701e-16 7.277e-17 53.6833 1469.34
DG0183 -33.4636 9.9320 1.592e-16 1.329e-16 6.630e-17 55.2429 1473.05
DG0184 -33.3267 9.8275 1.738e-16 1.324e-16 7.021e-17 47.6564 1472.27
DG0185 -33.1227 9.7164 2.731e-16 2.265e-16 9.257e-17 60.3277 1473.81
DG0186 -33.2625 9.6334 1.695e-16 1.310e-16 5.910e-17 59.9917 1470.19
DG0187 -33.4273 9.6444 1.027e-25 2.407e-27 1.295e-32 67.5606 1472.66
DG0188 -33.2887 9.5960 1.266e-16 1.064e-16 5.246e-17 51.7635 1472.02
DG0189 -33.6261 9.6723 1.007e-25 2.582e-27 1.186e-32 57.6981 1470.68
DG0190 -33.3571 9.8433 1.816e-16 1.375e-16 7.496e-17 53.4106 1473.88
DG0191 -33.2830 9.6801 1.756e-16 1.567e-16 6.355e-17 41.6435 1474.54
DG0346 -36.7981 -10.1058 1.341e-16 1.110e-16 5.158e-17 93.8909 1508.01
DG0347 -36.9024 -10.2197 2.402e-16 2.100e-16 8.570e-17 53.3439 1506.41
DG0348 -36.8642 -9.9438 1.869e-16 1.434e-16 6.372e-17 48.8526 1505.94
DG0349 -36.9271 -10.0847 1.166e-16 1.048e-16 4.420e-17 62.8453 1506.16
DG0350 -36.9287 -10.1564 1.830e-16 1.443e-16 6.501e-17 55.3267 1506.31
DG0351 -36.9359 -10.0642 2.004e-16 1.724e-16 7.199e-17 58.1882 1505.82
DG0387 21.8504 36.7776 4.920e-16 4.196e-16 1.876e-16 106.0851 699.31
DG0404 1.5618 17.3507 1.100e-16 9.645e-17 4.702e-17 154.6907 1489.57
DG0405 1.6366 17.4406 1.749e-16 1.407e-16 6.688e-17 47.2049 1491.74
DG0406 1.4107 17.3013 1.083e-25 2.750e-27 1.387e-32 66.9438 1490.21
DG0407 1.6123 17.2830 2.568e-16 1.913e-16 8.199e-17 44.1348 1488.77
DG0408 1.7087 17.2228 1.936e-16 1.528e-16 7.241e-17 63.174 1489.26
DG0409 1.5582 17.4536 1.813e-16 1.565e-16 7.549e-17 65.5311 1490.08
DG0410 1.4672 17.4280 2.431e-16 1.969e-16 8.208e-17 50.5179 1489.71
DG0411 1.6622 17.4364 1.152e-25 3.052e-27 1.484e-32 57.9227 1487.79
DG0412 1.4797 17.4004 1.134e-25 2.894e-27 1.480e-32 66.5215 1490.6
DG0413 -0.2017 -28.0351 1.605e-15 1.197e-15 3.858e-16 233.1195 787.27
DG0414 -0.1432 -28.5206 6.358e-16 5.335e-16 2.525e-16 110.3269 790.0
DG0415 -0.2253 -27.7371 4.957e-26 1.362e-27 6.684e-33 116.6492 787.61
DG0416 0.2045 -27.7947 6.464e-16 5.344e-16 2.427e-16 85.3172 788.2
DG0417 -0.5059 -28.1457 5.585e-26 1.326e-27 6.392e-33 113.9187 791.5
DG0418 0.2012 -28.0703 5.270e-26 1.462e-27 7.264e-33 114.219 786.8
DG0419 -0.6510 -27.9670 8.377e-16 6.745e-16 2.502e-16 99.714 788.39
DG0420 -0.1513 -27.8721 5.984e-16 4.665e-16 1.748e-16 103.1181 788.45
DG0421 -0.3617 -28.0219 5.418e-16 4.424e-16 2.070e-16 89.3307 792.22
DG0422 -0.1495 -27.6667 5.031e-26 1.422e-27 6.386e-33 123.0695 787.06
DG0423 -0.3310 -28.3028 7.920e-16 6.535e-16 2.336e-16 106.3866 786.87
DG0424 -0.2666 -27.7321 5.243e-16 4.777e-16 1.908e-16 92.3649 791.56
DG0467 7.8645 30.2152 8.574e-16 6.901e-16 2.940e-16 169.7613 544.84
DG0483 11.5500 -32.7646 1.072e-15 9.303e-16 3.843e-16 191.5279 505.16
DG0525 13.3739 -29.6917 1.284e-16 1.024e-16 4.917e-17 125.9186 1405.15
DG0526 13.5347 -29.7531 1.413e-16 1.235e-16 5.470e-17 73.9315 1406.66
DG0527 13.1884 -29.6127 2.014e-16 1.883e-16 7.699e-17 64.4207 1404.72
DG0528 13.4192 -29.6776 1.899e-16 1.617e-16 6.445e-17 51.2205 1406.22
DG0529 13.2721 -29.7784 2.619e-16 2.280e-16 9.009e-17 48.1226 1404.88
DG0530 13.2706 -29.7814 2.089e-16 1.836e-16 8.280e-17 60.1005 1404.95
DG0531 13.3261 -29.6212 2.169e-16 1.814e-16 7.621e-17 59.5191 1407.63
DG0532 13.2671 -29.7316 2.180e-16 1.809e-16 8.859e-17 59.0018 1405.25
DG0533 13.5575 -29.7975 9.022e-26 2.680e-27 1.310e-32 64.5108 1405.14
DG0670 0.8705 17.8991 1.603e-15 1.311e-15 5.761e-16 228.088 386.11
DG0671 30.9588 10.2966 2.160e-15 1.780e-15 7.384e-16 634.1661 317.93
DG0672 31.7346 9.5072 3.240e-15 2.593e-15 1.062e-15 238.301 320.15
DG0673 31.4235 11.0358 3.354e-15 2.746e-15 1.231e-15 215.9286 319.96
DG0674 31.3591 10.6354 9.174e-26 2.488e-27 1.116e-32 292.9108 318.43
DG0675 30.4815 10.1938 9.666e-26 2.443e-27 1.043e-32 276.3651 317.94
DG0676 32.1120 10.3421 9.447e-26 2.262e-27 1.244e-32 258.23 318.95
DG0677 30.6948 9.8168 3.751e-15 3.119e-15 1.399e-15 284.8234 317.76
DG0678 31.0873 9.9417 4.585e-15 3.652e-15 1.435e-15 245.1198 319.38
DG0679 30.3546 10.1349 3.387e-15 2.770e-15 1.235e-15 264.2927 320.25
DG0742 31.9201 15.8568 1.479e-16 1.262e-16 5.622e-17 67.6481 1375.23
DG0834 -0.7430 -11.4390 1.437e-15 1.001e-15 4.007e-16 238.3314 857.62
DG0835 -0.3193 -11.6705 3.408e-16 2.870e-16 1.359e-16 117.9748 855.56
DG0836 -0.2570 -11.6195 3.985e-16 3.021e-16 1.382e-16 104.0046 860.92
DG0837 -0.5047 -11.6406 5.913e-16 4.292e-16 2.356e-16 117.827 857.99
DG0838 -0.7334 -12.0331 5.236e-16 4.437e-16 2.056e-16 92.2166 855.8
DG0839 -0.1832 -11.3226 5.283e-16 4.567e-16 1.864e-16 93.7798 860.51
DG0840 -1.1644 -11.4751 3.780e-16 2.964e-16 1.392e-16 171.6608 855.61
DG0841 -0.3689 -11.4380 3.852e-16 2.961e-16 1.438e-16 107.7372 859.05
DG0842 -0.9777 -11.0696 5.785e-26 1.410e-27 6.628e-33 115.4413 859.51
DG0843 -1.0215 -11.2228 4.946e-16 3.875e-16 2.005e-16 93.8171 862.04
DG0844 -0.5977 -11.0758 7.540e-16 5.906e-16 2.330e-16 97.0022 858.06
DG0845 -0.3957 -11.6582 5.530e-26 1.431e-27 7.037e-33 104.8913 858.35
DG0846 -0.7385 -11.8086 4.915e-26 1.461e-27 6.714e-33 124.5099 861.96
DG0847 -0.4591 -11.4607 3.464e-16 2.911e-16 1.284e-16 112.9866 856.47
DG0848 -0.6022 -11.1392 3.871e-16 3.222e-16 1.433e-16 142.2806 857.76
DG0849 -0.9038 -11.0593 5.208e-16 4.300e-16 1.696e-16 90.2564 862.44
DG0850 -0.5984 -11.8385 5.290e-16 4.611e-16 1.899e-16 96.6681 858.02
DG0851 -0.8955 -10.8545 8.168e-16 5.751e-16 2.430e-16 98.3241 857.6
DG0917 31.4426 15.2027 4.402e-16 3.122e-16 1.057e-16 124.1766 1672.26
DG0918 31.2659 15.0425 1.395e-25 3.889e-27 1.823e-32 55.7359 1672.83
DG0919 31.4246 15.1028 2.099e-16 1.627e-16 7.411e-17 40.651 1672.0
DG0920 31.5619 15.1839 1.327e-16 1.172e-16 5.413e-17 43.4775 1677.0
DG0921 31.1591 15.1473 1.334e-16 1.179e-16 5.452e-17 40.5195 1676.63
DG0922 31.6977 15.2514 1.333e-16 1.256e-16 5.354e-17 44.1 1674.68
DG0923 31.3250 15.0894 1.375e-25 3.618e-27 1.639e-32 57.6922 1671.66
DG0924 31.2971 15.0591 1.626e-16 1.381e-16 6.279e-17 56.0117 1672.25
DG0925 31.4479 15.1630 1.488e-25 3.969e-27 1.701e-32 59.6506 1676.43
DG0926 31.6441 15.2120 1.385e-25 3.458e-27 1.775e-32 49.3876 1673.81
DG0927 31.5559 15.3348 1.550e-16 1.373e-16 5.821e-17 48.6536 1676.38
DG0928 31.2674 15.1707 1.446e-16 1.195e-16 5.358e-17 44.2512 1673.15
DG0929 31.5973 15.2701 1.160e-16 9.266e-17 4.601e-17 86.8092 1674.25
DG0930 -16.2323 -14.1595 6.588e-15 5.888e-15 2.512e-15 373.3795 226.51
DG0931 -16.4052 -14.2273 7.035e-15 5.847e-15 2.446e-15 350.9 226.76
DG0932 -16.5703 -13.7391 7.838e-15 6.635e-15 2.713e-15 373.0766 225.36
DG0933 -3.3725 -4.5593 4.506e-16 3.595e-16 1.321e-16 138.3857 1541.75
DG0934 -3.5372 -4.8415 1.730e-16 1.300e-16 6.534e-17 47.0104 1544.22
DG0935 -3.4931 -4.3354 1.608e-16 1.424e-16 5.987e-17 48.9348 1540.49
DG0936 -3.1099 -4.7040 1.102e-25 3.018e-27 1.446e-32 54.0462 1540.12
DG0937 -3.1841 -4.2582 1.259e-16 9.675e-17 4.536e-17 55.8726 1545.74
DG0938 -3.1920 -4.4820 1.723e-16 1.462e-16 6.299e-17 46.5642 1543.99
DG0939 -3.0778 -4.8639 1.025e-25 2.831e-27 1.486e-32 62.6866 1544.49
DG0940 -3.7024 -4.5502 1.818e-16 1.425e-16 6.526e-17 45.8343 1543.52
DG0941 -3.0501 -4.6186 1.711e-16 1.512e-16 7.352e-17 59.8431 1542.1
DG0942 -3.6388 -4.7048 1.098e-25 2.986e-27 1.439e-32 55.4676 1549.05
DG0943 -3.1642 -4.2296 1.229e-25 2.814e-27 1.529e-32 63.9902 1540.19
DG0944 -3.1984 -4.5367 1.898e-16 1.665e-16 6.460e-17 53.2821 1545.93
DG0945 -3.4653 -4.6500 1.701e-16 1.372e-16 5.955e-17 48.4194 1541.56
DG0946 -3.0225 -4.4751 1.737e-16 1.336e-16 6.256e-17 55.327 1541.98
DG0947 -3.5057 -4.3697 1.846e-16 1.537e-16 6.744e-17 61.9468 1544.05
DG0948 -3.4241 -4.4168 1.187e-16 8.846e-17 4.751e-17 92.5328 1545.0
DG0949 -3.2242 -4.6927 1.687e-16 1.293e-16 6.272e-17 53.6835 1548.53
DG0950 -2.9879 -4.6643 1.679e-16 1.401e-16 6.050e-17 48.2335 1540.18
DG0951 -3.2571 -4.5677 1.704e-16 1.424e-16 6.384e-17 43.9981 1540.27
DG0952 -3.3911 -4.4490 9.698e-17 9.191e-17 4.276e-17 105.4011 1546.43
DG0953 -3.2264 -4.7030 1.604e-16 1.409e-16 5.836e-17 48.7491 1542.51
DG0954 -3.3327 -4.6008 1.028e-25 2.907e-27 1.352e-32 62.8661 1544.02
DG0955 -3.2579 -4.5077 1.125e-16 9.685e-17 4.093e-17 79.2414 1543.56
DG0963 16.0799 20.8175 1.661e-15 1.244e-15 5.779e-16 171.0002 459.0
DG0964 16.1377 21.1252 1.430e-15 1.169e-15 5.669e-16 189.7242 458.82
DG0965 15.9446 21.0482 1.364e-15 1.102e-15 4.439e-16 152.9712 459.07
DG0979 21.8170 -32.3995 5.637e-16 4.842e-16 1.925e-16 129.5929 645.91
DG1125 7.5972 33.1649 7.758e-15 5.852e-15 2.559e-15 430.4264 159.01
DG1153 -41.4717 -24.9396 6.781e-16 5.829e-16 2.321e-16 361.3335 589.64
DG1154 -42.1021 -25.4763 1.585e-15 1.013e-15 3.775e-16 127.5457 588.18
DG1155 -40.8820 -24.4013 5.185e-26 1.453e-27 7.204e-33 142.8766 588.15
DG1156 -41.4994 -24.4840 5.226e-26 1.405e-27 6.876e-33 137.4273 589.94
DG1157 -41.2851 -25.5469 9.943e-16 7.923e-16 3.435e-16 129.9988 588.67
DG1158 -41.3851 -24.3944 1.060e-15 7.625e-16 3.427e-16 128.0035 588.37
DG1159 -41.6508 -24.7442 9.148e-16 7.638e-16 3.337e-16 119.3392 591.54
DG1160 -40.6515 -24.7537 5.596e-26 1.470e-27 6.630e-33 171.9336 591.36
DG1161 -41.3778 -24.6620 8.633e-16 7.933e-16 3.695e-16 121.1115 589.39
DG1169 41.6099 22.2729 1.344e-16 9.979e-17 4.726e-17 110.1806 1498.03
DG1170 41.5990 22.3228 1.719e-16 1.488e-16 6.916e-17 49.1072 1500.21
DG1171 41.7559 22.5110 2.666e-16 1.906e-16 7.594e-17 49.3232 1497.13
DG1172 41.7093 22.4406 1.633e-16 1.360e-16 6.246e-17 50.4575 1497.58
DG1173 41.7748 22.3886 1.695e-16 1.480e-16 6.650e-17 49.9713 1497.29
DG1174 41.6372 22.4867 9.909e-26 2.663e-27 1.497e-32 58.2407 1497.03
DG1175 41.6345 22.2849 1.087e-25 2.648e-27 1.333e-32 53.4099 1499.48
DG1176 41.8219 22.4044 1.901e-16 1.479e-16 6.474e-17 51.847 1499.82
DG1177 -38.8894 -27.9915 1.827e-15 1.617e-15 6.909e-16 589.8029 384.22
DG1178 -39.1438 -28.2047 2.177e-15 1.674e-15 7.847e-16 548.6392 386.16
DG1179 -39.4960 -27.3635 2.167e-15 1.637e-15 7.764e-16 265.7691 383.92
DG1180 -38.1090 -27.6808 8.196e-26 2.262e-27 9.487e-33 288.301 384.8
DG1181 -37.7024 -27.5596 4.185e-15 3.684e-15 1.292e-15 236.1013 384.64
DG1182 -39.4335 -27.4736 2.904e-15 2.400e-15 1.001e-15 203.2258 385.15
DG1183 -40.3014 -28.8168 3.381e-15 2.611e-15 1.257e-15 262.5509 384.33
DG1184 -38.7643 -27.4963 8.476e-26 2.439e-27 9.820e-33 240.6363 383.63
DG1185 -39.0522 -28.5049 2.846e-15 2.450e-15 1.127e-15 205.7725 387.0
DG1186 38.1717 33.7588 1.778e-15 1.543e-15 6.602e-16 435.6932 397.48
DG1187 39.8738 34.2800 2.839e-15 2.188e-15 9.735e-16 229.9307 397.01
DG1188 38.7623 34.2450 8.195e-26 2.205e-27 9.908e-33 315.8127 398.41
DG1189 37.9954 34.6544 8.785e-26 2.024e-27 1.062e-32 246.6876 399.06
DG1190 36.9194 34.0206 2.751e-15 2.317e-15 9.478e-16 206.9674 396.53
DG1191 37.1725 32.7096 3.145e-15 2.508e-15 1.154e-15 248.451 399.78
DG1192 39.0594 33.8486 8.985e-26 2.117e-27 1.022e-32 284.8522 399.61
DG1193 37.4765 33.4171 2.117e-15 1.632e-15 6.791e-16 256.1179 399.62
DG1194 38.1067 34.1076 2.715e-15 2.120e-15 9.662e-16 231.2189 396.64
DG1202 38.8267 34.9349 5.378e-16 4.142e-16 1.501e-16 107.7473 1409.04
DG1203 38.9549 35.3547 2.180e-16 1.997e-16 8.920e-17 64.1518 1408.02
DG1204 38.6425 34.7492 8.868e-26 2.377e-27 1.004e-32 69.9037 1410.85
DG1205 38.9156 34.9483 2.102e-16 1.637e-16 7.954e-17 52.3795 1409.6
DG1206 38.6443 35.0277 2.011e-16 1.677e-16 8.559e-17 57.7619 1410.39
DG1207 39.1113 34.7345 3.213e-16 2.310e-16 9.723e-17 67.5262 1409.17
DG1208 38.8780 34.7714 1.473e-16 1.239e-16 5.721e-17 70.515 1410.97
DG1209 38.5696 34.7245 2.196e-16 1.790e-16 8.739e-17 70.331 1407.02
DG1210 38.8448 34.9749 2.082e-16 1.897e-16 9.637e-17 68.0424 1408.44
DG1211 38.6220 34.7222 1.779e-16 1.789e-16 7.914e-17 58.0867 1410.48
DG1212 39.0856 35.0262 1.457e-16 1.263e-16 5.505e-17 61.2832 1408.63
DG1240 -26.5431 11.6174 1.571e-15 1.221e-15 3.959e-16 253.1956 794.39
DG1241 -26.7469 11.6242 6.897e-16 5.219e-16 2.371e-16 110.3847 797.88
DG1242 -26.6271 11.7108 4.992e-16 4.114e-16 1.880e-16 88.5106 797.37
DG1243 -26.3157 11.4974 5.944e-26 1.435e-27 6.582e-33 119.7832 794.19
DG1244 -26.7907 11.4340 5.802e-16 4.330e-16 1.904e-16 92.4436 798.0
DG1245 -26.3211 11.9874 5.628e-16 4.476e-16 2.004e-16 87.918 794.33
DG1246 -26.4542 11.6388 5.946e-16 4.560e-16 1.949e-16 93.7449 796.59
DG1247 -26.5639 11.9939 5.797e-16 5.034e-16 2.056e-16 104.586 796.98
DG1248 -26.3653 11.5919 4.270e-16 2.975e-16 1.518e-16 121.7762 793.48
DG1249 -26.4700 11.9876 6.307e-16 4.978e-16 2.400e-16 104.921 794.68
DG1286 -4.1407 35.5089 3.556e-15 2.667e-15 1.220e-15 294.3557 225.71
DG1287 -36.7179 38.2987 7.616e-16 5.914e-16 2.776e-16 117.8093 678.19
DG1288 -36.8347 38.4703 5.345e-26 1.336e-27 6.691e-33 118.926 677.37
DG1289 -36.7748 38.1827 4.900e-16 3.722e-16 1.865e-16 87.4754 678.77
DG1290 -37.1212 38.5510 6.728e-16 5.675e-16 2.477e-16 107.5914 677.55
DG1299 2.4230 -23.3303 3.929e-16 2.939e-16 1.022e-16 85.4937 1815.22
DG1300 2.4252 -23.4610 1.550e-16 1.248e-16 6.319e-17 49.9127 1814.11
DG1301 2.3270 -23.3977 1.393e-16 1.137e-16 4.645e-17 45.4272 1813.55
DG1302 2.3463 -23.2533 1.560e-16 1.117e-16 6.016e-17 50.1828 1816.11
DG1303 2.2767 -23.2528 1.652e-25 4.163e-27 1.835e-32 50.3327 1814.78
DG1304 2.4268 -23.4506 1.827e-16 1.611e-16 6.054e-17 37.5728 1816.13
DG1305 2.5192 -23.2409 9.761e-17 8.355e-17 3.797e-17 48.4827 1813.59
DG1306 2.3280 -23.2907 1.325e-16 1.038e-16 4.914e-17 43.2782 1817.51
DG1307 2.4454 -23.4431 1.981e-16 1.572e-16 7.199e-17 39.3204 1814.73
DG1308 2.3542 -23.2772 2.077e-16 1.558e-16 7.254e-17 44.1227 1813.59
DG1313 21.9459 13.7619 1.869e-16 1.568e-16 7.188e-17 44.9085 1342.64
DG1314 21.9524 13.7411 2.230e-16 1.742e-16 7.267e-17 51.7005 1343.2
DG1330 -43.7177 31.9052 5.548e-26 1.389e-27 6.531e-33 129.3659 641.87
DG1331 -43.5116 31.5793 8.318e-16 6.381e-16 2.834e-16 102.4227 642.74
DG1332 -43.7730 31.8446 7.513e-16 6.534e-16 2.717e-16 118.2321 642.28
DG1333 -43.5452 31.6043 8.874e-16 7.013e-16 3.509e-16 121.623 642.17
DG1356 34.7207 18.0891 2.409e-16 1.870e-16 8.731e-17 190.2694 1052.83
DG1357 34.5787 18.2350 3.620e-16 2.903e-16 1.280e-16 80.463 1050.34
DG1358 34.6764 18.0145 3.061e-16 2.517e-16 1.203e-16 72.9494 1053.38
DG1359 34.8586 18.2621 6.784e-26 1.877e-27 7.244e-33 69.24 1051.85
DG1360 34.6857 18.0241 3.427e-16 3.023e-16 1.475e-16 80.2676 1052.56
DG1361 34.7247 17.9655 4.983e-16 3.668e-16 1.614e-16 85.4752 1050.25
DG1362 34.6518 18.3271 6.315e-26 1.832e-27 7.418e-33 83.9922 1052.26
DG1363 34.8638 18.0740 3.642e-16 3.049e-16 1.341e-16 71.8814 1052.06
DG1474 -11.7332 32.7770 2.095e-15 1.576e-15 7.393e-16 447.3069 374.42
DG1475 -12.5446 33.5326 8.411e-26 2.180e-27 9.475e-33 276.6436 373.06
DG1476 -11.7558 33.3479 8.721e-26 2.107e-27 1.006e-32 273.1953 372.27
DG1477 -11.6645 33.2040 2.944e-15 2.313e-15 1.002e-15 220.2283 372.54
DG1478 -11.2415 32.3620 2.773e-15 2.225e-15 8.683e-16 232.1041 375.24
DG1479 -11.2958 32.8465 2.714e-15 2.243e-15 9.532e-16 220.5934 374.99
DG1480 -12.1832 32.5638 2.658e-15 1.995e-15 9.916e-16 216.1081 375.02
DG1481 -11.4201 32.8737 3.042e-15 2.354e-15 1.122e-15 188.3379 374.58
DG1572 -39.7176 18.5098 1.103e-16 8.884e-17 4.440e-17 167.728 1501.84
DG1573 -39.5668 18.5704 1.647e-16 1.407e-16 6.333e-17 43.8807 1500.95
DG1574 -39.7425 18.5561 1.090e-25 3.097e-27 1.468e-32 63.2057 1502.02
DG1575 -39.5713 18.3975 1.093e-25 2.881e-27 1.533e-32 56.0506 1500.65
DG1576 -39.8409 18.4515 1.751e-16 1.384e-16 5.706e-17 52.3168 1498.34
DG1577 -39.6146 18.3614 1.347e-16 1.031e-16 4.494e-17 63.4313 1502.25
DG1578 -39.8298 18.4437 2.788e-16 2.022e-16 8.510e-17 44.3981 1498.59
DG1579 -39.5247 18.5310 1.290e-16 9.574e-17 4.332e-17 56.7301 1501.63
DG1580 -39.8825 18.7097 1.803e-16 1.639e-16 7.201e-17 63.7202 1499.47
DG1596 37.3557 29.9773 1.102e-15 9.173e-16 4.061e-16 206.8949 457.8
DG1605 5.2412 -9.2159 6.802e-26 1.645e-27 8.112e-33 213.0283 445.32
DG1606 5.1633 -9.0185 1.627e-15 1.416e-15 6.771e-16 182.8137 445.51
DG1627 6.5847 10.5410 2.815e-16 2.391e-16 1.074e-16 136.3939 959.7
DG1628 6.4923 10.6366 4.166e-16 3.297e-16 1.421e-16 62.8407 959.68
DG1629 6.5762 10.4749 4.696e-16 3.917e-16 1.855e-16 81.0373 959.03
DG1630 6.6507 10.5735 5.011e-26 1.449e-27 7.490e-33 103.2837 958.07
DG1631 6.5706 10.4070 5.980e-26 1.569e-27 7.844e-33 105.937 958.84
DG1633 43.3133 30.9830 1.647e-15 1.107e-15 3.975e-16 288.1177 780.93
DG1634 43.7059 30.8949 5.717e-16 4.415e-16 2.011e-16 85.5531 779.22
DG1635 43.8273 31.1214 5.641e-16 4.296e-16 1.986e-16 109.8718 781.78
DG1636 43.2634 30.9544 6.231e-16 4.798e-16 2.390e-16 89.4394 780.35
DG1637 44.2242 31.4065 6.436e-16 4.995e-16 2.410e-16 93.2177 781.6
DG1638 43.4695 31.3291 3.840e-16 2.990e-16 1.467e-16 122.1658 781.37
DG1639 43.1637 31.1667 6.112e-16 5.326e-16 2.296e-16 113.1539 778.76
DG1640 43.4650 31.4138 4.938e-26 1.463e-27 6.638e-33 118.681 779.26
DG1641 42.8845 31.1165 5.286e-26 1.469e-27 6.153e-33 106.638 782.3
DG1642 43.7461 31.0456 5.551e-26 1.418e-27 6.910e-33 104.6575 779.72
DG1643 43.3344 31.1281 4.928e-16 4.268e-16 1.879e-16 88.2117 782.15
DG1710 -25.4308 38.3173 3.421e-14 2.687e-14 7.688e-15 877.081 146.0
DG1711 -28.9741 44.1204 1.267e-14 9.378e-15 4.021e-15 455.3988 146.63
DG1712 -22.9268 34.0751 2.292e-25 6.069e-27 2.613e-32 547.7968 150.57
DG1713 -26.1679 37.2057 8.496e-15 6.161e-15 2.896e-15 973.0945 142.23
DG1714 -26.8567 44.2252 2.524e-25 6.191e-27 2.871e-32 598.6233 150.44
DG1715 -22.2848 38.5146 1.637e-14 1.314e-14 5.249e-15 449.5196 151.3
DG1716 -24.3314 33.3779 2.094e-25 5.424e-27 2.348e-32 516.3293 145.06
DG1717 -21.0703 31.5121 9.989e-15 7.135e-15 3.525e-15 583.9804 149.71
DG1718 -22.5131 36.8723 2.131e-25 5.618e-27 2.518e-32 529.522 149.44
DG1719 -29.7352 41.6869 1.578e-14 1.197e-14 5.386e-15 479.0149 149.57
DG1720 -25.3371 42.4998 1.394e-14 9.855e-15 4.892e-15 585.5671 151.0
DG1721 -26.0158 39.5273 1.677e-14 1.274e-14 5.843e-15 601.8274 146.92
DG1722 -28.2465 34.1298 1.181e-14 9.629e-15 3.948e-15 515.6265 145.41
DG1723 -22.2863 40.4600 1.801e-14 1.311e-14 5.003e-15 474.0882 149.13
DG1724 -22.2403 33.8862 1.184e-14 9.676e-15 4.351e-15 462.9628 142.38
DG1725 -22.2972 41.1915 7.668e-15 6.685e-15 2.611e-15 643.4948 144.75
DG1726 -31.0981 42.1330 7.979e-15 6.750e-15 2.638e-15 566.9154 150.79
DG1727 -24.7699 40.6931 2.037e-25 4.977e-27 2.541e-32 503.0528 150.99
DG1728 -26.2844 36.0132 1.305e-14 1.023e-14 4.604e-15 496.4389 143.02
DG1729 -23.5645 38.9059 2.354e-25 6.409e-27 3.161e-32 609.558 142.16
DG1730 -22.7853 41.3947 1.729e-14 1.294e-14 5.093e-15 491.7411 149.2
DG1731 -27.3033 35.7150 1.260e-14 9.794e-15 3.631e-15 436.4196 145.47
DG1732 -22.1681 33.8086 1.069e-14 8.135e-15 3.569e-15 415.7289 144.65
DG1733 -22.3215 31.5104 1.091e-14 1.015e-14 4.053e-15 476.1963 145.73
DG1735 -31.1064 42.2180 2.466e-25 6.174e-27 3.053e-32 556.0084 150.34
DG1741 -36.5305 -12.3264 4.206e-16 3.151e-16 1.503e-16 226.0759 816.49
DG1742 -36.5879 -12.1826 4.019e-16 3.432e-16 1.456e-16 100.8252 819.01
DG1743 -36.6267 -12.1585 5.621e-26 1.441e-27 6.353e-33 112.6838 818.48
DG1744 -36.6686 -12.3840 5.353e-16 4.981e-16 1.937e-16 87.4933 817.86
DG1745 -36.5430 -12.2739 5.740e-16 4.502e-16 1.980e-16 91.4235 816.0
DG1746 -36.2229 -12.4928 6.291e-16 5.371e-16 2.263e-16 93.2123 816.58
DG1747 -36.8298 -12.1677 5.527e-16 4.500e-16 1.959e-16 89.077 818.2
DG1748 -36.5293 -12.3138 6.519e-16 4.933e-16 2.335e-16 105.5107 817.45
DG1873 15.5633 -44.3935 1.827e-15 1.342e-15 5.982e-16 265.9201 313.87
DG1874 15.2755 -44.1779 2.763e-15 2.426e-15 1.091e-15 255.6921 314.54
DG1876 -16.1713 -23.8161 4.430e-15 3.298e-15 1.066e-15 438.203 522.87
DG1877 -16.9916 -23.6389 6.332e-26 1.781e-27 8.034e-33 155.6507 523.3
DG1878 -16.4995 -22.9721 1.593e-15 1.320e-15 6.062e-16 196.7419 525.55
DG1879 -15.4773 -24.1763 1.706e-15 1.471e-15 6.424e-16 192.9602 523.73
DG1880 -16.1461 -23.5558 1.163e-15 9.765e-16 4.041e-16 353.9504 527.03
DG1881 -17.0333 -24.3900 1.048e-15 8.722e-16 3.546e-16 209.7507 524.33
DG1882 -15.6753 -24.3281 1.782e-15 1.389e-15 5.930e-16 169.1126 522.33
DG1883 -16.3112 -23.2181 1.544e-15 1.215e-15 4.969e-16 143.0891 524.22
DG1884 -16.4596 -23.3832 1.185e-15 9.655e-16 3.864e-16 275.4963 521.5
DG1885 -15.4438 -24.7900 1.573e-15 1.335e-15 5.384e-16 194.801 521.85
DG1886 -15.7841 -23.8902 1.019e-15 7.659e-16 3.291e-16 224.9852 524.45
DG1887 -16.0441 -24.1686 1.416e-15 1.152e-15 5.026e-16 163.5624 523.63
DG1888 -16.5836 -24.3560 2.406e-15 1.808e-15 7.193e-16 171.5126 524.11
DG1889 -15.6043 -23.1975 6.555e-26 1.693e-27 7.722e-33 240.2741 523.59
DG1890 -17.4560 -24.8029 1.778e-15 1.317e-15 6.271e-16 194.2508 528.25
DG1891 -14.7439 -23.9850 1.626e-15 1.281e-15 5.809e-16 179.5403 526.25
DG1892 -16.0355 -23.0663 1.330e-15 1.008e-15 4.242e-16 321.0891 525.3
DG1893 -16.8119 -24.6165 6.509e-26 1.743e-27 7.561e-33 213.621 521.28
DG1894 -14.8318 -23.2815 1.806e-15 1.319e-15 6.118e-16 187.688 526.93
DG1895 -17.1603 -24.7129 1.713e-15 1.275e-15 5.175e-16 165.5559 523.61
DG1944 36.0935 28.9308 3.371e-16 2.771e-16 1.253e-16 63.0339 1026.46
DG1945 36.4215 29.0583 3.755e-16 3.254e-16 1.403e-16 87.1703 1024.92
DG1946 36.1385 29.0218 5.130e-16 4.066e-16 1.632e-16 72.626 1026.13
DG1982 39.0199 33.5419 4.507e-16 3.872e-16 1.790e-16 116.1235 735.4
DG1983 -18.0280 42.5067 7.218e-16 5.797e-16 2.411e-16 195.0529 581.85
DG1984 -18.2806 42.3268 1.443e-15 1.295e-15 4.448e-16 143.5664 582.1
DG1985 -17.8050 42.3340 1.032e-15 8.341e-16 3.464e-16 126.7921 582.0
DG1986 -17.9168 42.4748 1.163e-15 9.785e-16 4.328e-16 149.5854 582.52
DG1987 -17.8665 42.8836 1.117e-15 9.022e-16 3.749e-16 158.9832 582.31
DG2073 4.4016 -31.0629 9.751e-26 2.640e-27 1.336e-32 72.3456 1410.84
DG2074 4.3223 -31.0329 2.078e-16 1.794e-16 7.490e-17 61.762 1411.41
DG2075 4.4215 -31.0204 1.855e-16 1.532e-16 7.184e-17 57.1253 1410.72
DG2076 4.4104 -31.0453 1.022e-25 2.572e-27 1.247e-32 67.0384 1410.12
DG2077 14.3496 19.0439 1.441e-15 1.099e-15 5.215e-16 169.918 481.29
DG2078 14.0271 19.0081 1.282e-15 1.075e-15 4.408e-16 153.8801 482.83
DG2079 14.2701 18.9741 6.305e-26 1.580e-27 7.215e-33 202.789 481.99
DG2080 14.3211 18.6711 1.200e-15 1.015e-15 3.937e-16 139.2077 481.47
DG2098 38.3165 -9.8006 9.987e-16 7.841e-16 2.536e-16 208.9858 1064.19
DG2099 39.1179 -9.9387 3.841e-16 2.640e-16 1.233e-16 77.1793 1064.56
DG2100 38.9052 -9.8096 3.686e-16 2.584e-16 1.076e-16 70.2933 1068.7
DG2101 38.6363 -9.8807 2.846e-16 2.198e-16 9.389e-17 97.1309 1066.11
DG2102 38.3137 -9.9977 5.917e-26 1.630e-27 7.719e-33 85.5597 1067.34
DG2103 38.5561 -10.1944 4.130e-16 3.189e-16 1.561e-16 87.5018 1069.62
DG2104 38.6611 -9.8334 6.121e-26 1.556e-27 7.877e-33 106.3484 1067.86
DG2105 38.4127 -9.4336 3.105e-16 2.223e-16 1.019e-16 144.4481 1067.44
DG2106 38.2792 -9.7143 3.562e-16 3.104e-16 1.256e-16 66.856 1068.75
DG2107 38.7184 -9.7474 3.732e-16 2.629e-16 1.102e-16 71.2122 1068.65
DG2108 38.0756 -9.7562 3.421e-16 2.979e-16 1.286e-16 71.1933 1065.15
DG2109 38.6095 -9.3280 5.744e-26 1.585e-27 7.285e-33 95.1709 1065.3
DG2110 38.9409 -9.9929 3.696e-16 3.006e-16 1.484e-16 84.0463 1070.35
DG2111 38.1911 -10.1670 2.355e-16 2.155e-16 9.041e-17 107.722 1066.93
DG2112 37.7592 -9.4235 3.596e-16 2.945e-16 1.326e-16 74.029 1067.74
DG2113 37.9096 -10.1115 3.346e-16 3.031e-16 1.339e-16 71.1283 1071.37
DG2114 38.2787 -9.3997 3.384e-16 2.970e-16 1.337e-16 78.2388 1066.84
DG2115 38.4962 -9.7617 2.651e-16 2.204e-16 9.437e-17 201.2655 1068.32
DG2116 37.8844 -9.6162 2.601e-16 2.073e-16 9.681e-17 115.5501 1064.44
DG2135 -18.5494 37.6824 1.298e-15 9.356e-16 3.495e-16 264.4174 861.1
DG2136 -18.1163 37.6817 4.601e-16 3.978e-16 1.711e-16 97.391 864.15
DG2137 -18.6682 37.3640 4.620e-16 3.576e-16 1.650e-16 80.9038 863.89
DG2138 -18.5428 37.4475 4.746e-16 3.525e-16 1.687e-16 75.6991 863.12
DG2139 -18.7112 37.7258 4.666e-16 3.806e-16 1.601e-16 70.0626 863.22
DG2140 -18.2613 37.7819 4.496e-16 3.866e-16 1.651e-16 90.2583 864.68
DG2141 -18.2080 37.4260 5.042e-16 4.075e-16 1.839e-16 104.5054 864.84
DG2142 -19.0833 37.7328 5.469e-26 1.408e-27 6.477e-33 105.7202 862.03
DG2143 -18.2106 37.3688 5.145e-16 4.238e-16 1.898e-16 99.3399 865.39
DG2144 -18.4784 37.7318 5.431e-16 4.333e-16 1.973e-16 89.951 862.23
DG2145 -18.8695 37.6862 3.293e-16 2.842e-16 1.295e-16 96.3687 865.09
DG2146 -18.6899 38.1516 4.691e-16 3.674e-16 1.609e-16 83.5528 862.0
DG2176 -39.2699 29.4794 1.905e-16 1.630e-16 7.169e-17 79.2549 1166.28
DG2250 33.8261 -22.8243 2.230e-15 1.855e-15 8.041e-16 363.3024 300.66
DG2251 33.8538 -22.7264 3.714e-15 3.199e-15 1.305e-15 264.4247 300.07
DG2252 33.9401 -23.4251 3.664e-15 3.077e-15 1.274e-15 300.8579 300.2
DG2253 34.1502 -22.2877 3.489e-15 2.744e-15 1.211e-15 222.471 300.05
DG2254 33.9574 -22.9102 2.436e-15 2.011e-15 7.998e-16 311.716 301.13
DG2272 -40.4204 -9.7158 2.258e-15 1.678e-15 5.966e-16 254.1131 701.27
DG2273 -39.9691 -10.4145 5.408e-16 4.561e-16 2.057e-16 192.203 695.22
DG2274 -39.8518 -9.9871 7.062e-16 6.024e-16 2.644e-16 117.9657 697.51
DG2275 -39.4909 -9.9299 8.356e-16 6.343e-16 3.261e-16 137.5522 703.73
DG2276 -41.1138 -8.7985 8.126e-16 6.344e-16 2.860e-16 130.9422 697.47
DG2277 -41.8770 -9.4563 7.821e-16 6.373e-16 2.746e-16 119.1782 694.94
DG2278 -40.2685 -8.6022 1.223e-15 9.699e-16 3.671e-16 130.9816 696.19
DG2279 -41.4753 -9.0054 7.263e-16 5.928e-16 2.545e-16 105.2617 698.07
DG2280 -41.1613 -9.3823 5.705e-16 4.127e-16 1.762e-16 158.7757 699.77
DG2281 -41.6476 -10.0187 9.032e-16 7.208e-16 3.482e-16 125.8117 698.64
DG2282 -40.8010 -10.1715 6.540e-16 5.705e-16 2.375e-16 227.2121 699.26
DG2283 -39.3131 -8.4074 9.357e-16 7.029e-16 3.290e-16 117.9408 702.46
DG2284 -41.1024 -10.0477 7.841e-16 7.275e-16 2.999e-16 127.5888 699.07
DG2285 -41.8804 -10.2602 9.152e-16 7.152e-16 3.337e-16 135.5729 700.94
DG2286 -41.0228 -9.0665 9.142e-16 7.500e-16 3.363e-16 117.0022 700.49
DG2287 -41.9008 -10.2461 9.643e-16 7.422e-16 3.422e-16 134.9265 697.83
DG2288 -40.2320 -9.1996 8.543e-16 7.094e-16 3.124e-16 124.2465 699.51
DG2289 -41.0310 -9.0991 7.426e-16 6.218e-16 2.680e-16 112.9144 701.61
DG2290 -40.7716 -9.8318 6.468e-16 4.659e-16 2.109e-16 275.8561 695.04
DG2291 -39.4209 -9.2776 1.150e-15 9.615e-16 3.537e-16 112.4918 695.61
DG2292 -41.5549 -9.1380 1.153e-15 8.749e-16 3.533e-16 118.6987 701.04
DG2293 -40.9173 -8.9097 5.339e-16 4.553e-16 2.036e-16 131.6185 698.32
DG2294 -39.6301 -8.8168 5.809e-26 1.548e-27 6.263e-33 138.0409 698.53
DG2295 -40.2275 -9.6099 5.834e-16 4.128e-16 2.060e-16 270.5801 697.28
DG2330 20.7742 -9.3962 1.998e-15 1.445e-15 5.934e-16 279.2005 357.71
DG2357 -6.4956 -32.8870 3.101e-16 2.298e-16 1.020e-16 143.1643 851.51
DG2358 -6.3014 -33.0155 5.117e-26 1.525e-27 6.781e-33 98.9343 851.79
DG2359 -6.3077 -33.1507 4.356e-16 3.196e-16 1.547e-16 76.3958 852.23
DG2360 -6.6612 -33.0385 4.110e-16 3.272e-16 1.689e-16 79.0226 853.0
DG2361 -6.4383 -32.7790 4.013e-16 3.643e-16 1.669e-16 89.3052 850.92
DG2362 -6.5152 -33.2229 2.908e-16 2.426e-16 1.034e-16 97.2713 851.44
DG2363 -6.2670 -32.7918 4.591e-16 3.559e-16 1.702e-16 84.085 850.18
DG2372 13.4006 -28.4611 7.443e-15 5.938e-15 2.105e-15 718.6961 350.07
DG2373 14.2242 -27.7223 3.122e-15 2.604e-15 1.215e-15 243.4255 353.3
DG2374 13.5504 -28.1191 2.874e-15 2.186e-15 9.715e-16 221.2418 350.23
DG2375 13.7125 -29.1573 2.889e-15 2.399e-15 1.092e-15 211.3523 350.22
DG2376 13.9985 -27.6813 2.806e-15 2.290e-15 9.064e-16 207.0012 351.67
DG2377 13.9471 -28.7348 3.016e-15 2.292e-15 1.119e-15 257.5658 353.39
DG2378 12.9342 -28.8874 3.473e-15 2.711e-15 1.098e-15 249.1216 352.32
DG2379 14.3393 -28.6044 8.543e-26 2.061e-27 9.561e-33 235.4165 349.63
DG2380 12.6996 -28.3408 2.890e-15 2.442e-15 8.807e-16 212.2584 351.24
DG2381 13.5909 -28.7765 3.447e-15 3.092e-15 1.356e-15 216.7069 349.76
DG2382 12.7331 -28.3092 2.893e-15 2.309e-15 1.034e-15 211.8068 349.85
DG2383 14.0366 -27.3557 2.795e-15 2.185e-15 9.964e-16 196.778 349.81
DG2384 13.3365 -28.8057 2.561e-15 2.130e-15 9.617e-16 209.7712 349.86
DG2385 -39.2422 11.6767 5.943e-16 4.822e-16 2.108e-16 221.5212 663.79
DG2386 -39.2471 11.5754 8.350e-16 6.723e-16 3.088e-16 117.9446 661.87
DG2387 -39.3464 11.4468 8.242e-16 6.258e-16 3.049e-16 103.1107 663.24
DG2388 -39.3221 11.6439 5.475e-26 1.349e-27 6.738e-33 126.2741 664.28
DG2389 -38.8561 11.4717 5.353e-16 4.355e-16 2.003e-16 130.7438 662.6
DG2390 -38.8690 11.5575 8.011e-16 6.647e-16 3.080e-16 121.2059 661.34
DG2437 18.5418 7.2312 2.011e-15 1.509e-15 4.995e-16 291.9631 682.05
DG2438 17.9715 7.0951 7.428e-16 6.028e-16 2.478e-16 114.4832 673.51
DG2439 18.8785 7.9125 1.040e-15 8.118e-16 3.141e-16 101.2235 684.08
DG2440 19.0638 7.4407 7.202e-16 5.962e-16 2.383e-16 114.4287 681.43
DG2441 19.0343 7.1005 5.346e-26 1.403e-27 6.813e-33 105.9429 677.85
DG2442 18.6494 5.9098 7.869e-16 6.243e-16 2.625e-16 117.5632 676.46
DG2443 17.3287 7.5767 5.082e-16 4.142e-16 1.908e-16 136.1829 681.5
DG2444 19.1862 8.5531 8.605e-16 7.189e-16 2.940e-16 127.7194 682.74
DG2445 18.7260 8.0247 8.015e-16 6.112e-16 2.643e-16 123.4745 679.95
DG2446 17.8072 6.3885 5.624e-16 4.411e-16 2.026e-16 137.7095 673.15
DG2447 17.2695 7.0160 7.324e-16 5.747e-16 2.646e-16 99.14 678.65
DG2448 19.0339 8.0827 8.049e-16 6.758e-16 2.995e-16 116.5871 679.57
DG2449 17.4602 7.0818 5.736e-16 4.275e-16 2.002e-16 145.8472 686.0
DG2450 17.5851 7.5672 8.751e-16 5.929e-16 2.812e-16 111.3562 683.56
DG2451 18.9466 7.8867 7.951e-16 6.741e-16 2.774e-16 113.4885 685.83
DG2452 18.6530 8.4640 7.640e-16 5.321e-16 2.485e-16 103.8684 682.63
DG2453 18.9563 6.5833 5.807e-26 1.364e-27 6.569e-33 160.4843 685.35
DG2454 18.4156 6.2820 9.473e-16 7.300e-16 3.248e-16 122.7775 674.65
DG2455 17.2616 6.2428 7.427e-16 6.291e-16 2.621e-16 116.0598 677.54
DG2456 17.6428 7.9179 5.668e-26 1.497e-27 6.355e-33 142.9217 681.76
DG2457 18.6766 8.0648 5.314e-26 1.329e-27 6.923e-33 144.2373 682.13
DG2458 18.1045 6.0458 5.499e-16 4.868e-16 1.808e-16 112.6168 682.77
DG2459 18.5925 6.2743 6.813e-16 6.070e-16 2.745e-16 106.3891 684.35
DG2460 18.0551 7.4628 5.974e-16 4.196e-16 1.910e-16 115.1682 685.49
DG2461 18.0634 7.4698 5.334e-16 4.340e-16 2.076e-16 149.8988 671.4
DG2462 19.6624 6.9230 8.179e-16 6.614e-16 3.116e-16 129.3211 672.31
DG2463 17.3909 7.2247 7.181e-16 5.669e-16 2.578e-16 98.0454 686.05
DG2464 20.0219 7.3770 7.367e-16 6.524e-16 2.586e-16 107.9734 685.11
DG2465 19.2348 8.0353 4.759e-16 3.927e-16 1.701e-16 132.5919 672.08
DG2466 18.5993 6.6989 8.887e-16 6.906e-16 3.189e-16 133.8683 680.85
DG2467 18.9556 6.7410 6.056e-16 4.729e-16 1.998e-16 232.0733 676.31
DG2468 19.6507 8.0644 7.353e-16 6.528e-16 3.242e-16 139.948 678.88
DG2469 18.7035 8.5650 5.410e-16 4.216e-16 1.809e-16 138.0525 680.99
DG2470 17.7532 7.8370 4.985e-16 4.142e-16 1.971e-16 157.2104 674.72
DG2471 18.5880 6.1205 7.192e-16 5.686e-16 2.823e-16 113.6425 676.77
DG2472 18.8275 6.5113 5.234e-16 4.167e-16 2.176e-16 187.3872 680.45
DG2473 18.1350 8.0275 4.911e-16 4.046e-16 1.836e-16 148.2379 683.47
DG2585 34.0024 10.9211 4.892e-16 4.596e-16 1.477e-16 147.6577 1420.28
DG2586 33.8321 11.1112 9.314e-26 2.570e-27 1.329e-32 68.1839 1412.52
DG2587 33.9260 10.8747 1.984e-16 1.388e-16 6.582e-17 46.0384 1413.17
DG2588 34.1663 10.8964 2.637e-16 2.321e-16 9.534e-17 60.2257 1418.45
DG2589 34.1451 10.9535 1.842e-16 1.591e-16 7.419e-17 53.3685 1418.6
DG2590 33.9102 11.0920 1.349e-16 1.044e-16 4.861e-17 113.5257 1417.03
DG2591 34.2523 11.3641 2.032e-16 1.702e-16 7.808e-17 63.6771 1414.03
DG2592 34.5214 10.7956 1.147e-16 1.071e-16 3.897e-17 63.564 1419.03
DG2593 34.0396 10.7717 1.016e-25 2.758e-27 1.180e-32 64.5587 1416.97
DG2594 33.5851 10.6378 1.054e-25 2.640e-27 1.254e-32 60.2751 1415.67
DG2595 33.6393 10.5840 2.011e-16 1.867e-16 7.482e-17 62.1315 1414.49
DG2596 34.2809 10.8707 2.143e-16 1.734e-16 8.157e-17 48.8457 1420.07
DG2597 34.5526 11.3776 1.760e-16 1.445e-16 7.022e-17 54.4601 1411.45
DG2598 34.6744 10.8995 2.544e-16 2.433e-16 8.996e-17 63.7879 1421.04
DG2599 34.2981 11.4393 1.906e-16 1.565e-16 6.639e-17 49.573 1418.25
DG2600 34.1824 10.8836 1.852e-16 1.437e-16 7.214e-17 53.2219 1416.24
DG2601 33.4976 11.1056 1.813e-16 1.504e-16 6.828e-17 49.8309 1413.41
DG2602 33.8600 10.9624 1.327e-16 1.180e-16 5.307e-17 148.3395 1417.3
DG2603 34.0487 10.4684 1.894e-16 1.570e-16 6.681e-17 50.4617 1418.55
DG2604 34.0396 11.0650 2.319e-16 1.694e-16 7.906e-17 55.8854 1412.5
DG2605 33.7817 10.4473 9.516e-26 2.694e-27 1.220e-32 48.1223 1420.0
DG2606 34.1472 11.2741 1.887e-16 1.452e-16 6.834e-17 51.9898 1420.83
DG2607 33.6448 10.6230 1.381e-16 1.093e-16 5.013e-17 72.9832 1419.23
DG2608 34.0324 10.5604 1.665e-16 1.441e-16 6.762e-17 52.0383 1416.44
DG2806 -15.2724 36.4476 9.481e-15 7.581e-15 2.446e-15 1052.3851 319.86
DG2807 -14.8642 36.7825 4.317e-15 3.408e-15 1.503e-15 282.2545 317.84
DG2808 -15.2890 37.2874 4.172e-15 3.348e-15 1.580e-15 305.0365 319.8
DG2809 -14.7181 37.6370 3.927e-15 3.028e-15 1.519e-15 274.1784 320.17
DG2810 -15.9052 37.6933 3.837e-15 3.061e-15 1.243e-15 273.0437 319.73
DG2811 -15.1858 36.6679 3.815e-15 3.075e-15 1.249e-15 276.9254 317.13
DG2812 -14.6625 35.6184 3.453e-15 2.750e-15 1.135e-15 249.2221 320.25
DG2813 -14.9003 37.4650 4.215e-15 3.342e-15 1.586e-15 278.1966 319.59
DG2814 -14.6484 37.2069 2.729e-15 2.099e-15 9.354e-16 310.8207 316.12
DG2815 -15.7011 37.1861 2.523e-15 2.419e-15 9.664e-16 293.827 317.42
DG2873 -6.1927 27.6039 1.975e-16 1.517e-16 7.882e-17 56.8587 1537.55
DG2874 -6.1337 27.6124 1.994e-16 1.673e-16 7.566e-17 54.6456 1538.58
DG2875 -6.2148 27.6334 1.821e-16 1.517e-16 6.869e-17 51.4633 1538.55
DG2876 -6.1765 27.6638 1.053e-25 2.679e-27 1.338e-32 46.3785 1537.11
DG2878 -23.7381 14.8606 1.083e-16 8.570e-17 3.757e-17 40.3024 2198.82
DG2879 -23.7562 14.8527 9.397e-17 7.180e-17 3.455e-17 27.8709 2198.57
DG2944 17.8245 20.9535 9.553e-17 8.433e-17 3.481e-17 46.5424 1684.03
DG2998 -20.2869 26.8970 7.586e-16 5.645e-16 2.068e-16 82.9853 1166.65
DG2999 -20.2612 26.7977 2.989e-16 2.442e-16 9.917e-17 70.7603 1165.36
DG3000 -20.0008 26.8589 2.306e-16 2.405e-16 9.241e-17 66.2362 1166.87
DG3001 -20.4583 26.9970 6.782e-26 1.847e-27 9.109e-33 89.359 1166.38
DG3002 -20.0094 26.6983 2.973e-16 2.408e-16 1.042e-16 71.9309 1166.95
DG3003 -20.0649 26.7037 2.745e-16 2.224e-16 9.578e-17 58.2166 1164.49
DG3004 -20.4331 26.9547 6.686e-26 1.900e-27 9.037e-33 76.3782 1162.71
DG3005 -20.3191 27.2142 2.551e-16 2.186e-16 9.530e-17 71.6736 1166.61
DG3006 -20.2665 27.2442 2.826e-16 2.082e-16 9.818e-17 63.2051 1165.05
DG3007 -19.9392 26.8219 6.934e-26 1.926e-27 9.027e-33 85.4544 1165.08
DG3008 19.8088 -24.9319 3.022e-16 2.657e-16 1.147e-16 66.9296 1050.02
DG3009 19.7603 -24.9479 3.260e-16 2.748e-16 1.207e-16 88.9284 1049.97
DG3101 -4.1280 34.2026 3.820e-16 3.203e-16 1.385e-16 204.8323 724.44
DG3102 -3.9214 34.4884 6.474e-16 4.638e-16 2.181e-16 100.5865 725.32
DG3103 -3.9101 33.9992 6.323e-16 5.164e-16 2.700e-16 95.8926 725.91
DG3104 -4.1234 34.4437 5.329e-26 1.330e-27 7.218e-33 113.4601 724.92
DG3105 -4.0650 34.4517 7.137e-16 5.641e-16 2.701e-16 119.4514 726.15
DG3106 -4.2366 34.5274 6.195e-16 4.908e-16 2.224e-16 97.3001 726.32
DG3107 -3.9630 34.1704 6.215e-16 5.090e-16 2.185e-16 90.4635 725.04
DG3259 -16.0848 -42.9071 3.215e-16 2.788e-16 1.330e-16 115.9998 890.72
DG3260 9.2098 9.4707 6.773e-17 5.943e-17 3.131e-17 52.2224 2054.75
DG3270 -29.1238 -12.6246 9.006e-17 7.241e-17 3.294e-17 65.9114 1811.66
DG3271 -29.0534 -12.5965 1.930e-16 1.385e-16 5.344e-17 42.0679 1813.85
DG3272 -29.1747 -12.5483 1.795e-16 1.506e-16 5.990e-17 47.7262 1814.04
DG3273 -29.2051 -12.6247 9.046e-17 8.191e-17 3.500e-17 48.9484 1812.79
DG3274 -29.1878 -12.6228 1.773e-16 1.489e-16 5.984e-17 34.7615 1811.76
DG3275 -16.3984 -7.8659 1.123e-16 9.700e-17 4.232e-17 106.2857 1567.08
DG3276 -16.4456 -7.9448 1.224e-25 3.238e-27 1.574e-32 57.2961 1567.27
DG3277 -16.5302 -7.8409 1.834e-16 1.465e-16 6.602e-17 52.6227 1569.85
DG3278 -16.3720 -7.7402 1.215e-25 2.922e-27 1.576e-32 60.192 1569.85
DG3279 -16.4115 -8.0464 1.156e-25 3.463e-27 1.620e-32 54.4895 1569.23
DG3280 -16.2349 -7.8196 1.524e-16 1.384e-16 5.752e-17 44.0333 1566.79
DG3281 -16.3625 -7.8478 1.525e-16 1.353e-16 5.973e-17 49.478 1567.83
DG3282 -16.4642 -7.7797 1.616e-16 1.411e-16 6.974e-17 54.509 1569.36
DG3324 5.0440 15.4213 3.679e-16 2.771e-16 1.220e-16 144.2908 897.15
DG3325 5.1608 15.4148 4.686e-16 3.787e-16 1.762e-16 86.1879 898.78
DG3326 5.0919 15.4440 4.635e-16 3.868e-16 1.750e-16 85.511 897.26
DG3327 5.1490 15.5041 4.727e-16 4.114e-16 1.720e-16 95.1416 897.37
DG3328 5.0964 15.2923 4.726e-16 3.379e-16 1.647e-16 86.7222 897.55
DG3335 -28.5140 -14.6566 1.645e-25 4.470e-27 2.105e-32 57.828 1824.86
DG3336 -28.5378 -14.6693 1.364e-16 1.043e-16 4.591e-17 38.0429 1824.27
DG3337 -28.4795 -14.5706 1.270e-16 1.030e-16 5.074e-17 43.3792 1823.84
DG3338 -28.4906 -14.5939 1.794e-25 4.183e-27 2.246e-32 48.3684 1823.98
DG3372 30.3423 6.8557 1.184e-14 9.288e-15 2.988e-15 1052.9825 296.02
DG3373 29.0095 6.6949 4.399e-15 3.383e-15 1.460e-15 316.1958 297.2
DG3374 30.2181 7.4077 4.739e-15 3.776e-15 1.774e-15 297.1044 295.36
DG3375 28.7779 6.5422 3.180e-15 2.705e-15 9.902e-16 314.1257 294.44
DG3376 31.4842 8.1852 4.381e-15 3.451e-15 1.586e-15 293.8705 293.0
DG3377 29.9803 6.2940 1.094e-25 2.900e-27 1.248e-32 377.087 295.43
DG3378 30.3734 6.7938 1.012e-25 2.877e-27 1.190e-32 279.9697 294.0
DG3379 30.2084 8.2037 4.317e-15 3.556e-15 1.607e-15 294.418 294.75
DG3380 30.6381 6.4621 4.242e-15 3.297e-15 1.507e-15 260.2377 292.89
DG3381 29.4759 7.6361 4.512e-15 3.691e-15 1.781e-15 288.4516 292.84
DG3382 31.4200 6.1673 4.625e-15 3.340e-15 1.559e-15 286.5292 294.71
DG3383 30.8440 6.8928 4.283e-15 3.304e-15 1.745e-15 300.8368 296.18
DG3384 30.7259 5.6739 3.003e-15 2.185e-15 9.754e-16 302.8908 296.59
DG3385 30.7090 5.6718 1.134e-25 3.005e-27 1.240e-32 319.6888 296.37
DG3386 43.9127 -12.4689 3.229e-16 2.515e-16 9.727e-17 139.4608 1870.12
DG3387 43.4966 -12.4414 1.269e-16 1.098e-16 5.267e-17 38.6849 1873.18
DG3388 44.1218 -12.5232 2.014e-25 5.163e-27 2.524e-32 51.4594 1869.53
DG3389 44.0490 -12.4706 8.170e-17 6.280e-17 3.073e-17 74.1936 1869.46
DG3390 43.7733 -12.4641 8.584e-17 7.245e-17 3.283e-17 49.6623 1869.42
DG3391 44.0103 -12.4042 1.184e-16 9.761e-17 4.481e-17 36.5316 1870.82
DG3392 43.7023 -12.6595 1.292e-16 9.239e-17 4.916e-17 36.5697 1874.57
DG3393 43.8200 -12.3121 1.696e-16 1.433e-16 6.158e-17 48.1842 1869.39
DG3394 44.0648 -12.3832 1.254e-16 1.017e-16 4.368e-17 37.8291 1872.94
DG3395 43.8314 -12.2130 1.229e-16 9.861e-17 4.143e-17 38.769 1871.66
DG3396 43.9877 -12.4034 1.280e-16 1.088e-16 4.997e-17 50.4498 1869.69
DG3397 43.8774 -12.5986 1.805e-16 1.410e-16 6.082e-17 47.995 1868.81
DG3398 43.7616 -12.4775 1.162e-16 9.161e-17 3.966e-17 40.1665 1873.99
DG3441 36.8594 28.0036 9.338e-16 6.322e-16 2.383e-16 230.4544 1085.94
DG3442 37.2083 27.8927 2.366e-16 1.880e-16 8.416e-17 72.5522 1087.57
DG3443 37.4873 28.1115 6.474e-26 1.759e-27 8.136e-33 82.9647 1089.56
DG3444 37.1752 27.8013 3.684e-16 3.012e-16 1.198e-16 86.348 1089.92
DG3445 36.3688 28.0845 6.496e-26 1.747e-27 8.442e-33 75.355 1087.27
DG3446 37.0195 27.7645 2.115e-16 1.957e-16 7.946e-17 83.0338 1086.12
DG3447 37.4516 28.4227 3.726e-16 2.919e-16 1.364e-16 76.505 1089.77
DG3448 37.1752 27.7531 6.075e-26 1.707e-27 8.452e-33 83.1893 1085.75
DG3449 36.8910 27.4093 3.491e-16 3.060e-16 1.365e-16 79.0442 1089.34
DG3450 37.0530 28.0854 3.985e-16 2.805e-16 1.217e-16 84.4481 1086.31
DG3451 36.6789 27.9683 6.788e-26 1.707e-27 8.066e-33 94.3634 1084.57
DG3452 37.1347 27.7752 2.936e-16 2.665e-16 1.102e-16 75.976 1083.69
DG3453 36.8390 27.5369 6.013e-26 1.769e-27 8.155e-33 96.1728 1089.99
DG3454 37.2508 27.8584 2.865e-16 2.369e-16 1.120e-16 65.8182 1087.86
DG3455 37.3719 28.4244 3.005e-16 2.544e-16 1.074e-16 75.0519 1088.55
DG3456 24.0074 23.1397 1.009e-15 8.626e-16 3.575e-16 269.6833 464.1
DG3457 24.1053 23.5668 1.431e-15 1.146e-15 5.237e-16 146.8103 464.34
DG3458 24.3286 23.3873 1.776e-15 1.458e-15 6.127e-16 191.6087 464.24
DG3459 24.3076 23.5950 6.462e-26 1.641e-27 7.474e-33 187.8764 463.22
DG3460 24.1134 23.0885 1.521e-15 1.260e-15 5.841e-16 207.8897 463.78
DG3461 24.3385 23.4159 1.346e-15 1.119e-15 4.594e-16 149.8048 463.12
DG3462 24.6953 43.9614 3.993e-15 2.734e-15 9.803e-16 428.4105 532.09
DG3463 24.4535 44.4466 1.676e-15 1.285e-15 6.213e-16 172.9713 533.79
DG3464 23.7394 43.3667 1.544e-15 1.186e-15 5.012e-16 136.8819 534.01
DG3465 25.0225 43.2409 9.604e-16 8.302e-16 3.429e-16 177.9067 533.14
DG3466 24.5591 43.4254 1.477e-15 1.157e-15 4.832e-16 153.8874 532.96
DG3468 24.3506 43.0246 1.174e-15 9.672e-16 3.567e-16 183.5552 533.76
DG3469 25.6411 44.7575 1.621e-15 1.262e-15 5.843e-16 191.6484 530.79
DG3470 24.0847 43.4452 1.531e-15 1.295e-15 6.258e-16 206.7604 532.35
DG3471 24.7382 44.9771 1.751e-15 1.398e-15 5.884e-16 189.2877 531.18
DG3472 25.5077 44.5688 1.071e-15 8.864e-16 3.432e-16 214.8878 532.4
DG3473 25.4701 44.1468 1.520e-15 1.122e-15 5.350e-16 169.4625 531.5
DG3557 -21.5005 -29.7499 2.574e-16 2.350e-16 1.013e-16 80.1358 1124.99
DG3558 -21.6182 -29.7821 2.949e-16 2.380e-16 9.764e-17 67.372 1125.11
DG3559 -21.6207 -29.8537 2.824e-16 2.188e-16 1.086e-16 66.1299 1124.43
DG3628 24.4620 8.5921 2.165e-14 1.614e-14 5.766e-15 1443.832 160.5
DG3629 25.2098 9.1373 8.950e-15 7.191e-15 2.661e-15 377.4565 158.72
DG3630 24.3304 9.3535 8.492e-15 6.918e-15 3.233e-15 369.3694 162.0
DG3631 23.1200 9.5509 7.980e-15 5.912e-15 2.980e-15 376.647 162.05
DG3632 23.3786 9.1193 7.090e-15 6.267e-15 2.903e-15 346.8516 163.02
DG3633 25.8965 8.3221 7.730e-15 5.965e-15 2.966e-15 385.6129 159.93
DG3634 23.7565 9.5498 8.828e-15 7.102e-15 3.079e-15 397.4157 158.25
DG3635 24.0397 8.1779 1.119e-14 7.979e-15 3.566e-15 348.7745 158.06
DG3636 24.8199 8.5418 8.939e-15 6.913e-15 3.230e-15 406.265 157.8
DG3637 23.1393 8.5642 8.614e-15 6.897e-15 3.039e-15 439.0928 158.01
DG3638 23.8877 9.7350 7.954e-15 6.793e-15 3.007e-15 356.1303 159.94
DG3639 23.8843 7.7081 7.186e-15 6.922e-15 2.447e-15 360.4641 161.11
DG3708 15.1930 40.5359 9.459e-17 7.761e-17 3.696e-17 31.0624 2139.55
DG3709 15.1426 40.4570 8.931e-17 7.750e-17 3.866e-17 40.4661 2138.95
DG3710 15.1094 40.4506 7.296e-17 5.258e-17 2.778e-17 63.6836 2138.77
DG3711 -31.9189 22.0649 9.766e-16 8.273e-16 3.569e-16 208.2682 458.54
DG3712 -31.6883 22.3254 1.590e-15 1.397e-15 6.200e-16 156.4245 457.75
DG3904 -28.2073 33.3572 1.676e-15 1.313e-15 5.734e-16 221.5706 381.95
DG3965 -39.3059 30.6251 2.011e-16 1.709e-16 8.153e-17 130.0401 1122.08
DG3966 -39.3544 30.4619 3.344e-16 2.738e-16 1.297e-16 71.837 1122.13
DG3967 -39.1903 30.4543 2.288e-16 1.723e-16 7.832e-17 80.2234 1122.62
DG3968 -39.0776 30.5898 3.030e-16 2.385e-16 1.102e-16 58.2661 1123.63
DG3969 -39.5438 30.8386 3.184e-16 2.291e-16 1.048e-16 61.8879 1122.82
DG3970 -38.9898 30.4398 2.230e-16 1.801e-16 8.035e-17 70.6863 1122.44
DG3971 -39.1697 30.5486 4.274e-16 3.602e-16 1.414e-16 63.0916 1123.08
DG3988 9.6068 -24.1832 2.925e-16 2.666e-16 1.136e-16 96.7061 905.1
DG4041 -6.3088 -34.3366 8.605e-16 6.867e-16 3.075e-16 254.2768 528.38
DG4042 -6.0274 -34.3607 5.573e-26 1.539e-27 6.586e-33 154.595 530.31
DG4043 -6.1266 -34.2432 5.687e-26 1.373e-27 7.091e-33 154.6532 528.26
DG4044 -5.9338 -33.9730 5.488e-26 1.545e-27 6.833e-33 154.9446 530.39
DG4045 -6.3311 -34.2131 7.632e-16 6.166e-16 2.876e-16 185.5753 528.32
DG4046 -6.1732 -33.9258 1.125e-15 9.817e-16 4.506e-16 154.4236 528.38
DG4156 -2.3543 37.6365 2.372e-16 1.961e-16 8.472e-17 145.6524 1023.58
DG4157 -2.3225 37.4056 3.156e-16 2.491e-16 1.081e-16 65.1909 1021.05
DG4158 -2.4965 37.7557 2.184e-16 1.886e-16 8.814e-17 101.9444 1022.31
DG4159 -2.2293 37.5851 3.075e-16 2.594e-16 1.082e-16 63.0144 1023.39
DG4160 -2.3909 37.3112 6.338e-26 1.699e-27 8.086e-33 97.1367 1020.8
DG4161 -2.2523 37.5441 2.687e-16 1.801e-16 8.706e-17 94.5578 1022.78
DG4162 -2.1926 37.3335 3.511e-16 2.787e-16 1.267e-16 81.7986 1023.55
DG4163 -2.2133 37.5571 3.654e-16 2.797e-16 1.342e-16 68.0161 1023.31
DG4195 23.4208 -38.7484 8.042e-16 6.222e-16 2.985e-16 151.7599 507.95
DG4220 27.7173 -13.0754 3.134e-15 2.330e-15 7.933e-16 309.8746 540.34
DG4221 28.2931 -13.2982 8.592e-16 6.670e-16 3.093e-16 227.5961 540.94
DG4222 27.6676 -12.8316 9.063e-16 6.645e-16 2.848e-16 331.083 547.37
DG4223 26.8447 -13.4325 6.019e-26 1.348e-27 6.657e-33 146.1336 542.0
DG4224 26.5746 -13.8693 1.290e-15 1.054e-15 4.589e-16 167.7832 544.74
DG4225 27.3547 -12.7912 7.202e-16 5.760e-16 2.606e-16 286.784 537.81
DG4226 28.3072 -12.2588 9.878e-16 9.374e-16 3.851e-16 147.2749 540.39
DG4227 27.7625 -13.2601 6.842e-16 6.749e-16 2.374e-16 339.7882 539.2
DG4228 26.8943 -12.8259 6.307e-26 1.382e-27 7.136e-33 152.8693 541.98
DG4229 28.7207 -12.3144 5.737e-26 1.552e-27 7.130e-33 165.9209 538.21
DG4230 28.9123 -12.4518 1.184e-15 1.066e-15 5.011e-16 167.3118 541.13
DG4231 28.7187 -12.0508 1.215e-15 9.127e-16 4.172e-16 152.0363 546.08
DG4232 27.8552 -12.7826 9.843e-16 8.876e-16 3.875e-16 147.4039 542.62
DG4233 28.0160 -14.2493 1.159e-15 8.850e-16 3.878e-16 132.5541 540.49
DG4234 27.6341 -14.2234 5.884e-26 1.440e-27 6.732e-33 175.7873 540.69
DG4235 27.8888 -13.4355 1.091e-15 9.304e-16 3.727e-16 138.5273 544.32
DG4236 26.3323 -13.3240 1.267e-15 9.793e-16 4.479e-16 154.1086 543.26
DG4237 28.6150 -13.1636 5.634e-26 1.470e-27 6.865e-33 177.8141 538.8
DG4238 26.4339 -13.2346 8.757e-16 6.275e-16 2.873e-16 148.1632 544.3
DG4239 27.2817 -13.7709 8.256e-16 6.387e-16 3.066e-16 228.82 538.18
DG4240 26.2910 -12.9937 1.102e-15 1.052e-15 4.573e-16 153.7075 537.79
DG4241 26.3667 -12.7882 6.799e-16 6.338e-16 2.796e-16 182.8424 543.11
DG4242 28.3130 -13.9362 8.383e-16 6.787e-16 2.886e-16 132.5142 540.82
DG4243 28.5094 -13.8534 1.246e-15 1.088e-15 5.084e-16 170.7416 542.45
DG4244 27.9036 -14.2739 1.085e-15 9.120e-16 4.006e-16 136.8534 542.65
DG4250 -18.6269 -38.3714 4.464e-15 3.436e-15 1.308e-15 444.9122 415.21
DG4251 -18.9868 -39.3110 1.107e-15 9.134e-16 3.973e-16 230.0056 419.12
DG4252 -18.3070 -39.5307 2.003e-15 1.489e-15 6.766e-16 190.8095 416.76
DG4253 -19.7891 -38.7774 1.641e-15 1.480e-15 6.009e-16 184.5804 417.04
DG4254 -18.5255 -36.8323 1.800e-15 1.624e-15 7.467e-16 219.254 415.84
DG4255 -18.7124 -38.1244 1.327e-15 9.769e-16 4.665e-16 288.263 417.1
DG4256 -17.4895 -37.8162 1.685e-15 1.416e-15 5.844e-16 192.9728 420.34
DG4257 -17.7458 -37.3434 1.323e-15 1.058e-15 4.906e-16 235.7787 417.31
DG4258 -19.9299 -39.2342 2.018e-15 1.690e-15 7.139e-16 207.1348 417.15
DG4259 -19.7222 -39.0293 6.681e-26 1.574e-27 7.931e-33 194.1333 415.33
DG4260 -19.9152 -38.6252 1.707e-15 1.583e-15 6.646e-16 177.7552 420.14
DG4261 -18.8160 -39.1083 1.738e-15 1.380e-15 5.551e-16 172.0334 420.48
DG4262 -19.4851 -38.7778 1.742e-15 1.448e-15 6.101e-16 159.7805 416.82
DG4263 -19.9633 -39.5599 7.142e-26 1.887e-27 8.667e-33 221.4043 419.45
DG4264 -19.7749 -39.7878 1.974e-15 1.530e-15 7.483e-16 196.6953 415.44
DG4265 -19.9739 -37.9138 1.956e-15 1.545e-15 7.304e-16 206.3691 421.45
DG4266 -18.4274 -39.0507 1.706e-15 1.270e-15 6.168e-16 156.6626 420.67
DG4309 -28.9519 42.1285 1.134e-16 8.673e-17 4.639e-17 45.9955 2003.35
DG4310 -28.9708 42.1872 1.057e-16 8.759e-17 4.060e-17 38.271 2003.32
DG4359 -39.5089 -33.4358 8.936e-17 8.132e-17 3.742e-17 37.2145 2088.4
DG4360 -39.5595 -33.4569 9.380e-17 7.506e-17 3.603e-17 32.3835 2087.96
DG4377 5.4876 22.6835 4.014e-16 2.909e-16 1.023e-16 117.5049 1788.92
DG4378 5.2104 22.7074 1.750e-25 4.639e-27 2.198e-32 52.9652 1790.0
DG4379 5.3675 22.6607 1.611e-25 4.148e-27 2.140e-32 51.7169 1790.93
DG4380 5.6565 22.8579 1.338e-16 1.028e-16 4.482e-17 36.9527 1789.53
DG4381 5.7017 22.5165 9.346e-17 7.997e-17 3.479e-17 53.6282 1791.65
DG4382 5.3077 22.7617 1.554e-25 4.333e-27 2.059e-32 43.3996 1792.65
DG4383 5.4559 22.7438 1.236e-16 1.032e-16 5.042e-17 48.6909 1788.37
DG4384 5.7701 22.5213 1.356e-16 1.187e-16 5.396e-17 46.9925 1793.51
DG4385 5.3904 22.8060 1.340e-16 1.090e-16 4.803e-17 40.6477 1789.85
DG4386 5.4583 22.6394 8.728e-17 8.160e-17 3.786e-17 117.6215 1792.99
DG4387 5.3217 22.5820 1.371e-16 1.083e-16 4.609e-17 36.4337 1786.25
DG4388 5.1589 22.7694 1.562e-25 4.307e-27 2.173e-32 58.991 1792.81
DG4389 5.3932 22.4842 1.380e-16 1.266e-16 5.762e-17 43.2279 1793.84
DG4390 5.4390 22.8724 8.714e-17 7.356e-17 3.048e-17 53.0452 1793.89
DG4391 5.4174 22.7635 1.399e-16 1.185e-16 5.643e-17 45.3353 1792.63
DG4392 5.3831 22.7706 1.307e-16 1.074e-16 4.948e-17 42.12 1789.03
DG4393 5.6163 22.9122 9.821e-17 7.369e-17 3.457e-17 49.889 1793.62
DG4394 5.4679 22.6300 1.439e-16 1.068e-16 5.499e-17 52.8557 1789.12
DG4395 5.3199 22.5782 1.393e-16 1.211e-16 5.847e-17 43.1213 1793.28
DG4409 0.8758 -40.7388 6.027e-16 4.758e-16 2.161e-16 207.6263 630.89
DG4410 0.9654 -41.0749 5.520e-26 1.527e-27 6.501e-33 128.9706 630.13
DG4411 0.8823 -40.8438 5.294e-26 1.351e-27 6.576e-33 162.5274 630.18
DG4412 1.0469 -41.0179 8.667e-16 6.876e-16 3.014e-16 125.5801 630.78
DG4413 0.7412 -40.6802 1.310e-15 9.262e-16 3.722e-16 111.1599 630.12
DG4524 -18.1973 -35.5293 3.410e-16 2.630e-16 8.109e-17 118.1589 1955.52
DG4525 -18.1347 -35.4554 1.221e-16 1.043e-16 5.097e-17 41.0985 1958.38
DG4526 -18.1901 -35.5282 1.141e-16 8.520e-17 4.409e-17 36.0866 1956.46
DG4527 -18.2013 -35.4439 1.055e-16 8.569e-17 3.908e-17 32.6678 1954.02
DG4528 -18.0792 -35.3844 1.110e-16 9.327e-17 4.147e-17 36.694 1954.76
DG4529 -18.4418 -35.4601 2.001e-25 5.210e-27 2.830e-32 46.6602 1956.65
DG4530 -18.3692 -35.3323 1.307e-16 1.005e-16 4.553e-17 44.4573 1954.47
DG4531 -18.2650 -35.7135 1.040e-16 9.374e-17 4.361e-17 35.6126 1953.51
DG4532 -18.1685 -35.5110 1.042e-16 8.521e-17 3.657e-17 36.5997 1957.25
DG4533 -18.1093 -35.2360 1.159e-16 8.962e-17 4.131e-17 34.4045 1957.51
DG4534 -18.3096 -35.5409 7.803e-17 5.981e-17 3.054e-17 81.2875 1953.77
DG4535 -18.3998 -35.8130 1.073e-16 9.908e-17 4.334e-17 41.1298 1952.77
DG4536 -18.2184 -35.8551 7.948e-17 6.053e-17 2.951e-17 50.7346 1953.85
DG4537 -18.4334 -35.3799 1.740e-16 1.334e-16 5.511e-17 48.5903 1959.25
DG4538 -18.4762 -35.5858 1.118e-16 8.525e-17 4.236e-17 36.7134 1959.2
DG4539 -18.2676 -35.7496 1.053e-16 9.771e-17 4.039e-17 40.9398 1956.69
DG4607 38.5225 17.8806 3.892e-14 2.801e-14 9.121e-15 1504.5681 143.42
DG4608 40.7611 17.1164 1.973e-14 1.464e-14 6.183e-15 454.911 145.02
DG4609 39.1416 18.7571 1.539e-14 1.197e-14 4.735e-15 463.9431 144.21
DG4610 41.3360 19.2494 1.957e-14 1.422e-14 6.206e-15 502.0075 144.27
DG4611 39.2141 19.2172 2.730e-25 6.718e-27 3.026e-32 615.0075 142.05
DG4612 34.7891 18.4519 2.437e-25 6.945e-27 3.115e-32 514.196 142.17
DG4613 36.2389 15.3349 2.679e-25 6.502e-27 3.120e-32 643.5401 142.72
DG4614 39.4279 18.7660 2.555e-25 5.880e-27 2.728e-32 686.2662 144.37
DG4615 40.7007 19.3663 1.185e-14 1.142e-14 4.582e-15 506.9195 142.73
DG4616 38.7502 18.6851 2.317e-25 6.089e-27 3.053e-32 568.7916 142.72
DG4617 41.1234 17.5123 1.488e-14 1.280e-14 5.341e-15 515.1732 145.71
DG4618 40.9051 20.4271 1.312e-14 1.165e-14 4.283e-15 513.1861 144.98
DG4856 -29.4022 -18.9673 2.551e-16 2.527e-16 9.456e-17 93.6521 982.08
DG4873 8.8584 -19.1151 5.828e-26 1.414e-27 6.797e-33 121.2521 718.15
DG4874 8.8297 -19.0910 5.478e-16 4.554e-16 2.105e-16 200.4237 717.45
DG4877 43.2315 29.0415 8.675e-16 7.341e-16 2.321e-16 203.5909 1084.16
DG4878 43.4173 28.8569 4.571e-16 3.541e-16 1.431e-16 66.8411 1083.13
DG4879 43.0753 29.2097 2.993e-16 2.500e-16 1.066e-16 63.2875 1082.91
DG4880 43.0322 28.9028 3.297e-16 2.733e-16 1.228e-16 77.4474 1082.33
DG4881 43.5618 29.2581 5.914e-26 1.622e-27 8.720e-33 98.2966 1085.79
DG4882 43.5915 28.7703 2.769e-16 2.694e-16 1.192e-16 75.0303 1085.11
DG4883 42.8303 28.7710 3.567e-16 2.706e-16 1.399e-16 86.9393 1086.16
DG4884 43.0789 29.1532 6.487e-26 1.627e-27 8.432e-33 88.0637 1086.03
DG4885 42.8003 28.5955 4.434e-16 3.773e-16 1.550e-16 67.8724 1083.91
DG4886 43.5140 29.3289 6.699e-26 1.641e-27 8.392e-33 81.347 1084.93
DG4947 20.1942 -11.5986 2.958e-16 2.160e-16 7.372e-17 96.5355 2100.8
DG4948 20.0876 -11.7486 1.333e-16 1.121e-16 4.354e-17 32.0398 2099.09
DG4949 20.3775 -12.0085 1.076e-16 8.394e-17 3.651e-17 36.8883 2100.88
DG4950 20.4317 -11.6911 7.975e-17 6.295e-17 2.856e-17 64.1189 2096.88
DG4951 20.2105 -11.2648 2.964e-25 8.163e-27 4.051e-32 39.0554 2094.87
DG4952 20.0711 -11.5437 3.269e-25 8.220e-27 4.290e-32 41.2413 2096.95
DG4953 20.3967 -11.4829 3.118e-25 8.338e-27 4.003e-32 48.4433 2098.88
DG4954 19.8948 -11.6707 1.056e-16 8.449e-17 4.149e-17 37.3964 2102.85
DG4955 19.8262 -11.8033 7.059e-17 5.424e-17 2.484e-17 45.4576 2101.87
DG4956 20.2485 -11.6058 8.354e-17 7.643e-17 3.262e-17 33.8164 2096.65
DG4957 20.0867 -12.1272 9.409e-17 7.537e-17 3.306e-17 35.2807 2101.06
DG4958 19.8893 -11.7889 5.677e-17 5.116e-17 2.361e-17 47.2416 2092.99
DG4959 20.2807 -11.3085 6.534e-17 5.507e-17 2.495e-17 51.1141 2096.67
DG4960 20.4551 -12.0024 9.547e-17 7.639e-17 3.725e-17 37.1916 2101.0
DG4961 20.3858 -11.8822 6.530e-17 5.670e-17 2.544e-17 53.3399 2093.03
DG4962 20.0511 -11.5827 6.306e-17 4.784e-17 2.523e-17 43.4478 2100.32
DG4963 19.8429 -11.8109 3.460e-25 9.411e-27 4.170e-32 46.9992 2094.41
DG4964 19.7827 -11.3959 8.803e-17 7.130e-17 3.271e-17 33.2667 2097.7
DG4965 20.4581 -11.6250 3.140e-25 8.229e-27 4.035e-32 29.9935 2094.94
DG4966 20.0920 -11.7352 2.754e-25 9.076e-27 4.310e-32 40.0871 2100.99
DG4967 20.2189 -11.1770 1.006e-16 8.263e-17 3.880e-17 41.088 2098.99
DG4968 19.9012 -11.4849 1.021e-16 8.117e-17 4.042e-17 39.6797 2102.56
DG4969 20.2440 -11.5013 9.360e-17 7.530e-17 3.530e-17 29.2135 2091.96
DG4970 20.2272 -11.7627 9.612e-17 7.700e-17 3.454e-17 33.4454 2091.56
DG4971 20.4080 -12.0564 3.093e-25 7.642e-27 4.357e-32 43.0605 2103.51
DG4972 20.2833 -12.0403 9.187e-17 7.924e-17 3.422e-17 36.1264 2098.06
DG4973 20.6411 -11.8250 8.830e-17 6.961e-17 3.311e-17 34.4726 2094.92
DG4974 20.6466 -11.7505 8.941e-17 7.872e-17 3.773e-17 34.2008 2092.03
DG4975 20.0159 -11.1533 3.503e-25 9.277e-27 4.260e-32 42.5061 2095.54
DG4976 20.3887 -11.7485 9.148e-17 7.619e-17 3.329e-17 32.1108 2100.62
DG4977 20.7182 -11.4047 1.451e-16 1.195e-16 4.425e-17 40.1287 2097.08
DG4978 20.0930 -11.3623 3.306e-25 8.717e-27 4.098e-32 45.5358 2099.92
DG4979 20.1392 -11.9358 9.444e-17 8.239e-17 4.049e-17 36.9232 2094.1
DG4980 20.2399 -12.0835 9.635e-17 6.458e-17 3.466e-17 36.7261 2093.95
DG4981 20.2446 -11.7564 8.943e-17 7.761e-17 3.399e-17 34.7464 2091.3
DG4982 20.5672 -11.5783 1.336e-16 1.093e-16 4.883e-17 36.9024 2094.56
DG4983 19.8696 -11.3492 3.250e-25 8.405e-27 4.654e-32 44.5699 2093.82
DG4984 20.1525 -11.2133 9.690e-17 9.121e-17 3.669e-17 41.486 2099.04
DG4985 20.5608 -11.5492 3.289e-25 8.664e-27 4.297e-32 47.4049 2105.07
DG4987 3.0550 -40.9316 9.325e-16 6.613e-16 2.268e-16 158.46 1095.69
DG4988 2.9384 -41.6300 4.651e-16 3.562e-16 1.540e-16 73.2983 1096.48
DG4989 3.2659 -40.6964 2.411e-16 2.004e-16 9.515e-17 83.8416 1097.77
DG4990 3.0816 -40.7893 2.113e-16 1.895e-16 8.413e-17 140.7712 1095.67
DG4991 2.7913 -40.5811 6.556e-26 1.827e-27 7.806e-33 92.4867 1095.71
DG4992 3.1416 -41.2813 2.164e-16 1.865e-16 9.005e-17 110.2584 1098.2
DG4993 2.9864 -41.2154 2.409e-16 2.175e-16 9.271e-17 133.902 1098.43
DG4994 3.3810 -40.8045 3.486e-16 3.145e-16 1.281e-16 89.6053 1098.13
DG4995 3.3026 -40.9583 6.411e-26 1.696e-27 7.729e-33 87.1328 1095.46
DG4996 3.0341 -40.4517 3.285e-16 2.776e-16 1.241e-16 64.7535 1098.03
DG4997 3.0300 -41.0273 3.390e-16 2.683e-16 1.235e-16 71.7422 1097.61
DG4998 3.2964 -41.0576 6.503e-26 1.731e-27 8.355e-33 71.673 1096.33
DG4999 2.6468 -40.8311 2.016e-16 1.765e-16 7.683e-17 115.7107 1096.55
DG5000 3.2238 -40.4817 3.006e-16 2.584e-16 1.158e-16 71.7157 1102.49
DG5001 3.1359 -41.6911 5.998e-26 1.739e-27 8.076e-33 106.6127 1096.64
DG5002 3.2074 -40.7859 2.168e-16 1.594e-16 7.844e-17 145.6919 1099.56
DG5003 3.1427 -40.4032 2.392e-16 1.831e-16 8.110e-17 113.792 1098.37
DG5004 2.9089 -41.5811 5.852e-26 1.678e-27 8.290e-33 80.5281 1097.21
DG5005 3.0933 -40.5749 3.469e-16 3.263e-16 1.306e-16 76.228 1097.41
DG5007 12.5834 6.6850 4.118e-16 3.405e-16 1.440e-16 83.21 993.61
DG5008 12.5328 6.6836 6.317e-26 1.619e-27 7.283e-33 87.1154 994.37
DG5009 12.5830 6.6339 3.318e-16 2.675e-16 1.228e-16 73.817 993.81
DG5010 12.4318 6.5872 6.629e-26 1.647e-27 7.106e-33 79.0189 993.88
DG5047 9.8970 13.4819 7.638e-15 5.985e-15 2.739e-15 1349.9367 184.49
DG5048 10.3496 13.1229 1.727e-14 1.332e-14 4.871e-15 493.8758 183.31
DG5049 10.3724 14.0502 1.291e-14 1.013e-14 4.767e-15 518.3144 183.84
DG5050 10.3506 15.0189 1.161e-14 8.564e-15 3.702e-15 412.3911 181.19
DG5051 10.2464 12.0790 1.267e-14 9.560e-15 3.929e-15 422.7467 181.54
DG5052 8.3552 12.7509 1.238e-14 9.622e-15 4.662e-15 531.7123 184.21
DG5053 9.5939 13.4620 7.618e-15 6.303e-15 2.982e-15 1030.2683 183.0
DG5054 9.5277 12.5633 1.274e-14 8.715e-15 3.829e-15 457.2609 184.45
DG5055 10.1315 14.5563 1.011e-14 8.626e-15 3.604e-15 468.2009 183.44
DG5073 -32.1321 24.8874 4.491e-16 3.798e-16 1.518e-16 190.6027 752.52
DG5074 -32.3744 24.6755 5.572e-16 4.788e-16 1.913e-16 77.45 751.43
DG5075 -31.9001 24.7792 5.276e-16 4.554e-16 2.014e-16 93.0695 750.31
DG5076 -32.0871 25.1856 4.364e-16 3.423e-16 1.496e-16 104.3562 751.67
DG5077 -32.4473 24.8946 5.375e-26 1.364e-27 6.201e-33 104.3043 751.45
DG5078 -32.0872 24.9504 6.335e-16 4.452e-16 2.297e-16 93.6328 752.24
DG5170 12.7912 7.5901 1.424e-16 1.188e-16 5.029e-17 78.2327 1371.45
DG5171 12.9096 7.5876 2.250e-16 1.688e-16 7.337e-17 59.0012 1371.07
DG5172 12.8935 7.5585 3.157e-16 2.722e-16 1.046e-16 58.9625 1372.33
DG5173 12.8660 7.5640 2.064e-16 1.791e-16 7.677e-17 50.6035 1370.54
DG5205 -32.4553 28.3515 1.450e-15 1.041e-15 4.816e-16 210.3583 385.35
DG5206 -32.0580 28.4695 1.922e-15 1.566e-15 6.089e-16 174.0752 385.51
DG5250 -8.7202 -11.3476 3.571e-16 2.906e-16 1.397e-16 88.0392 1024.65
DG5251 -8.6023 -11.3589 3.897e-16 3.153e-16 1.269e-16 79.372 1025.23
DG5252 -8.7244 -11.4912 5.551e-16 4.070e-16 1.641e-16 80.8711 1024.41
DG5253 -8.5435 -11.3972 5.494e-26 1.699e-27 7.195e-33 72.3528 1025.17
DG5300 -4.9036 -23.3383 1.106e-15 9.263e-16 3.975e-16 163.4432 617.09
DG5301 -5.0756 -23.2991 5.161e-26 1.513e-27 6.777e-33 140.521 617.06
DG5516 -12.4880 11.7015 6.510e-16 5.458e-16 2.381e-16 156.8293 623.79
DG5534 11.2954 -43.4106 1.070e-14 7.353e-15 2.408e-15 456.116 255.43
DG5535 10.2077 -43.0833 3.996e-15 3.059e-15 1.312e-15 240.5407 255.7
DG5536 12.7356 -44.1909 3.492e-15 2.848e-15 1.323e-15 237.8611 252.62
DG5537 12.4370 -43.8332 2.838e-15 2.291e-15 9.411e-16 322.0123 255.7
DG5538 11.3728 -43.6489 4.194e-15 2.940e-15 1.291e-15 287.5969 251.08
DG5539 9.7197 -43.3099 4.405e-15 3.657e-15 1.551e-15 344.1361 253.85
DG5540 10.7154 -41.8275 3.645e-15 3.105e-15 1.165e-15 231.3584 251.97
DG5541 13.1078 -44.0794 1.134e-25 2.661e-27 1.281e-32 337.0709 250.23
DG5542 9.5410 -40.4906 3.579e-15 2.984e-15 1.271e-15 282.4297 253.31
DG5543 10.6144 -43.0831 2.834e-15 2.076e-15 8.900e-16 608.4587 250.52
DG5545 11.0465 -41.1194 3.432e-15 2.799e-15 1.223e-15 230.3293 252.88
DG5546 11.7575 -44.3449 1.075e-25 2.631e-27 1.157e-32 317.4276 250.13
DG5547 10.6601 -41.4245 3.382e-15 2.828e-15 1.277e-15 284.4667 250.32
DG5548 12.7936 -44.1209 3.905e-15 3.449e-15 1.555e-15 277.8578 251.46
DG5549 10.0094 -44.8079 9.593e-26 2.581e-27 1.237e-32 343.3421 251.8
DG5550 11.0598 -41.7437 5.326e-15 4.403e-15 1.548e-15 271.9285 253.54
DG5551 10.5898 -44.7747 2.765e-15 2.093e-15 8.802e-16 304.6297 251.72
DG5552 9.7299 -43.0648 4.421e-15 3.618e-15 1.545e-15 275.7049 251.61
DG5553 13.2759 -43.2973 4.028e-15 3.129e-15 1.258e-15 278.8874 251.3
DG5560 -6.1822 -25.6802 1.077e-16 7.868e-17 3.615e-17 69.8902 1648.41
DG5561 -6.1780 -25.7700 1.693e-16 1.393e-16 6.614e-17 51.5863 1649.95
DG5562 -6.2136 -25.7449 1.343e-16 1.357e-16 5.513e-17 44.7969 1648.02
DG5563 -6.1335 -25.6707 1.424e-16 1.215e-16 5.273e-17 43.183 1649.99
DG5564 -6.1294 -25.6647 1.366e-16 1.205e-16 5.538e-17 44.5776 1648.08
DG5660 22.4525 -18.6098 1.021e-16 8.010e-17 3.510e-17 40.6692 2130.04
DG5661 22.5090 -18.5479 1.433e-16 1.146e-16 4.930e-17 39.4042 2129.93
DG5697 42.1973 27.7973 4.128e-16 3.273e-16 1.521e-16 80.9582 907.58
DG5698 42.4183 27.9485 5.554e-16 4.992e-16 1.983e-16 84.3119 907.47
DG5703 -29.4917 21.3128 5.131e-15 4.099e-15 1.639e-15 577.6767 218.32
DG5704 -29.9398 21.7298 9.090e-15 8.230e-15 2.714e-15 401.8101 219.09
DG5705 -29.4314 21.7291 7.942e-15 6.309e-15 2.837e-15 428.757 216.87
DG5706 -30.1587 21.4403 1.023e-14 8.127e-15 3.042e-15 322.7418 218.0
DG5707 -29.2833 22.0448 7.273e-15 6.273e-15 2.615e-15 362.5833 218.33
