Name Equatorial Polar BlueF GreenF RedF Size RadialVelocity
DG1392 167.177 107.3268 2.453e-16 2.307e-16 8.712e-17 273.8419 682.83
DG1393 167.3407 106.9835 5.362e-16 2.533e-16 1.816e-16 76.0235 684.41
DG1394 167.2419 107.3923 4.341e-16 3.223e-16 1.902e-16 96.2324 684.3
DG1395 167.1652 107.6578 4.332e-16 2.709e-16 1.438e-16 88.0841 683.23
DG1396 166.8612 107.4541 4.72e-16 3.033e-16 1.391e-16 84.5078 683.63
DG1397 167.0536 107.4323 5.215e-16 4.514e-16 1.883e-16 95.369 683.01
DG1398 167.2498 107.3745 3.747e-16 2.901e-16 1.268e-16 85.4558 682.74
DG1399 167.3272 107.4784 4.912e-16 3.893e-16 1.638e-16 89.0663 683.32
DG1400 167.0614 107.1188 3.073e-16 2.078e-16 1.299e-16 119.0493 683.96
