Name Equatorial Polar BlueF GreenF RedF Size RadialVelocity
DG6794 210.5835 9.7026 3.292e-15 3.484e-15 1.619e-15 361.292 214.85
DG6795 205.109 8.7695 4.308e-15 4.07e-15 2.075e-15 368.7782 215.33
DG6796 212.6924 10.3684 7.123e-15 5.046e-15 2.843e-15 277.6599 214.66
DG6797 206.608 9.5223 6.772e-15 3.917e-15 2.085e-15 451.0312 214.6
DG6798 205.6115 10.0913 6.932e-15 5.025e-15 2.73e-15 390.7031 215.65
DG6799 219.006 10.0956 8.623e-15 4.522e-15 2.196e-15 302.1938 214.46
DG6800 212.2855 9.7021 8.707e-15 5.915e-15 2.893e-15 333.2048 214.68
DG6801 215.2585 9.0591 8.028e-15 5.413e-15 1.92e-15 375.5101 214.82
DG6802 210.8182 10.9975 5.402e-15 4.025e-15 1.954e-15 321.9732 215.09
