Name Equatorial Polar BlueF GreenF RedF Size RadialVelocity
DG0412 295.0011 48.9467 4.59e-16 2.97e-16 1.752e-16 339.9135 660.05
DG0413 294.7748 49.2778 8.743e-16 6.065e-16 2.351e-16 130.4742 659.79
DG0414 295.1475 49.0355 9.332e-16 6.967e-16 3.166e-16 121.9721 659.93
DG0415 295.3089 48.6553 7.323e-16 5.475e-16 2.414e-16 107.7348 659.97
DG0416 294.8649 49.2664 6.981e-16 5.202e-16 1.85e-16 138.8447 659.66
DG0417 294.9479 48.5343 1.263e-15 7.479e-16 2.879e-16 131.5015 659.25
DG0418 294.4549 48.882 8.052e-16 6.053e-16 2.901e-16 130.4836 659.01
DG0419 294.93 49.1751 7.132e-16 5.355e-16 2.775e-16 134.8538 660.35
DG0420 294.3985 49.1079 4.498e-16 5.065e-16 2.34e-16 155.6169 659.78
