Name Equatorial Polar BlueF GreenF RedF Size RadialVelocity
DG5242 214.0008 157.5824 3.942e-15 3.956e-15 1.856e-15 1190.6287 187.7
DG5243 216.4428 157.087 6.117e-15 6.399e-15 2.656e-15 365.5762 187.16
DG5244 213.8421 157.5459 8.284e-15 7.07e-15 2.939e-15 351.986 187.43
DG5245 216.7135 157.616 8.251e-15 5.414e-15 2.99e-15 375.3309 187.6
DG5246 213.8677 158.0844 6.71e-15 6.623e-15 3.715e-15 384.0019 187.45
DG5247 215.0068 158.1838 9.621e-15 7.068e-15 2.474e-15 427.0635 186.41
DG5248 211.1184 156.8773 6.524e-15 7.498e-15 3.197e-15 438.6503 186.7
DG5249 216.3924 156.062 7.392e-15 6.731e-15 2.988e-15 367.7639 187.23
DG5250 216.525 158.061 7.999e-15 5.333e-15 3.16e-15 392.0065 187.1
