Name Equatorial Polar BlueF GreenF RedF Size RadialVelocity
DG3129 330.813 155.237 1.491e-16 1.065e-16 3.543e-17 142.8359 1235.34
DG3130 330.8534 155.3212 2.292e-16 1.511e-16 6.642e-17 58.0376 1234.32
DG3131 330.8961 155.1381 1.903e-16 1.47e-16 6.847e-17 73.5515 1235.28
DG3132 330.6795 155.3645 1.497e-16 1.291e-16 6.027e-17 52.9062 1235.09
DG3133 331.0528 155.4506 1.885e-16 1.398e-16 5.768e-17 55.0132 1235.95
DG3134 330.4656 155.4446 1.99e-16 1.477e-16 6.059e-17 67.5823 1234.97
DG3135 331.2236 155.4059 1.296e-16 1.198e-16 6.292e-17 63.6959 1234.02
DG3136 330.4795 155.2928 1.931e-16 1.591e-16 5.771e-17 70.9438 1234.2
DG3137 330.7609 155.1908 2.285e-16 2.137e-16 6.968e-17 55.9725 1234.0
