Face X Y Equat Polar Type Distance(pc) Radius(pc) NumStars Mass(Mo) BHMass(Mo)
Right 6.84 -14.55 278.64 107.73 S0 28781 87 1017 360552 174
Front -19.73 11.29 156.33 77.06 E4 9806 111 1026 786435 565
Front -16.75 12.65 159.58 75.24 SBb 10160 78 752 370863 292
Front -16.89 12.15 159.43 75.81 SBb 9435 75 989 391635 324
Front -21.07 12.03 154.91 76.39 SBb 9955 89 1141 540999 482
Front -17.66 11.03 158.57 77.14 SBc 10171 70 884 332673 306
Front 41.19 17.96 222.47 73.59 E3 28162 153 1202 1786294 666
Front 41.69 16.39 222.82 75.04 S0 28136 100 1063 516292 206
Front 41.24 17.99 222.50 73.57 SBb 28617 81 1008 445340 397
Front 43.01 18.87 223.70 73.13 SBc 28512 78 893 416192 372
Front 39.42 16.06 221.22 74.98 Sb 28044 77 888 403790 350
Front 40.34 18.93 221.87 72.61 Sc 27618 66 764 294477 216
Left -18.92 11.35 67.20 76.91 cD 26146 239 2332 6911928 1568
Left -14.83 7.11 71.76 81.46 SBa 26121 98 1260 661810 305
Left -20.92 9.66 65.07 78.99 SBb 24931 92 1020 512075 371
Left -21.21 6.61 64.77 82.43 E6 25223 83 940 433103 334
Left -15.37 13.43 71.14 74.22 SBa 25804 82 1001 460951 331
Left -22.12 7.39 63.82 81.62 Sc 26651 74 882 341174 230
Left -21.39 9.19 64.58 79.55 SBc 27121 72 971 350274 328
Left -13.79 11.84 72.97 75.88 SBc 25030 77 840 351639 258
Left -24.43 11.07 61.50 77.80 Sc 27609 68 792 291538 249
Left -19.25 7.97 66.84 80.75 SBa 25749 76 1020 454021 349
Left -17.32 6.82 68.95 81.95 Sb 27224 66 677 279739 179
Left -17.87 10.15 68.34 78.16 SBa 27359 92 1260 682152 534
Left -22.83 11.16 63.10 77.53 SBa 27749 97 1100 605468 319
Left -18.35 6.52 67.81 82.36 Sc 26202 76 830 372508 253
Left -14.28 10.82 72.40 77.09 SBa 26099 111 1103 795613 418
Left -24.21 13.44 61.72 75.27 SBa 26165 90 1027 531187 369
Left -18.66 14.22 67.48 73.73 SBa 23307 97 1144 638504 419
Left -18.62 8.74 67.52 79.83 E3 25819 129 1302 1255866 591
Left -20.10 6.09 65.93 82.96 SBb 26223 90 1116 553199 372
Left -19.85 7.64 66.20 81.17 E4 25475 126 1113 1043826 421
Left -17.06 9.71 69.24 78.59 SBa 28446 87 1209 590204 461
Left -20.51 11.28 65.50 77.15 E1 26471 208 1631 4372597 838
Left -18.35 7.33 67.82 81.43 SBc 26151 80 874 377899 230
Left -15.18 11.67 71.36 76.19 SBc 26101 79 836 367669 238
Left -22.38 16.37 63.56 71.96 SBc 26891 82 916 428992 284
Left -14.76 13.37 71.84 74.24 Sc 25560 72 831 304292 213
Left -19.38 10.54 66.70 77.86 Sb 28889 81 873 434642 332
Back 15.57 15.72 19.09 71.73 SBa 10499 99 1287 657520 488
Back 18.58 17.64 22.43 70.08 Sa 9953 65 1138 389518 355
Back 17.91 16.39 21.70 71.30 SBb 10138 79 1087 455644 342
Back 21.64 27.08 25.68 61.53 cD 26538 249 2003 7339548 960
Back 16.86 19.50 20.54 67.92 Sb 26394 81 904 441400 262
Back 29.53 28.33 33.28 62.24 S0 28243 86 1069 380007 174
Back 24.11 21.67 28.18 67.00 SBa 27295 100 1020 607179 368
Back 27.73 30.25 31.65 60.22 Sa 25594 80 1107 496178 393
Back 22.89 27.41 26.96 61.50 E5 23423 96 1053 546535 471
Back 28.33 23.67 32.19 66.00 SBc 27485 76 865 362390 296
Back 15.69 29.56 19.22 58.19 SBb 24062 88 965 603973 352
Back 20.66 32.97 24.66 56.34 E4 26695 114 1138 841449 489
Back 22.45 31.54 26.51 57.91 SBc 24329 75 942 375988 278
Back 18.65 22.59 22.51 65.12 SBb 28460 87 1081 514358 339
Back 27.86 22.42 31.77 67.04 SBc 26149 72 898 350387 276
Back 16.95 27.33 20.64 60.39 E4 25240 114 1168 837215 491
Back 24.72 34.29 28.78 56.27 SBc 23613 83 862 386138 287
Back 29.19 26.12 32.97 64.04 Sb 26618 73 820 324338 240
Back 26.13 25.49 30.14 63.90 SBb 26230 88 920 431569 309
Back 18.32 23.72 22.16 63.97 SBb 27676 84 1087 507064 360
Back 21.94 26.53 26.00 62.08 SBc 28969 82 899 358888 319
Back 15.84 22.08 19.39 65.16 SBc 27524 76 923 403381 266
Back 26.30 22.38 30.31 66.76 SBa 24516 81 868 435603 304
Back 26.14 32.84 30.15 57.74 E5 28443 89 1003 472496 471
Back 24.34 28.52 28.41 60.86 SBa 23089 84 975 468073 370
Back 20.49 26.44 24.48 61.86 E1 27144 160 1465 2133523 786
Back 20.33 21.44 24.31 66.53 E5 24801 90 1068 485553 472
Back 14.04 28.84 17.32 58.54 S0 25653 80 1150 369480 191
Back 22.26 21.27 26.32 67.04 SBa 28087 76 1057 469677 462
Back 24.54 34.92 28.60 55.74 SBc 24827 73 914 347093 270
Back 22.55 28.90 26.61 60.14 SBc 25151 85 1080 508406 274
Back 23.93 24.87 28.00 63.98 SBa 29521 104 993 677301 417
Back 24.92 29.77 28.98 59.94 SBb 28858 87 822 416690 300
Back 16.19 29.82 19.78 58.06 Sb 28432 70 774 302161 261
Back 23.49 25.30 27.57 63.51 SBb 28711 82 1019 511407 347
Back 22.82 20.77 26.89 67.62 SBa 25980 85 1170 505367 395
Back 20.70 29.55 24.70 59.18 SBb 29253 81 1079 523425 344
Top -7.31 -29.11 75.91 33.70 SBc 15435 76 882 321574 252
Top -8.92 -26.00 71.07 31.42 SBb 15465 81 1144 513952 416
Top -8.45 -26.54 72.34 31.75 E4 15762 122 1152 960689 438
Top -5.68 -27.61 78.37 32.06 E7 16052 65 750 233301 299
Back -8.70 -24.18 349.06 117.81 SBc 23662 79 934 408133 276
Back -7.86 -24.91 350.09 118.61 SBb 23538 94 1104 535334 405
Back -7.72 -25.34 350.26 119.03 SBc 23849 76 954 369069 315
Left 27.40 -20.36 121.34 111.13 SBc 14900 84 846 449001 213
Left 25.90 -18.54 119.92 109.65 E5 14852 103 983 635089 440
Left 25.14 -19.73 119.19 110.94 S0 15009 98 1116 539968 204
Left 25.26 -19.62 119.31 110.82 SBa 14604 92 1283 591994 365
Back 42.59 8.10 43.43 82.56 cD 21968 194 2056 3598910 1196
Back 43.55 4.88 44.06 85.54 E4 20734 119 1145 949088 601
Left -43.46 7.07 46.00 83.56 SBc 19800 74 921 348413 251
Back 41.91 9.46 42.96 81.26 E6 24428 84 915 452673 424
Back 43.00 8.38 43.70 82.33 Sc 22973 66 821 303666 264
Left -43.45 5.73 46.01 84.77 SBc 21061 73 845 359005 308
Back 42.51 11.60 43.37 79.38 SBb 23473 82 1108 469726 385
Left -42.17 15.03 46.86 76.30 SBa 21686 74 1018 393181 316
Left -38.27 10.94 49.62 79.51 SBc 22363 74 900 358186 219
Left -42.22 3.05 46.82 87.17 SBc 19954 79 834 364246 220
Back 38.72 4.65 40.71 85.52 SBa 22421 105 1146 760764 431
Left -42.82 9.13 46.42 81.64 SBa 23973 97 1187 628521 451
Back 35.67 7.33 38.40 82.72 SBc 22703 79 857 418811 314
Left -43.30 13.00 46.10 78.24 Sb 23906 70 944 349514 341
Back 34.23 9.98 37.26 79.99 Sc 22329 64 654 239535 209
Back 44.69 1.46 44.80 88.68 SBb 21495 84 1325 584103 582
Left -42.16 12.60 46.86 78.45 SBc 20803 83 832 380739 238
Back 37.03 6.28 39.45 83.84 E4 21752 106 1157 741311 476
Left -40.76 9.24 47.83 81.34 SBb 20856 92 1008 495744 381
Back 36.49 4.91 39.04 85.15 Sb 20718 63 862 307592 272
Left -44.57 4.53 45.27 85.91 SBa 21750 79 1052 461855 289
Left -42.93 6.94 46.35 83.63 SBa 24497 86 1137 512304 408
Back 43.85 7.00 44.26 83.64 SBa 22920 88 952 466677 325
Right -34.69 -39.86 232.37 125.05 cD 2000 117 1898 1078407 1093
Right -29.91 -8.74 236.39 99.19 SBc 3401 67 852 311693 291
Right -12.46 -31.91 254.53 124.35 Sa 3208 77 1090 455277 379
Right -39.49 -31.52 228.73 117.76 E1 1614 172 1506 2801731 695
Right -21.19 -5.03 244.78 95.78 SBa 2610 105 969 677280 381
Right -39.68 -15.99 228.59 104.92 SBa 3658 87 1330 597084 426
Bottom 29.68 7.29 166.20 145.81 Sb 1649 81 851 408145 343
Front 20.19 -24.24 204.16 116.17 SBa 1625 92 1119 585842 383
Bottom 7.60 -2.24 196.40 170.02 SBb 2370 88 1151 497298 435
Bottom 43.90 -32.10 216.17 129.61 Sc 1277 68 790 287409 244
Bottom 26.58 -18.34 214.61 144.34 E3 2373 142 1300 1412807 596
Right 4.26 -33.91 275.41 126.88 SBb 3081 81 1125 470467 425
Front -26.74 -40.93 149.28 128.03 SBc 1306 74 933 404603 304
Bottom 40.27 -17.08 202.98 135.81 Sc 3595 65 821 293896 244
Front -0.00 -0.00 180.00 90.00 SBa 37 71 1161 473068 407
